Number of NNs: 3
NN configuration 1: 5 20 20 20 20 1
NN configuration 2: 5 20 20 20 20 1
NN configuration 3: 5 20 20 20 20 1
NN Layer Weights Bias
1 2 -0.4899757764589899 0.3833795106308084 0.38107619386753344 -0.11520406854895984 -0.2895303079446258 -0.29546882093215593
1 2 -0.00036303730911462195 -0.10250887715427152 -0.16583915717764333 -0.5885812892630535 -0.40297821985093785 -0.04263889905808812
1 2 0.07101492579529842 0.4764538087212996 0.0032856898907630524 -0.33005991361418147 0.28182151687009555 0.6041119668142363
1 2 -0.08712853228903804 -0.16449319362738626 -0.36677460073060136 -0.11978432739415537 0.2954585900770149 -0.016657202752602848
1 2 -0.400932482337897 -0.4149252865173721 0.036343267108666547 0.23813615582843278 -0.10968224480539761 -0.16199402270043464
1 2 -0.007703797909136607 0.0345732654314729 0.06976674528213087 0.26551955869025606 0.16871705381349292 0.11085013907766167
1 2 0.39408894806972355 -0.2846129736342231 -0.5082705807233083 -0.28678808177046133 -0.2113396465852868 -0.21178872585920103
1 2 -0.5590482461336773 -0.47354516421706755 -0.515312859313116 -0.3480834732578518 0.30886817963947244 0.1774341335874157
1 2 -0.25360524297983117 0.16946901116937277 -0.09404788182397988 -0.4787570203444976 0.52543216261864 0.10809004031112651
1 2 0.07794568458202024 -0.3488983770427188 0.0133587927748771 -0.17950889172392206 0.4220726977304551 0.2846435753075344
1 2 0.2250976065639298 -0.11068094380880324 0.15381727422755107 -0.12203195771621052 0.12842730398091382 0.48686583452840987
1 2 0.39478560444504346 -0.39804054952030227 0.4035419961305083 -0.1275543180938413 -0.10301823367117909 0.3987686749606088
1 2 -0.04457119843243599 0.05119462169118975 -0.34693305302042854 0.24412875946935755 0.5118761035932298 -0.37574809003408105
1 2 -0.3626024383371532 0.3600226959447439 0.07393923563435562 0.09541081696997314 0.2913712090369912 -0.0560493642687975
1 2 0.005301622300453704 0.39384979521071506 0.258253273479277 0.14139518302085283 0.1841305225260859 -0.013708954090527786
1 2 -0.4246094351517059 0.36461413646072216 0.06711198900836272 -0.11128717263382631 -0.015590456055569659 0.018787871935644664
1 2 0.09173658608203794 0.17019296730899974 0.12812074162517928 0.4154751749496112 0.3297081910564546 0.07757343036687994
1 2 -0.37847810061922343 -0.2074112669141332 0.28032816876399236 0.25784358212758174 0.5635348140917487 0.4829416291475977
1 2 0.47187295098369875 -0.4194959116744655 0.008436650371663386 0.4794534334579666 -0.3383597267343715 -0.03196068645691721
1 2 -0.00010645409969041599 0.0009817131498012944 5.640955528644924e-07 -7.649827090923105e-07 -0.0008497467633379896 -0.45321570749216006
1 3 -0.07018417421069004 0.10357376112121036 0.3358468579067631 -0.2088720193874695 0.43135940818911483 -0.20846426665155623 0.12662738577723653 0.27752424921327573 -0.08256093726480168 -0.40220154852955536 -0.6242605676482252 -0.34215787970961686 0.4072064911945167 0.021854986829812982 -0.346051965097024 0.06610209532637 0.3399839348157302 -0.20242559063083532 -0.01175481150152365 -1.970685128705219e-16 0.10751689047323307
1 3 0.3633168199302308 0.2609207653529539 0.30253021588951334 0.08834327854665548 -0.3914730008360691 0.251641899246203 -0.36598856137564395 -0.005336696116597693 0.41911079488786274 0.02693122871251241 -0.07988267767369298 0.3175979298046393 -0.5164680580500218 -0.09143142164012565 0.1618938866922096 -0.14319372408376532 -0.025900635597026107 -0.338341309228163 0.03141794116911322 2.1956972649693487e-29 -0.05299348528188653
1 3 0.20209038456884793 -0.09300970482194945 0.10942264435082703 -0.4697092821288417 -0.005275077716523765 -0.21400834077005917 -5.257324097575999e-20 -0.09302285050673274 -0.25770346022079105 0.038404068264794144 -0.29580383855983283 -0.14243783531296453 -0.3090015498413925 0.39280274112629043 0.3019893260211847 0.15623189607042506 -0.10113576545944736 0.154561046909504 -0.4418860978071019 5.410478843175635e-34 -0.32739699126431554
1 3 0.0992628652825593 0.42554142246505977 -0.03980431722636042 -0.2114923065706853 -0.23180850135637615 0.05155297058021016 -0.141692460587359 -0.1735752221992177 -0.34732355745390947 0.09617097506206815 0.23478614341852228 0.08694344581839428 0.44018493654720675 0.18166359483201572 -0.28099936216637755 0.40709816823592226 -0.033978016335045456 -0.06834704611008108 -0.10019176549823619 3.081264766956295e-09 -0.08718808428520505
1 3 0.010618900313524422 0.10065493104051651 0.253282818047851 0.01303969039847007 -0.23237444066884447 0.3718290048949583 -0.07296220521940712 -0.15249740745593182 0.03900390571409709 -0.05100954634170571 0.15922707062890526 0.025222336677554066 0.16622349776654552 -0.193484873311447 0.0498923518740369 0.12777115439896325 -0.26927545554116333 -0.06759231018586585 0.28116705908778916 -1.1911430662242172e-09 0.1480943292528855
1 3 -0.21769279099027522 -0.2924694573432241 -0.008817198437298198 0.09468681767631411 -0.3497518767449296 0.25474264438010796 0.07998935541583717 -0.17793456436968463 0.0696371918023883 0.4546336098399294 -0.006962459510407222 0.04752510268208979 -0.3145096661655818 0.4328627710844449 0.21840936129312807 0.061481765387563114 -0.033835192738837734 -0.10268633285304753 -0.3716929880801305 1.31708248919674e-10 0.03501936415061007
1 3 -0.1551308593786491 0.3597322751041494 -0.05968738918702883 -0.3893179187864601 0.4125751632580181 -0.2085120134410744 -0.025446017722071057 0.3041636218189056 -0.31470692910446185 0.00434591057491078 -0.1994788399771083 0.08339980321578934 -0.3383400431997792 -0.18662637932512913 0.11933832563143049 -0.16315601819393794 -0.1912144318954358 -0.17469836589959895 0.012574360246261511 1.74777232007895e-26 0.27379224404110525
1 3 -0.13025601098253725 -0.12674823933250434 0.26297246892980775 -0.24404052272788446 -0.19085148774152727 0.25872005421871186 0.11487745564209405 0.3317018194315161 0.1739036658064129 -0.0882456264282672 0.4032595091483138 0.06442514526862468 0.228949838313268 0.01457862091090655 0.2013699956449666 -0.10452850280282566 0.19029296981758453 0.09051327650495151 0.25657376784243713 1.5583861958930966e-07 0.359950589115745
1 3 0.16794794454836554 -0.1505043192327525 0.06644606498241648 0.07166671512225863 0.3280735406472446 -0.33715752893652534 -0.3420532820805277 0.38765959273703854 0.11411633577624485 -0.16715724024529655 -0.31090751585997844 0.4510585383560258 -0.34856500590363154 -0.2745735409952284 0.0582333549436238 0.09902635395003619 0.05335903482749444 0.2015941879961715 -0.05136209840374578 1.129149776595261e-07 -0.16110412762044254
1 3 0.17444387525643665 -0.21673829961698407 -0.23564474435173063 -0.3014266346965746 0.1442653933703561 -0.16941908208794315 -0.18203643992067117 -0.03227187531310585 0.17383606315437125 0.3114414697989926 -0.19893809985520358 0.2716465815813754 -0.13339855509869783 0.28250806104238546 -0.009695240946545332 -0.13543361470500315 0.1572939212207704 0.33745702819408235 0.10620507900741166 -4.5413802863242155e-08 -0.21603963240327656
1 3 -0.0798311204259983 0.3918379031279098 -0.13417712691146416 0.26548502392074064 0.38868294996312486 0.19757233924616188 0.369087371931413 0.3013038186025296 0.2584971923990544 0.10910605340581302 -0.16883986324298253 0.3011273672424352 0.3521410472738538 -0.07486656696569403 0.14520992195338853 0.1774903775972825 0.18080398772619619 -0.23633131113051778 0.2018121060998268 7.511158102003304e-08 0.08003720048297508
1 3 0.1700385737534373 -0.37790786348818 -0.023731635583827734 -0.42755541068268893 0.012102334640838774 0.0008477444779154513 0.3121922806655419 0.025101765110008285 -0.2594277662816327 0.13401453216611658 0.24562367287568088 -0.02415628966427122 0.2619147290739937 0.006825653553312318 0.2165867836888027 -0.010138176562293167 -0.25706846950897966 -0.20175555635542028 0.36941230091806554 -3.584549619931274e-10 0.2089201262496633
1 3 -0.32418240313616487 -0.07749832628688715 0.12366681158364574 -0.17546157995231668 -0.3470110419867983 0.32200701297827483 -0.3753640762030135 -0.3070664279026178 -0.10792339441556674 0.3821276911809544 0.3567145603791323 0.21327288380613857 -0.21877059626526574 0.22916730411275565 0.09825855611741578 -0.08970193771478345 -0.08431718546360377 0.19376014749177384 -0.01187455339409527 2.2715686012802715e-09 0.027037855813285702
1 3 0.09398736709928701 0.12204147921134367 0.1351025013256401 0.11897080059866656 -0.0795515409253277 0.17571282225839285 0.3922695753295321 0.35217719488257127 0.29160625093835985 -0.32717045910133247 -0.3714193356047863 0.12842186119417864 0.41316923083667273 -0.2955174765146305 0.04936351009483024 -0.23424706787764077 -0.17008959893644734 -0.13872619909364883 0.4470381918808312 1.3523717490458986e-37 -0.005384913694834234
1 3 -0.2864605841890984 -0.18338274954792627 -0.28122457864165296 0.09382208608240036 0.00486301863536727 -0.20761718815866934 -0.17929504723995013 0.2858551976579713 0.049913284220455253 0.18557041142715955 -0.10562924353753221 0.2557034231951838 -0.0024899281748537033 0.14970794473282542 0.35692450845581425 0.44154472290570107 -0.2923764966601161 0.13537394870591626 0.11047583206964767 7.600455387595347e-23 0.1316838958012157
1 3 0.035962239482849184 0.01933064041023771 0.08540919476460658 -0.05327407126045292 0.1734264070192725 0.09505642271476651 -0.27744540005819424 0.20901252578479418 -0.33866643838948185 -0.22330665165036334 -0.001035646793838922 -0.04905470084897407 -0.11128129215676759 -0.0626218788204758 0.1068928199830956 0.2586194035383787 -0.0011787639360958057 0.33855660714195673 0.07799965199003485 -3.1067146635432653e-15 0.30912493251399425
1 3 -0.3656231757099297 -0.04299419055243254 0.11483296558488444 -0.17645127609156108 0.3577066580359178 -0.40357738940833743 0.32224256438736765 -0.23056355117513092 0.029300379691035324 -0.09135506204637574 -0.29314425635596353 0.16589004964365583 -0.3326183380505314 -0.04412478487976015 0.0626041724250623 0.31114314292427514 -0.30670520482481395 0.30114353756806894 -0.1126714919725118 -3.189437636167192e-08 -0.07099315703514132
1 3 0.18810958513670856 -0.14291323642317344 0.32801713391633813 0.1354597947021835 -0.11855044662394336 0.04469343971830954 -0.18874193266976913 0.0061365268599968496 0.26917344699556134 -0.20273624063279863 -0.12640883770628886 -0.07011978771332979 -0.21622911824356456 0.09451404289751374 -0.16593102594574866 0.1774593017445106 -0.19663529311476607 0.20178306352873376 0.04912848014252348 4.400979669647159e-42 -0.3756916225449251
1 3 -0.15850459791430827 -0.049233426149013514 0.22508542135073248 0.09478372882910928 0.3531303055365314 -0.20061764014985026 -0.37970275304220863 0.19726018368720752 0.2945938115570649 0.22150764290905509 -0.25621790205246847 -0.05177120871509391 0.3537137865482849 0.14156556626575098 0.401779738805492 0.08231708835156584 0.19950777083631033 0.08379662665446508 -0.30565433886317 -4.239661202618096e-12 0.23940702825558072
1 3 0.17363603302409836 0.10996191580905028 0.3074062129654263 -0.051980164718677495 -0.045249950037595334 0.02823975910853035 0.045999649689883605 0.12079220324290033 0.15042082699918682 -0.26302170930049196 -0.15289077364093728 0.2539912468333715 -0.035828343257188255 -0.03509914233385434 0.4511342782139258 0.21893904135759126 0.24941383969896602 0.04293640483028062 -0.025807911357430827 1.0005278650584043e-09 -0.021390918222265128
1 4 -0.2541986161456419 0.39289684477328013 0.0027887489624416895 0.3154462571298648 0.09882006283796856 -0.08403688611533174 -0.23419113711500125 0.28787989119861923 0.15387082053439904 -0.3434576024566256 0.1901937473848482 -0.3731608826770315 0.07132872392738122 -0.21259037191811975 0.21680258452230447 -0.17501178366148246 -0.0724709297696947 0.06800302651347954 0.09379203372440427 0.13458685997090947 -0.0033201862941400775
1 4 -0.10293278182049535 0.02930565843315684 0.08363994539120548 0.26602338865643077 0.18684639801310052 0.23210107353404366 -0.2980519428679904 -0.07283165111092502 0.0748078839124695 -0.15025900791348978 0.015607756248980387 -0.4618612438289067 0.0149179431909477 -0.483738857185013 -0.05122378076177412 0.20357832458581124 -0.36396449320775587 0.3283888993102974 -0.023804711294072207 0.09643795721670462 -0.32021050954005936
1 4 0.239006423963633 -0.19337212004787255 -0.4053051044913118 -0.18042611102449532 0.1378267893031069 0.40112625135196794 -0.11328303232745168 0.14224734177795134 -0.04787436615607173 0.1611925368953712 -0.2745837498877804 0.011101095138152427 0.44763640158023565 -0.13913841593265128 -0.40751626886128484 0.24089755814237845 0.07992362838753105 0.372182748243385 0.2379619424882966 0.3226253690727075 0.06529888832712148
1 4 -0.05396497758007766 -0.13093705824875201 -2.2390207727337255e-09 0.1229273970163005 -0.2237830427043747 0.1344174404569695 0.10558626914333961 -0.0006274214858757789 -0.0069161831555358275 0.27418696615770266 0.303864349236661 -0.3887309737449208 -0.009491167562229015 -0.06003254010971506 -0.09868186043072133 0.24137327497684238 -0.2507965501004641 0.2442713505820169 -0.3655356382539622 -0.06561795093191568 -0.320487464900766
1 4 -0.2539480713064027 0.1715944702472377 -0.11935633030531848 0.22306658567657842 -0.33792698214573114 -0.14041509478229688 0.2932749591672192 0.12075532472161069 0.3314164206888108 0.2467087760946519 0.26039680258172765 -0.39861170685901864 -0.17442185212395495 -0.15329353110504348 -0.057078642568347555 0.08282403123976503 -0.09439204252025477 -0.42072023211450693 -0.02782959663858064 0.22747466912811568 0.07692890837358504
1 4 0.26920130721236296 -0.14451379274456427 -6.567919744081225e-17 0.594862106495265 -0.2609177831997782 0.25686702025778924 0.22851409732275743 0.1535220348400609 0.2618553068961083 0.08463140434620911 0.3150746678204996 -0.06881258415131025 -0.1351881791128558 0.2872491810172589 -0.2777340569610054 -0.21518523339909562 0.06379462471672791 -0.056941838096015704 -0.07486834765920851 0.29451478528512637 -0.332849062510523
1 4 0.3607251457499202 0.05744521782648489 0.18904133595109546 0.278247873165454 0.1018523586758412 0.31747762904891147 0.07636717198007517 -0.35416350566360577 0.45638192242687375 0.34607682134091605 0.22164891202812412 -0.23150622805626891 -0.05792431853027013 -0.07662330623236453 0.16038584350774 -0.2412377290626084 -0.07204474290379133 -0.09227887141786911 -0.05170592096756937 -0.10827364672428545 0.255693035340718
1 4 -0.1764472029926455 0.09023253307457671 0.23151259094748555 0.09941555007603167 -0.16174553573445358 -0.24174309061915472 0.07395505175383052 0.3217210698654817 -0.3940702659201315 -0.3075748083728507 -0.16070695381292865 -0.09692843591304602 0.03418946540738357 -0.4877561952597145 -0.37099900418153714 0.2455169577570614 -0.08790150115137617 0.08009247896694245 -0.08815599319511558 0.3806324481678996 -0.24078556398476342
1 4 -0.1976203568940143 0.10453081268987366 0.10932247828892402 -0.06375343004492545 -0.07755526436047235 -0.10950771865379808 -0.20094047639888007 0.11649510653343109 -0.06831126714620389 -0.02247985313919111 0.15720330118955975 0.41502022250906445 0.31524612644792444 0.11767528447218378 0.01762511579730045 -0.28135337195955895 0.07158129756039219 -0.30959251057550324 -0.022664214501112223 0.14341316952382382 0.09165968373507609
1 4 0.1232043264845073 -0.37022351393545705 0.3394159134200354 -0.37081876433689553 -0.37442339129109625 0.36030525107176237 0.12837831190947624 0.23620304325669875 -0.3266328840611558 0.20604988116841513 -0.27249969072481334 0.16051577168580666 -0.10666001164030103 -0.24996023512337512 0.34404774020115303 -0.18459719560737473 -0.24916517518747977 -0.3532433563343275 -0.08006787302861655 -0.03635021293535853 0.29737701219473434
1 4 0.21928898448647316 -0.5217810830368159 5.277704016940214e-09 -0.12728446293569431 -0.4211310177081887 8.927845557115794e-16 0.4470990798844759 -0.0656583233129567 -0.11650228247811355 -0.00533922074088638 -0.21700597243082698 -0.3558193365468281 -5.653414757806134e-34 0.17211173713570305 0.22317025257790282 -0.3519136286454667 -0.3021302050329847 -1.276312387863453e-07 -0.29086164097642814 -0.16376263428259427 0.23711005945860075
1 4 6.160328336924825e-44 1.2006930925612863e-13 6.09753496950167e-42 2.8860025576077265e-41 -1.0332412320591517e-18 -2.366990301244074e-08 2.4157903629318535e-45 -2.1888921127436106e-14 -2.7089956166848946e-08 -4.575845189644386e-29 3.705923736615385e-44 -1.3539805897941035e-10 -1.943684075986087e-09 -1.5572530074744482e-07 -8.722283606801807e-08 7.678941685778994e-12 1.8796989696083673e-23 4.472125694104142e-15 -2.9767494116604867e-22 -7.438042016917641e-19 -0.04038243861457552
1 4 0.2540719453757471 -0.05266771332418952 -0.20074161731114645 -0.17120169376030195 0.31017094809585394 -0.28817959950091027 -0.1351464907846054 -0.3870515389162759 0.1025036606232973 -0.19656950813867563 -0.1058070268083691 -0.36756474303616915 -0.8245454293265032 -0.013448273110137889 -0.04081436930441088 0.1974058043869361 -0.14969137694934118 0.33563193842919575 -0.2011310785472332 0.22257771145272254 0.1307439518742102
1 4 -0.7002455180015469 0.3313035227948202 -9.485062057241576e-12 0.3495975483246862 0.052931816029478815 -0.18562562095331467 -0.39263657092284376 -0.3860985618106192 -0.038089417423749064 0.2581971262888596 0.4363872523860498 7.175386109022117e-05 0.2758530800756461 -0.199022203811718 0.3632054296030423 0.0018919101151436395 0.8088805831514927 -0.10828279016894804 -0.18969953876917123 -0.28844868979807753 0.02613876574456881
1 4 -0.05002920400193108 0.214455250994481 -0.12548678552758563 0.08912612720311178 0.10650608273666598 -0.33746403563825594 -0.23941903453753205 0.3947724649079454 -0.3576492047716186 0.24548965290606975 0.22157997927183043 -0.1632974638670665 0.3087930854623589 -0.11771827981769473 -0.1255420628700214 0.41191725234980375 -0.43871943156675547 0.13739886485989528 -0.16528080260028963 -0.0774976347990182 0.05677048932880627
1 4 0.22817350068016032 -0.06110290323981162 -0.6562015341703678 0.09065291723050721 -0.26968332201971995 -0.28292032245783044 0.2958042393785452 0.09090828378637955 -0.05806410577366553 -0.4984170616160482 0.25737533103072313 -0.2707093656346162 0.24143088441081664 0.06382455547949094 0.23849039766014873 -0.27382639819039145 -0.33653325645115806 -0.1664419825431776 0.35025880177201735 0.17727906489973153 0.029676677464030164
1 4 -0.2956895594092736 0.07484489696430698 0.22871275546088798 -0.442976457030382 0.08973172751470872 -0.3708459550151661 -0.17209699399400027 -0.07203363627307272 0.011451780398860042 -0.17074550260383445 -0.13050255845820055 0.44124443481909065 -0.11536665249752616 -0.3539109730110553 0.07271424102616564 -0.20303700320777826 0.2527468458363386 -0.08074106553873686 -0.09597153756570036 0.31061193492279804 0.32632192512473407
1 4 -3.146264175818038e-24 -9.501926597331758e-07 -1.8030835562975912e-14 -1.3298191550423081e-21 -0.009664593668571376 -2.256275065918312e-10 -1.6358007757052917e-08 -0.126750009255219 -0.003625670973910845 -6.7010477847385556e-06 -0.038558439747875047 5.677699358586022e-09 0.015681361694873237 0.02316104492057384 -0.015337343132725138 -0.030673385165554422 0.0016108910053962064 -1.9070425027168524e-09 0.122494946768641 -0.008303008175732979 0.037129234538204194
1 4 -0.26134283937532177 0.1801950027135477 0.06179240014872573 0.0654062739374066 0.16332489246742174 -0.2264410176585184 -0.06848792134309313 -0.1398955995059143 0.17936764951257958 0.35905762885772835 0.07283556369979668 -0.4341502048143854 0.04850497984383221 -0.02647875894917232 0.19464644891538452 -0.3035427291937861 0.19929393816701393 0.15231340559887802 -0.22171020069247396 0.2987970586573238 0.3132187524670502
1 4 0.3837362664652183 -0.2935087326167015 0.4588219351460197 0.31695784735625304 -0.26885568858793063 0.3888414690144255 0.3780924545449422 -0.2523364595514987 -0.24312713220352314 -0.1669839208813425 0.30481026579441683 0.3550312949031192 -0.10643778161447728 0.3743194381690966 0.18789212484195966 0.09871668508075296 -0.14546773887785744 0.3167948163103776 0.34331955485322624 -0.2086203167965018 0.26806148371385663
1 5 -6.242718277959798e-11 2.7164708448424843e-09 1.3138138109497073e-38 3.421750390545704e-23 -1.1601429229284716e-10 -7.692338356136121e-31 -8.929231364253933e-16 4.04104334566015e-30 4.589957372548507e-31 -1.1051211910469378e-32 2.7135901748021195e-08 -3.785100098392977e-10 -7.299957098938019e-15 -1.1248772080410354e-09 7.178495592668226e-21 1.3666028055774188e-16 1.1877642156758462e-42 5.139906111121292e-16 4.230132771201532e-19 -8.231512517943853e-40 -0.2845958682664679
1 5 -6.023601967527108e-21 -3.6228352611865014e-12 9.091749519337296e-33 -2.6217103126177895e-42 1.7295969992900048e-33 -3.095507711313976e-10 -1.0300970632585355e-08 1.5849756571505914e-12 1.620555033690117e-36 -8.08903476424283e-08 5.701916323158378e-11 1.8553061929402633e-19 6.777668501299808e-14 -4.700292929038577e-27 -1.1152515496040978e-08 -1.3003711440136698e-12 -1.3008617912546913e-38 2.879379982878508e-11 1.7261820383826933e-11 -1.962617071436532e-07 -0.2840008691986478
1 5 0.1502622317715982 -1.8125978251368547e-08 0.05481188073356827 -1.2085421095792141e-42 -0.2067852402113684 0.07586893423332951 4.293775353446165e-10 0.08195828123419668 0.15660126480202846 -0.09017559931279133 -1.4360715956710692e-13 4.030533029742299e-45 2.5168168066325936e-10 -7.260989465997553e-18 -0.08337657871073592 -0.016265671891773466 -0.11589979970928245 1.336285028218048e-27 -0.17141050331633234 -0.0680551269730199 -0.1795322819147524
1 5 -0.044703592267202 -0.06387796424734961 -0.022158384317582047 -0.19731108664371447 0.3350585405600374 -0.4297457581567832 0.2897486059466475 -0.18949992774506763 -0.13404021995727192 0.3339111701018726 0.29130831645775823 -8.814804458408382e-15 -0.02340281935507211 0.3493664027378716 -0.17324073089062253 -0.213719670729117 0.2591142997858651 -4.769464605637377e-13 -0.03988899703684262 0.2115256826675845 -0.056396245320411716
1 5 0.006267691646135247 -0.003702458205456663 0.06683025395809387 -0.25860153951098824 -0.05771429850173304 0.2150630633972059 0.14248288627110742 -0.27650861309671365 0.23645645017055922 0.24398893650007533 0.16521535673198356 6.946610620416943e-14 0.4863318330566122 0.2550163802699328 -0.08658568070711696 -0.1401710025874978 0.3273855865271643 6.028425345746567e-24 0.4067491499608856 0.21928629904122432 -0.07915517519696907
1 5 0.27849120382858306 -0.272423562867446 0.25622577282492154 -0.16148034715604312 0.3271206486872832 0.00240502883848247 -0.06535404140517637 -0.09691950090113781 -0.01796323895141742 -0.10594621733975783 1.699511373867917e-15 4.228592952228873e-17 -0.2167157867032736 0.22874304456454891 -0.09475536040240147 0.2264885251531438 0.3669133978850058 2.592412005833491e-10 0.3900384279388629 -0.3829413020151568 -0.3257931617286532
1 5 -0.16223287062070202 -0.06936630488445306 -0.16967113458777783 0.08304939788383502 -0.4137735739400646 -0.15392169594326904 0.08184401946484601 0.18498984839962535 0.004890673008355387 0.28504766338710635 1.4390902470151276e-39 -7.094999333102657e-08 0.256926231998677 -0.13931866565826734 0.306253580643768 0.07615603170190818 -0.2864176114461455 -3.918994827994173e-15 0.3340344819455833 -0.40701286416729576 0.01965409303186732
1 5 -0.3382807815261076 0.33291847921921675 -0.13388957493052983 0.02690871152223469 0.30359828670794464 -0.16453997579112117 -0.09374966702843111 0.2551940283559023 0.29204487824195624 0.16768139273926186 0.32272416047819197 2.8847671553302603e-14 -0.6396279269084167 0.22483922988433644 0.32515456580034846 0.1766216915773589 0.3542689817782137 -2.9611912373837272e-24 -0.13699077365556192 -0.2484076692158068 0.003971689441048182
1 5 0.08466964041170927 -0.0835432265044939 0.23443603985435613 0.31790064953984387 0.31485658165211855 -0.038698337068395455 -0.19457356868795345 0.09878920421215225 0.45250962412753376 -0.17268898156297857 0.6816623579242869 1.2679566725768932e-20 0.21647945508438374 -0.4639742103883178 -0.004703426361918294 -0.1616655638424365 0.37934761028206526 1.9729584192212774e-20 -0.08216826857542367 -0.3684541263334494 0.4035396249071976
1 5 0.18758294830552835 -0.0446279364670509 0.4311193843146007 0.13594424681919307 0.08344620307978444 0.011452121925432454 -0.03883695187358868 0.293888664673525 -0.37209252866338055 0.2171877754306852 0.2912151964070192 -2.2595031615802767e-10 0.011525275790111892 -0.30144927861134657 -0.19159779740952063 0.29220833436095195 -0.18127950617158603 3.302903911637903e-10 -0.20614088386132895 0.22084595595274467 -0.18165314252656709
1 5 0.13485371824109682 -0.1008520494321692 0.25969049091869817 0.23002135954561048 -0.023185503348536925 0.11458400200319356 -0.052714731253483214 -0.008358623393407764 0.27434233864235047 0.2983588845028949 -0.12782124116627336 1.3251181777403286e-10 0.03620283805546367 0.05624058208007941 0.29312611033173097 0.17817672034230336 -0.2814533419326767 -1.9295835967592374e-08 0.00037209028245710956 -0.10847622624354514 -0.12913165263661533
1 5 -0.08082119034274562 -0.04435424818658685 0.06539543469467025 -1.054289903326556e-08 -0.004489171350459667 2.4612763459541802e-17 -2.5882008285334206e-12 -0.001675220252834911 0.000384882964343961 -1.3846145586839386e-13 -4.2410971639934344e-38 7.312044714194628e-10 0.09164277368262004 2.337831920381867e-22 -0.02082068195520903 -8.237603527993373e-06 0.17432318566538121 2.8007427597111755e-26 0.12469902941541915 -0.07591796650509729 -0.141773576739067
1 5 -0.12188977083242077 0.3441946685349031 -0.17744528648389343 0.04011207944131202 -0.3011964020322232 0.10841537723006056 -0.06339194370810497 -0.18284565033935357 0.03446765042564728 0.112103351274645 0.21866570939385213 -1.1854547511302074e-18 0.37595148861130584 0.35334804577400053 0.1437036450347554 -0.33477176300005995 -0.2205108432147116 3.043183259778096e-08 -0.3427107107346815 0.1810238353422584 0.3195140435624887
1 5 -0.2942037703350715 -0.315409891903184 0.16361037902333528 -0.27563975903728594 0.40746821736696603 -0.04563868400743632 0.3587128146551237 -0.10459456043626439 -0.40051177541749955 -0.06503887936037976 0.06152617073194355 1.519844313343318e-43 0.1492373113803286 -0.1363364106177256 -0.34779352931570134 0.2621574491436023 0.41524367562869 -9.297184726819991e-10 0.37756791991188965 0.02393905270860453 0.31632813808539945
1 5 0.1981277183925215 -0.26001647774035125 -0.08110897052652545 0.19401888504540865 -0.16193061317726032 0.3892565598764423 0.30614569604504543 0.03621584942686425 0.1864818121140984 0.3612846824739781 -0.27181283188389804 6.437844887927874e-17 0.6548561091042687 0.06044334783493063 0.048490971824426334 0.24761516061653485 -0.16256035665450483 5.101839702250936e-14 0.16509161989938814 0.4102992323401788 -0.11919870291241441
1 5 -0.25391644628748355 0.240713892330796 0.2415294112614695 0.006282806292030548 0.09726631635207086 0.0992603412665474 -0.35389194297479276 -0.07979271143373357 0.34878073003914606 -0.07445181531832698 -0.021892032275868552 6.226462620956745e-16 -0.17271998992271878 -0.42922086197998494 -0.09211588719535695 0.13271437849479809 0.22362657171305222 -6.232475209566479e-38 0.21427760248096922 0.16163409521958852 -0.031552055869087055
1 5 -0.07844108341555452 -0.04712049644773058 -0.0719823471819327 -0.3117727736137963 0.1889430353129435 0.4857699629208961 0.18478974405773022 0.13667649405009466 -0.006440643342240229 -0.26805765867941633 -0.3704031114875171 -7.135993319200769e-13 0.5774794292494156 0.11918570372926676 0.14351183991619643 -0.02183947829670653 -0.2816264479934626 -2.5440822433478438e-18 0.013629236634950172 0.3083385464473276 0.030061893680691856
1 5 -0.2268151833945634 -0.20547212093450667 0.2318953445235063 0.025983786904430803 -0.3929893685639053 0.4195417335735238 -0.18548829560477445 -0.05852141340138738 0.4490901928909027 0.3693831354343443 -0.7300219767015581 5.299897156330213e-42 -0.29843547975170637 0.2177143969175882 -0.34429707314950553 0.35034319489570376 0.07549174910713186 -5.784366470667114e-24 0.2461222625645461 -0.12189664958911316 0.03262528120509621
1 5 0.20923530046377237 -0.03085837479728046 -0.10357238955985314 0.11347306923166772 0.36818684875331115 -0.04673517283090794 -0.42882793350498427 -0.06059377361156306 -0.37601552671273714 -0.4254884015046356 0.008888730187733514 2.902213973717643e-23 0.2752095148280411 0.17444013299524108 0.20125747121581394 0.10557766591526183 0.17463540493205176 6.596734511280351e-08 0.33517156428838746 -0.08050721859399677 -0.05367344676266768
1 5 0.373102373138123 0.06088085376761066 0.3702394020698415 2.0237817571688328e-11 -0.32608820964095436 0.05531609400496875 -0.21029872247967019 0.21325681625416593 0.15291104279960702 -0.24300843794458707 1.6499346444763593e-21 4.203857826014035e-12 -0.37418285087280584 -0.011187456629179525 -0.12291934899036971 0.11875881156587477 -0.11492688868647877 1.1964512649280323e-15 -0.2433516497064824 -0.02742294397500205 -0.2553061746649811
1 6 -1.3424894233453147e-15 -2.8745757662064964e-05 0.20190205750121512 -0.29171760018190973 0.5662879462725289 0.5489034373610303 -0.04733247981941884 -0.5135638844889219 -0.4496886475697344 -0.25334954289013406 -0.40291470903703 -0.05122777322388131 0.2106957193136527 0.37756208265064894 0.293466493293595 -0.02311060956777993 0.4384188061235833 0.20998777687021786 0.4559549529373451 -0.17232518091807364 0.0073650380337322695
2 2 0.387940995247894 -0.20368021190797242 0.14462430663424294 0.32595267257159294 0.21749263520263007 0.36123671229457943
2 2 -0.08823037774976579 -0.35723311855565903 -0.20357120631904077 -0.003815012928375153 0.1752903888486776 -0.10498588950070586
2 2 -0.3902919170191096 0.14563429523953755 -0.15788238891223105 -0.4114151574261216 -0.024447531671333414 -0.0071010976999308605
2 2 0.3043221960195619 0.03801984871930299 -0.1153472631405569 0.1970352500992694 -0.4842192636444886 -0.27707052608541477
2 2 0.16307666070077256 -0.26523362597622857 0.4269441435013122 -0.07871092460173283 -0.16651960026953874 -0.3995269491985835
2 2 -0.06218766850918659 0.19679353812594344 -0.427701000945067 0.21369604468931322 -0.04816434693381763 0.3628902636543507
2 2 -0.04038500547804891 0.019325752731264866 -0.36674703358620125 -0.09209517994455184 0.01826918241679371 -0.5043443270434613
2 2 0.25100916568409065 0.20580832594905527 -0.10482209602521723 -0.4621263210526986 -0.1812807662700558 -0.12320357209827881
2 2 -0.13602189873759926 0.10010095101336032 -0.0546010243394186 0.20778870264789073 0.21003529661981232 -0.013339516865437346
2 2 0.3999138081246784 0.059267619375834545 0.029232454312521493 -0.08862802522078393 0.16142610453610146 0.5091624967397753
2 2 -0.2840719614190644 -0.17200455567969164 -0.5392107903906905 -0.0421960316153089 -0.3579188146854068 -0.4028187639760004
2 2 0.0462189407974075 -0.22074129142088483 0.33548128426911616 0.1522507537376772 -0.455471784169993 -0.12955621600275344
2 2 -0.19466356449487449 -0.22743946955288877 -0.23239032747670726 0.02657666314255412 0.16462706281198627 0.5107314749656164
2 2 -0.6294058674591202 -0.3843669766109127 0.16635225977400614 -0.010623107691081584 -0.20633136498652002 -0.20270618452582306
2 2 0.3215249338433994 -0.18669649979661673 -0.11587805594160913 -0.30040303377413086 0.01186151594555462 0.240903911633009
2 2 -0.1447606193647899 -0.0495851457480868 -0.5045065309862652 -0.2403630863431396 -0.2134898107896675 0.0674464324297194
2 2 0.1812498712014824 -0.3446292757126933 0.2798038338029069 -0.3862935899145776 -0.004653462992119209 0.052220040454710855
2 2 0.01840321254417796 0.03375914868658766 -0.18051503390790125 -0.3900550690904655 -0.4498216771141636 0.09272046066382703
2 2 0.5169028874042575 0.4069694315621397 -0.24403457614002946 0.23367119712804568 0.06722414881572432 0.26009208684534446
2 2 0.3046457966474991 0.11309403349537082 -0.36684286354628515 0.45919984526795327 -0.37636387368813135 0.17054249979562772
2 3 -0.05700743220877876 0.015895989888095347 0.22910332500507982 -0.2155596715798993 0.27856946393308124 -0.21587664723324104 0.05994459357352294 0.0003767242844740504 -0.016339294889805747 0.12878144660669108 0.3686670723206073 0.12568622624159193 -0.02191755923693894 0.3309421656641664 0.24560608006290657 0.022258154413709992 -0.020583049629069695 0.04128822015845599 0.2980611504261383 -0.23615813537324948 -0.06621045192612182
2 3 0.12699516125726765 0.30793276869766445 0.45020654516105635 0.26859467529293135 0.23775034498288475 0.21065952119781794 -0.0007518337237839432 -0.0013883588755310137 0.05672840612553756 0.12487514918997464 0.030576462006133003 0.06756959464495098 0.06578339204505226 0.29146969910712445 0.13272923052784494 -0.06742349945914886 -0.515934034082364 -0.29438910591030454 0.057153443298338026 -0.1377609490369477 -0.2695669026103372
2 3 -0.15610501964027892 -0.31091680972676505 -0.04419642291040765 -0.11544776042425824 0.32483174553389005 -0.5217550802546069 0.0938376894827523 -0.29893356278881744 -0.24734955769221506 0.00958725600221604 0.2931020400239895 0.3720922209103372 -0.1304127157176606 -0.10518706966829432 0.31656350527698196 0.40599263645381856 -0.22481368678752936 0.2549071691327737 -0.3118300892694323 -0.3033169278568665 0.15208655344055286
2 3 0.18376718368027137 -0.2074170827456786 -0.19408000364338046 -0.22994093275601227 0.201392315865571 -0.33064565822143477 -0.10836665586156 0.04605886517606481 0.3574368169064359 0.09346207811574504 0.36259588543794674 -0.0747245319328126 -0.4018434456861263 0.027766561458418867 -0.41499570490844656 0.08518515301210342 -0.1488534236847537 0.22650396087634175 0.3630875974603085 -0.08100772022121899 0.3507678501367014
2 3 -0.14070432815323522 -0.16437648742256203 -2.3932488784753098e-27 0.38619167457769094 0.29915129711166766 -0.08794622146399979 -3.8784155894034095e-12 -0.04597790347562045 -0.11460769230900203 0.032916733054915256 -0.006849726567270547 0.10581656362822978 -0.14490144368595745 -0.1560078229327274 -0.22305718930537197 -0.20053854173933094 -0.008533968172122841 0.03086110864018019 -0.05526391645336986 0.29656045960818445 -0.21240775482165591
2 3 0.0728275656877776 0.044257004886552 0.20001410903705108 0.09862163751144405 -0.06557200519805594 -0.034749647261363564 0.09555245542195351 -0.14632648346055774 -0.1139907880806357 -0.35554122382366554 0.14387651565587148 -0.022001899122455724 0.04126979851213466 -0.11309581056981649 0.030677085643415113 0.28644694834848683 0.04605887664930508 -0.11497961076835142 0.014514364826714697 0.3705354202539806 0.1222456102333946
2 3 0.40202182073614084 -0.10109013246856387 -0.2912451011342964 -0.1006207334612685 -0.009062665107914704 0.05251260328347041 -2.573375698703706e-07 0.2594186140999826 0.0780805584970798 0.23216112165750125 -0.5089941390868017 -0.10515536734988772 -0.310885096677298 -0.34188566677565 -0.04644226350244008 -0.20362154238869196 0.0069765696362927955 0.19013783490419509 -0.21249100783051175 0.04322479876819045 -0.038233594421347494
2 3 -0.15399703368042938 0.22274977528720727 -0.23038089607672765 0.060586012540821216 -0.46433110924153015 -0.40299466521493016 -0.03362613473012761 0.3948268556440827 0.22886337175590835 -0.417438920041154 0.044452565167591995 0.23989889310672965 -0.23716542900572604 0.2484090263944644 -0.1296912621381936 0.30361707816609396 -0.1379118752857912 0.36453578569217293 0.2827561855609767 0.12950812303742282 0.27553627182918444
2 3 0.15362176538956457 -0.13249775920743484 0.13549313113180592 -0.10822988564179209 0.2484624088101083 -0.006446475567801217 -0.0021160712009678792 0.2673559346498638 -0.2667095926902661 -0.07415836850159552 -0.23138774221065023 -0.0001826370572055683 -0.1437857205718559 0.2905743535257618 0.08611770989446028 -0.32782364424147875 -0.21227094820513087 -0.14893328636713837 0.00579357397626145 0.0998061834032849 0.22035438592939954
2 3 0.3388981344232655 0.30955805320508734 -0.1561931830305039 0.33405525150807075 -0.3692728928648669 -0.25780307949673814 -0.0012656197399750005 0.013331620687543545 -0.09347515677759456 0.29352387503492194 -0.19439270400301253 0.3197530476317313 0.35577179508824114 0.21617585188282357 0.40773847762867643 -0.06464442624624463 0.08080847117131541 0.00013223595894310404 -0.19845040414854384 0.3955147120060191 -0.13462952044955873
2 3 0.36924667943552064 -0.34579766647871646 -0.17078386223311984 0.22628201771143638 0.011793090193241793 -0.05095513787457478 0.10960824714687069 0.0005908247038946682 0.015233608934861084 0.25902748207755305 -0.21420756511237166 0.017596045788882755 0.2902653416283385 -0.3349877572704519 0.10848349875697727 -0.2476909527505044 -0.09407658092529342 -0.25609275565757394 0.24987356089776916 0.21218893089188587 0.3998403640800205
2 3 -0.1437641820558688 0.34768498381175444 -0.1701028523572762 0.0410618279270103 0.6167481314852138 0.2859228151041627 0.033680844079545684 -0.25103579430003 0.11927715549223328 -0.3754719670622537 -0.40478445464900903 -0.4319900697508202 0.031547859740435336 0.3081340853441087 0.20926463032557396 -0.22812833520946157 -0.25435543280119893 -0.4382824091957757 0.048537800417718886 0.2224715774773769 0.18620050855240328
2 3 0.1540811322900678 0.2739082758575349 0.37436114648300345 0.3629134898206135 0.09979047182182225 -0.051023184907717935 0.2851284154009689 0.14636297964525694 -0.3214453249888721 0.1752894127522245 -0.12791765493149446 0.004784101012255429 -0.13418332443089187 -0.11178628623660056 0.1813111327035373 -0.28269568806500706 -0.0054755581580364695 0.013757724766592516 0.3114507501983213 0.02058973845471654 0.11802409905976818
2 3 -0.3283023949881452 -0.2653423448759118 -0.28960872722678926 -0.3323760913718549 -0.04835581643814512 0.30767397739360075 2.0586527375577672e-06 -0.05193317511398079 0.14562541426332976 0.046656731524523 0.08197242648678756 0.144393050350232 -0.14199233371284525 -0.30083255090757144 0.15490480224824832 -0.17267512411062302 -0.0626749025003955 -0.1262027782104097 0.40390735659189364 0.22447833846490495 -0.2621245664305539
2 3 -0.02169446092744386 0.24193412438370956 0.21964598640096186 0.19299042444601547 -0.4250616616905236 -0.015872884713192523 -1.0870211487902739e-07 -0.13283442087702638 0.10366869162116901 -0.5749560264955581 0.11157986249808678 0.10725750603482964 0.3771594843598947 0.08744393377938944 -0.439249500794419 -0.3912325010688987 0.1184026121183304 0.08557186317978192 0.0008541135206588537 0.23775361486871807 -0.3699696985027226
2 3 -0.1508455227030486 -0.3314158629787943 0.11088717052891435 -0.1567077051888449 -0.36742341730192496 -0.23357041062748568 -0.16923149832309925 -0.3626592712185252 0.18618845492316297 0.35485216047973744 -0.1352640269143303 -0.28776852916679313 0.13964886482633865 -0.2689648427672513 0.25998303523281624 0.10834339482894295 0.014855023136568966 -0.41166459037748826 -0.32960896398304257 -0.1966220345959249 0.06988154874244112
2 3 -0.027503868966688588 0.2367813109383064 0.14073779643703288 0.4038654089783471 -0.014204285811615138 0.2409020731962196 0.0010750524429368128 0.050880417073553216 -0.07589496446895694 0.14579203973970756 0.08683082564051364 0.3176744909246226 0.19969277997447316 0.0041434955014753 0.2909522311024013 0.3768312187957515 0.2691824135290432 -0.1416291939841037 0.06480257260979325 0.11353210785844475 0.13579868065353362
2 3 0.030389210093415598 -0.09827214226095146 0.17712669190974856 0.03557459963981132 0.1671098936120287 0.258522613086237 0.2791070405948549 0.15246978444209588 -0.11556780756000558 0.13623963488987847 -0.083640274015731 -0.39265927889300356 0.17386194955343923 0.028172402104083706 -0.13789831229833271 -0.09168793796841407 0.1224105469071031 -0.020608143878903497 -0.35763013600321614 0.39557862243682834 0.12298772846868426
2 3 -0.1401894032155854 -0.08392954334661812 -0.1522700028622612 -0.3012329632703191 7.806635436644804e-07 0.2472796066172331 -0.012438085126224999 0.026131442317080686 0.2753369374949077 0.00044763295571030647 -0.15987854910304888 -0.08759277869105603 -0.028879806712150524 -0.27369497036095575 -0.4601319082486708 0.04923983536064754 -0.09291354495793562 -0.22734912458200116 0.23162914891091876 0.11664279141278742 -0.28361104121780306
2 3 -3.4696603779652585e-36 -3.3190362061605083e-10 -7.665619135409633e-06 6.841229617506805e-10 2.489008364642966e-35 -1.0408733367662064e-09 -4.918149338337045e-08 -1.2508230614030296e-06 1.7568731413981212e-11 1.0863468679818189e-09 -1.043712827304719e-34 -6.737300254500022e-29 -4.9688746398790526e-09 -1.1480672227305218e-06 4.874288651252987e-24 3.2087412481915352e-09 -6.222179972662585e-08 -1.6409238867235263e-09 -1.046359336410101e-16 -3.399045218021735e-07 -0.09960329940201462
2 4 0.05921100267261382 -0.18461753035744335 0.3210751631055557 0.335276173890293 0.361681063823483 -0.19707641646518378 -0.22842494924978735 0.10259157958534036 0.27091801159840795 0.15261730087470637 0.041305017310201475 -0.027461186302068397 0.1327873049900546 0.028643894070100432 -0.046268235554115904 0.08462575692553782 0.0050916062709366544 -0.1190642718638268 -0.031207492425964108 5.766785255206436e-25 0.066369103030084
2 4 -5.3667409934176295e-33 -7.185681466713622e-06 -2.424250914481015e-07 3.1062928268116674e-39 -5.2120448032942245e-11 9.428287509529783e-21 -2.892795851752523e-23 5.4890902357094575e-09 -3.1153269737166956e-12 -2.8176815732628188e-06 -2.755652911723323e-07 4.145952466533247e-14 -3.409446006643058e-34 -9.039427051663663e-18 -8.839098761450237e-26 -3.1258016998166604e-19 -2.4423068463178067e-06 8.026469889446986e-06 -8.533059018334487e-08 7.668336549480702e-40 -0.2573526611176335
2 4 -0.1853585380550016 -0.2992730800444237 0.22585347629980326 0.31677520034504475 0.33041981414922067 0.2844858603271604 -0.06543964288317902 -0.3260292731406805 -0.18210647808105113 0.29719491785417623 0.2711494814294477 0.10926419435574336 0.2663627773992928 -0.007175572695039592 -0.237334050554404 0.015757705323115996 0.21971688793984256 -0.19678893186292465 0.3532924126606387 -2.4434404510437896e-06 -0.11637957026967394
2 4 0.10025468573679482 0.27711342956599355 0.41625528342751583 -0.3907498966042309 0.007880740367716658 -0.17415543914633508 0.33383922315861386 0.2251013542342414 0.26605299879300603 -0.1058087877218744 -0.09608065211780403 0.38430573537397766 0.18716482338239643 0.042944315561804745 -0.026579779684343472 -0.18338588258238717 0.15634292687536672 -0.2754306076877769 0.1564453869429516 6.146130591838098e-06 -0.17570016541656105
2 4 0.15390146417704598 -0.1848996546771687 -0.25371607258279655 0.24722528726895518 -0.18447046575162154 -0.29096016844786876 -0.1332779426910183 -0.2499921502480275 -0.2709695979904242 -0.24052505904415433 0.3644152461825427 0.13003505825043196 -0.18110335790846255 -0.08159847431240898 -0.19179314657250884 0.09522443517779149 0.21173094356299657 -0.21694368259474786 -0.32546613751347486 -2.961191299713363e-10 0.0718379114556129
2 4 -0.272214008860786 -0.3145836013050676 0.24874088202309752 0.387870898144202 -4.0630700580182315e-15 -0.22361811537145615 -0.16612229561664588 0.35209958696802296 0.2386972110046347 -0.2374395035750441 -0.304287129074655 0.07095092303944041 -0.08621004363147773 -0.07702636429288069 0.626472481351992 -0.020718445163239223 0.16529316693764812 0.1358274853930077 0.23940375857561635 -1.081422770858089e-08 -0.05012933689502695
2 4 -0.1688446295181405 0.2827423423688621 -0.0587734251022665 0.23021223194484552 0.30039410004711575 0.12820501304520265 0.034039553583918546 0.24252164774397583 -0.293164442216128 0.009906344694716542 0.1659205321083201 -0.04194145990941797 -0.1895984775663493 0.2988473329625088 -0.07305466874555146 -0.0117032533675354 -0.3501960428712266 0.0708952137469872 0.38449644857224685 8.533760115941472e-29 0.4060461640995848
2 4 -0.21052726778668082 -0.2858086852347637 -0.15331225332904358 0.20909263377710907 -0.31729564067783167 -0.044895866767179694 -0.07796053888053485 0.0018993353571120227 -0.3498097556765046 0.31728487475799383 -0.2030932459185754 -0.2348220702031679 0.36247890433012986 0.2768591171812763 -1.173890029225663e-06 -0.13889398652951687 0.354834803267524 -0.3571577367692004 -0.29517818426995185 1.0466984233038728e-09 -0.19369852250650932
2 4 0.30661910368818357 0.17865208357816031 0.17733949201042926 -0.18441009673515577 -0.20339879672734534 -0.06006824121498636 -0.3562700014288229 0.4819772157030066 -0.22077161435411397 0.06724572728619133 -0.007272205674462072 -0.10797176518392129 0.07623114994515569 0.2634827771287161 0.520562927529983 0.16256734914151388 0.22960699896285125 -0.07428158334063871 -0.3594651484486178 3.354061900287367e-07 0.075975510923411
2 4 0.2783157655966113 -0.13750855661438216 0.03315617429726425 -0.004246586899644346 -0.2914850976691045 0.12742427416535382 0.20313524073817496 0.131086956150852 -0.23929065092500765 -0.11372503205066918 -0.16728016586744685 -0.03661240927077425 -0.2672096172951163 -0.3413030895832077 0.006627843510107389 -0.031518200668259694 0.35063329023980416 0.10249970235170279 -0.3014125322830509 4.3456774095292445e-13 0.20393029853505568
2 4 0.286827469564687 0.03575054524930935 0.2983904988848241 0.15420516745559368 0.02507140549951487 -0.12257284889932654 -0.34500194140811086 0.17179191542175143 0.04668651364155413 0.24872954676887868 0.22577859301220515 0.17534285886090112 0.12708593182452244 0.22808214984402572 0.1861355006868775 -0.13501571425800657 0.1887178449300954 0.30144907849229696 -0.29202659035290346 -4.722487373297475e-35 -0.020204355732256922
2 4 -0.1967062420274948 -0.3666431594632514 -0.023319978928576884 -0.3444622699122942 0.17386213463865133 0.1493399234251642 -0.006391190626825834 -0.13468362320435193 -0.19903648089068804 0.2463805137068265 0.14249822448106625 -0.10334371382574653 0.06434012602548472 0.013376548959640671 0.009388598033001391 0.43867006192718405 -0.17007426399963826 0.36853482623127265 -0.24025546252263727 -8.244638609595923e-28 0.057885837425320996
2 4 0.2896335896627531 0.34164039712228467 0.2745417347947331 0.10373492624654225 -0.18852371561705725 0.18369002673958404 -0.326041226582393 -0.26414114065462463 -0.2633136840443272 0.16590067284432125 -0.12401970687926682 0.06794403019875771 -0.07368483451311404 0.2539046104749808 0.27680172371519157 -0.10636281133242684 0.1125621968269204 0.03635180011844137 -0.08320291423585037 7.425702561233009e-09 0.06968706528547458
2 4 0.23972218421657654 0.03476106979878802 0.3040904626533755 -0.16826101173615146 -0.10374431720368474 0.15946272964461636 -0.10118722633288252 0.15020167849532132 0.11919266952457093 0.002354443653151335 -0.29335619826406034 0.4366342073424022 -0.24704452383700948 0.3343313281009205 -0.11767433549160557 0.06664335307063686 0.4063836368683762 -0.048350459727293335 -0.2141656808408221 -1.6573844826374317e-10 0.10219536046935657
2 4 0.247667715960401 0.35368252951688134 -0.019812223555748416 0.24333142319293516 -0.2543450249511303 0.17250087492664706 -0.5184310960816297 -0.057355303702488404 -0.015273265255435405 0.04033271913634817 0.08674382624021972 -0.03591240302063301 -0.3236322148878128 0.21423671300860722 0.6286543755530569 0.3131932451513252 0.06885761340711623 -0.08331297735559595 0.22424371836450369 8.553925130394522e-10 -0.10661304254475974
2 4 0.030730204284795292 -0.009441781799972881 -0.5037934533898716 0.03458346321338315 8.592006462977813e-10 0.049309864681326566 -0.4657880221926789 0.0065882869807554955 0.14431981339178127 0.03708225610603316 -0.15098814098327398 -0.27396562903054267 0.04260232733933256 -0.04462241434973872 0.174876265961428 0.023753687886341673 -0.09137847984667621 0.11192077693708934 -7.202485530716492e-05 6.655166522799514e-06 0.05419840611023097
2 4 -0.00019414342861188055 -4.231907097318825e-05 -1.6582050204506976e-05 -0.008814075493940374 -2.546327868569365e-12 0.02079953952929267 -0.00022564376615967 -0.003924480585698952 -0.004596772855690799 -0.0008824614722887198 -0.016209424173161596 -0.0018754834159482867 -0.006559770443143353 6.148423300617457e-26 2.293248593713062e-07 -0.0001577745416081451 -0.03037023204325517 -0.028083912757874602 -5.353984915410056e-08 8.694761023213463e-06 0.02207933388069131
2 4 -0.03033645360061527 0.31779931551569285 -0.1625929037327534 -0.08758545402811825 -0.23185936038382918 0.0844160174671354 0.1243071304768483 0.3362515176887906 0.22547173423910674 0.2735716636539919 -0.3458145863800033 -0.44164445257424934 0.11339804691413853 0.1360298468326569 0.5132744532627875 -0.22560489682567825 0.03307074371840844 0.09232616682097941 -0.4641898732204839 -4.204733072103987e-06 0.20375640120621094
2 4 -0.013537118387375879 -0.1903138789205673 0.1512720128535119 0.382755516958366 0.02787792062903342 -0.1173494573398743 0.031656836471518346 0.3200439029650767 -0.09080378483623988 -0.09055104428436289 0.026343466576420657 -0.2529919109915455 0.1992291713751949 0.11617269686773374 -0.5037863713055213 0.2560237489238894 0.09324326791640523 -0.2760672816050647 -0.2506718088505464 1.3254994335113665e-06 0.23823269964642027
2 4 -0.3192728648745574 -0.00749911997345741 -0.27050630065937653 0.09200026018327802 0.20109593051267327 -0.23468989920528843 0.19447820754037304 0.2226447833326287 0.17783451930510394 -0.14635987058117328 0.27088515535222074 -0.09184884877364956 0.23435873290617923 -0.2001706232591363 -0.3409092052390309 0.2917984381054943 0.053172607320362844 0.10864879220780065 0.029771708054302015 2.924353285213843e-10 -0.10281099976929413
2 5 -5.345646488990807e-07 1.0246519513755032e-07 2.1058133228043366e-32 9.866209642375117e-06 7.493527015063037e-07 -1.2409405437313668e-21 -2.766024708024031e-37 -1.3694915097234174e-06 2.2524652391155896e-32 -2.918516714823253e-33 -6.7529776045140425e-21 1.2528442783456293e-12 -3.588437407269608e-09 1.842753979951219e-06 2.5516443337739596e-12 -2.78731921213088e-07 5.905806240323625e-09 -1.6231590931341447e-17 3.188020367688829e-08 -1.8409919606605031e-07 -0.38624210851460256
2 5 -6.342733437252067e-06 1.0715671959447506e-11 -4.169571041888418e-15 -2.2545124562736925e-32 3.7181608299765723e-08 2.0062781489506726e-06 -1.3190288308384745e-24 7.516278007869655e-10 -1.7430330979856143e-33 -1.9185432896326574e-08 -3.917009554693073e-07 -5.6318549189242865e-08 -1.4463170738818407e-06 7.788176117388884e-12 -2.799712031560224e-07 -2.919984907375845e-16 -1.3146069867576236e-25 1.055419741796143e-18 3.1697783114090864e-19 3.704118619608801e-09 -0.23201818643086172
2 5 -0.2994062261697971 -4.295916553197897e-16 0.38012027110571955 -0.05563400663395883 0.2834368095864671 -0.06736082454222692 0.3445874935959807 0.013716838876428383 0.2188050682119444 0.26608401279145716 0.36308786773773727 -0.1739130170411088 0.07439113213676582 -0.17995132145433906 -0.33046693048047177 -0.45717416226531565 -3.849225455995297e-05 -0.2106984035233642 -0.04220588969802903 0.39493155467276586 -0.18756691811082996
2 5 0.05723873919149821 -4.807294352194813e-11 -0.3706140802487823 -0.2841949224968964 -0.09127565285233145 0.21647845527147502 -0.18394075836566265 -0.14667020171853226 0.21544539372565424 -0.38567031632164206 -0.3030446730312614 -0.32096400584185575 -0.3024098695965104 -0.3894167696973301 -0.47267943866208867 0.36237575132345506 6.16078833799706e-05 -0.013624826600842304 0.2917087072094189 0.3694722672402013 0.23008313658973006
2 5 0.22586791875040368 -2.1635156064559854e-08 -0.30737608505789116 0.25636973462078777 0.02418607193645057 0.1394283765176036 -0.08900224638999088 0.17232707644515485 0.3783399259656182 -0.3444957251554388 -0.1117193052597631 -0.20091427334635187 0.26258090081448154 -0.2500829511525235 -0.15953514169188573 -0.18131590660149413 3.2786330644497914e-05 -0.20981939503996222 0.3442180176740338 -0.4670590104125556 0.05077255124942263
2 5 -2.9433325009268654e-29 3.058319476906313e-09 1.8537529163774015e-38 7.677582311042635e-11 2.3160486990910203e-11 3.63017831826445e-06 -4.668750820483532e-07 1.6396489667746343e-31 2.4039560654526023e-15 4.3832832755214985e-08 -1.1378821667427887e-05 2.277919907928187e-07 -1.3548119145269648e-31 1.0707487617409252e-15 -1.5457911069374426e-11 3.0739791215741595e-13 2.254569647840342e-16 2.128642684181052e-26 -3.6938404100265206e-19 9.343357371541266e-13 -0.3765682763291847
2 5 0.0062741740782401596 -1.4871164214120026e-18 -0.25769574663562 0.21475790531835443 0.23880765851209246 0.35425457602104576 0.08024128003676906 0.09729409236643043 0.28936141722507935 -0.037158176364281065 0.32703359098083784 -0.08732603067802835 -0.047473205889578096 -0.204828780044389 0.4706164493434871 0.4361909402310944 -6.842966159179805e-05 0.2290836452915366 -0.18228707485229753 0.0931151494089096 -0.12098106200137997
2 5 -0.05479530731720236 1.965517354029856e-07 -0.0860518650760765 -0.4004498514078453 0.20240052448271556 -0.26572161760531 -0.12966383538181198 -0.42906186996130263 0.04284357744138882 0.38134322726867254 0.04139474835484875 -0.47614779625702386 0.07722894618967265 0.10080925666097668 -0.2873554218914528 -0.20843233492090063 6.800830206120614e-37 -0.2540307657834879 -0.29246873829543235 -0.15842117411167045 -0.08374457530712118
2 5 -0.2657084221298731 1.7279432404438355e-06 -0.19094078526050293 -2.0685224561342225e-33 -0.015656323531943482 0.2071026687443896 0.29208767756217713 -6.636480609090684e-06 -8.367704050791428e-06 0.08627922906863841 0.2538222434501981 8.641883743376746e-10 -0.006806630238855593 -0.0139747234071634 0.2747387606950318 -5.881371316121195e-16 -3.325568255169422e-36 -9.0872995366753e-06 -0.09121197118652818 -0.09184212853697062 -0.3209769976612463
2 5 0.3145979405438701 3.033608037630598e-34 -0.2624217382696491 -0.4993548050536558 0.3637554845078678 0.19717691070571794 -0.04058378608124171 -0.3075500175083165 -0.05121420899490676 -0.31045773639465507 0.3457186276703501 -0.10718865367548147 0.048776078077952804 0.21512275001199913 0.10522247314914479 -0.4818590010952365 -5.944928579859791e-05 0.2842109349161186 -0.18547474737547875 0.20710463132048196 0.247766405481794
2 5 -0.21165013684457537 -1.844021897568295e-08 0.10204921248402106 -0.0643799883678392 0.17202993777970987 -0.048605527128737315 0.13778821345631836 0.364754099337402 0.2749190235504135 0.3364328983493301 -0.04127287247444059 -0.2534862270840332 0.243412718111792 0.19928847140305936 0.24790068340759736 0.5114392805460064 5.4071243325189876e-05 0.3158124162962583 0.25009214515887823 -0.22347990258397707 0.35988515658082115
2 5 0.29286194774915325 1.3417402016704035e-14 0.24584543091771285 0.48610169489329036 0.21756724735648086 0.09819400391104517 0.18149363372069377 -0.15138095228042298 0.1835090244886776 0.31107939134134033 0.10568729509702579 0.32982364204782194 0.2840521271851563 0.12057591822824947 0.21015969087132044 0.49209499356258896 9.694098432505944e-05 0.41056703479695855 0.08700953710826256 0.0800123949386184 0.2758426320927943
2 5 -0.11407124337924435 -7.007133137513884e-38 0.3251297886483479 0.026722282570278106 0.3241732315248642 -0.2297868960072507 0.3677173174870184 0.12415304081601335 -0.2628339665944586 0.3506161141883699 -0.2352602719077323 -0.23035120770990197 -0.04125235109118625 -0.0898923199624591 -0.31777931283750616 -0.48691039482512627 -0.00012130220477883474 -0.28244176836591756 0.04760070362911834 0.33845895597984443 0.3791457465459936
2 5 1.381848404358114e-10 -4.371654691582362e-31 -3.2681842807978357e-13 2.413191334944466e-31 3.8026263815565925e-08 8.509844477442136e-33 -4.892722065212345e-10 -3.0005443699130547e-30 -3.483251238643001e-38 -2.5834610997487346e-07 1.9284678874042952e-36 2.8365023106623694e-30 -1.0508761856854549e-17 -2.2364558455876373e-23 -3.5796325985245823e-09 2.396440541979277e-37 1.1967863234707147e-23 1.6791474516771908e-12 2.3551611216046305e-38 8.048449799274555e-12 -0.17489420068311767
2 5 0.22372338150126833 7.792924859822699e-26 -0.2163826160694758 -0.06274853889659752 4.0207773405796793e-19 -0.22563951149028183 -0.27283161440084464 -0.21310577573285786 0.04219065472554458 -0.16884378163210526 0.2553369016200904 -0.09373969193426114 0.11602029599724582 0.21569226224210328 -0.0457932479898698 -1.0286914872986358e-06 -1.1324523498197875e-05 0.2571601978627312 -0.09491870167888324 2.787494209700674e-09 -0.3801550453210751
2 5 0.29019713412093673 1.67253290526359e-06 0.014443718039742448 0.08052755113766191 -0.14916502550489552 0.2541401826047501 0.1779310932763174 -0.41261379690988553 -0.07767419708797059 -0.08813517947023072 0.1754640569287634 0.09565955094178503 0.14139081768953085 0.2999917639909302 -0.37527522616120984 -0.4403143295678361 -1.0308789104504412e-07 -0.16626790685772613 0.3322414444982913 -0.2242752883097101 0.4049620073372622
2 5 0.14037218864002837 3.7922736049534504e-06 0.05469042904014347 -0.22004378993648985 0.272227866460777 -0.17413547392363446 0.19050416624852287 -0.29779616624121996 0.13295770379076233 -0.3062079918754389 -0.14487358373105255 0.15316045952073645 -0.39378167053555946 0.3622276731369065 -0.23331116612764152 -0.4882016312302856 -0.0003071026835467386 -0.09924270503544384 0.3873707329404554 0.34346983898714833 0.17536424823285826
2 5 0.039174957390206266 -1.1314409077757123e-09 -0.07823255122083643 0.2430634721223952 -0.2696356688192798 -0.021193467546199277 0.16682939257324705 0.3109362591596311 0.14082490259685632 0.12496464869928643 -0.0947098836025336 0.2721321972348804 -0.2695157348284426 0.02697095910846437 0.11785900121542191 0.5254245447902713 1.8043490247834055e-05 -0.026244660435086987 -0.007095770649227616 -0.06442097122443241 0.18953577137051603
2 5 0.16245970128837958 -7.021732929075373e-39 -0.017863901637514366 -0.07035415845770156 0.08542281605944137 -0.3325548360779051 -0.033131765621791855 0.1276713945129895 -0.08246322372922506 0.2088708223385897 -0.18424388425052102 -0.2473563393131086 -0.007992203077996524 -0.2395670722809534 0.014961769629114555 -0.13057647210744822 8.23347847678492e-11 0.13772558162309922 -0.1854114386203626 -0.019346446775466354 0.3469960127770803
2 5 0.38037460852736926 -2.2659295834414134e-09 0.06267606764279418 -0.21963830160066766 0.10703605142948414 -0.3947446024628286 0.2942611999562401 -0.18005241605814998 0.11160867100979295 -0.13305275121025953 -0.3441019942006104 0.01932476399916621 0.10866743301333104 -0.3543660635137252 0.2922184090211411 -0.5527806271884916 -9.943167562253558e-05 0.2540904875819293 0.3884573025513936 -0.28199633095201654 0.29271429201457994
2 6 1.00283538308537e-09 -1.2404034562861513e-25 -0.24594366838016038 0.5170565365853229 -0.37507253328936524 2.003202152084188e-06 0.3136116441685992 -0.48810654974548345 -0.12185937543838647 -0.36924915335096886 0.4075172113669879 0.4837484515428919 -0.481814695618617 -8.019820252605235e-25 -0.1905735682868514 -0.07025362780644256 -0.5799176782009756 0.24883147435893782 -0.008421369253694114 -0.45403637745110226 0.019948256839287016
3 2 -0.05970281312895316 0.1900507342085381 0.20998366341129607 0.05414426875299066 0.009129172597128827 0.42750962348537797
3 2 -0.5452483195442168 -0.09728828276005604 -0.25019529014748576 0.0970960246324797 -0.3751862611257054 0.4625774121249261
3 2 0.1883824850736199 0.05136939138709753 -0.23863318039712003 -0.3310083140393369 -0.43621596356017595 -0.18297176786212074
3 2 -0.025109852826591592 -0.28262216998693107 -0.1413183468267343 -0.3771330846109137 -0.24479886391978245 -0.32920421267367833
3 2 0.2614812973876926 -0.038348536098322165 0.27241897680835897 -0.4109173622369922 0.06154164602885826 -0.39882704783080425
3 2 0.015109655295662912 0.0161162179657213 0.1713277582649434 -0.4316042712727392 0.0021956818444182945 -0.18785390293882956
3 2 -0.3526700793774176 0.23832782591589904 0.3879335951187998 -0.13396894985208996 0.47989778623662493 0.12440441608884027
3 2 0.2107414530110913 0.07129550597493135 0.38315856706396184 0.19568014799061725 -0.10787874242802868 -0.038957806123597366
3 2 0.2574410792248577 0.4667993686709926 0.03120830861120783 -0.4450851918946084 -0.09264441933833617 0.09189629788091104
3 2 -0.07181238339973567 -0.1854129538469722 0.448923950480702 0.04903847461411145 -0.3285683923683635 0.053143435967056944
3 2 -0.14037741769054715 0.1581130635957359 -0.29910832737377485 -0.4607434710359677 0.1489799260151643 -0.24668975291788436
3 2 0.21150132922311746 0.2646803084331029 -0.1209757282077584 0.2658802102931487 -0.4633553282924675 0.0746068753538878
3 2 0.05184913339952942 0.32733223237013676 0.37703825399372126 0.452169776387741 0.37966114915821314 0.5448435597176933
3 2 0.16233933291112232 0.4909522682953177 0.3162577488981677 0.053147899550377374 -0.08604843859001864 -0.49123913816706455
3 2 -0.008817328157966094 -0.25737475989591874 0.030041860151744277 0.3217202836475777 -0.10107852006017375 0.05997691734205241
3 2 -0.35089201565429834 0.36971875209584215 -0.3620239865530392 0.00269680766061568 0.1728847496931217 0.0052212034440792185
3 2 -0.09944114353285519 0.40223172511490946 0.21066100753836836 0.46850290815765366 0.23711909681032808 0.41274830341114327
3 2 -0.3520628289422887 0.2523247183951894 0.43559382687230475 0.4706542969914638 -0.3852861338362835 -0.08451591905333204
3 2 0.21415373689362954 0.5391335732908438 0.04736721801265887 0.2962862149714659 0.2554806054086541 -0.04500755091406519
3 2 -0.12329837785917018 -0.43984504968834626 0.05381468096766064 0.058733040920858993 0.44825492276706713 -0.10255921859133121
3 3 -2.751882242278839e-23 1.378777493467134e-44 -1.950082030205281e-09 5.04461625513314e-08 7.278734513827212e-17 -4.285929569390809e-16 3.4590258774377787e-09 -6.24316024843959e-19 -1.777407433154235e-44 5.869479326161362e-26 -8.151835827205328e-47 1.552112639175228e-11 3.465501793166083e-26 -1.9189714004118011e-07 -9.06227185732213e-11 8.714983433307611e-46 -6.683094367864883e-09 -4.5572957475227476e-37 -3.650883427821659e-15 -3.043937297599787e-12 -0.08453587741344881
3 3 0.19460058377249284 -0.0015807234398689603 -0.2464826013512777 0.13508747277515334 -0.14287290708850403 -0.04520358023915552 -0.1461840315355333 0.1927865266010753 0.3455873922998877 -0.16176848571430869 0.15299322323249473 -0.11399414617655644 0.3547172742364101 -0.0660804387153793 -0.17481181455728104 -0.2911351203958238 -0.04933069667427156 -0.08524312486577908 -0.3095793055564069 -0.23509989772799722 0.13032231712744152
3 3 -0.4400470466539504 -0.38110772832279255 0.34681695154939357 0.29939716648614534 0.033580265288909936 0.2516836461786138 0.15475485751801582 0.5041218788080767 -0.3585016465566169 -0.04602393714265296 -0.0040288508575580355 0.05754238772236884 0.04323701177537294 -0.33195454170159655 -0.31154845162177397 -0.04643115733487682 -0.31007714083927285 0.04318878167798563 -0.03678608446887019 0.17804669498211484 0.27174911555801173
3 3 0.17094344818013604 -0.2341825180431162 -0.4883675453693427 0.250567226915252 0.2888070559965319 -0.16795941178586327 0.2889527023603946 -0.1934505329725833 0.2776370983706177 0.2282862609015641 -0.002987452178088537 0.00566443612463517 -0.028320654954389693 0.14873386279762646 0.3320045321821249 0.0051047105069465335 0.3007677435281888 0.2726710610575025 -0.35508150128707644 -0.3117610864668188 -0.013281276992156164
3 3 0.053914665181224786 0.0865810542821898 0.2899259224160363 0.07269947451849644 -0.15972459398986483 0.00653400810098927 -0.4020288552043435 0.4020711185391038 -0.47399200712646616 -0.20960770566141346 -0.26239628021306355 0.07780192437639766 -0.19178996474824836 0.015032089546322073 -0.3105250274482795 -0.006968121794683792 0.3248642595637788 -0.1107328561847598 -0.3274569450805314 -0.20442955207187855 -0.09252107098267433
3 3 -0.1781586047752744 0.23601144047420228 0.15248501835507805 -0.028580759288195732 0.46735049483855773 0.324539162918281 0.28433154410688866 -0.05587756233194852 0.31133711909734 0.3368646211097402 -0.4824986933345167 0.1383862233734539 -0.1643576968983291 0.15942499272428642 0.3486969474871096 -0.051975496273854796 0.28390175593836914 0.20173988987776884 0.04815193218498517 0.09067124803481791 -0.26529637895848607
3 3 0.2531945298608295 -0.3884138305462538 0.12651173705936888 0.41711914343790935 0.20006455006230298 -0.09621764154329086 -0.003155005893468663 0.12158411118319946 -0.12040788498774353 -0.3817332908734382 -0.18811110343798615 -0.35057461612281815 0.15605299101440362 -0.14286445504736062 -0.2856356311198248 -0.1877932573850953 0.013071722088975021 -0.1104200026171211 0.16770115024838342 -0.25439748373930726 0.445775370262683
3 3 0.29788849528170513 0.2646610754769121 0.3257428006804409 0.08935031971735162 -0.7484344458093024 -0.14811131297595692 -0.2710639329853375 -0.19281618872615078 -0.14221582481407524 -0.44033469683024007 0.14727117195883963 0.0022863353629873034 -0.18936961611189929 -0.0021627982568044484 -0.08808650953089134 -0.09499519268898877 -0.04640720857415522 0.25729710277259693 -0.3173800660276651 0.04137304683416271 -0.07191513871689498
3 3 -0.08987861621926843 0.0060239357054786506 0.23460205557474884 0.26115989138783974 -0.005983402000276917 0.3784293208435634 -0.061877907701528345 -0.15074646398577357 0.033293861842025194 0.39851636923721634 -0.341714277833651 0.0350529560927229 -0.31373697699687586 0.4000728843729473 0.3094086320093214 0.13257693361374487 0.19268305393313626 -0.22548575647677313 0.3861891897703876 0.2697083230949249 -0.02249590763428628
3 3 -0.15823559259269585 0.326749296600035 -0.17525865547719777 0.3747916493798565 -0.29183835716160905 -0.03660742262520913 0.3520358325081807 -0.07866456842825387 0.09987196224798894 0.3946253132120346 -0.12951617272353866 -0.07527620161225819 -0.13753943021983828 -0.6938115240364485 -0.14503792579771335 0.16912873142360502 -0.13080201239338718 0.16449250828210715 -0.07292915646659912 0.2668749301563966 -0.17287177233892098
3 3 0.3136581153712924 0.13729065061964918 0.1588207723683483 -0.11510602679368502 -0.051480513259357874 0.0035343623786869985 0.3436403258929443 0.03490156606750923 0.21616549893845857 0.06662031958735125 -0.33319614168618095 -0.20957466469492272 0.22429056153945312 -0.3406603736778977 0.08103259093141957 0.07436418129162567 0.21334642452147107 0.20929317701974876 0.25961480551526955 -0.00897932223061461 0.38271209151413726
3 3 -0.2781613104814083 0.2633214668162751 -0.08787559849117949 0.211962260388451 -0.33322348823829423 -0.45380775578487903 0.16734458043314623 0.36022223239332607 -0.27753339226501544 -0.3227532972443105 0.32992379433273694 0.007061688864061314 -0.011645650507943223 0.34525670776833195 -0.396407725128665 0.07974696850863447 -0.08231570752912229 -0.2818960207920424 0.14400196124864353 0.18005414807525974 0.19218402634720338
3 3 -0.1877563501033771 0.010666237037471748 -0.19340282094030234 0.3194793431288531 -0.3272771676369677 -0.1852905083503425 0.33258846488818905 -0.32908500082430536 0.4718847303757607 0.06276584956664613 0.2966655844261909 0.17437789203350643 0.02894780010639037 -0.22419931298836007 0.19458585327561737 0.10272167264217255 0.09081411966292673 -0.25506994320707693 -0.23462589887593163 -0.2597269908163295 0.14351645331918722
3 3 -0.07551860354242936 0.3195643715080053 0.1507507586547959 0.4032160109872339 -0.31704223079243593 0.25352914847738905 -0.27172561911417187 0.32062606794630893 0.06430390479990944 -0.27068315275054056 0.20525156867350466 -0.05876671885995619 -0.1773579190738614 0.1533372245741097 0.1509670555031879 0.025756237779845096 -0.09886500934448027 0.20405347355498332 0.33372797739937465 0.20920676321134238 0.0637148754446696
3 3 -0.14837670016984328 0.11355305814323609 -0.05007945708251051 0.38811056349206124 -0.0486651890000681 0.12339040180589371 0.24472474249044984 0.0658428398156143 -0.23776853823262914 0.2979183761955652 -0.22925502738898 -0.18577429265633721 -0.02552236263720796 0.26510723958774174 -0.0185155355367077 -0.42063570643876935 -0.16263748504358008 -0.32193593113638297 -0.24825988301870247 0.04497520693734106 0.3659103818210245
3 3 -0.12083603423769163 -0.14593246339873692 -0.16545330877968475 0.05100090300927548 -0.07449813928950046 -0.2737618518968613 -0.23840161363727735 0.19341322945133504 0.20928982606903387 -0.01168090421532413 0.08096899486108945 0.24382184305326746 0.17847613166107987 0.3014155619667148 -0.09101685809175031 -0.14265953745481993 -0.06998253441900724 -0.05981706357853927 0.19962759307394184 0.13431516483397596 0.36024847603531607
3 3 0.41440209955926766 -0.1583699508021705 0.029782316187116877 0.3279970694929405 -0.19882642568317085 -0.16872209555959494 0.08329138217425705 0.04831747316022247 0.3106095098844165 0.15315334525267466 0.3360467831766702 -0.1874442307241134 -0.16091628585732876 0.11259014820689918 -0.06938086243833101 -0.2161580123504471 -0.2573671815059093 0.0842671057032699 0.14936281422517703 0.12555001371439828 0.11786116544088637
3 3 0.17528107214919775 0.05674958399027232 0.30146501459569786 -0.20282098268401555 0.0718085079412223 -0.28962389585292364 -0.1896671297593752 -0.3707550947771221 -0.27573587280338147 0.07907598765671492 -0.05423794786786125 0.015614686304908105 0.2035500674668416 0.08780251631856885 0.15197424326990572 -0.28317587920357823 0.2135586775122189 -0.15243988914889928 -0.03119579479083637 -0.1363294825450095 0.0771865452574322
3 3 0.34191965097390065 0.14267286148081876 -0.014590908105429467 0.0763704796001592 -0.21467879012130137 0.04988034500125677 0.15683022945328 0.31213542530371924 0.35773611905908037 0.20794032642437182 -0.24073500835097375 0.2772942022920344 -0.19892062398873847 0.12574661459600078 -0.21371415186764714 -0.2991676544648464 0.2911741005323095 0.00860650117151775 0.03627796709637057 -0.08203611691305786 0.31434422899503683
3 3 0.013748084893965319 0.18303414600785772 -0.25300425501400775 -0.18865973977371858 0.06214944308280879 0.03888862580145106 -0.07835504925396168 0.23244246172584937 -0.2395597425451571 0.14995342694747463 2.056504002169672e-20 -0.15351759027580175 -0.12673748463082488 0.3098466922770421 0.24263327386300135 0.2757917102753539 0.05222373879341136 0.15444041615578863 0.2480264296793831 -0.19045526526291423 -0.42351190442254716
3 4 4.151251392925825e-08 -6.609271656761522e-09 -6.872686253075322e-21 -1.7152160636584116e-14 1.1896001150884031e-33 -7.974551167268594e-20 2.130602178208526e-09 -9.030298895817083e-45 -5.809278940267694e-39 -5.856166322091361e-34 -1.4957095748577036e-07 -1.1233043884720358e-42 4.324858730196445e-38 8.585866617508282e-46 -2.83042554397512e-19 5.336734912837867e-16 2.1341891225215166e-07 -5.472542038722508e-10 -9.3958101852645e-09 -2.4307628409124886e-08 -0.09694919604085006
3 4 -1.1353263303184232e-42 -0.17027159204221098 -0.37339288984557145 -0.28097494047622074 0.07445546442171701 0.06828714051911194 0.07180125970216508 0.19977259067200298 -0.4544434477669187 -0.1837787985042079 0.22155723012089806 0.23040375856450512 -0.10206260552391691 0.21159012571784383 -0.08508702393841898 -0.09500910216632683 -0.23761414871767297 -0.25799237092136695 0.19110483275645268 -0.3219056055850524 0.07125976676098052
3 4 4.4482862329623e-09 0.1433097908975657 0.21529369149922054 0.032339778322199024 -0.02425676615926318 0.06677777434125032 0.08527579992098651 0.08122594838984688 0.300130590543555 0.0705133726623914 -0.4020956089673436 -0.010552698605766837 0.21512413459872398 0.067807258811153 -0.28367416370089693 0.32659529323024644 -0.210290970305451 0.09150513486054451 -0.12469458021619086 0.05047851856571457 0.17094335589193932
3 4 1.7058585747546622e-07 -0.07171843333352758 -0.3891716340229394 -0.09813458617163562 0.09607878989242558 -0.2088427225264357 0.16808927119874864 0.14195976913513023 0.3564288495515576 0.28596536616337614 0.28185152774191685 0.24279766013581291 0.06729831033330623 -0.0695283110985492 0.3745110276109406 0.12121703058816452 -0.16420808985031446 0.29589073478940225 -0.2782345479506316 0.29406952498125943 0.0840351077214722
3 4 3.62912191844066e-07 -0.09888014058640582 -0.4235344997565531 0.3059609434523228 0.008679285326809462 -0.07315071599462283 0.03132779132032233 -0.37175740633365667 -0.19476162168107566 -0.0725043267038536 0.07661459203671027 0.09655418464026318 0.3591301397525284 0.01870445470937946 0.025658790759872145 0.11931973902194572 -0.09926064765605658 0.06835158318205894 -0.2615426498297103 0.14333361559662536 0.20324013718881834
3 4 4.989190342961441e-08 0.3798400628500101 -0.1620008446856383 0.22192868560332915 -0.1648320432810908 0.3764311898594596 0.18323755933338873 0.30648221340127063 -0.4247287582486818 0.05494182216868098 0.18258801215310608 -0.08203661863693584 -0.2776345558256952 -0.3962094919636443 0.11797954077102646 0.30910998180907917 -0.4155007059532452 0.1848785689322601 -0.3044761198977405 0.38116117058639837 -0.16646789517677443
3 4 -5.77357678193868e-35 -8.753752990734958e-43 3.1554229149735e-18 2.6183864091042395e-07 -1.2061230077388213e-12 2.522617858633372e-43 -4.224618978594983e-17 1.092288874284411e-10 -1.040416083831189e-42 -9.326139213831952e-32 -1.142357879118374e-16 -1.1250617181722467e-09 -8.696448218657582e-44 -5.357883780044051e-08 -7.40717486497275e-20 -2.8449728737803775e-16 6.51396716012791e-10 -2.4921341595846116e-08 -8.773677531735819e-11 6.1250335354550565e-09 -0.28266579888326704
3 4 -6.468629349129599e-17 0.17307165573924335 -0.016894252121945192 -0.37264723043418846 -0.11190274437472367 -0.3748953528699265 0.350069799696817 -0.3332996176013324 0.07276971012435707 0.1180415437213033 0.34976348456392353 -0.2055787442340041 0.06824220095298433 -0.22436405739779394 -0.2994219443850233 0.36093190831290045 -0.4135336016120903 0.03997101126239248 -0.045244025858627746 -0.3135920475170361 0.35726476973101956
3 4 -1.313315242308049e-16 0.055121587553415514 0.15052570449027822 -0.007908158051250799 -0.2649808739287363 -0.14569958866157853 0.3796794372643012 0.131448507930193 -0.19067279833096515 0.19350603413151538 -0.03438141853689361 -0.3558742085127473 0.1588431633104672 0.11480693857158773 0.2984222941331638 0.273498124988939 0.006972916732555848 -0.023345781335865495 0.2297541689717175 0.15948280530982792 -0.013382984959903138
3 4 -2.2964321383600467e-09 0.09001544410136468 0.16390147023998908 0.2575282738294906 0.1947018166662457 -0.38143306955959905 -0.04559796323701274 -0.3623018237674697 0.3349051668238892 -0.1942422661563282 0.3145665095109158 -0.14382050809608485 -0.37568068092728985 0.2381611928267537 0.27144554447752206 -0.0913677133094278 0.2442986518096477 0.03502986457280505 -0.25048240970059865 0.4179392443298684 -0.2848800545468546
3 4 -1.7666728442294494e-08 -0.3091943687402973 -0.3147201420223366 -0.3174469102432024 -0.2674750865935849 -0.19825176507215328 -0.1195269171044396 -0.14061446526316082 -0.04607572279777617 -0.2648996221745226 0.014338771036168704 0.46244931236904185 -0.2366608176911722 0.2175324709643703 -0.09583333562226319 -0.16048340493300137 0.027408696210507375 0.38346459609678035 0.2226662739934717 -0.13682225573757548 0.11458822917255562
3 4 -1.7778268395079653e-07 0.23672541334959576 -0.06535811544763931 0.3852846419216506 -0.38197446330602086 -0.032668014317272384 0.07226157278604417 0.13198686931237086 -0.054112129983296675 0.3661749595727989 0.14898823090323376 0.4143170627752561 0.3630660465323478 0.2576132735327089 0.45967243321718165 0.01924018704546335 0.2005918196745368 0.3125487965127585 0.39964661033456234 -0.08441419406766282 0.11075315351175787
3 4 3.8515183803955706e-13 -0.10081498349506715 0.11364066788879706 0.11767910580989639 0.20213949160816355 -0.2168987340421487 -0.18343292287658916 -0.24465659116829772 -0.17878729496748255 -0.4601435532909822 -0.018589762353038483 -0.4781257211885644 -0.3159785517276625 0.26897300244032224 0.2486667335718298 -0.0694799223453093 -0.17483981092261064 0.09967347353668662 -0.039224642156328066 -0.12691842853902033 0.346820892234242
3 4 -2.025893280290205e-28 0.20577845138860137 4.2750222810949136e-09 -0.12518633521605063 -0.2931418471279038 0.2796697916551332 -0.3358633754947822 -0.026594986269497082 -0.14829824448956183 0.38900377496033983 0.16148429026586972 -0.10704896065040342 0.14514589076800577 0.2475570981697531 -0.671006689789506 0.01567877824110084 -0.2750946213207023 0.20350296049845976 -0.08687628650515147 -0.10296302046092903 -0.29096689595474456
3 4 -1.0104099359796378e-15 -0.15345042719705895 0.2469469180241378 -0.3152167542304261 -0.009788483068554938 -0.058927178823937276 0.026298507211841717 0.22799155052118308 -0.023771977069565606 0.04141912318423282 -0.11585868835244013 0.2672041077211011 -0.2302037184065056 0.2967608740843929 0.25914767276418504 -0.10408770890852607 -0.20056736596886238 0.21868861785725632 0.031166166823842843 0.3696836966743511 0.2377284631965148
3 4 -4.022027498750113e-21 0.28375820804217394 -0.06258038608721513 0.3313615926423758 0.3997833564358789 -0.40714754355429233 -0.28455474777957346 -0.19760286379878617 -0.2925056614628318 -0.40961884565038936 0.397077010249932 0.15755931653555297 -0.0696750065514417 -0.4446411699334764 0.04303050737965357 0.25967877604867406 0.19595587425350924 0.07148112677093295 0.3278233972224404 0.29936552988750514 0.3508577397774077
3 4 -5.8280370481633054e-39 0.32145528516962835 0.25789459075682325 0.34196882195029565 -0.11123143922042099 0.20774145033070426 -0.03240544223997436 -0.2124326027521311 -0.0002570516718107821 0.026117766037473893 -0.27191118356176713 -0.03268292474370084 0.23220497673040666 -0.2504751472527135 -0.27241289580409384 0.19312491054541375 0.08132399787910315 -0.36351092682814834 -0.20443675273350098 0.43389458615822607 0.25143117859360653
3 4 -3.817362645986506e-09 -0.2709345586954538 0.04146982724856908 0.13022905834985773 -0.500208695182433 0.23317125896467653 -0.12707152631967175 0.11632575289297228 0.07405571953079679 0.19482199911854928 0.30905467853417357 0.14652049480226556 0.179720791575421 0.3450621311858709 0.17097067853650952 -0.35976031049015456 0.13514691328306033 -0.4463968903373001 0.19314849754352056 -0.31805006260965685 0.3310160425576591
3 4 -1.4227065976628344e-08 -0.056238537656190135 0.030087316066672583 -0.22786619530660243 0.2974578979613968 -0.5767030314285295 -0.2474442695002643 0.20626662640846938 0.08849226602780876 0.1507888663083726 -0.4015480694093454 0.2593840206577998 -0.2686297779597438 0.17612088670925083 -0.34374952416511745 -0.06640844008221053 -0.42772116857107184 0.13750620035150085 -0.2503288346167089 -0.09859486157906996 0.2574865727341331
3 4 4.115793352593067e-31 0.24537755319745916 0.27989735505440655 -0.10592249947810814 -0.1953037424611165 -0.14611313067799264 0.18698283041450248 0.04465709564768856 0.20010876547004547 0.08193713468877961 -0.27697908295209606 0.3783445424191859 0.4416491053401917 0.3634562989569324 0.0686177200505699 -0.2029966128667015 -0.2689530951193218 -0.1011753422210474 0.16854046156722646 0.2546133856645965 0.04720970716642888
3 5 -2.5592323520466565e-10 0.1851719473024324 -0.35509243735717877 0.25134980213303443 0.186793062880522 0.06816601827779896 9.772435408192402e-10 -0.007075525857160682 0.35786563249770703 -0.2887402103836894 0.028301149030267845 0.16923649663380236 0.25670009165845953 -0.33940361142210845 0.09666961561591546 -0.13740302410602862 -0.11479672344810311 0.11357771057763806 -0.47417087908742844 0.24598993781446626 -0.11796433617962773
3 5 1.5481271421658739e-16 0.09351491040482243 -0.29439332413691427 -0.3959942927149585 -0.37627037161041255 -1.1851525296208248e-09 7.741101313233109e-35 -0.09378460202229244 -0.1343339243200951 -0.07822159188185362 -0.03478063370341428 -0.16984291164729523 -0.2812224085690082 3.1607413917545634e-07 0.29503918438526394 -0.09571175577622572 -0.06773083267310705 0.14256975966561158 0.1868170081304401 0.12258937627703316 0.03737880680333175
3 5 9.231146342553664e-13 -0.19251704377653525 -0.35083014492773057 -0.10656588583618697 -0.42916048969631365 0.08927810472762805 -6.403426402787177e-25 0.20232893098138516 -0.13766588973928504 0.009605448592304828 0.2999329785327375 0.2947524564837152 -0.02942741527618583 -2.0560339532217257e-10 -0.01662334386893331 -0.15275884202277257 -0.04820131259553718 -0.3842327241354954 0.3118955547240707 -0.05319321806035202 -0.05890151001602719
3 5 -6.46995414437634e-19 -2.6207982498815108e-37 -4.1838534786731625e-15 2.9439355830047118e-34 2.137104707319518e-39 9.896823715014547e-08 3.575591767455303e-19 -1.334849253476568e-07 -3.93810340138226e-10 -1.77722785373895e-15 2.1459146945462737e-45 -1.6676381831088807e-16 3.227306089634699e-10 -7.610029051348173e-10 5.305250600912406e-35 -5.550403573283418e-15 -6.360171032024918e-45 -1.9743554630550793e-28 -1.8159457667154756e-10 1.9089306578358195e-28 -0.36103769940258057
3 5 -2.0024359647981947e-22 -0.1794266836497388 0.5347971611018838 0.3909263189674244 -0.1956648733270928 0.33861977269267585 -2.2602524929676036e-10 0.4232219739465195 -0.19535177235148954 -0.0656192887638911 0.11384915578796541 -0.32406236413079315 0.2519962452176073 -0.011763181064253779 -0.10036174124468722 -0.09469742866749883 0.2647213951568695 0.38703944960204306 1.0458250934710842e-43 -0.20569201819162825 -0.17235801314035334
3 5 2.4773671981522227e-14 0.2379347037994004 0.04977098330868489 -0.37516978848359867 -0.33570511707483786 -0.35896188903550963 5.118437281146502e-17 0.23858738496512694 -0.3252828614123995 -0.32986350110649987 0.00592633589396345 0.0030859655596737093 -0.050224802416077276 -0.1529732662675329 -0.19944541507335742 0.2508941531992494 -0.1534229784863621 0.24758759874968966 0.28928123377177994 0.37476393874645025 0.26537883627230724
3 5 4.7065462464369454e-11 0.061903708681497284 -0.21494618003786345 -0.08750000724146687 -0.05612222369479818 0.11444345859868944 -2.474370802853838e-41 -0.06237143460438562 -0.03428575512362262 0.6563427347601121 0.025767944247575905 -0.05748723978334361 0.03946799037060029 -0.44086602243462847 0.020956225875852896 -0.007221696387126756 0.0831041928208853 0.033045476418815826 -0.2280953758244663 0.03192164440801151 0.1134216578033799
3 5 -1.272864093464355e-19 -0.0917147834545979 -0.1979678101932809 0.23301867513309785 0.2493286709271167 -0.33159061592073513 -1.1125577335553175e-30 0.19355134660707274 0.010875856189510926 -0.3709081617127306 0.2757455666119862 0.1444546417584349 -0.19239704425288803 -0.07259770325847952 0.21032326532434736 0.11711339060490364 -0.09497667739933095 0.22071250706864998 -0.23081164649108687 -0.23322799306129582 -0.3398638512264552
3 5 6.4690969238958e-10 0.005520836130828834 0.3994971077711408 0.3309327990037012 -0.1072474077719812 -0.04676855619372319 -3.125559779253419e-07 -0.023919614692173793 -0.1380756621014554 -0.06716116779269478 0.15717618810276332 0.27783208139244414 0.0382226571479998 0.1288117259060587 0.3048369344225377 -0.26394159045451254 0.38599020997401057 0.22171962587010585 -0.08502519528087042 0.27319614178148105 -0.22536166821791462
3 5 2.96516482660231e-45 0.2946602304922472 -0.1280962477468789 0.1921543325288806 0.3426868635076785 0.01277379341248493 2.2721183740503562e-09 0.15931799926897916 0.12446382653841973 0.014242689344818813 0.3159421037251902 -0.2367725204091867 0.3103359945986172 -0.3511775857458766 0.15117664960215793 0.17399119874333838 -0.042334127029478724 0.19311227568615932 -0.11965448520133219 -0.12152106625434177 -0.01817242051320914
3 5 -2.800434666283316e-15 0.21563498503419587 0.01925599155143498 0.2187691572633907 0.23085897089507565 0.1385712475718553 8.423425805645396e-09 -0.3899641544009264 0.33367135187327174 0.006522013332255682 -0.18223153036749076 0.3426679365388488 0.014739371791309852 0.15646827762783347 0.14986140021616434 -0.190851588490846 0.46063688641222883 0.0992862068883498 0.2569915227767866 0.14331349319694336 0.3083554816743937
3 5 -7.575886580416074e-20 0.32068290840049896 -0.306636635882998 0.37828438700155936 0.30649703369324627 -0.24812047989027491 2.6012803556214307e-32 -0.24431730653350509 -0.1586808186364237 -0.01946280927833896 0.07951627108827679 0.16480075969687366 0.20314614074582685 -0.18810176483779661 0.0779046279273813 0.0658406745969031 0.03748753801589476 -0.13352077493017933 0.11738890069681704 0.2191310475498739 -0.2056390831059144
3 5 -1.666784735015145e-17 0.13825807152217007 -0.26588578439867006 0.35388480718846227 0.09325305054473777 0.32293383554283256 -2.301257517074546e-15 0.2884848400980352 0.30583985758255666 0.11250529453322626 0.17972223089784656 0.3974954105223235 -0.385108676182766 0.14678172882887305 -0.18241490182188533 0.33475065136998916 0.08583114754851336 -0.35719000970503784 -0.23707998676119207 -0.31229507547288793 -0.2846922287702436
3 5 3.734582679076092e-11 0.3012126507764168 -0.5362206760120554 -0.44412787994284003 0.027513340894838208 -0.03374317840840008 8.620299248883043e-08 -0.3652750436903081 0.28001187585472137 0.02400989720430628 0.13124078361651142 0.0003615770825989855 -0.21150001452256775 -0.6622286283347119 -0.3740591444857649 0.3577894686254065 0.3687058584769444 -0.35378670242670884 -2.8512842681102036e-07 -0.20819773806485192 0.05252252650231654
3 5 3.0666859652599035e-41 -0.14189842638794825 -0.282830188683036 -0.33055346967381216 0.14930423258258693 -0.03556366879072121 1.6571990527363197e-24 0.2929209633674698 -0.25884033553469266 -0.07818661552548474 -0.23711458246720854 0.29732634483552994 0.20180053885219962 0.04239143935478647 0.21637354400528325 0.21506965112539222 -0.3586892718323277 0.22681253129771817 -0.09147785876269747 -0.35666112122314275 0.3097820391752901
3 5 -2.7698465944692823e-09 2.0375513995356756e-28 -2.573654664589528e-09 2.0546272389868318e-37 2.759993826714709e-34 1.1818577787976827e-28 -1.1762061881850718e-14 -1.5769944179544537e-15 -3.006926489350391e-17 -3.8462453585899243e-47 3.312990145883955e-08 -9.006575339939619e-10 1.2062466726450072e-40 2.088197883785901e-30 4.7198223487762464e-32 1.2134495860652743e-07 8.623711893055123e-45 4.015647398677975e-47 -2.5695966741232703e-19 3.3306886713110073e-19 -0.25037849153168523
3 5 -4.226446050456066e-13 0.00857747516571498 -0.20471704161458382 -0.30885391087112857 0.21371141615792189 0.15578192070886832 2.966523581211645e-37 0.04906847294924613 0.26288964907670564 -0.17474803954418083 0.24631668003674237 -0.037717409835849564 0.040047817956610686 -0.395081999072524 0.04305460700719629 0.06376589826681509 0.25304290648425487 0.2503148867225372 0.009900604490761696 0.014362398504461965 -0.20113161372897884
3 5 -4.864275444976325e-11 0.022287478732774132 0.16008091939811683 -0.3255444939464749 -0.2109102648084586 -0.09090010829580807 2.0577246024981274e-16 0.33614594269051695 0.19218319547272572 0.30993947592009485 0.14664836626585429 0.3776748241448415 -0.3084061484809334 -0.3154370933932168 0.07019978320769343 0.2931325617603317 -0.2642844792784807 0.23091621712993984 -0.07495949058892484 0.4354561025932061 0.1211233621545363
3 5 -9.703866491315498e-09 -0.15892360973232803 -0.3039737610083599 -0.27502216727704115 0.1595662848058131 -0.3372684427747523 -1.170158389502081e-30 -0.012831821776806494 -0.12571822269376812 -0.3326817381638779 -0.373450664985031 -0.12998720148663218 0.33858558743898737 0.3626825452052726 0.27191124065812616 0.2195630505814066 -0.15495138998406305 -0.22655197405543934 -0.05305794852083617 0.15974377583628227 0.28857600101496217
3 5 -9.36647108130008e-09 0.23328866043038873 -0.12347574063085692 0.23003303170410552 0.09848317648394432 -0.07787806762889088 6.909495279060401e-44 0.13379433946697408 0.13656029905554576 0.044334064802868466 0.28029435121494595 -0.16081576985800386 -0.37497732691494745 -0.46587325484939873 0.06646898170456196 0.09959217483020438 0.05453917677729221 -0.1993996834243702 0.203394104427024 -0.0200431195810092 0.27911476995988654
3 6 -0.24857154172095708 -0.09821359100881276 0.353208778717158 -9.468364043204734e-14 0.5822458028886327 0.2464213788643801 -0.17762546284459788 0.49432572681923237 0.5403718805289927 -0.41830804617371975 0.3922587345242485 0.09648119511315176 -0.4892897273922894 -0.30726855923294344 -0.254372539698421 -8.670929701323224e-12 -0.24978474712902338 0.12240859146712064 0.34314493763815634 -0.3795387434307899 0.07367158989101635
