Number of NNs: 1
NN configuration 1: 5 50 50 1
NN Layer Weights Bias
1 2 -0.1987721534395752 -0.06328283315556724 -0.16798656935102013 0.2892850979409042 -0.28372710996231276 0.04434488636640358
1 2 -0.31465957520286314 0.24822176297164986 -0.2776372991956205 -0.22574856946305322 -0.2362839749334227 -0.01675169755067368
1 2 -0.14734841191966236 0.269756684483237 -0.13545566893085448 -0.011832184318077633 -0.11858079588315833 -0.08396599019052835
1 2 0.032571349533314864 -0.2610964691544722 0.24009409068083154 -0.11023875666742293 -0.10617857910997404 -0.05344514185544974
1 2 0.00027250925063961273 -0.02103619427795331 -0.08949515929567971 0.22063478877688134 -0.13583052327875025 0.37679677589159155
1 2 0.18526842102776825 -0.07043537960901192 0.17005022942617898 -0.09665091034287523 0.2477649418901556 0.2364067271822138
1 2 0.18260862991156787 0.2327329951055392 -0.15877473116087043 -0.08637756586910868 0.2377037106468034 0.019426471879763724
1 2 0.2848002948653241 0.24054899261486176 -0.2588599853113756 0.17506856785283914 0.1705990752313398 -0.09025709049265498
1 2 -0.28526320236139036 0.13226774564499214 -0.16303701612781904 0.301819349369648 -0.2538374476219842 -0.34241287289554834
1 2 0.2792762622558848 0.048069711023071164 -0.002358171272612248 0.24314235202115791 -0.07827558051155545 -0.347986025480552
1 2 -0.19847044277022322 -0.253481065250984 0.03605035546453956 0.07501017070875451 0.33314420518542665 -0.029782142863742686
1 2 0.00012074888602000433 -0.37566642464454403 -0.049305287463569235 0.232253009591478 0.18632879807114147 -0.24468085735498124
1 2 0.15092776235680308 -0.3080886736548241 -0.295050103239023 -0.20144771360649322 -0.0005299812425015861 -0.31054347838657825
1 2 -0.05892924380196279 0.12888767548731414 0.27544864070564956 0.22484328334452502 0.10055287071134231 -0.21136301296862067
1 2 -0.2648861522233096 -0.10097313520567032 0.3328426199124177 -0.18713351724697927 -0.0059004945417991716 -0.205389304633613
1 2 0.13292369772290125 -0.06493536175517002 -0.1573336124689482 0.20396208304976826 0.29695053548357003 -0.3254176239832612
1 2 -0.20422797242125526 -0.16938898916981793 -0.2579817438694524 0.3153089183139105 0.3291877515438722 0.2711980332139783
1 2 -0.09384238291896457 0.0509216709416583 0.1506429039988353 0.1970143487972495 0.09623277791055851 0.21811081552721492
1 2 -0.2521844364413922 -0.09891762047919807 0.04547818712283178 -0.041898971888305256 -0.041479270358603555 -0.20902515952487533
1 2 -0.32148584790368934 -0.03691238840828808 0.1448728801424388 -0.12333750494120523 -0.23079733880522602 0.08182064701236062
1 2 0.007357252834098705 -0.18072075066831228 -0.29402039015992454 0.16616780359391733 0.18988229806803342 -0.0725401082346361
1 2 0.09457638728234473 0.12575801631423397 -0.016804302264998305 0.13385649489919668 -0.1551576189449614 0.011621109798354122
1 2 0.313388864849682 -0.04400549978873129 -0.32704214525422054 0.044057002448084186 -0.13376816700198477 0.002632563323079952
1 2 -0.3013932135846555 -0.10236640825329783 0.06088419135743382 0.29733158959421907 0.08123884119492372 -0.23644899479406695
1 2 -0.10513316150141216 -0.1503706715539057 -0.2615164063345812 0.0030823081811825514 -0.03745737153779029 0.2441323598691643
1 2 0.15062049494343935 -0.10995696195844865 0.16408304570238938 -0.2639235190274996 -0.11710420666388238 -0.35871102582583825
1 2 -0.16545764554020123 0.11758023247495789 0.16451400634402683 0.19565987116917868 -0.12305412649995552 0.2884033708154341
1 2 0.09430401524315257 -0.18872493392133055 0.13728978781490264 -0.06243188515485083 0.05372035434673575 0.09538084416723161
1 2 -0.3450048923613107 0.2487518827406838 -0.31000773424263467 0.05536889556698398 -0.29193474619233334 0.08167630633350978
1 2 -0.17184142014093856 -0.04727573946883873 0.19509360375229298 -0.16710165411010064 0.17843538156341346 0.10958791498882357
1 2 -0.12432553991626034 -0.22720568983478123 -0.026059420895908837 0.018783358300227 0.23218405682263937 0.2716389185380971
1 2 0.0729989209880917 -0.13709874274396575 -0.06822160415522689 0.013009962752986088 -0.22237298112899503 0.15501629192596397
1 2 -0.1394035909109345 0.05008983017980623 0.059554718461925345 0.2791400015964494 0.25809978638369685 0.14180957647063716
1 2 -0.21745543592940011 -0.20884717664538488 -0.21084555168911254 -0.030813297324076533 0.05140129651685575 -0.18101626161627538
1 2 -0.1081588554842889 0.023802133866931148 0.1976645207385601 0.0025233999278488893 -0.002510343747151329 0.29657181614471856
1 2 -0.09785950296294729 -0.21950774173657794 -0.32288500096408446 -0.02259469843520854 -0.11224743573737082 -0.030141167035397213
1 2 0.157782979629517 -0.024247956776380992 -0.13704588891059086 -0.2543559638808754 -0.3138147964183475 -0.13627518027743413
1 2 -0.21416426946109013 -0.015759222853466145 -0.34048696138739803 -0.246080020189124 -0.03351508689907671 0.14723485097233058
1 2 0.17409360015638317 -0.13519849152215693 0.15625327350885307 0.046481876131972626 0.29045820317483134 0.14246545557177137
1 2 0.30523585543980386 -0.30118868782165764 -0.3101273430874089 0.09517669045211037 0.20498680737389882 0.1206335296712438
1 2 0.2532923244548003 0.3017001207739065 0.22019453944404194 -0.07535005809467347 -0.17477476518446491 0.20207690086042357
1 2 -0.20772205008526493 0.1169928623545216 -0.27779863613456235 -0.17389842505594996 0.09798140970266525 -0.044762823188105906
1 2 0.0742796181846179 -0.3063473167314059 -0.007398270858687131 -0.10252327622754687 -0.2821940087616502 0.0843696836796102
1 2 0.01888674296900698 -0.3137827361422441 0.2969044271154225 -0.1367829786038025 0.2627188645990861 0.13227468341590748
1 2 -0.2190239735998283 -0.17192216088765158 0.21628423104969224 -0.18668352863359242 0.045406033680019386 0.04875569643399569
1 2 0.08039191000708922 -0.19361387458844048 -0.04018707710827682 -0.036957527251400814 -0.1781838746332419 -0.1839593801025963
1 2 -0.11330150867550351 -0.20931688874716195 -0.24511579510056117 -0.3236914716546889 -0.0783746475864333 -0.04529488773103779
1 2 0.32788337064517936 0.007880500735252639 0.30382155806049027 0.03669220572753507 0.20792875709365982 -0.1852122792508631
1 2 0.02768902474394218 0.2663667473550478 -0.12846811059303404 -0.36480830159108546 -0.1732190845010323 -0.2171598993111341
1 2 -0.24879562887230472 0.2154693514168826 -0.20474177226545012 -0.13603720180368664 0.26648662289399494 -0.2214112894160067
1 3 -0.10998520251859738 0.03575924155729794 -0.19562193038678202 0.06133496757287548 0.13183440742886374 -0.10626823610561674 -0.12661344859916746 0.1116108321007981 0.05325018621687053 0.08646209680765186 -0.13796046779886376 0.08475448206991128 -0.22869350859661233 -0.07582182749708621 -0.04162287399826102 -0.01312997580842955 0.13461068248468708 -0.14783146430695315 0.07339158526321377 0.15375031253666255 0.18038435449958026 -0.0932131557476645 0.0668966162182475 -0.0005351747723354902 -0.06710507644581876 0.03658990019191218 0.09993336678422128 -0.09289466993398109 0.0027040965398587476 -0.14555246567909116 -0.21632268435425092 0.19261431609314383 -0.0014296107450039635 0.10197782696957279 0.035427797917002485 0.06052307118264004 -0.13040416149053483 -0.187810144753941 -0.09569029300744898 0.2507716356283681 0.17325522506035992 0.1785831359199508 -0.22574793629510076 -0.05720508917175246 -0.05850644102287617 -0.10110742942346274 -0.0629226434172582 -0.0873847886957906 0.019992767498252486 -0.08780740206790844 0.25352991248902723
1 3 -0.12472938138743225 -0.1861171856683786 0.34180088003500336 -0.10023962608884214 -0.2010385233888016 -0.04280347347113507 0.07072788300677069 -0.05924165797104218 0.4566089124143506 -0.4905002241583608 0.18291525227940766 -0.14467527470985697 0.14307420027893536 0.26061501547917193 -0.025099111982916124 -0.07562987567790269 -0.01836782693282433 0.015795855800093024 0.2138899761803184 0.22073986165779855 0.13577369249643317 0.2698239191105128 -0.17952474200147983 -0.0677823247907939 -0.03905010285961535 -0.054320366012343066 -0.10056157415834824 -0.2010587829657711 -0.28353805582376956 0.06317765831700702 -0.07013511435948339 0.03117582430130694 -0.20513293002285174 -0.02795781164686694 -0.13273595291882098 0.2491026937281908 0.25709786966380527 0.0019453971491183546 -0.19394848296914644 -0.17189266949782805 0.19883452209132754 -0.014631211316758397 0.2344131227367848 0.14043929359621862 -0.12989412481611376 0.048750681814417024 0.2769781843757711 0.046905769443942584 -0.1894364639880074 -0.02224443811964296 0.09214846884247953
1 3 -0.0878040964874695 0.29153889167995 0.014127377543655497 -0.2636726154981118 -0.026015697402413898 -0.08124721852644576 -0.07391376591035075 0.21224030804854538 -0.11463660138068642 -0.2084268418365342 -0.0454066400086186 0.056975171211596315 0.2504249414275233 -0.16138582712107116 0.28711775235931325 -0.08598715818393213 0.042248083110349686 -0.016339698225138873 -0.00802788176088948 0.12266045079076449 -0.12732619772243642 -0.11917694254100403 -0.09556741926978843 0.32520912730831947 0.08671913871167843 0.02494921817642073 0.13948820112969137 0.07132602456485856 -0.2573782201019522 0.2073991862671084 0.10761146770740666 -0.17451179714492818 -0.2723608643887467 0.06633173685160046 0.08694825265420261 -0.1817737994202654 0.20208365348759758 0.16109995160132737 -0.09987613192626127 0.11885155579805895 0.08225577882790731 0.07583718228254092 -0.2426195383193761 0.19122916299684328 -0.18051797476883455 -0.11147073418764672 -0.11873428528835506 -0.0811028244573055 -0.0019309192489972333 0.23843197776629713 0.0077572755754540075
1 3 0.07984073913170597 -0.2151460040468304 -0.06924641745777708 0.09475069682953455 -0.14528216801853966 -0.2393496709167171 -0.24710114696231023 0.16314561881354875 0.03366331100747294 -0.009655067962151676 0.0358773367029487 0.1395073037473853 0.03521099628821217 0.058512988527113716 0.14217669132681612 -0.1376469198083008 0.0674250892756538 0.16988794674391847 -0.11702980123639888 -0.14859510459956884 -0.23307928795988214 0.1021320945633899 0.1728500787975285 -0.008643914544738944 -0.11032218239426621 -2.0959218944305207e-06 -0.1428478848366438 -0.2522266123969257 -0.03776942587450822 0.04561698854682906 -0.15343376787053817 0.15174415141024036 0.009104138072538754 -0.029636024001057904 0.17950673258846972 0.053437801425145974 -0.04469862114862254 0.06142720081923068 0.15808433153714235 -0.11593272291574194 -0.009265432202566008 -0.04354756003785359 -0.14972839555695208 -0.06516313375101172 -0.05828603421883197 -0.13767505112168993 0.22347110283510205 0.01165322042896647 -0.04381772961905984 0.18809486842995893 -0.058023913779688414
1 3 0.21583008913852983 0.19000395109862792 0.05658108748476698 -0.04875294010164621 -0.03352723713201602 0.14059468255713747 -0.02294434158672006 -0.10992655582557462 0.03565074758616698 -0.18178125085962757 -0.09262553642291504 0.02572120842510211 0.11985178679472705 -0.1397861898309408 0.249183580961336 0.0047065408018200534 -0.16389794673543703 -0.25503463670562854 -0.050110338865719875 0.01292910367393506 -0.02289825908593696 0.15280467119940983 0.18171398902920521 -0.10047825785969416 0.2554035974995487 -0.06162969567939714 -0.05809855942300424 -0.2218109898519358 0.11772364832799052 -0.0034189520020353648 0.2130424249881247 0.0248653840662231 0.18803889085872988 -0.11602216393284658 -0.009285808075887149 0.12578115579591334 -0.04748884876961804 0.11480910623944614 0.03454694706965894 -0.2116720801889848 -0.11797512404790307 0.11130220996518 0.07922513486736585 -0.04937842994619738 0.1454747895901497 0.23562764132885491 0.14332475602907335 -0.20263926096699778 -0.13160483622072383 -0.18266706355356416 0.17398556201007237
1 3 0.013881659414622861 -0.20246274410595905 0.16283185771712722 0.021429877460878047 -0.06030060180917101 -0.020391761865414484 0.24129317231517688 -0.0202433485429381 0.13077691695435553 0.06531596572779057 0.09247820819133779 0.17761653979363198 -0.16366010192613448 0.1398455762924455 0.0422588899315363 0.10802094553110335 -0.12677264298174615 0.04514666916075468 0.06741061765344364 0.2507210676279886 -0.09367946534958486 -0.22158214125103326 0.13573927227225124 0.29007917062810135 0.2353766417435743 -0.02972378067040508 0.2074706728769631 -0.14809603293097817 0.025292193309134334 0.22584414918175777 -0.14872007875294782 0.17012895968484923 0.03472575010060266 0.14770493717449806 -0.19699034213332736 -0.12995827691710024 0.25616901923923824 -0.14435314025902854 0.19334807164752696 0.015977419976784823 -0.22930592223135743 -0.060461749382193494 -0.16712853946933615 0.17985626961453047 0.25101996074834576 -0.10362410008962224 -0.015702421289955748 0.07526570534191385 0.0963815309840267 -0.18241010791523996 0.0633337371979131
1 3 0.19123506920582156 0.011547181570107859 -0.02476862247787083 0.18128607516780237 -0.21292008449481215 0.03454261544090783 0.0374625501750545 -0.1137616461319437 0.22625915150612766 0.12958727309756984 0.1007166880959979 -0.09121292270841654 0.3102866221952287 0.2775142637055793 0.1743664588483477 0.05186470692301915 0.006378425695141297 0.17579235603955926 0.04638036818903842 0.18777124712883517 -0.009331674921887469 0.06058850042294728 -0.2097508904857858 0.019401831535364747 -0.19583898275699047 0.3507142577784382 -0.10485827547383518 -0.20847589265186534 0.29521144315786124 -0.15558833265023225 -0.1815802443187285 0.17125704577061548 -0.1629842933630414 0.5074745009554795 0.03563995053944101 0.12879498670699366 0.39518095030453687 0.04528138205822078 0.05654027114296451 -0.23023836062018527 -0.05844698352961743 -0.10721038106624171 -0.09418443411331624 0.14415967868564186 0.16491105618414056 0.3000293426115425 0.040329698746476086 0.014444563366879591 0.09359433511134002 -0.3267764501056475 -0.06295144518151778
1 3 0.15426771947309895 -0.09094450011662963 0.10786734182085067 0.2131921709704167 0.128248572947534 0.20527185867794503 -0.09894148564607486 -0.04317963679400527 0.2776730603170948 0.09183065729506525 0.17531273655894491 -0.03478067898597372 -0.08944521219037424 -0.028686787649978108 0.3031632542622275 0.276587273955084 -0.15649961977613708 -0.270579986249046 0.10939909207496962 0.09843584641473076 -0.1959676187653964 0.1653729506185034 0.2666172305835341 0.08431006574471143 -0.019120153316802346 0.25354566957743635 -0.24341696660709866 -0.15063182499166253 -0.021110719985157237 -0.15992760313437793 -0.23799579478383606 -0.10684381769892183 0.05604771902056704 0.24843631658943435 -0.08803762847379881 0.00899279831917783 -0.1857790644196758 -0.14468705114030456 0.02072670746345692 0.1018945105833452 0.10988734525323103 -0.09838969167679018 0.2132201451842732 0.20906659949803186 0.08988336775836146 -0.014790585034893276 0.008203551827097678 0.05601440700080361 0.13602270735069905 -0.17545726000486275 -0.014226527473973568
1 3 0.02528637690381315 0.062306093097793024 -0.10675888869984596 0.11684410256080076 -0.07252634387216965 0.1958217994698157 0.04986035319230895 -0.36090197608445895 0.015324240267689821 -0.1278538983915835 0.043108719546753715 -0.1286527038586799 0.0625523506803601 -0.04079536824554412 -0.15428175666414237 -0.029646349095402987 -0.12697001557470294 0.000788021973103034 0.06459086238497043 -0.0506814733414832 0.016303883135483595 -0.07888239640229351 -0.11205914472695422 0.06896827214117725 0.044785380817768526 0.24757166730757404 -0.0791252143166898 -0.21684067072991023 -0.06393457175574221 0.24751328159659183 -0.03450237657041058 0.19862645516802618 -0.20948614353588757 -0.08115563724051379 0.21168775663052844 -0.06187152057742475 -0.1443751223825878 -0.1468405288507586 -0.06373696769445537 -0.17102704841200578 0.13386005000780582 -0.149898713074497 -0.019842761081597063 0.1895214999167364 0.13742697315866054 -0.010076176837317496 0.10002632488059938 0.06096731047141278 -0.1042802073918267 -0.23899365787568957 -0.06301984580022128
1 3 -0.08378462471920961 0.057150386448391516 0.1638153378655125 0.09217572845742468 -0.26410081454418216 -0.128398100982891 0.05251695160638233 0.22378293925397272 0.1255572390428376 -0.009723142441677554 0.13699031525385771 -0.009701439606553083 -0.02157347339571117 -0.17812868476343882 -0.10927462879509463 0.10621132201335422 -0.20259242463746302 0.0802203994402138 0.21824162267850278 -0.08530973779113152 0.02501979139897635 0.139089070991392 -0.0933873522439162 0.2388374021265167 0.052299633970607495 -0.18061063141089206 0.1876055683494496 -0.008284976503593644 0.13161103980126618 -0.007998005465669459 -0.09744158891520391 -0.1293765124524124 -0.14394534233843562 0.23437750587765166 0.07841353764877682 0.14266275708492215 0.10653905056070952 0.09988507998446791 0.11153085013368481 0.0466216612019224 -0.21118019842082958 0.05860482330570582 -0.1647772887137425 -0.06661314087297296 -0.06858268565484447 -0.12884276553511043 0.23716906061744 -0.12626997603524717 0.23715565940001465 0.1863226817677448 0.1705993019269681
1 3 0.13577301569758898 0.1953545309042251 0.20348574210637924 0.25651912978515556 0.06399857886386777 0.013605287502696782 0.12622389707694526 -0.018551994928532118 0.11853476418345042 -0.17734067801881864 -0.04415681077235316 -0.016246215582809285 -0.1400950867577312 -0.040533098897345736 0.057076893628048526 0.09871984009833307 0.11249845895553581 0.16223823564425827 -0.12388011053113922 0.225878023667208 0.16343537101003747 -0.12881415500745175 -0.20842843279858655 0.1661630276442878 0.20779192449756484 0.16920444205908966 -0.14648896699796563 -0.1911756318371101 0.04807180339272438 -0.057427688202255946 0.03328524985314958 -0.14800569663757873 0.019378173356679074 -0.1648430309639915 0.12321979260128363 -0.167906082404606 -0.034536077797309335 0.006526147164746594 -0.06900769228532644 0.16564749626815586 0.12257022169609634 -0.1727247290383905 0.2589222422169906 -0.13635573279221258 0.1653276156107046 0.1097495577349823 -0.090307625958688 0.03765044161584658 0.23504919503178734 0.11243035232815066 -0.11992975685237824
1 3 0.09242653790612168 0.11268220260622376 0.2947033750391354 -0.07994923647206441 -0.12001086745661003 0.04313797111535935 0.11975686189433907 -0.14623947187855507 0.2767209545647016 -0.08200919167947074 0.19305762149949415 -0.06904630362612828 0.18234214465635956 -0.12558278383050162 0.1663139256032295 0.0157541110185968 -0.08640862266617683 0.2350257457405072 0.14255123465058345 0.09057345829048007 0.1007622175137314 0.08464480909215809 0.02114607007627604 0.22524311980702935 0.13345564914578106 -0.021805531333041934 -0.10921074945942277 0.22156217030845082 0.08976332323932704 -0.01531994662235676 0.23529762156021256 0.2558806151702223 0.08087238304032447 0.22540951468605339 0.01960703799153988 -0.16735111673496375 0.27867931138380575 -0.2055254770537019 -0.19104892215443436 -0.059475276174183765 -0.1427763783561935 0.03361646132852969 0.22815430100650688 -0.18941420003414924 -0.04407305408949628 0.3005971179296467 -0.06749725387759097 0.10908336519113324 0.16682076704942336 0.15340982214471488 -0.13509480603897212
1 3 0.043922005699845244 0.1016026161662515 0.011333393257919926 -0.07949616036059923 -0.02190757210793783 0.1662430545127499 -0.19015625070051245 0.21375309883606883 -0.19683114348426603 -0.12088062423800801 0.06582457796033436 0.01180533565947126 -0.03337089967979803 0.23922711319775533 0.19057931307693066 -0.019123952482829887 0.1252824134501252 -0.12412952397922491 0.16455947945537386 0.11267697278307105 -0.08286712178891606 0.17405831131714733 0.04441135765317608 -0.19596037994678936 -0.12632056672006348 0.020476935231014914 0.005074150769213482 0.09517547704098021 -0.09331875942892996 0.06581284041966201 0.025371289882331838 0.046650926667189944 0.2541732689805585 0.08307231912274873 0.07372593803147982 -0.10225132559918244 0.27749950541504176 -0.11586461110902313 -0.13050004692015052 -0.07357400429373545 -0.20454976842465492 -0.13893544625466162 -0.1897538721620787 -0.18703394281219868 -0.12952264606423852 -0.088558082388074 -0.13039605635565837 0.0075424144132203155 0.25737008811198303 -0.1637010211353639 0.18163744016628833
1 3 0.25032886483410854 -0.1917618960014404 -0.08150585283277799 -0.10012546948845102 0.20315488873168444 0.16128497112758997 0.2044126550619289 -0.05024793498936924 -0.11423312302715861 -0.21367214049699873 0.24414674762586133 -0.02768867851086579 0.14097962823506968 0.11274648039603216 0.06600765792277433 0.17103677064457573 0.09273538215015087 0.07858488865436648 0.06100034546484978 0.2304808286152876 -0.20766535885296422 -0.0271399699591156 -0.18903903949546524 0.2566198089008962 -0.14116530715399062 0.0009933729814058183 -0.10490852455064037 -0.019268835826883064 0.024286370036714546 -0.16980962961237678 0.17636196703152673 0.05414251207288514 -0.22010917568673818 0.005889505755326319 0.13397319325775542 0.10592999158881501 0.15446245723683033 0.25199155642875515 -0.26299421161388153 0.17538322523074956 0.04350924459362985 0.02671639964007352 0.0030395721408471373 0.24795940802656638 0.25217255845318665 0.012490353992717723 0.1805020592382482 0.014725943173503741 -0.02563857000524155 0.07175433972780912 0.1084354486897176
1 3 -0.1692716210353723 0.1500671397951616 -0.19536073337670842 -0.08905469422559996 0.23988975866097742 0.028371431952548955 -0.16914997383950944 0.0917057627135376 -0.1113059447848764 -0.1294005362688069 0.004567551865041891 0.10554596897057766 -0.07229667472817883 0.19606277526694388 0.1992627258002177 -0.017498767024693447 -0.060023348165324925 0.05639690004111739 -0.06909566765755185 -0.17862654791879753 0.10628321280367904 0.16920874118454332 -0.022834461921584896 -0.12391799789823509 0.06546883277215593 0.15913454954053444 -0.008390331870961009 0.04903106567575921 0.08753879419473856 0.13413572214605038 -0.1690133355748453 -0.07957005541017796 0.13495863268416738 -0.24281165008728314 0.06447718433338671 -0.17599437882290497 0.017141648916163748 -0.056678667717270106 -0.16367301646390153 -0.07572448526903008 -0.11164221505307285 -0.003997975387116063 0.17144835990066262 0.14226805944889584 0.12204651757252079 0.19073627113073524 -0.06608320446066193 0.1197153336994902 -0.21039460123738943 0.08034158469982004 0.19130348331552674
1 3 0.1519531376377771 0.23473226152777743 0.15614857237971427 -0.09483089595204716 0.19914193443791292 0.19058911331070003 -0.2034715562481341 0.22114484883304097 0.18979614630508884 0.07643435758211445 -0.15270196063025393 0.17482205789828487 -0.08717554366578366 -0.023849648317036648 -0.20326573184633645 0.22734203234281333 0.014786539532782523 -0.2765777734818286 -0.06728857080730917 -0.13191000192593602 0.13480684645558746 0.023471132332935712 -0.05554072665911197 -0.05278158138953688 -0.029483973232155576 -0.04587540790025265 -0.24584833080110655 -0.16898391215821815 -0.07109171568824886 0.058475520437155794 0.151435945141221 -0.051507635683591686 -0.2635175153529636 0.19718455969751691 0.07495275734526359 0.06840655195322512 0.16620715158542168 0.1910934243464413 -0.03026323692707438 0.0063543425661363034 -0.02359360150057582 -0.031039907923988048 -0.06811593427062025 0.23138411868568443 0.23208346658573029 -0.05889879532032936 -0.055972425781123415 -0.23915293168260954 0.15959154614624235 -0.060116964935599045 0.1666267981061872
1 3 -0.10792055236050532 0.07258873258290646 0.0354043968696649 -0.12956691097938833 -0.1506524819533424 -0.1364353311271558 -0.05669699084025642 -0.10839458148055825 0.07705052591677387 0.11302777735726274 0.011783928168852984 0.0905196748621524 -0.004956807426176276 0.09340824984683618 0.17174763199368573 0.12524553313168207 0.19450113419490014 -0.10908407840753813 0.191894668515326 -0.19077620441719187 0.19519523117216406 0.050272579362152264 -0.14998049199366748 -0.2671459671483892 -0.25328399939959145 -0.16747589690222098 -0.025381916300669948 0.08209339928601563 -0.088761048938294 -0.1164723096943779 0.1957296608639392 -0.056484722517461915 -0.11489783211532989 -0.013575991537536473 -0.1348358628228422 -0.05110100629251585 0.1201579308922155 -0.029265762236206905 0.009415453125951144 0.027507740487225974 -0.035252800927395585 0.07190625396186565 -0.016370839944864525 0.11045764921404906 -0.09302382204535384 0.15948917942957944 0.12916981053712268 0.23519569183277445 -0.10207531427649334 0.06877009637922907 -0.021887572704691747
1 3 0.14642006842242786 0.08300519548501863 0.20141155811659525 -0.1788900998180191 0.16556187780166476 -0.04092210628227279 0.10687738473855908 -0.03338467816371401 0.05018325434713539 0.18407089006949592 -0.11630202388520641 -0.06967370383025584 0.23294772916260498 -0.08143708980761509 -0.06963867200685875 -0.22031445113179726 -0.060709431701238256 0.01829855726690094 0.10777202377345274 -0.2628414317543769 -0.024993190078656507 -0.1921672479272974 -0.0857854347858714 0.1393405379578713 0.24778509904804583 -0.21394229679634105 -0.19489999259049007 -0.1796846330065349 0.023695236843967234 0.08045985669002197 -0.1434268744982814 -0.2264848725838161 -0.06685506158989722 0.133181062435358 0.1100165858537468 -0.1576149887799881 -0.09710782726541689 -0.12057299124892566 0.15458422894542498 -0.1649103162072893 0.1588711142612268 0.10546925817692895 -0.2374830593164915 0.24844252083752405 -0.18924609609594323 0.20440300839740036 -0.16429475152794393 0.15568924475168272 0.07538118289587709 -0.1744916487717716 0.26398280313013966
1 3 -0.004493528501829904 0.15647727425813635 -0.19987287645943885 -0.059981517820867906 0.15413888523406277 -0.24180332053306505 -0.23141889224533513 -0.10800550914709846 0.12759124929779425 -0.08188461659394455 0.07315855971461549 0.17596384540035317 -0.11043388242216773 -0.042234805754948576 0.23507352432558382 0.2426553919723807 -0.08477346317890454 -0.1446959547152616 -0.10576472903137536 -0.11811290760803891 -0.20803336650669801 0.10931084714535914 -0.2989303627719428 0.025822033914672006 -0.037242857098542324 0.27871858374965647 0.10722792031032703 -0.006924728821042924 0.07810905895438737 0.015424127617859437 -0.0681993748053994 0.042438518582484146 0.08839484844833445 0.19471058518793746 0.14853674771985073 -0.041523993679330316 0.017174392523208692 -0.1607056899054723 0.09875186815126845 -0.015454001656723662 -0.21794017558674142 -0.14686968001699968 0.002548076496433561 -0.07703362019538963 0.1825983969662352 -0.13997680993619907 0.008783781581398326 0.18787253566742124 -0.16053328467622563 0.07822573562081263 0.14302252343938554
1 3 -0.05008438353531199 -0.11010532086652623 -0.03242256696445075 0.14225546666309216 0.20453322989507683 -0.16746824748578884 0.07143007246222337 0.060286534124517205 0.29024979235865983 -0.1320991565242705 0.20735237572967075 0.08744884086360283 -0.1643014867390818 -0.021766471509935378 0.2469757851753206 -0.09970996178125108 -0.12965837762766158 0.18038849196733878 -0.024663909103488396 -0.1500735766974768 0.02109146760841647 0.1751208574715763 0.18737595861924 0.002741188281253165 0.12565629865731692 0.06364726313682882 -0.1490059968189163 0.2425140201487241 -0.15577068515666403 -0.0729681348725172 -0.0732430025960006 0.2141244218094254 -0.09338704364742689 0.13681798389470637 -0.09401154953679887 -0.15217702313104278 0.18286543272097183 0.1012008265603816 -0.1441130633246869 0.03172742709933682 -0.2280452482682933 0.10197547798096118 0.2529576936594715 0.1407376350663249 -0.06739063965447432 -0.037316895402214154 0.1361445120897965 0.09741975243874992 0.047892465181718614 -0.19670293290410581 0.030564759585522346
1 3 -0.17193748513386325 -0.07135157175085312 0.16511432821388855 0.11810794211101469 0.15318090142378918 0.2481869392128562 -0.00020928386456063003 0.031320476478021136 0.10285204870398443 0.16690435235238282 -0.23964175867347184 0.1690475125095863 0.10676001543426208 0.19377134812802643 -0.018931473386910178 -0.012147544407104275 0.19043724604408982 -0.04345674129684339 -0.023228397045977248 -0.10716403553085792 0.04728222154507274 -0.061507492798739315 0.12095578408403203 -0.14208289044626674 0.05021290427649553 0.16524342217312532 -0.17895570226545685 -0.24875669193796593 0.2671196164443048 0.17221847887427388 -0.05043058821530657 -0.13378578105503802 0.01926835981730778 -0.015360011380390027 0.2156175846551663 -0.0708500493522905 -0.16380432360971842 -0.23779863702974613 -0.15026127467027448 0.09340320112279635 -0.13116739903397806 -0.1344289632350847 0.14698025797337497 -0.1061247317524833 -0.06769139033778042 -0.18852115702632666 0.00021372610117416564 -0.03690832173035054 -0.08213632175226519 -0.28023949146837623 0.18531793713938108
1 3 0.17392422701646806 0.11159842742986234 0.07659228066107354 -0.030763119231765498 0.06819615876427954 0.004776933811557626 -0.013190405934892143 0.07729526433027718 -0.03289110317805129 0.08796626447567105 -0.024607110570585265 -0.06435741452152978 0.1576427990612011 -0.037286678990757716 -0.1795429228209567 0.16100392052356877 0.03629553227759272 -0.10350674205269289 0.20088857508975497 0.1483729149358672 0.12845283684978973 -0.004120201666913254 -0.1202034083838392 0.04136711538878976 0.029006727237544556 0.1939743383338737 0.0650023927434506 -0.08550366798445298 0.08249792075517283 -0.15700870316642435 0.15691315531527522 0.20479146869412637 -0.1894106222727361 -0.09248791271608756 -0.13884313222954442 0.09919864573164315 -0.16665098169374418 -0.031359717770276935 -0.19704925852059932 0.005371030847203184 0.016287106861035915 0.02836221108248851 0.16150698269962077 0.25583643343619605 -0.21543963644325462 -0.07063925426273218 0.08188638429036625 0.22869663428105047 0.1066125614870729 0.1569001121247521 0.053717131657643684
1 3 0.002841692352161463 -0.2338042042417614 -0.153077016654675 -0.113060384675997 -0.1349506147395268 0.15860522082419262 0.14427161556776236 -0.22399389388674454 0.222503814223717 -0.18034922172818574 -0.09048392508599834 0.11429219440356245 0.19881786529045148 -0.05271973405072644 0.10885668273377876 -0.03195748425015086 0.2004862909668737 0.0404045969630029 0.2593500554351639 -0.014707923902320993 -0.07897263804998671 -0.22415475782497737 0.06048359526580174 0.20824373833268292 0.22932484230163117 -0.19112489073159 -0.21547677682926342 -0.18142518437706126 0.18409541767975546 -0.13645789434799943 -0.020448046816930916 -0.10104154874750282 0.20783475882215363 -0.14763821021061604 -0.11547266555590607 0.24069188565011082 0.12497758061638062 -0.07951015339809735 -0.13894693427606458 -0.03281381889111145 0.207659181485908 -0.014835097835013435 -0.20778264835622223 0.21954652153667215 0.22863708193417756 0.08076994646120439 0.017900411550651654 -0.24885699847288206 -0.024068230956637952 -0.22760063040533263 0.04017916300374572
1 3 0.2554899914549322 0.1983870022957873 -0.09891090573057675 -0.07650144199631437 -0.23497687132940018 -0.041051007308532186 -0.2161013677968815 0.1969277778482647 0.014504378073833844 0.13220625630595034 0.00860751004909518 0.10755423823018902 0.08433251919216957 0.28730853821956936 0.30187982010687303 0.15138755066403622 -0.17987385029551647 0.13867845770350024 -0.03242927197252505 0.25954621830546104 0.09629064691315596 0.05506994969934787 0.14955705246701917 0.07530909220040646 -0.10403064313554823 0.3124538493238764 -0.11046960867734743 0.06877930171888556 0.04791949202381618 0.09193828360358693 0.1156220113772977 -0.0851596534571509 0.03936192870620835 0.13899019972855953 -0.1930069434776692 -0.08670905781474858 0.09773598803701661 0.042096429594273524 -0.0810965912277322 0.22461865177722626 0.1141942439975489 0.2499141336115574 0.23022607612880258 -0.15946051607336678 -0.15311751219459624 0.0952915824971237 0.13444115009605392 -0.1972267451271912 0.12463918229480186 -0.13621493731350098 -0.028178567197831895
1 3 0.04245164073900929 -0.14795049831389817 0.06663342171898878 0.14188112191104138 0.16343821769473138 -0.19451745678667678 -0.013239782689460213 0.08208483341552236 0.23754335815103822 -0.16107256123585104 0.06779435142134536 0.17491193307530634 0.24957821562516438 0.05827297853627449 -0.13855261938380592 -0.0025772523932528226 -0.08010348277214384 -0.21988642042800793 0.22279050828314723 0.24669503459365472 0.08769965292418683 0.04786944434844839 -0.002474885111889714 0.20129270892715204 -0.19681453795627007 0.07669218418282249 0.20039167416726092 -0.12374765175225522 0.11625686660266377 0.1821364202849331 -0.18927883760505657 0.06370715572267462 0.010472294239682026 0.0023184154493382392 0.011593368038623191 0.029797103593295928 0.24450446031672263 -0.1061359965095447 -0.06303129083485623 0.06166137499783907 0.1663745957565295 -0.029303448714492336 -0.10506180693585802 -0.19667647702918534 0.27881069730142855 0.2204267740467066 -0.15012836205236263 0.018326468003041548 0.1619969070326477 0.10638327595696687 -0.09689872550158816
1 3 -0.0007784730095879937 -0.20893771125936927 0.14763390915519173 -0.05275668111351501 0.06637466984770206 -0.13181963195600546 0.1587686437631272 0.23458073078441014 -0.06898665476815934 -0.13789130815759074 0.11416429970472958 -0.03872002937269186 0.07416526859842248 -7.675683965351483e-06 -0.10049493512178913 0.18577086665987927 -0.10886351752028134 -0.06856425972789469 0.09025233455169601 -0.15227728948766606 0.043343228476049496 -0.08448111092562115 -0.008388023580411802 1.0692860204007106e-23 -0.0018845115208800574 -0.1406407393095213 -0.22297875665171019 -0.07247726819179469 -0.03332877339119619 0.12466515080134663 0.0024901645148857534 -0.008811689550645018 -0.011275387470103274 0.02366552103531993 0.1784803541434691 -0.03228718069882937 0.14893283941569022 0.18772506604311182 -0.23337424383710437 -0.05002297274498538 0.13919903068398176 -0.17768334248609344 -0.04343790003041067 0.029383467088597796 -0.2025532361851818 0.018980132250678808 0.11089950402983852 -0.07258517071533108 -0.20169910764414894 0.07371344496715003 -0.16206048665903663
1 3 0.1990941863869413 -0.04694501231101696 -0.022038069979200634 -0.1689670292611742 -0.11635169318986104 0.13286340983322056 0.20015160244885272 -0.06580565036068169 -0.0031136582258245054 -0.03285125086385524 -0.08821545136018896 -0.19266351378484503 -0.03968914139777106 -0.2843348520520375 0.10704468857043123 -0.0967941362619363 -0.1258980387308768 0.05135628445102661 -0.001997540838773497 -0.31354493819065127 -0.13071617975501323 -0.060417944401798755 0.19425461767720079 0.10090989008332524 0.09059332214186 -0.2676273538064169 0.05159676905866518 -0.2575186515116853 -0.22532348436319555 -0.02319997154132799 -0.17347554609412502 0.13522585264857565 -0.08352159720687496 0.10492104146096919 0.13399233102178432 -0.3918478130034176 -0.30037148687339993 0.010980005058655243 -0.0879271980604466 -0.12214995430637345 0.18812246552022063 0.3313989910525266 0.06917570504606148 -0.2312966807330263 -0.22626645487442407 0.021114097411849775 0.03255278880096679 -0.218508216361986 0.024337267935787943 0.18723351729888987 -0.07520345420405469
1 3 0.1331778525797907 0.21814324999861626 0.07969041705428796 -0.0448112176906955 -0.12463269007076233 0.022500995616351337 -0.21270446778504773 0.007619132652439587 -0.03990733318019706 -0.19889785750683617 -0.01131940063519178 -0.254613924253224 0.1883672352418357 2.195365965311451e-08 -0.16692732941019614 0.09182834872576225 -0.002729000050797621 0.20313696462490183 0.08575973650381864 0.20035434237660005 0.15676720359022858 -0.02081739804347812 0.11170346022170975 0.08106480193079897 0.15086737987905585 0.18881318060755206 -0.14468358742313617 -0.11488681954504791 -0.10830896154391212 0.12988736131641798 -0.04986245538276306 0.14230339322161797 0.11508836427885262 0.01856581881737509 -0.23235708477056774 -0.1853177060632562 -0.25265849641154586 -0.12896929484239403 -0.16699350287065956 0.1507358750896885 -0.1375304185959524 -0.0886519824841256 0.13852478156147877 -0.00326563275990109 -0.07580571954691667 0.12794109060093078 -0.012362129327324266 0.1871116619374475 0.07600868577020004 -0.15638997426621548 -0.22784267442002315
1 3 -0.21830493663383765 0.17507871777500836 0.08238128312164684 0.21895342439923607 0.016169348307627333 0.07684360460876309 0.03468977896817868 -0.14503265517041064 0.114687144748371 -0.08754672552380233 -0.23860938307792431 -0.05422115224467902 0.2171084793367222 0.05470342148371355 -0.15330710275905252 0.04970081172451205 -0.1146234257994317 0.23664300116530632 -0.07202090608733125 0.11173520754521063 -0.04625146938513382 -0.18363881281904304 -0.10464295736978409 0.11030303407778685 -0.06358460194057265 0.08114081676558926 0.14862302229523575 -0.012383675035107337 0.041463314844778436 -0.2509805662081739 0.057947687072146564 0.04866232116533683 0.2499163132855434 -0.12220488149654589 0.17161299134939031 -0.16667593167144099 -0.1869640630128945 -0.015725109227105353 -0.04760573993785801 0.2012591086740734 0.2529558149011624 -0.024307159520750663 -0.19512458121470813 0.08816310592520438 -0.000818098524339046 0.06326737230130021 -0.01619323945871515 0.12038940333165504 0.14940534939509773 -0.17853834954314618 0.24370768330370252
1 3 0.06161696342721829 0.1545863157909166 -0.11771597195827167 -0.2234268642947114 -0.09087947167656221 -0.008756883180501093 0.1630501972599068 0.16897669517115027 0.14613723482445712 -0.17217513050449176 0.041135221668524964 -0.24340756665708932 0.13686789935964278 -0.08348858080654044 0.03633907494437517 0.21886797808497843 0.009697341343537422 0.1906587262145214 -0.2600839778811757 -0.2574226352011166 -0.2338199132753117 -0.05718956290733698 -0.022541033092628334 0.0750462128424422 -0.0003416506469153725 0.11048867583325699 -0.045774570476112844 -0.1253148196699046 -0.1465000348685612 -0.018633641564650322 0.00960185354941638 -0.19482732718921883 0.025917905844980143 0.21382664842854862 -0.12696848455904114 -0.12629893590825625 -0.044569360930163185 -0.14514314068632095 0.15518338933528167 -0.031149444176999254 -0.08416332517730618 -0.07040099640171474 0.14969032327782866 0.034022601847929934 -0.1470997662024479 0.12972859159694086 0.2175461405471047 -0.10544358205144388 -0.17584442012491827 -0.015332311238812225 0.2443048941358031
1 3 -0.13093332962482715 -0.0435345248398738 -0.12337192993497888 -0.16958834879197088 0.059477293102664225 0.23550810569066755 -0.0012026438701357284 -0.11983855920672097 -0.11823387532619944 0.09535030989022565 0.16070741294672075 0.2801290615916031 -0.194544192712695 -0.2805712426062704 -0.19338341445889226 0.07652456652154808 -0.06937277526013375 -0.252018913353896 -0.22131817206064877 -0.09227298151440706 0.15194946791352038 -0.2146595379338643 -0.219072111343544 0.10627367365956006 -0.0668802707942107 -0.15949886344610317 -0.10835820109614297 0.03932465497577327 -0.06933968012292702 -0.1524636983108637 0.04862204349218001 0.0001801402285171138 -0.16029991539488495 -0.032168554912216075 -0.21047254704006188 -0.18599191660904962 -0.16722657648060563 0.07086741577616827 -0.0009894367314271083 -0.07784328122120646 0.07676434984896469 0.19671012341647753 -0.25673680550287425 0.09567524076646615 0.1077649334872215 0.006922712787548184 -0.17867203395152687 -0.1244053308935462 0.12002504405825498 0.16006487362813743 0.10673589961851919
1 3 -0.2696123588892716 -0.08046824061517943 -0.13702713612719128 -0.2702710376970145 -0.14106628755722023 0.11029501284870845 0.14051841260041054 0.0916074312756362 0.21966384307223696 -0.06256325342383401 0.1956362477500847 -0.06263010891884122 -0.09662244700628513 0.030140321988865185 0.04754752788263414 0.14582252542363058 0.018173610533010313 0.26100973008419126 0.15001992383300283 0.14036163820774758 0.15231044412678293 -0.2101370675465391 0.14978622642549094 -0.1663892117145045 0.14271017581793694 0.03976236729032571 0.10627549022005732 0.18368331164243645 -0.2170530306492436 -0.1829433638313431 0.12640924547188787 -0.25089908361825736 0.206907819022363 0.14471665309739434 0.03160051008647235 0.14754397793857463 -0.02536530681042197 -0.23931417411654185 0.10608288627798682 0.10541618818106281 -0.050097295694422186 0.21610114609307696 -0.029832917309497005 -0.08109280912388639 -0.10690109734026956 -0.06893495165921643 -0.18091530522620433 0.01843520655584214 -0.14273077326342923 0.0333823600682512 -0.19351712830587875
1 3 0.12829650572490836 -0.26943329413015116 0.09467940903076626 -0.22795576735662368 0.20617430624507802 0.07938242382669132 -0.10268451518818209 0.01741502686548864 0.04935753696602486 0.09921047670277236 -0.08081715850619474 0.004753201374315597 -0.26939666800840184 -0.002385607411672201 0.028763528627572386 -0.126422051840801 0.11379286381052374 0.03414083743815287 0.010434761001200612 -0.04819314782801182 0.014640234354310165 -0.1698919436206092 0.16278515259121631 0.018067839336603806 0.166075221057382 0.01584948337864879 0.02405827901347007 0.17216622710194482 -0.06729758945078163 -0.1078012194085937 -0.021535736839121005 -0.13378328980797455 0.27580736265126804 -0.024090219724832267 -0.14720429176104743 -0.00939552252533497 -0.21104906502250886 -0.20362964650587745 0.23772482790060706 -0.18684125052698353 0.03064003592513937 0.1755820134426678 -0.039004791566199105 0.12648283390485304 0.18870318226215602 -0.06290063227372382 0.019560188375103735 0.1714413942564924 0.05627320226421404 -0.0014210251147543486 0.2514520882967517
1 3 -0.09586401810485279 0.09533540556060918 0.062442854813277396 0.15766266556714548 0.1272435178582483 0.21318307994710403 -0.14399907044570526 0.047329654474496316 -0.03144377288834813 -0.19626086747586285 -0.09038034119667801 -0.10040755190645001 -0.19878098951563403 -0.0981592200030116 0.0866583072651743 -0.1945067830614937 0.005517114296850451 0.08646344787190301 -0.09958802077496137 0.040624834141056415 0.18661982780126835 0.08681244925616456 -0.15827258300347316 -0.04583516764385616 0.023525835351746682 -0.11769061414252928 -0.133481234833448 -0.0365232917130302 -0.10395398724353483 0.2492952218969572 0.1252035575786415 -0.2156576505230894 0.2182053934701258 -0.074123551125977 -0.07494920493435886 0.08673725311403342 0.12315689803059826 -0.04269559978069794 0.15588658046341197 -0.02832662505271515 0.1768141102335431 0.04434042258946998 0.15752444473042196 0.0005518289278589483 -0.09296794965016819 0.1497058496386074 -0.1339695652173009 -0.14085467834420365 -0.11875419042265054 0.12177902889906565 0.21190618392020175
1 3 0.1981984415861163 -0.03228517640414226 -0.09628995485174999 -0.1621968896603125 -0.1458973293289015 -0.20620733042100378 0.006595182973201948 0.07776243049372765 -0.12525379295627342 0.08709769766244843 -0.04441700505527767 0.20869131958067752 -0.12791924210886443 0.05213873178805191 -0.09423827181090239 0.1320935233954905 -0.05870802147826721 -0.08970318743579327 0.031835502197781994 0.12988267326619451 0.04075905457936495 0.17396643885379504 0.2152084087573462 0.10750408883741983 0.23866162300361557 -0.04948162963140762 -0.084139894549448 0.07319025784113785 -0.21007861246375167 0.22785800342716983 -0.1458599091211543 0.21656576293454177 0.04024347299949049 0.08282391635635926 0.020530331437039993 -0.14177341795440426 0.061443423807197896 0.1599517456828111 -0.0796792089998227 0.028023475211038776 0.15454470387554892 -0.03511864473551942 -0.10241931258157112 0.04920833069902541 0.14931836120042477 -0.1871430976718618 0.07088695240686299 -0.07820894542829832 0.1335788976762297 0.05900574188378714 0.19860630335650206
1 3 -0.07226452316969613 0.06896309343820566 -0.0077768023910312475 0.18115438790408542 -0.24637342620763736 0.17065313975499746 -0.05556704798870717 0.1559613013135464 -2.9874580359740423e-18 -5.243411867222506e-05 0.21336637685265275 -0.20887910498073742 0.19832509158279024 -0.0033583273568758253 0.07469056177911237 8.638196147282075e-09 -0.23872812389231773 -0.15916899647039404 0.06853909400449942 -0.11860505536248687 -0.0783264282137564 -0.3750251270324065 0.1604761469633637 -0.05496792621711072 0.03407237993942663 0.2083922598799191 -0.0050059206877301286 0.02344644530791067 -2.2194846276642752e-07 -0.016864394364918576 0.11953907478117666 0.08619120945977621 0.10045130255913859 -0.2406738293729131 -0.1818596221176975 -0.15303203466884036 0.22632587859313147 -0.17747365063215664 -0.21701169702477213 -0.030068940288296302 -0.032073237371452776 0.0664953349123794 -0.24367523076015993 0.21431675080854046 -0.26374906930152786 0.04769312735395069 0.015153668877543273 -0.19410395685615686 -0.025760241559208683 0.05775072886574172 -0.04465983656170095
1 3 -0.16092135402025767 -0.31144948345267487 -0.2002875894199257 0.21807588014464452 -0.2289400156101754 0.05413587906105046 0.09002926725431636 0.08870641093288469 2.1087254703738936e-06 0.24440279421837915 -0.17933149949310154 -0.20476627059778313 -0.023877549704156575 -0.005522351606617487 0.03084220860918642 0.06023912422891303 0.0221411333814215 -0.14471261459622226 0.09206861312200029 0.112144906994008 0.041586447535804746 -0.050903199605009365 -0.16171047504724986 0.1221510132973503 -0.2311452257928873 0.10015353735069989 -0.2567442398404404 0.11505499576469205 0.01912910157192301 0.14090325851222288 -0.08667943844632585 -0.08522084141330445 0.28240889155052606 -0.12454064086672256 0.0519415964572217 0.13127091648917183 -0.015920575504073466 -0.1887753073092648 0.0857211793741305 -0.023492672102049597 0.1305489517637175 0.12091192045752289 -0.14068504534169068 0.196482399088444 0.05972773431241978 0.13410523434187605 0.08768787446628774 0.12026577656905965 -0.009082324033565972 -0.1564762868655917 -0.10635450305451222
1 3 -0.003157612222646865 -0.14754658677790117 0.07172615609085702 -0.14218601484476937 -0.015628759169490133 0.0656090322021813 0.1774766225407052 -0.059385926074787584 -0.13786540922768237 -0.17550376007426285 0.007878391550995451 -0.3665408618541351 0.06999365387562112 -0.11926906142336502 0.19183984989916208 -0.28435790933188737 -0.2148645009392228 -0.14128107086107036 -0.078506308089407 0.17446840251383705 -0.09215225755876563 0.11153896392230721 0.17541882691026917 -0.012149339322688852 -0.25538636923368724 -0.2391175169632446 0.03536158088853666 -0.026980302142087593 0.26038554472092 -0.0686505335892982 0.10556767344365175 0.004647881245311892 -0.13415794378131474 0.04606738293536151 0.020673926314313106 -0.17878461013939317 0.016596750090944305 0.20920387649097716 -0.12745542068869095 -0.17627085873060866 0.20086311625915074 -0.18454231801597887 0.20920272596741643 0.09162341854561534 0.09887296452934509 -0.0841930493486155 -0.02964994557343901 0.01620901214994093 -0.04397513770500149 0.12403664103117926 0.10500221720177594
1 3 -0.16374235297040157 -0.06868562456778242 0.02506900268080584 -0.009979834737350887 -0.08405755885854709 0.10376619263131942 0.1270866473656374 -0.01774505884990664 -0.10081065343393358 -0.2844488193042052 -0.12068399448582169 0.14791573667414074 0.22396850249630304 -0.3172706407528111 -0.167814618986284 0.22680250979854658 -0.061530560589899815 -0.09402971244368748 0.012381582243521913 0.13213007339614194 0.08213410065446537 -0.14591147871225954 0.14166548994177702 -0.06049370747826579 -0.2216757677612312 -0.0744224411772302 0.08419280846829266 0.25022472078809044 -0.03648558470886339 -0.14477752684320075 0.1786332137950644 0.00908207732330182 -0.30182231164639717 0.15571545501270512 -0.2099843046063723 0.029431996687407088 0.15052498106313605 -0.17755265212788196 0.10713534516890746 -0.05280596927201381 0.2010989419154235 0.11744898485805741 0.04642090886832975 -0.0465747505193121 0.14353925809169196 0.0496166717740731 0.16883213764883234 0.052032706999076805 -0.13105839011079257 0.20781983430114442 -0.01300889169080438
1 3 0.1099872562593647 0.1166126431255313 -0.0044884809977514374 -0.22123971920094726 -0.20425969026413343 -0.034850903145221095 0.21829516358155304 -0.2506522956120283 -0.16329994545830112 1.060432852775186e-05 0.12254158526664935 -0.3072898166888748 -0.2889011727107559 0.048193703617621805 0.2504805403005699 -0.11866460001581536 -0.14151271574554647 -0.1961327117634688 0.24219824837200332 0.24425208243606658 -0.3428222172275517 0.31346262220261106 0.02272867883579161 -0.055118131540742105 -0.11061425255924738 -0.22006814155842536 -0.02882768053985582 -0.19692289855977968 -0.07747897663733395 -0.08293195943048913 0.14777356181902027 0.22066084852854936 -0.0958802614752335 0.015501102121347752 0.2319617465104203 -0.2025664199072928 0.02180875114842292 -0.22382286411893773 0.208051218171026 0.05386876003640053 -0.10701978131234666 0.12654039111888166 -0.025426327743850254 0.1426202059986063 -0.027565592561663563 0.0018151903107005028 0.051479441310937284 0.07336259259657243 0.14330506393066866 -0.2410260824506142 -0.04098855405989222
1 3 0.08184304719712009 0.1561925429982141 -0.2313571401499019 -0.10267311765383252 0.22147083836279666 0.050216279237025284 0.2199893149434742 0.14937509090924703 -0.07911717942910394 -0.06358167672395376 0.18441538663991638 0.055476931636587345 -0.13219664270347684 0.04768291345381625 -0.11147931896346645 -0.035107183929695876 -0.19896038542567343 -0.04774882127639336 0.1839530519269527 -0.05110427120731431 -0.2456893388251003 0.15198884854162034 0.18448101901200778 -0.21060404707934266 0.1684627440486471 -0.11678836853635212 -0.09572375370975111 -0.033494357365602676 -0.11178119805070973 -0.12299341000183146 0.07000707893758898 -0.0649070870607254 0.0887601161927777 0.12223648965800611 0.06472252894815782 -0.1380474355442653 0.06642162500601272 0.08046205522646524 0.1293452426512759 -0.22522683720354744 0.06170087093599448 0.09131167600376215 0.0974991558700854 0.11392097212728218 0.04226627387347419 -0.15133417436104252 0.057228386036077904 -0.0028832131217237183 0.041012274929900845 0.06358268485239023 0.07221521460630047
1 3 6.541331146242242e-09 0.019274780139314586 -2.2744817162637364e-10 0.14022697908591308 -0.2724967676777557 -0.09981178697297846 -0.13783044704156217 1.4631163718104623e-11 -4.112783648679123e-10 2.2765187991970743e-06 -0.018525343502119058 0.05885099886370694 -1.3649190363791835e-06 -0.04806050996936753 0.1059096190509385 -6.766907371301561e-12 0.046147374904257465 0.02454574427568498 0.10427740084925619 0.013236531925460832 -0.14578430244879897 -1.6244906772487672e-21 -0.02611578968948188 0.16360690607008496 0.06435315633607605 0.12722376760126172 -0.2853567449113831 0.005302349861165539 -1.679837334428626e-05 0.04564700507520378 -0.1779087353665799 -0.24809288705995608 -0.03672192546502035 0.0336697960180414 0.06386205555593152 -0.14500588350552832 -1.8111978887262386e-05 -0.0017251313037081688 -0.0023496473669899817 0.1488618657931854 -0.07977955330309043 0.10777108430297215 -0.36368950704891295 0.22645434808124662 0.20504927753188426 -0.060892361248564286 -0.09144377996661916 0.24297219000584447 -8.834865058898653e-13 0.07030810939360022 -0.16094834724832988
1 3 0.035593156064063124 -0.1998972449299585 -0.13936662522139237 0.23853808653363123 -0.24397076676634694 -0.13123815911781292 0.04056911519323224 -0.2917516360097862 0.02791863050200948 -0.2727818660162754 -0.19109144478933932 -0.00415276952341473 -0.043143607836580465 -0.1908440579643468 0.21731327008249907 -0.1937264350960678 0.06743724400480618 -0.019491563408055412 -0.16434594605635156 0.19206166865735175 -0.14832964470614252 -0.20540605336361176 -0.0025578195918157247 9.200722371483777e-05 -0.18341937886833476 0.023847188625456393 0.19486585485195812 0.22274968631412026 0.08273653529424538 -0.12117298931720774 0.201487169407116 0.10960528257002501 0.09002725039336587 0.0004788614286401406 0.01657920291422647 0.25690984863706495 -0.12082338480547634 0.08439691433936114 0.04109208703434289 0.2160606291931471 0.05207198851795345 0.2383941752942521 0.0875021246600946 0.22930621536709087 -0.09149274940763664 0.12806352762713513 -0.02958259591302247 0.10054536669856386 0.10512450086324727 0.025643867953072077 0.03982554745500838
1 3 0.2619848749396913 0.033484433914328225 0.15162455774576597 0.22549073102848433 -0.10526741508440685 -0.1701929422383046 0.18988121140633882 -0.05677872813525848 0.2078832351651911 0.044065309441805464 0.2662539270869676 0.06465632233766522 -0.10311109172168559 0.13425779181067493 -0.13289857486363396 0.1058257252689304 0.026364853626129087 -0.17547168864769513 0.10874351046210752 -0.06794551837779662 0.16053118224640694 -0.11811938878992001 -0.19577946345036207 0.17253575328249557 0.18828342320609937 0.29579662550614555 0.2118342117682277 0.18572623754356418 0.01453576228377929 -0.00033155377157697435 -0.06966842244516722 0.010317729987965244 0.2413953033587543 0.16053580732541547 -0.042320154223510736 0.09642592573778541 -0.024074369852183537 0.07930384158544278 0.22950287098672578 0.19012598884506518 0.12964688483545525 -0.1420665447306813 0.08833350188158703 0.08868060027362112 -0.13899475584150037 0.1867118159025801 -0.001357456504627165 -0.028342907714369186 -0.11436668749131244 0.16344374621050398 -0.19826866177862704
1 3 -0.058853554303268066 -0.19582374240250558 -0.1493289853343115 -0.029033745021504305 -0.0414704492763484 0.11322230021852228 0.1648534455538272 0.20708108386263246 -0.25038724521177863 -0.08187272231194415 0.25394617153420873 0.2570363904314197 0.07439410979066458 0.22495261507370828 -0.07248001795417211 -0.138036569639321 0.085761223156248 0.0844886506463342 0.31680608989259545 -0.16045282367653946 0.19343501606485514 -0.04652063103706247 -0.2141198184838455 -0.11777871305953524 0.15854929826461314 -0.0018854135939057881 -0.021149671223854284 -0.1269148874450168 0.12211981774862987 0.030446058928661864 0.054518088387877854 -0.1416028839935837 -0.11319033258533205 0.2137203804340397 0.09512525735775965 0.1020997205607708 -0.04468771867857119 -0.05775356485791512 -0.09948414815954613 0.09186471579683483 0.19626566761661732 0.08175631509411294 -0.14922229771072076 0.05689679790830124 -0.09370369141287145 0.2702252464165174 -0.0740067052707777 -0.02610012555371969 -0.22806192208854362 0.08410400097008652 -0.0626718680847938
1 3 0.229719601006349 0.0953265932891568 0.1264205361659415 0.029121565070388933 -0.1868983806423786 0.25070916912493185 -0.13927564461462147 0.22529205019784898 0.037450551264339604 0.07685757970866375 0.16179722235388047 0.1382639374384017 -0.18058152700663416 0.11659897789954217 -0.3124358045101754 -0.13327074377983517 0.1085994123949503 0.01119701605541542 0.15205060196735884 0.13330054638294472 -0.18889291585083356 -0.14226613720603284 0.2263927230308415 -0.17910926240661743 0.20713047050876682 -0.018639589541717384 0.09504387538025288 -0.01721891509005882 0.22810426569241338 -0.15248486097510652 -0.19343846382987698 -0.10236920962145263 0.08617737875568954 -0.1781050280963824 0.18874554444034167 0.052091632178920384 -0.0998928064740516 -0.2089670864686904 -0.00034874333477421973 0.143055711541381 0.0239780084045664 0.10673808114898811 0.10501935625690338 -0.003474622785000604 -0.23629650353692935 -0.07284194506438077 -0.104733022833168 0.1536783572240255 -0.11758247999375473 0.07157321651502498 -0.0706327184528503
1 3 0.19059482140860012 -0.028987243922282538 -0.0640399502734017 0.12459738907024287 -0.22400425971397223 -0.06888516231402028 -0.17120368503177 -0.20378305698737076 -0.11824368175891545 -0.11601717388740816 -0.10228616654958884 -0.18555153161521823 0.002019475310933309 0.0398898091138382 -0.03954615936307013 0.14564975341586328 0.20201422579080439 -0.08071257694972915 -0.003913528979283579 -0.2273573933526552 -0.03258268571856122 0.2464372184108349 0.0992167596572488 0.15875707789466081 0.07244935803829303 3.1999035880084246e-22 0.2530880554813784 -0.11503246808017253 0.2304055195422994 -0.1738915426169235 0.12909415890953535 -0.23810315704938126 -0.034236227166356596 0.1398587024220535 -0.003347218277340445 0.059607326366322114 -0.2389384255516102 -0.011349411037058596 -0.2879118694378969 0.01942507204327254 0.06758541102798667 0.005779937488207 -0.2595717259761511 -0.22900839430952463 -0.1081298589606191 0.01125724234701472 -0.1577952205112437 0.2592215654445339 -0.018480128316209946 0.014298523808213807 -0.16117743611543364
1 3 -0.0883924715945163 0.08130491537557626 7.701008083493239e-20 -0.12408355766045658 0.0664048254768597 -4.119206255220188e-05 -4.979453299793256e-06 -4.1249464105101523e-19 -8.027098602516153e-06 6.701826358761289e-17 0.1149901040062107 -4.5286466815415573e-05 0.047717433757217285 2.6926850594330146e-08 0.04050698508200529 -8.342783946530788e-12 -0.12878067997769305 0.06339328773191372 0.03893405934791943 0.0920691155814621 -7.961815498582622e-06 2.4654117408697676e-20 -0.09064294720438996 -4.640311401618562e-24 0.06653185600580279 -6.606120771046604e-06 -0.14930160285323135 0.16009875554809042 -0.1811534896654619 -0.05639771792211887 -0.19294875198734837 0.05231065909084119 -9.510488328686087e-17 0.14245670282508802 -0.1442367636800364 0.17899203000666888 -0.049881364601053 0.13493610111415116 -5.828196311176813e-05 0.05712645939531228 -5.401151512798227e-08 0.09044708816887287 0.06374337233325676 -0.011456540818254335 0.12685467747123946 -0.10122518073501353 -0.06000902331198252 -4.3759898816118015e-08 -3.8317794698842796e-05 1.7409253205290932e-07 -0.23924765948839397
1 3 0.18127868090084046 0.16575330998977889 -0.2348205554816659 0.04658006569733584 0.04398522563560127 -0.1714480647033894 -0.08835693174526761 0.13679265823157102 0.10441726129693749 0.04534118007584832 -0.21901978483300003 -0.11134384317426081 -0.0003100540165802059 -0.22668197545975502 0.18552059295606588 -0.017150331939823942 -0.23245606714776568 -0.2530693959891991 -0.18907041327050123 0.026151121415164808 0.02482138123734415 -0.027732177476711042 0.15168001531940667 -0.3159066548267887 -0.08036601898822472 0.2076290070712615 0.07451762881072918 -0.10375674073770984 0.14846905527592508 -0.18469498969952008 0.15306622126005426 0.12043664858356111 -0.22677566753462625 0.026445444754053055 0.21557966789443678 0.08764551321397232 0.12884135521188458 -0.10623323067753009 -0.1934583464698049 -0.10482668142913226 -0.020843096302533195 0.10268344975779099 -0.11602081008685751 -0.10121821998988861 0.029599457846070987 0.29235048484074116 -0.18165290053914313 0.051894053201730364 0.079850826582191 -0.03762398374627514 0.22415290872433985
1 3 -0.011762394894214647 -0.27179979110513197 0.041378520493510144 0.024764395401375584 0.12718079115734804 0.19245536287792736 0.20662478623074956 -0.08644250879416945 -0.15255529135923931 0.2004646671991756 -0.2218267280005678 -0.1322316932308413 -0.07120379182307623 0.20783446587222476 -0.2187198282516132 0.20154657787118216 0.1808132329981487 -0.12019095857644338 -0.23724136019133565 0.1748948310963138 -0.008838055182034274 -0.051598761676688996 0.005352685208601123 0.17215664846318257 0.19412586286654682 -0.1173974887809508 0.02891999526255218 -0.003806858366403639 0.09285964329279565 0.17473082131416734 0.13536658266807425 -0.09348020254414652 0.25319249738643407 0.029434984623633236 0.2545694091245923 -0.17238891505606233 0.10385811166800818 -0.21708781388789558 0.09606794087288703 -0.09162518964737947 0.13813959857743105 -0.009584212192048193 0.08046026102035553 0.20967477830282513 -0.033653987035667354 0.1019074129008324 -0.24057872456575966 -0.12766957713495458 0.029283072832996148 0.13819549062806752 -0.2173754140871563
1 4 -0.21118874413605532 0.3126901418336263 0.12374137406366136 0.30252629545510173 0.34722094422200706 0.06700676870532622 0.178826248625247 0.20267656737583903 0.08326044570309604 0.3213823628359365 0.3382121922221799 0.14552999288820542 -0.11397697128255765 0.04249803618311453 -0.11503306113064807 0.19610461237444535 -0.04430782901914773 -0.30812091969721533 0.2985529087814054 0.24215364321169858 -0.20373689603297482 0.2448911221274425 0.24196706302834722 0.06329920241949946 0.17914977396885254 -0.21989016755734905 -0.2148055668308265 -0.09306153107263328 -0.19882988195110762 -0.2571189856416855 0.17950507183742162 -0.17396685320010144 -0.14330489844102284 -0.009129425162013247 0.25019098786411353 -0.26763743660491424 -0.131970879619158 -0.2814321266147152 0.3302172607097883 0.34331354719764834 -0.15521820476542203 0.6100426194188914 0.08559585298793518 0.17402672911995554 0.10410425676821362 -0.2042057418577032 -0.27217775452663745 -0.03922461364966069 0.22235879471721529 -0.05312900926522885 -0.20451353281496218
