Number of NNs: 5
NN configuration 1: 5 20 20 1
NN configuration 2: 5 20 20 1
NN configuration 3: 5 20 20 1
NN configuration 4: 5 20 20 1
NN configuration 5: 5 20 20 1
NN Layer Weights Bias
1 2 0.3374991580521228 0.1389946221918985 0.2901405602166036 0.10475993584264179 -0.045964019485282136 0.18625652745167454
1 2 0.45477101980922807 -0.3582088245934169 -0.06880522760923358 -0.38401994672844353 0.2676822700828874 -0.3362138891831684
1 2 -0.2482289297741457 0.5273954707324657 0.38336086158610283 0.38647442901073187 -0.13715875083634094 0.4039956731548275
1 2 -0.4033113871522952 -0.5237705365572016 0.0750516445431322 0.07581819817102402 0.25446299797685723 0.2112696738628249
1 2 -0.055397733158600054 -0.0522301478423185 0.301240571038519 0.35973343216095566 -0.1561806856039101 0.28830798847521993
1 2 -0.4231430321974546 0.23350725601020073 -0.2836583890291674 -0.31512104695248505 -0.14048920756597658 -0.43469424277733953
1 2 0.1967777493658362 0.1459217695089577 0.2136958989240073 -0.01518365915460089 0.2958546050047088 0.6113917126904254
1 2 -0.3699285974667667 -0.24515619344573647 0.23549972429159471 0.12108060712147208 0.12957457582041843 0.2544131437849855
1 2 -0.05051424880277851 0.09979864847267172 0.17945604934831144 -0.4221916856738268 -0.5272106271389857 -0.22040098702686667
1 2 -0.44302740456955286 0.6200771067901897 0.4370921100621495 -0.013898341358173744 0.06236332112218516 -0.32390257087576596
1 2 0.4485840326906299 -0.2066089622064417 0.1307177656663363 -0.33645077370346765 0.31407634722823047 0.17134164575580568
1 2 -0.07866447971907403 0.27330918584098324 0.34539234430909704 0.10463886345622815 -0.07337905841836469 0.6009072581402282
1 2 -0.2311924672748746 -0.11055484223011089 0.4455175830644461 0.020363595832737794 0.10566810576052439 -0.39407100700745906
1 2 0.33206638900690344 -0.12722718121603477 0.37632628061149265 0.2931299765359091 0.31494416055500474 0.5770327185232623
1 2 -0.07259296320088147 -0.36088557799083215 0.30111295562821455 -0.16629712841081387 0.14564494804876793 0.18856078234873794
1 2 -0.04878064495691593 0.27028588095192746 -0.28607772764631334 -0.06567277538142614 0.24989006968148764 0.03788339733401861
1 2 0.5929384544792272 0.13700828781273752 0.3471792580451146 0.3297986172674539 0.3805307265203555 -0.13090235741674844
1 2 -0.12245061377675252 -0.29554069489854773 -0.3745488670099827 -0.21076329850933948 -0.4641715395218166 -0.15683737839395723
1 2 0.11134257644621914 -0.07605170762352391 -0.009061087794233159 0.41613417064081887 -0.0599038541510302 0.04286479185479914
1 2 0.0968617597190067 -0.16223779537081612 -0.25073484017235037 0.02359268768205783 0.5363907611093783 0.48978750987653824
1 3 0.2883152479000936 -0.18428757729510423 0.32884390491440674 -0.31461230707463006 -0.21170893411918423 0.040180117599351646 -0.1934557655807618 0.24192977753232314 0.05496338606108939 -0.29443938698297706 0.20709686202925967 -0.0778913892452866 -0.20221240261016676 -0.20272657416164228 0.23211151683435383 0.15049268193956578 -0.37169274149404763 -0.03330268476083388 -0.297037669905113 0.27047101531553064 -0.08094749725444081
1 3 8.28551331399659e-98 5.748039342362075e-66 -2.490452043705059e-40 -1.716448670670037e-52 -6.055388325420644e-41 -4.818348607584749e-53 7.59223112398064e-72 -8.372749486654788e-81 -8.812402969347131e-58 -3.738069211744451e-78 -5.916560750010193e-63 3.870055870088337e-76 -2.9580773554436635e-87 -3.725736388819358e-96 -6.628611377310559e-39 -1.3017863763222286e-81 -1.4591244875707859e-58 4.5894552237213274e-95 -1.3788681443507645e-66 1.756988224414863e-105 -0.3867693994900953
1 3 -0.3196308113600549 0.05085157502912968 -0.24932859574288307 0.33822699252027205 0.06440955096402953 0.19632289033873604 0.19651302878392712 0.2725409602257478 0.10051134426274465 0.07055955140426322 -0.11791139605042131 -0.015023100673045544 0.03219161273670048 0.0077451359545782925 -0.09982428375835468 0.19250263915209853 -0.06630299812556045 0.08785366157265626 0.04977257369985787 0.35987356427834594 -0.022457683502276834
1 3 -0.18100112672103835 -0.05539100990618037 -0.17982070658381977 0.18565381215889032 0.09585246787029113 0.3164068798078497 -0.3200573684095372 0.057562767408709054 0.056050458307017825 0.12549979777382655 0.15976054434536188 0.28788703160792806 0.3264632415933951 -0.44324591390872886 -0.3231008858612231 -0.08867896938383274 -0.3926567636232407 0.04549852376446769 0.0493858814839947 0.11877191291981976 0.27200656488486513
1 3 0.09004820745849819 0.26823714013843714 0.23730554916759358 -0.09848322800411072 0.24523382765003832 -0.17528077700051317 0.0034504791571399393 -0.15247208685149893 0.39076779781111615 0.3462076329017914 0.15304454942363255 -0.3264199531246834 -0.32858026227813164 0.2110489503742159 0.24787258963091052 0.48971112106267844 -0.10887032824356624 0.5484682982141 0.09445885348684933 0.08120352939405122 -0.37505828532424645
1 3 -1.5066386345748372e-44 3.620311966637355e-94 -2.667119042830602e-98 -2.1530332992280525e-59 3.5816988289198344e-72 -5.045530773469044e-73 6.881073431705098e-61 -1.2106554229137813e-47 -3.2124618533044238e-96 -4.1915025312168526e-70 -2.771941947491951e-66 -8.979361546307106e-93 4.9576806892331526e-89 -1.1514273843591235e-61 5.975493545210778e-74 -1.5484031508776357e-66 1.1507293527524322e-44 3.535862106423338e-61 -2.3726749773317047e-90 -2.234450056971487e-54 -0.307593178600132
1 3 -0.2294363942267479 0.15865117789024047 0.2948739762302285 0.049405791160866644 -0.35782211725445234 -0.13080490318166338 0.355249151177969 0.20933627515945163 0.011415419971195299 0.3159483364825262 -0.016512697163735407 0.07547551961774047 0.17854190805643058 0.052356061133076504 0.39856482109029906 -0.3758807930153457 0.07852438601554595 -0.05581120969862544 0.07349486758422673 0.30288853440858804 -0.12040213284260297
1 3 0.2801592660458456 -0.4093635591786423 0.3224075654174219 -0.2956457868773058 -0.06169038138666942 0.07302565316072296 -0.006547484634567753 0.22533558808986243 -0.07529139828973036 0.04565133089725079 -0.02291999288428789 -0.05376416532925404 -0.2518485047532949 0.147744647315487 -0.12623732278102567 0.01576009028029953 -0.23321598485769215 -0.3456494551997593 0.08831942306803983 0.2724213789265702 0.31324037084573897
1 3 0.3022562491535063 -0.1873081747513917 0.0888005902929167 0.22404681353676115 -0.4037748508182734 0.22072917097115025 0.30091581292803143 0.08390066201778167 -0.025737254574898567 0.2463448741087338 0.13319175895093663 -0.3415960786046384 -0.12240132358236906 -0.11715792318388032 0.33991630450822924 0.22105990045088614 -0.0014691396188275963 0.1509322625079063 0.05038829777059199 0.20371232058625438 -0.09376668267235003
1 3 0.0886492564282865 0.10186633575978198 0.41430622826909713 0.05703075480701391 0.2956852462127776 0.08971816514725817 0.4204172971045332 -0.24663316739375427 -0.09527795989898119 -0.26664480245094757 0.008020302871404778 0.032369200074162614 -0.14299593443191772 0.22400416519532823 -0.15664420564785314 -0.1292548288027004 0.43366163437367816 0.18196236286038617 -0.28223405460076567 0.34924649072119957 -0.1260402973915669
1 3 0.24074399600290503 -0.002896712426176422 0.10426119606229549 0.22737979705128822 -0.05830936675916151 0.0013141208318127242 -0.1554039011352314 -0.33023460987955344 0.05996767895930975 0.11489215286662915 0.03341440936859621 -0.1850294053484037 -0.03248861030698517 -0.27096350338449116 0.204001827164429 0.2496732100923595 0.2372549219832146 -0.39229948555112687 -0.3069638438693997 0.3841554977166723 0.3133222434476766
1 3 0.10891795440243611 -0.04320816020499755 -0.06759572221132791 0.19868406838272776 -0.025888312126760543 -0.7091700388662658 -0.06664365118339098 0.0914488640790661 -0.21099748476280691 -0.011399929260830015 0.2938402153141944 0.33087722608435977 0.23075450907116532 -0.23087945812390606 -0.1689304369306176 -0.14585683934500135 0.1722514683900722 0.20555035634673818 -0.15806002879201003 0.39272742545013756 -0.3434253816053287
1 3 0.3245380524676168 0.2706422462916519 0.2910338167175292 0.24996728100408486 -0.07459311575974924 -0.028566322283566557 -0.17000831865785182 0.19025433087627466 0.4564025393463325 -0.11448275497952885 0.020298544253696735 -0.11965056526243122 0.08641379192960563 -0.3152603615643048 0.19846471458262002 -0.002689890834116536 0.37914145689132805 -0.12960640175793386 0.21169845584450855 0.07132373798008514 -0.04488670983415515
1 3 0.29730548134723134 0.11048599824690243 0.0681774984472446 0.2223750558721806 -0.18521351861292487 -0.47432562430630937 0.22641407134282027 0.10612220015211193 -0.5387362746287548 0.06584453690808799 0.31761175694731714 -0.1392121801716265 -0.13139898464260685 0.12750095573905246 -0.1710164650310272 0.23504874802415737 0.21791626199686528 0.034075747810002784 0.25213832815281756 -0.34652250109187827 0.2668405494104605
1 3 -0.20141540187516385 -0.0172777192570304 0.085032839008246 0.027232716079317883 -0.08005888121913557 0.24788684059550922 -0.11955206414937938 -0.28596469111165557 -0.12410150235259028 -0.18798655268058292 0.12728694176847127 -0.11564685385305713 -1.3752833587176812e-88 -0.2929730071219508 -0.18946579231316157 -0.12512400437801258 0.09124641654201227 -0.11957164836351457 0.1542313713654395 -0.296125857291744 0.07193835196404566
1 3 0.2891088468558634 0.31695058968881784 -0.04399513342457934 -0.13341506526210345 0.04118496036559723 -3.2665404065602634e-52 -0.37394328013511513 -0.19699947395225628 0.11228340326013078 0.24718903150976676 -0.16772448499116352 -0.24366975079051767 -0.16245136190730036 0.34984552866581076 0.04678983600120471 0.3456861866539959 0.0047531780628110665 -0.013372173354513513 0.09925911749895883 -0.06683252090645025 0.027355764908016233
1 3 0.04932175261407676 -0.075137187922619 0.26501304961573235 0.2991624622158179 -0.39288427924327984 -0.08842181740552253 0.33367594484502644 -0.3212903446290263 0.17166421808224855 -0.07519446924327092 0.23716764273730448 -0.22094778582911428 -0.0595270088793677 -0.29177276076554126 -0.16582881616669295 -0.008031849457609784 -0.2118402946442173 -0.34740593965960453 0.13953476081601893 0.0906141949484711 0.1331915462451231
1 3 -0.1858831048890098 0.27284666810199504 0.04096435742307557 0.16996495205538562 -0.3376675171601776 0.47039322447621934 -0.21183253062327476 -0.2235469551278679 0.028751743659816968 0.16177762871471338 -0.05977146296405077 -0.028912850296778664 0.20632247463452832 0.1896500747391606 -0.22018982565862597 0.1967041299614787 -0.19614311487056119 0.3401379620997293 0.23276751906792698 0.2615588914340033 -0.029097549954832293
1 3 -0.17907120352023434 0.30684676943222244 0.38186899561391613 0.029610956446478237 -0.11837973201371092 0.5275446800813233 -0.13367688465723224 0.43158166881123383 -0.30115004499291037 0.2740318232094845 0.3434813244176292 -0.4676303038238115 0.31895302552064103 -0.3290576060158722 0.39733178938694 0.069452884639429 -0.15982324189280292 0.14764639528406054 0.48470074833776033 0.03704945879747885 0.20570321943814196
1 3 0.3089247774624072 -0.18274913171563412 -0.04054507938746503 -0.36379944580478485 0.033490511991872654 -0.12904040112874807 0.21268905006732694 0.341759653816666 -0.5798643617719679 -0.0657855374297507 0.32761949288857267 0.15301642065518448 0.22641689052202593 -0.27623738964330846 -0.1762017693551779 0.16504052281148976 0.3202404065822041 0.228341551970142 -0.40438657640338277 -0.29401430320868294 -0.16643188672367548
1 4 0.40414845716323383 3.3323800874427535e-101 -0.04628213973255162 0.2938183374366769 0.4398154864756142 -5.80686877243236e-89 -0.2626851808816136 -0.19339636900125637 0.37336838170636766 -0.5826941716290458 -0.36689597587045847 0.27536676794311765 0.537823822161284 -0.039564499005092714 -0.4286573490816141 0.5450911657481723 -0.017587614118096402 0.3668259470210544 0.27036671725338995 0.20622858873892425 0.3157249401414258
2 2 -0.2347624495414563 0.4894211417947905 0.049499919980490144 0.4884504022760496 0.2385989126765567 -0.31065075030027867
2 2 0.29983538962744793 0.3025852043339296 -0.013921006832949584 0.30722208502167064 0.45394819840576933 -0.078534996247691
2 2 -0.32575736711441183 -0.10120251044404853 -0.05337974188037697 0.3017482691948179 -0.05910477301043611 0.38052532409213186
2 2 -0.31835743508404896 0.24954621318299583 0.15890508791228558 -0.1620306259534451 -0.16334978067665615 -0.01741215758343326
2 2 0.15879339107184565 -0.09606330079095196 0.3308111843015814 0.28764690513737207 0.2834712244585722 0.571656694455233
2 2 0.016495013888240033 -0.24833350598865134 -0.23697025215412343 0.22725123005289424 -0.20466258777514504 0.0738198826079193
2 2 0.12289682502916903 0.2173775918912972 -0.2674248310994836 0.09121684972221689 0.08165746168757787 0.4532002217647702
2 2 -0.13783144226890273 -0.38096078806799716 -0.21032597853036133 -0.32339052050738043 0.5190651544168909 -0.3326049973513514
2 2 -0.2817444812612641 -0.2306191019898129 0.40184446359388815 0.048289804084887 0.17234454478959063 0.626263834587506
2 2 -0.5639509523042797 -0.07346703133435697 -0.5738230990332119 0.30618923716079066 -0.4203113590858928 0.036192878746757494
2 2 0.4271152280075479 0.3766597492126578 0.30500600518599286 0.2530935556365802 -0.09911036086464285 0.10990706236213038
2 2 0.5107726398919309 -0.09188067212231779 0.23068041608588957 0.1017088117749663 -0.44589157020980597 0.21446639371915327
2 2 -0.09924208556892622 -0.3592009748426226 -0.12266421622661701 0.06479987951830281 0.09265032271678662 0.08025011660956803
2 2 0.4423452985502663 -0.22663673158967765 0.17680677708159226 0.24651197066368993 -0.4295722336042365 -0.27039845350428665
2 2 0.16841046156198078 0.10114073951327472 0.001099614312352396 -0.48344559492517536 0.10644244487783196 0.026502774423021534
2 2 -0.4097788144240075 -0.4107763275270441 0.1667246169533136 -0.14765022983831289 0.23310509972857346 -0.3257811760308757
2 2 -0.17821772944329017 -0.3973323428309613 0.06882810448553572 -0.20218212340655733 0.18912822100594126 -0.4254378108061236
2 2 -0.1573689237723426 -0.3857053682380333 -0.5242340957434085 -0.1564491072362409 -0.2914484108454249 -0.07197716513197282
2 2 -0.10244420385259147 -0.37766755628183313 0.49364602271290825 0.36305855566119793 -0.14336410248752188 0.22127845231929397
2 2 -0.3551825773116801 -0.4526213671357053 -0.07766452172658085 -0.35870199222872945 0.22005662129520878 0.23679474647636473
2 3 -0.21596656114998664 0.27854263587819394 0.04536664152852749 0.15989931842003346 0.11175745860179735 0.21552142564512872 -0.17670507458734652 -0.32014179778048646 0.4165112952335372 -0.24887620803735153 0.19989293551939702 -0.05598077177060578 0.12147335754493292 0.20801142069788034 0.08923556157814733 -0.4179841727434215 0.03592168348417534 -0.27516678831603075 -0.0188263573287537 -0.1670742846570485 0.07796735631059139
2 3 0.05510780662610005 0.07633044752282596 -0.3574796864531403 0.19688196370839053 -0.02032957528385399 0.1520072613013587 -0.048856001254936506 -0.07141861714722447 0.25321681115328704 0.16902685407601545 0.4172420958533368 -0.025382244253981473 0.10894656973950782 0.18906495422403283 0.2935438479535827 -0.06566860489624836 0.4263173065802313 -0.23651666872262445 0.20488203510030467 -0.25550928052697425 -0.20185939634043643
2 3 0.5120341028016319 0.17945843184374666 -0.29094191762173666 -0.0873441167969809 -0.35305796370393616 -0.15759200800769702 -0.45825078429143923 -0.261811576744215 0.15652755452712322 0.2222371430047432 0.162063234962973 -0.09260356293176533 -0.15478690034805426 0.09936048068794419 0.29292137391851264 0.4311463442127993 0.09289022991749973 0.3389298465090948 0.3785991744834836 -0.2222853791293954 0.22473797338500126
2 3 -0.3314779318626986 -0.33890200538008525 0.25832377386405836 -0.46485750159022726 0.4615165597213419 0.17936270781232386 0.2531635260792294 -0.7066223534985703 0.1802117004920138 0.09342869064751544 -0.34413023544287585 0.2529426605285063 -0.3412883631592324 0.19956914588979752 0.008767382843137467 -0.3763133837490662 0.5338954621999891 -0.36546405359216255 -0.182662366130002 -0.23953864336676492 0.14634696874136444
2 3 0.11229698023073036 -0.1082011825680735 -0.02208287974291059 -0.4115148481374319 0.04236906132186502 -0.02994832593467295 -0.01767040646014362 0.006900926810077224 0.12728874273768773 -0.21871291478668126 0.19164403921149012 -0.28917331785134415 -0.24450094715134552 -0.09158034822229566 -0.23836623268733054 0.1254447162355071 -0.1722956061023203 0.11808113367111119 -0.12993268820425435 -0.18378626518626132 0.4519450381306134
2 3 0.17244720529036028 0.2908290690960209 0.08105584529497932 -0.2774269060209696 -0.09709374148543727 -0.3416454065878758 -0.25588142508138023 0.3535844728646956 -0.4459674304615307 -0.07811306472391116 -0.13299415515018798 -0.16465881235370672 -0.3728451191415782 -0.17426935929136605 0.14355989807395375 -0.005014447048450924 0.23691118381011717 -0.08211474618726519 0.020308152175422974 -0.2502959787826172 0.2518781408945732
2 3 -0.3703622974536625 0.26051820146013943 -0.037614613380656074 0.38962048294041407 -0.3182459426164344 -0.1139319032437443 0.026150604763449086 -0.18267046159712608 0.21968340892682872 0.2082542101147507 -0.14399372445156544 -0.011496793245180933 0.31151947673458535 0.27225997054716294 -0.14189278542966532 0.23998322486001653 0.4672094960312285 0.37504956997821015 0.2857280707721108 0.15093480380193322 0.0533113868958347
2 3 5.380630906955411e-44 -8.87762083791986e-20 -6.405466389937392e-12 -7.383745684607431e-11 5.202772434751026e-52 -7.222697001545382e-10 -5.487659168302445e-52 5.323582682020509e-25 1.5082951977978865e-50 6.720440334379949e-48 3.590738702589797e-12 -4.5406145136561675e-20 4.136999063435707e-42 -8.714528221931222e-10 -3.96405961352096e-15 -1.9498927206220783e-16 -2.659228562952475e-13 1.9165291353177773e-51 -2.496880336302225e-38 -1.5529660197514302e-31 -0.2290218806064154
2 3 0.21301989370598254 0.17802794578924278 0.2456208651308406 0.14041235185891232 0.3952451122958421 -0.46888822118379864 0.18106326406649006 -0.46300560899134585 0.031774215893242676 -0.12581169217470817 -0.30024237830811645 0.2214105436423566 -0.0034219997867036673 -0.30316773199703156 -0.04753542254016036 -0.1797328535392268 0.02716033113502131 0.07728286156505725 0.26363523725602633 -0.04963094492464981 0.05162499526742493
2 3 -0.24435653508119778 0.1302415080124489 0.30092687167691845 -0.28354884389118207 -0.12855606300166336 0.19775267126031432 -0.038782004306483576 0.1517760182236791 -0.26323015901153235 0.18224566583868995 0.06725452380166785 0.03173144133197231 -0.07931332621008699 -0.15338630977657344 0.37169922351192164 -0.33421924365235633 -0.10286997607272101 0.2822928821090452 0.3180471212285459 -0.0913274939942463 0.18167481744905625
2 3 0.2103953785409616 0.29236473361416493 0.15320669487784302 -0.24180265118229505 -0.2850627779290238 -0.0409845976656253 0.3142975249578567 -0.09040033023282315 -0.13488261910142202 0.3216265842913881 0.11822952052705135 0.18703520091882495 0.03655776828309309 -0.10394354420301408 0.15469305971453517 0.04135486842913869 0.2101165436332763 0.07836198060926439 -0.2163824384369409 -0.006712951114715764 -0.2242240388384338
2 3 0.20415891686148252 0.3475877891428193 0.24199023719667007 0.025425694608730204 0.22405313938937627 -0.014788615599732529 0.3338237985527851 -0.34565063964969434 -0.21992059044839132 0.25371418307519883 0.3759759849562534 0.3355187135651422 0.019007673991419307 -0.19759008476001358 -0.3162827581257964 -0.40932316038481187 -0.26740082378976354 -0.21784965007250634 0.38122473387680006 -0.1794509016423422 -0.08264867248538676
2 3 6.058345464008751e-37 0.35665577949048816 -0.4324220494410688 -0.4217438303526705 -0.3960177673919499 0.16048892759309888 -0.4253596538375149 -0.2172389601574398 0.0692791070839441 -0.2143429357836773 -0.013631350832541361 -0.4195262579332776 0.21554128692337268 0.234733615158788 0.2745735992329931 0.10457141127453937 0.28736198478481595 0.24930074212361264 0.04868777840990177 0.05512340927580312 -0.12129591546914441
2 3 -7.125437065759573e-19 4.306083719591412e-17 -2.468796810494127e-30 5.822068563875756e-13 3.304373875352608e-47 3.757869072064427e-15 -4.686611467850458e-16 -3.0618193760806584e-17 -7.801908595103307e-25 -5.130057121311489e-15 -3.284552904891408e-41 -4.5336237720648675e-12 3.9551205905151623e-35 -2.5392585377519302e-22 4.520057058067101e-24 -3.678290035731413e-09 7.85128394357698e-50 1.5946984664809339e-35 -1.487508018551052e-12 -3.153926497343617e-21 -0.11134973274932852
2 3 -0.07858909537806147 0.14045512447566366 -0.009223271698351682 -0.02874067809541129 0.2444167328670733 -0.6643247680539098 -0.11239264166338808 0.004691881626127222 -0.25348762542376757 -0.2608641110899015 0.43154324141782746 0.04581508118138538 -0.060612822380165556 0.046129153430408236 -0.09394900628464892 -0.06786316967721048 0.13084441705237923 -0.22733036405616955 -0.22638484887861907 0.4650815839445887 0.022969049651551932
2 3 0.2548172747156534 0.20169026034836057 0.3163792894558287 -0.16110443175757835 0.14861013643354384 0.35936344785076335 -0.0954271724330935 0.10738295380124648 0.12673674728705203 -0.1239166874398317 -0.39982404681256856 -0.23456097818433544 0.19788131711941123 -0.5143519855238551 -0.07795559373720225 0.3268104306330526 0.1571384873666176 0.0028291534629472986 -0.2841021509978297 0.09268505417976741 0.18506380240260945
2 3 0.031452378123197386 0.06770662588743444 -0.3044927147299321 -0.2994658780055224 -0.2988597780097285 0.21992161858037096 -0.23142941751373325 0.16801107043224417 0.04921342679079998 -0.31544175191196533 -0.1880882660736481 0.1046520810230919 0.04711634341581649 -0.2690114805955018 -0.41453508687064505 -0.22444960007640516 0.29171079079341866 -0.24783416170957853 -0.36796397123711566 -0.009895209995540279 0.26414497868955095
2 3 -0.1334473437327449 -0.16418965986395723 -0.1631697413428012 0.017373399389563983 -0.2573138506174752 -0.12175189123201223 -0.1380265007058653 0.14449247987682953 0.255243317326141 -0.3303105781167554 0.3388992946121618 -0.483291240823856 0.39196328359341687 -0.08912897065993326 -0.0607202683747409 0.04113750631399107 -0.25275695408777243 -0.08567687065467544 0.07022923569291185 -0.002739943418724501 0.22295246335685198
2 3 0.29241855011639345 0.43057575383438734 0.02055638169212575 -0.12379646301001856 0.35405507256658214 -0.3490886793844271 0.0884343708264605 -0.19284069218164432 0.4310550199391457 0.14286572696752195 0.37134779750814556 0.01547904417879002 0.409269497134293 -0.2741819120002955 0.05693574916642923 -0.3351770733601615 -0.20763500270893717 -0.22208547865653905 -0.10453034102855935 -0.21200244079916816 0.1983983318485745
2 3 0.4285046514951255 -0.276041308359966 -0.125724039276763 0.1579352615875863 -0.4806467406597714 -0.18915136250412634 -0.26609432072010053 0.5391821024028557 -0.04948232455830611 -0.3292254951525487 0.11285828782558383 0.26425230338727485 0.07438752707957694 0.5865079360877044 0.21409902303331346 -0.19982850503563718 0.2443848159774339 0.19208172100496163 -0.31685951690171044 0.38576132761741805 0.3770504837418654
2 4 -0.1424394755028954 -0.12765924337980258 0.44753699824014886 -0.09358694125465936 -0.5945401154596257 0.3120336748748513 0.4260661640558833 -2.4999232764531004e-07 -0.03630854508732787 0.009302913880161285 0.34567172785120825 -0.0899315853794112 -0.3539539903640073 -2.1783769832656507e-45 -0.2929286635777276 0.05508951230419169 -0.3918022914000281 -0.25927858485211414 -0.16405111724600238 0.3120532912150919 0.08101872050399632
3 2 0.3145637259585123 0.47870457799727034 0.17755029057900026 0.3848816891392197 0.40580896789581794 -0.05716683512517885
3 2 0.22339181469250588 -0.26998737095101694 -0.44015164060479184 -0.31055256480261556 -0.30319022259247924 -0.13655555226282887
3 2 -0.09499928554794669 0.4621480831542843 -0.25316224684786404 -0.024385873850047205 -0.2151036696628987 0.035267954718260046
3 2 -0.35815583174999116 0.19059455134696784 0.24433138655476386 0.004833194386364695 -0.11155240536565789 0.4933232880740348
3 2 -0.15916915055438843 -0.2410070807885418 -0.13976289824021626 0.475568244874239 -0.1751399992456149 0.04806480790356875
3 2 0.019090995350311637 0.3482917287787147 -0.02739057795215819 0.35589388626766827 0.21841555755546543 0.2654314499398585
3 2 -0.24335014965380042 0.18980596157701102 0.10664955077658488 0.5321138951005517 -0.568961147276131 0.24200567115053595
3 2 -0.18527541999193034 -0.0385142086087155 0.3521913890930144 -0.07001684794104805 0.482980321668814 -0.1277970210858539
3 2 -0.24112571620275156 -0.020978846544891284 0.26402449950150186 0.16937458829065855 0.31288699776724427 0.26596643696539746
3 2 -0.00881058068114617 -0.14588786764196848 0.4755523106882349 0.1604116341376269 -0.3988933688377333 0.1529774066185083
3 2 -0.15219253944588468 -0.2497667419581237 0.129006531779266 -0.3589332104137601 -0.5642886719197582 0.1166988075944116
3 2 0.34497058722915874 -0.23867115341519007 0.29657838317585383 -0.11291325191067607 -0.3482779992826267 -0.35667026732446777
3 2 -0.37953480181142096 -0.4627285859587338 -0.12490145321047247 -0.32634647380579423 -0.2947442500581014 -0.0346829446734806
3 2 -0.22440684195314878 0.008360415607256382 -0.3965865587233114 -0.18446350435761918 0.404840877825672 -0.24303949154919602
3 2 0.3632071970348421 -0.34891723138831215 -0.3232351948383146 0.18070491918713597 0.07223913985386027 -0.11426891408646743
3 2 -0.3891173395026233 -0.07910413477736139 -0.18880660370547317 0.6168224674440522 0.12483982286068145 -0.3516448553286093
3 2 -0.5615973800588145 0.03179023841886062 0.22301120925170986 -0.22780617965054584 -0.13720644486213393 0.2113882018736528
3 2 0.1262013071125703 -0.32100271335526603 0.1904459740144853 -0.37097140230533765 -0.32922273275617875 -0.0821088751967921
3 2 0.062357545458329486 0.14343826827107234 -0.460000027515057 -0.1486748274697889 0.23232276080878955 0.5528696805098767
3 2 -0.405878375257132 -0.04073996853092181 -0.2965433067638457 -0.10679968842659014 0.3526944030167579 0.19621909816646077
3 3 0.00100292134458711 -0.01989136772943068 0.17957852141462166 0.1358133536574401 -0.3884456142845822 0.14509654721005988 0.1638173937208377 0.04343366520042161 0.344298277204891 0.14799142349273348 0.145417455301802 -0.2716038418282177 -0.1932054196680424 -0.44310117131244253 0.13787092616628885 -0.23914795851524182 0.02329189484044019 0.03024981143380681 0.175382893161878 0.1315941633645153 -0.1079764188185735
3 3 0.029405978621111918 -0.22118139369672676 -0.28767321968429266 0.12910071872577866 -0.028065418612568598 0.19264397576600759 0.23340548214195117 -0.3783898521382327 0.12688368611577577 0.1607649950620869 0.378914857706013 0.023257900826557206 -0.39495665022783827 0.20112399387984925 0.13506327773361723 0.2865272978066339 0.2354555374313905 0.011174353189045666 0.37420371699548244 -0.41536477777660763 -0.2595429455530337
3 3 -0.10067032812786275 0.2732604052109629 0.3773075522000496 0.13169169725187313 -0.043001582266361055 -0.015548651803333908 -0.3591516675062466 0.3346234118365317 0.23154895605115158 0.0179774160186742 -0.17676859609064058 0.09002635478111731 0.42682514861404025 0.25233310841066314 0.43553177234822216 0.03151276332997207 0.005894103668333127 0.45393726525095046 0.07724375776787411 -0.04400149242651046 -0.149494545208481
3 3 0.08242563458211094 0.1578974468912123 0.07507357816365555 0.26654222701402724 -0.10795936372831572 0.20180895659459228 -0.12389568206359844 -0.025599717661162022 0.3609140285379337 -0.1085610671375445 -0.08518559758812927 0.23587712474225697 0.016471554756075896 -0.030304459335208506 -0.5442764637937495 0.12297109510918788 0.23974046506747987 -0.3107588702454938 -0.07086632307070388 -0.14378568633986138 -0.10628176158770605
3 3 -0.06757535965154797 -0.03799418836657634 0.1424312941565878 0.06076592438328276 -0.015387585511634563 -0.2096624582948828 -0.3944582136285317 -0.30925599211566523 0.0804436491344404 0.24374798759160546 -0.2616083352077924 -0.1542751565184958 0.2812302224027713 -0.2551104634668548 -0.276830284563964 -0.046667915265337284 -0.2765509413593422 -0.25667132207829557 -0.4068517527499972 0.023394026278074954 0.09424200133200414
3 3 -0.0394946667496398 -0.206609469410912 0.09752817147154895 -0.01260842163286445 -0.04964478187925236 0.005519732703012343 -0.2557406670884934 -0.05313068142121291 0.1572007271148249 -0.009281509357256745 0.03238899847899256 0.024150289939672883 0.04321045954481015 0.23393131315718377 -0.02640579033127574 0.2407617976636171 0.05722596529223024 -0.15373352864253523 0.16598453351890335 -0.16633127350636484 -0.3442312001854675
3 3 -0.07404792479747672 -0.43608685984337836 -0.2488532714455459 -0.17834442920527063 0.19582753236243747 0.4035336077472745 -0.12319875078360418 -0.24843318131814404 0.33702821730960797 0.18575802911342837 0.08980070104473903 -0.1707322533334384 0.12842789009697858 -0.3525462815029059 -0.005328293555427457 -0.008686544051833013 -0.2101747612928391 -0.09494633968190465 0.3346249837460629 -0.3649679160758413 0.3663377171912982
3 3 -2.9050997779143098e-40 -0.3867101146050364 -3.7078638448636156e-60 -0.1686872536375116 0.007865520578499489 0.0926669522965003 -0.25225299403714146 -1.412206929806552e-22 -0.13974524662011673 0.0034963191480895947 0.24425195351380774 0.2115641309255501 -0.3460076920400968 -0.12806013810497632 0.33465851432949706 0.1861656625057286 -0.2511537320492175 0.19672247167273768 -0.297486959998642 0.3512336872569666 -0.36141813116399857
3 3 -0.036345530235981464 -0.0471933272256329 0.22399806810931858 -0.3785241665266094 0.310618477991389 -0.17067621298616284 -0.29243210551340265 -0.44393257422863347 -0.28799129676717355 -0.3587859390472378 -0.14597878833565137 0.22260821204021472 0.18762617281703847 -0.07411343708405323 -0.0025555428145981004 -0.11639552401461743 0.0984322996547221 0.09324618593321964 0.07979379967268084 -0.25706539286116437 0.22291369882596754
3 3 0.13906840223045888 -0.14831729588614956 0.0007672504198412107 0.1943264099582735 0.0271522405360403 0.10495020626175065 -0.1863695496792591 0.08763900279152828 -0.23082808711891886 -0.06967678531652517 -0.04275071550123816 -0.07555942757499083 -0.17679279411662766 0.1185160613297921 0.2302786061432938 0.24017115851965362 0.2584462723353619 0.11283497801186465 0.22395341465279303 -0.2504224617385753 0.06734242325326827
3 3 -0.1504223416316435 -0.08308341399094575 0.2163203321535781 -0.15868690839917157 -0.032775034328798275 -0.04256295197061749 0.29387571883944336 -0.15544279008512477 0.18412809110964218 0.3871475093110579 0.0024630229416219107 -0.17875276808434312 0.15872899366140286 0.31767544735832615 0.19826781044580413 0.4899908694852405 0.4077250269693641 -0.15281120334973533 -0.3830289183957719 0.05584498024224452 0.06979702156719529
3 3 0.018087939823390985 0.15251753302238383 0.13219744988085272 0.41096073764643026 0.4226072487179947 0.14601755542895947 0.07027073494618896 -0.13157618805766896 0.08610052053763656 -0.27069257927236695 0.3835333439317164 0.3576000100284657 0.4055031347889096 0.11469922968472845 0.07977931445596106 -0.018512791505794816 0.13736764394199338 0.058256934597080104 0.2249603439970691 -0.14681279552155904 0.1531983938273267
3 3 0.35348578643109047 0.06421806047971143 0.17392604359073896 0.45681207713856364 -0.16013848641118503 0.11069702725078846 -0.028547983230818207 0.1523220635342071 -0.16013954382252246 -0.11494016863151478 0.049077050990059184 0.4148823592193459 -0.20461732168690766 -0.08069101435428938 -0.20620948931827005 -0.11620489334458424 -0.07740868051603567 -0.18622988147183359 -0.03926772164194209 -0.020954207877587155 0.20413462905041996
3 3 0.32352408458282994 0.27313921802470836 0.18789885340289364 0.33085864195549075 -0.20375865943625382 -0.285926561563074 0.25634786115129865 0.03800125563888704 -0.01536269830020811 0.008637254987291652 -0.40294135861604974 -0.0461780878886141 0.20182874998433614 0.03313220128082156 -0.057846238876512655 -0.46696273115019804 -0.31002608500749496 0.11938163540236213 -0.33866808380034985 0.2872600134795658 0.12237057811244662
3 3 -0.0415852269933936 -0.16250267093956286 0.22965593955185137 -0.21111709700079556 0.09459572297927703 0.01667556908096948 0.11330230020298399 0.03941919337835132 -0.3121496304335077 -0.22756273989251713 0.03359755251821937 0.37909176368117253 0.21414558787847254 0.040778498649158786 0.26338411473381207 0.22394247745176324 0.013978734421322199 0.07297437458688191 0.08753236838381093 0.04358036938391248 0.17121795129786382
3 3 -6.050633157484051e-71 0.35163850472979935 0.18884871705454903 -0.18589853740309287 0.07594847815836496 -0.2947772406577301 -0.2367639280788951 0.27690020692551953 -0.053822500790173075 0.18330335548534427 -0.3961574309549137 -0.34816148627679866 0.11458552383775442 0.32430370231060696 -0.3393645523040574 0.26300103611682946 -0.2979362130294379 0.07616990258906213 -0.3756801859810493 -0.10932606238824684 -0.048154372077658034
3 3 0.4435942485050039 0.0688998846186747 -0.17770989930650644 0.2559733217757161 -0.07040910759949069 0.5111243341634213 0.36108279896433787 0.09040457062867206 -0.14953924155604462 -0.1673145718979737 -0.011312575871586994 0.39598324284935116 -0.19312125014797774 0.10555019389423145 -0.23418439835621832 -0.14124191892371038 -0.31815824197383874 0.34011602043538897 -0.1329820821937486 0.010933181025491023 -0.02952563076469502
3 3 -0.2562127883114265 -0.33488650748497134 -0.06886193998191098 -0.18235940445003038 -0.29057475850807435 0.242126331457368 0.01649003331762967 -0.5187154845394946 -0.4725956839740762 0.1424746395778354 0.10335267903820905 0.10127451732682262 -0.0050192798025093235 -0.30850105073456974 0.2822625549056621 -0.22370715062859844 -0.20137750337805324 0.27869457781963186 -0.13832924548613096 -0.3499626692437536 0.21747941924998285
3 3 -0.5161012996771085 0.20034222164826448 0.27313431151485223 -0.2112955075332195 0.04739325699989716 -0.35076971889567427 0.021615788014402004 0.14591176850522633 0.23867503334180834 0.0013494666658592494 -0.31724618509584157 -0.6305466574319378 0.017884089468714042 -0.02592385114807424 0.17776614067389 -0.28499458385772974 -0.49199600493354173 -0.19289468326204673 0.29321323346106226 -0.13175272139220964 0.3893043009129998
3 3 0.2747091445247607 0.3157434373981352 -0.30319998152167876 0.3753029810793782 0.29787344916409914 -0.036064826467661244 0.2410067381964122 -0.11931031889577715 0.093324085308757 -0.1307222797182731 -0.1636824482508481 -0.3736095033173187 -0.11872473013283014 -0.09562800079361113 -0.0545013688710923 -0.3185487831255432 0.004523955426843755 0.26457985423925556 -0.26346913430759944 -0.2124880607100244 0.10730581443825252
3 4 -0.2906433047973927 -0.0936670338361304 0.3811575284804323 -0.14661674625228174 -0.35233885188102926 -0.19514638953276073 -0.5479810160657388 -0.29190495122250226 -0.24755033677590096 -0.288555975821505 0.26813784502178983 0.5373468055073081 -0.020486477817069745 -0.15067630341271648 0.4239025856193061 -0.48709263002610165 -0.13783127543622342 -0.2352466875257699 0.18049460079236768 -0.044115091595153394 -0.2864770395067676
4 2 0.42699903216368124 0.17101275677088362 -0.10480023919690272 -0.1181924167709369 0.47781666236002235 0.00995034984787334
4 2 0.23168426026655345 0.2518695369766544 -0.5260434704666808 0.06990005710461891 -0.4364232254906016 0.32147719582586587
4 2 -0.4300953603012289 0.10270781123606698 -0.23612401006720177 -0.34285501257328005 0.23621260647884068 -0.29055046919008365
4 2 0.46682133107917356 -0.3533862079190751 -0.27018685499937617 0.3891888720198187 0.12733087979945976 -0.3381423113943579
4 2 0.5369296286382661 -0.12651245037864106 0.5223120266565671 -0.30389704416819674 0.4852910839055088 -0.09945607290226999
4 2 -0.647298536335242 -0.2699051674744671 0.01722939218685058 0.5023839886756022 -0.1648763762103862 -0.3623593226248515
4 2 0.08200127665638528 0.2734596224640729 -0.1437535568725467 -0.2350215723860646 -0.26412364720349873 0.11084690125913631
4 2 0.13594114680959643 0.3035346809919642 0.34179927844283486 0.41554859601136757 0.12867437804234963 -0.06927956686754629
4 2 0.08053649488893373 -0.30317619283291697 -0.39125578988436416 -0.1588723744525664 -0.18849972578513846 -0.08829113683546953
4 2 0.2856894398371819 0.48882473634995754 -0.3441735938293613 0.4616874616961699 0.20034882493880674 -0.3081726606937207
4 2 -0.12254438499611799 0.317967436208057 0.4157880732554119 0.02275336146589007 -0.41650582194042696 0.3515089613425569
4 2 -0.14530112336984313 -0.41215251055528945 -0.014438714730151124 -0.3019240490699383 -0.08375399535645572 0.3750379996444654
4 2 -0.44058633679431725 0.02017446182546192 -0.3664203982285249 -0.4778211874724481 0.1417296221241058 0.23355877178838896
4 2 0.43642536105500906 0.16588238568794977 -0.5585252377510932 0.10741659037289285 0.44580761447284767 0.1704693789606522
4 2 -0.32442871790873956 -0.5394017562686567 0.20310563128711423 0.1199362041243972 -0.25520514680192896 -0.05204437129174055
4 2 0.14529284460691524 -0.02013297316220826 -0.33024275149749105 -0.3058295328892562 0.3054827597037105 -0.5315346892209867
4 2 -0.2097172946216618 -0.31427704687907293 0.36154875252688956 -0.3955169723528902 -0.4798155699981387 -0.41384872791131094
4 2 0.3702857757373048 0.30854910438261657 0.16591354822502508 -0.049280371634548945 0.3347472493501122 0.4530115324532015
4 2 0.22010883328003986 0.41084115824195794 0.30397882744712784 0.03802847349682825 0.1803557698950305 -0.5175720569880963
4 2 -0.32654074233695596 0.40232043713401827 0.4043024599625448 0.07222937486080279 0.3570208222549998 -0.1288271520100326
4 3 0.04114646594458209 0.044119226961098816 -0.3433633149009695 -0.1730353007652094 -0.05946789840580616 -0.7164580668141591 -0.1165612795043671 -0.12290500272945837 0.08501990518741105 0.33424077015264475 -0.3987427092966617 -0.19313112384089384 -0.4907203230769541 0.13170610487028578 -7.202487165822689e-22 0.16787577271490708 -3.006578242132527e-55 0.10974298541985503 0.30624877235151987 0.525812991852754 -0.3228834417688107
4 3 -0.15118909772911904 0.4353633763374833 -0.06080577204749672 0.03650838271179307 0.2011062266307531 0.30073938316617016 0.28037267843489977 0.290387656672501 -0.20257979696835696 0.1726439353519553 0.3064849887659794 -0.28806716383997977 0.39891353289743164 0.12829366097422534 -0.2371553370130211 0.0995369935078979 -0.011161050344174398 -0.09970587612009134 -0.24156073110646958 0.44096294624499527 -0.19316928626793814
4 3 -0.3247261885373569 0.08061147847959625 0.010100034587125044 -0.2642451543126363 0.05783416924376522 -0.39093153160907324 0.12904099003705233 -0.042395730851078214 0.02586672129429221 -0.1729405857494743 0.07310475388457863 -0.2089283429880005 -0.2695654059873426 0.27663561585798296 -0.34063246573977685 0.08567859893095636 -0.06701335846048714 0.30540590306555493 -0.035722922063836975 0.14564079216829198 -0.014625621170769178
4 3 -0.13160892199250918 -0.029878671458665296 0.12309371844450953 0.20895956330925644 0.0748137273598444 0.14539096948920646 -0.13040304743352799 0.3287728503903642 0.22753890226341483 0.39092795406803343 -0.024805724062565045 0.05618965501250386 -0.18139832865484098 -0.13946179374514556 0.07306111251381778 0.19662718735410495 -0.02218210051095168 0.2871007983808627 0.165178773433265 -0.09622254057578872 -0.27734569457875896
4 3 -0.28404069063938925 0.1610810855191817 -0.22888985247630855 -0.24987837732703977 -0.24439896885792672 0.08436075820273542 0.1571850925766006 -0.07111320941215174 0.09626181777991541 0.14168554030804878 -0.1290487218435557 0.2403341194988512 0.18854866636211995 0.1719896975130578 -0.1603255055364312 0.26929166134900173 0.15540511188410952 0.03013434935577817 0.33894705472359893 0.09920787128385425 0.16009244042465412
4 3 0.3323509401711897 -0.24015347884445795 -0.6600888057204151 -0.005980721975862285 -0.034437729156257285 0.07834690486235593 -0.02594607564026339 0.35201140947070547 0.0467023680577581 -0.2946235374531616 0.1870328704590276 -0.2030748132606433 -0.3613725583616084 0.19852934747825726 0.17084530539015252 0.210643682549087 0.15819585828687407 -0.20413730253339024 -0.036035711701754264 -0.19686536314316477 0.2913058601824441
4 3 -0.3666312860014634 -0.16452225852178834 0.18597507250078127 0.030208347395383837 0.21932397006320004 0.17596577478378575 -0.16590690618694073 0.015023752175083213 0.3846122198885293 -0.10196543170555819 0.040528354271583335 -0.250801668405454 -0.04363772190789073 -0.3207296382104846 0.3342445889971042 8.009238985211969e-13 0.31017182293437634 0.2611849648102487 -0.1453012444909837 0.12450566934456284 -0.29966786153850505
4 3 -0.05473704913223492 -0.1257650108083379 0.3454608612966868 0.13052112659970663 -0.07625397012452717 0.4818819255520545 -0.1037612474176208 -0.09468812981824075 0.05339015766054026 0.2599515754914651 -0.20173208037759016 0.0695908517223826 0.2837248886629054 0.0599195169822229 0.40638433167341087 0.09848576535779062 -0.06011738043931816 0.015806512959428972 0.17306091698776563 -0.5858263736923611 0.06208202813821218
4 3 0.15302642890943682 -0.43083755191948864 -0.2030450294750042 0.3150366145341476 -0.1848894718075555 -0.04025050809442467 0.29997314360256366 -0.07046053378821904 0.00014460982708580745 -0.12322467616691835 -0.1969807581561092 0.010536556096360583 0.30881800939601656 0.1585385001479652 0.4013541629076792 0.03050956891131073 0.027286777619634595 0.1582596688584399 0.4123930614857135 0.2571096034279128 -0.16170696397291556
4 3 0.28486300786031676 0.32615479363183875 0.24345816740862583 0.2849881728595692 0.22177619558504183 0.20976804054112996 -0.1851846438542982 -0.172976203431999 0.4982696574315114 -0.06107347763284433 0.18345956851571216 0.1513531360630797 -0.10861808971557854 -0.0394406356281887 0.286156835588777 0.30289665120108294 0.287281660051133 0.036547874723023684 -0.42665269088470503 -0.14846242553939062 -0.1895713746390026
4 3 0.5685058741555894 0.3663305777952782 0.4320024099417789 0.08851858329979041 0.04262136190419336 0.32056038927752106 0.49688841547911106 -0.2598928390526215 -0.2374081651871103 0.37906904416779735 0.1395640649841994 0.2628378152332537 0.2711323338342252 0.06206333227754488 -0.10397530992777879 0.11967914396032006 -0.04069185163411578 -0.4241493759914596 0.12389896258883872 0.349528072406754 0.057424435314795685
4 3 -7.346098251824714e-12 -1.522645651347445e-35 -6.116845593234421e-53 -6.719542559521156e-15 -6.098469910923326e-49 1.5534159724343494e-51 3.430597734699995e-53 -2.3571147971439906e-19 -1.0612372705795976e-14 3.7431015590803274e-36 -2.5072213045885005e-38 6.812113463135654e-31 -1.3288727683587064e-13 -2.942399974250668e-19 2.127693942912559e-23 -2.6313801214046063e-45 -7.950047276609884e-59 -9.857600362996948e-28 -1.6276588557121724e-46 9.955946656294222e-50 -0.2002533108942755
4 3 0.15167888433866966 -0.0350456658795797 -0.20238189669335208 0.19598144734924947 -0.025713657347310737 0.2207041216582983 -0.30109188983157437 0.45559563869993946 -0.18045764015695015 0.31348122144242696 0.2318894293786686 0.043299358435096545 -0.14770294443443976 -0.2301228034086751 0.33014600005176165 -0.38044785088953126 -0.27955577414970656 0.22946324430330398 0.014234924364312975 -0.014399675352146887 0.14419620837921648
4 3 -0.06545740334037874 -0.40000377529263315 -0.022505738296134933 0.3115123690984762 0.10549377538850085 2.2889242655217762e-20 0.1623997166517152 -1.562229495927574e-05 0.28643282633246564 0.12273181780902562 -0.011386640856451635 0.15770160987018667 0.1900551260325926 -0.16770617097473942 -0.3354748748247847 0.23595648878883324 0.07092072708441659 -0.36131151420065477 0.04465700053469956 0.22716686490836244 -0.34205490821632273
4 3 0.26285620835651274 0.3117284907176739 -0.3392656621651384 0.08193557573514697 -0.22611374344187998 -0.077832294968922 -0.37363756764572503 -0.2543258453145086 -0.27059021863144855 -0.08089693137798114 -0.27071957074988806 -0.10931315082943123 -0.04246997642769341 -0.05446119924553059 -0.25281273743444127 0.2282398949407394 0.22645959862622297 0.23054821785996057 -0.14445047901482758 0.3095936783630254 0.27922028199823024
4 3 0.32334808329081327 -0.16932211544829476 0.24047750231013756 -0.3225915180634862 -0.19202049101192084 -0.010805728788915812 0.2751427789718545 -0.4289860062601489 0.24849567589783367 -0.1425374702581033 -0.020159581586860976 0.19036050949592823 -0.046298161711639654 -0.37061568411764745 0.2610107349534352 -0.1428696477172871 -0.11875941001654496 -0.1088748569264818 0.040622160401295494 -0.04301851291233602 0.06365534002412768
4 3 0.14600215430031688 0.25572321842938395 0.03714213656027054 -0.02308276030471522 -0.25657479734073746 0.09941424951361126 0.05144981649426891 -0.3001089680096992 0.08313710283465488 0.08492267269271875 0.2354083869218428 -0.04245394312841707 0.25987095421988043 0.034934160450163135 -0.42043212829330306 0.1442041357029381 0.2018299007170229 0.4511871830028052 -0.19587268444171332 0.09039413269658152 -0.37278956591040124
4 3 -0.15546473226849233 -0.3367812678342716 0.08926948637300022 -0.06847187280601492 0.2381626614537031 0.014386191760059218 -0.2074765252365798 -0.1803603542720842 0.3958900982853305 -1.0486671168246528e-25 -0.16563150723973133 0.169682444593214 0.1258976236732056 -0.2659822126795429 -0.25140191356237945 -0.06251811669527896 -0.38598712556480813 -0.18756356315925263 9.796694415980701e-24 -0.0031982498272022618 -0.006553677548262265
4 3 -0.18729733621080735 0.2449484716439176 -0.014519022871990939 0.2156444315700933 -0.40969651103374133 0.11197250634981895 -0.2903093856569423 -0.07281158797161448 0.1432701455386286 0.07299056923530631 -0.041645760548017816 -0.037075114768152374 0.21291419583946714 0.019384157265436477 -0.058212715325950584 -0.06490505310272889 -0.3246587652758316 0.10340356341368485 0.1801635420180349 -0.30609006403105116 -0.19978438846399088
4 3 0.521599058907377 0.011461482096117212 0.10673767693713403 0.338461574299581 0.010671556834494956 -0.03730952844049114 0.4706720930558431 -0.10773206702014214 0.3844871617912833 0.0582742855127517 0.24284214068275675 -0.03909175885999596 0.14886221841841865 -0.2715429908752202 0.20635950828849264 -0.09875147383868231 0.4152777562196967 -0.21212952971736487 -0.03782775933437189 0.41114513098329825 -0.17869467605647602
4 4 0.5500366990276451 0.22599119551341035 -0.32777959619352415 -0.5461375429915293 0.4456635944275098 -0.14453455017550115 0.6363778667246489 0.30514807633262286 0.21916896541493625 0.6177717672509866 0.09128123091769237 1.046453564550889e-55 -0.2988343968427833 -0.302952244483213 -0.55274802777341 -0.017940465797972878 -0.3633369596033733 0.4517651179989974 -0.03750961790657213 0.3028596137888098 -0.2733762456698078
5 2 0.07930166689018828 0.16137199135699903 -0.6454087589902946 -0.24584809779350772 0.09805039002159924 -0.0517097122629105
5 2 0.05375492061415443 -0.2924965457715891 0.15464545662463655 0.057581001267588104 0.4325001633044365 0.19973586971127735
5 2 0.11476605086449844 0.20307658171047296 0.0716732483033136 -0.11850739623963308 0.3637112367124393 -0.16245402783176893
5 2 0.523612760061312 0.4425090576573434 -0.2178155242299472 0.32829865677783565 -0.2409675434041399 0.22830499016766126
5 2 0.22700488229929755 0.06504021211705578 0.054047546777981986 0.40526215852571307 0.0023709021611996355 0.4090220730655036
5 2 0.1898236645390233 0.1302878902672699 0.05897176063413803 0.22658737807966534 0.18822099818087498 0.5972135191934069
5 2 -0.521598005284833 -0.3478199130539562 -0.010975386852299759 -0.2503609187778082 0.29574062804228457 -0.37543254305016793
5 2 -0.3867111277104481 0.41836010726672723 0.02800306538993183 0.20335863549246597 -0.07982911241892769 0.07808389595013784
5 2 0.22629370323194845 0.08197951471517705 -0.13809820345040602 0.17508280459357914 -0.3805080787403425 -0.06669009385486323
5 2 0.33212181984417105 -0.332155217934403 -0.2662890630288999 -0.21829854905427598 0.29254350508081134 -0.1696934454807285
5 2 0.16053181963197055 0.060322196915607126 0.10582209892425115 0.009701614005252495 -0.11145275290398741 0.4316992021314713
5 2 -0.12780548433101607 0.11861898417514204 0.20895492863522977 -0.7177142112303057 -0.3076749732117042 -0.09316584391013605
5 2 0.048295458364059074 0.4274513797998259 0.16620557898045107 -0.22772240497872903 0.11671544596284467 -0.15225215632521857
5 2 0.39758052004225236 -0.17776821577437157 -0.10917197445469347 0.1586524734362548 -0.3820073451211828 0.31990371659767086
5 2 -0.11601781300773518 -0.6561013919842844 0.16593965661493779 -0.2428253170969657 0.26147120955298914 -0.04163845132910922
5 2 0.07811626327040624 0.39637358844740156 0.08178022370696987 -0.029165817369772126 0.23128821586508214 0.5612262835298237
5 2 0.2992005725085372 -0.3549024080584369 0.05337990364374708 -0.14152481576698228 -0.05638046341084461 0.5218968222268476
5 2 -0.04870178954701582 0.6357259489229867 -0.03641634273056127 0.07035110412760659 -0.20060616139840304 -0.2685906363159752
5 2 0.408964648760815 0.2524189524783502 0.11957674352987348 -0.1877033772702527 0.1349400545211658 0.4271905425320066
5 2 -0.26149780259152056 -0.02125892706849849 -0.22670049824060287 0.09524809260958149 -0.2404985363207263 0.06560176878297015
5 3 0.09855766780903537 0.4074710064980455 -0.171284072478364 0.3337322520579843 0.29423405030847094 -0.2544256162852256 -0.357737572181692 0.010541570201246436 -0.4984755206669291 0.0018014576445608641 -0.41936470398787856 -0.317682655287433 0.2627190620143506 0.04920129298651554 -0.002902997861067751 -0.0805078215049814 -0.1765061579399074 -0.10382495551946769 -0.17224039618601836 -0.13137834061374887 0.11995105094937691
5 3 -0.0010806174388008015 -0.01019199738499359 0.0003438792710469817 -0.004141129426976355 -0.01696785305240626 -0.03259122145301936 0.0008812013312739108 -0.0007431267645890182 -0.0064734661633913 -0.0007069994301388496 -0.0110450941299299 -0.005070828028541891 0.0023441746915829854 -0.015407428602235299 -0.007363069227981701 -0.02101997979030472 -0.018460666578907502 -0.0007575277726480325 -0.00949755351932931 -0.007590145627578633 -0.025588699065306073
5 3 0.49539406206531306 0.07794433654098872 -0.5066011011572201 -0.08287125342584674 0.12565495650293118 -0.379611714028228 0.2180159818058793 0.11261801603178703 0.32241472845921926 0.39841594601527314 -0.2975131325234149 -0.015366228399466799 0.11007243120122237 -0.04761331827282819 -0.2539339232883845 0.1861383651119083 -0.1143256881850052 -0.027623462942586805 -0.22046710720365617 0.2581908648261661 0.339022488725351
5 3 0.36415239893991863 0.22658062124674555 -0.24284167172728022 0.013157022035278514 -0.19693318680253183 -0.22540720586952087 -1.0495704238530742e-40 0.09215140033261653 -0.25526299673766045 0.22040912175597255 -0.19127289641720566 -0.12120417510444773 0.18475177746889038 0.12302633547017397 -0.16761927714983996 -0.17182848511386864 -0.10978748349173222 0.20256564700862104 0.2338900453074863 0.1643416779293082 -0.38508862158482765
5 3 -0.1535673452359958 0.06467842351215475 0.03273082141977774 -0.16976574556247293 -0.0693850439428853 0.24028335847487578 0.3057023931968292 -0.04197074538403152 0.07985427549922229 0.15056411990934349 0.36004341193640627 -0.3218153496640921 -0.05267043565614718 -0.18525120272792087 0.059852889816931716 0.27506325835441614 -0.23274476263788124 0.14869615814604398 -0.038892714287136955 0.006969772286248744 0.4340622793822478
5 3 0.0965939074217907 -0.13157106802989324 -0.10317492710548792 -0.05593566615091877 -0.09128871242108426 -0.11772940967904505 0.16126191077952448 -0.24988308223788888 0.250607732096832 0.21075571778133254 -0.30486019800334757 -0.16531052416382905 0.02118088764517087 -0.025262591821138054 -0.22555598616658587 0.055198244044446 0.3010435646435887 0.04817192756067369 0.26322849405908405 0.2576180375932183 0.09472733015987798
5 3 -0.323270657684467 0.40610195168779284 0.30303464983979034 0.36531241654585883 0.12824734965407994 0.20157934969253208 -0.2243477454546161 -0.13741975628012054 0.22655543926460478 -0.26206815248259285 0.3993972527340434 0.24011968661088304 -0.2768500648139517 -0.1632568250994556 -0.30710812137489246 0.2366391038666093 0.1457905961372472 0.045514386092155225 0.13686045924446913 0.03599444937314997 0.36348210929785696
5 3 -0.12740394045377249 0.2308868040040232 0.22967011066437157 -0.2403463774711719 0.13042015792913356 -0.2682599281239955 -0.20572034240734763 0.3555810946685668 -0.017372076989496436 -0.19675456768203167 -0.22569281143653147 0.25455170534718646 -0.10492958426909128 -0.4149992676998607 0.3615764705703357 -0.0867237184949435 0.008087594056457932 -0.20028669302334826 -0.3419813506485971 0.4921254870120865 0.3351864316286573
5 3 -2.0452626349793426e-13 1.2174178918589692e-17 5.863669398742223e-57 7.969078340901879e-19 -2.375522568711106e-12 -3.942015461630638e-13 9.09990821624736e-44 -8.21735123940739e-35 2.9936863977658033e-19 -2.0382258145584066e-53 8.53941169325336e-57 -9.428704896203803e-17 -1.9459613922223316e-50 -3.4566686949901294e-26 -4.816159314566597e-21 5.290731532554573e-26 -1.9318005617526453e-15 -2.856305274287853e-12 -4.3161202012260365e-12 4.9171672245762345e-12 -0.07395288195777133
5 3 0.07704797150905952 -0.1815926272946713 0.16151146933481259 0.15178364399096989 0.1447116793328517 0.20384827052131804 0.22311914733538366 -0.3172866962280555 -0.32466435888489115 0.15985369598567598 -0.04195877531684212 -0.14295370913406036 0.1309593773726901 0.2190994485003994 -0.2396584095215513 -0.01840432553400944 -0.19261144372226938 0.05766458111911987 -0.007233644165682312 -0.11624577542245919 0.1591887827181218
5 3 -0.026227664173818454 -1.1256694451504304e-18 5.234423269665108e-32 -0.10430584311165003 -0.08580219612151886 -0.019385585567538523 3.306865190124063e-51 -0.11739105747228164 -0.04918355817246041 0.1820969248268353 0.0806134648528515 -0.067938902170907 0.13844416174306087 0.15201203862765605 -0.11051424590514744 0.21197272838509787 0.03634023324627159 0.027014454650109414 -0.16051443734004572 0.00025101653396748856 -0.2009021728195283
5 3 0.15179074588462135 0.06606984905255395 0.27151884420795663 0.25360473605321976 -0.030417902812552314 0.37746824466998014 -0.26278077625202156 0.22881342823276735 -0.07206750107660126 0.46737264873802836 -0.14439203895965214 -0.36165759675036396 0.14671480211795238 -0.22562402384018593 0.08054750883190034 -0.215838047822834 -0.433230942484072 -0.38144046980886726 -0.0840862392954677 0.04507712032403933 -0.1413111434517594
5 3 0.3985581203371001 0.10667716381330383 0.30995483249539413 0.08360294219607602 -0.2144790121839487 0.21027977620768526 0.11543110939764645 0.1375217112318773 -0.1519836121574816 -0.2243293600972296 -0.054118144188037565 0.4311749453893649 -0.15075063613558018 0.166816204041306 0.25761042085426733 -0.03376029491748095 -0.12915490039822725 0.29484793913994706 0.14487006663711374 0.31467768654824946 0.16487795205063369
5 3 -0.023135180083721393 0.3435604581951655 -0.1480448859203015 0.3791094390689721 -0.1423013891762682 0.13783645923616417 -0.0689108060121331 -0.10728065857992403 0.12597936956177674 0.09400433388377916 -0.285184458944902 0.6398240065308614 0.3681097882703514 0.05260906847609574 0.2591273226394781 0.19750196826739227 -0.36700619924358174 -0.41290530638435546 -0.3454091741186723 -0.1814929482544173 -0.04568482088519325
5 3 0.12811550579035325 0.3434816094331829 0.7262991249235057 -0.0820880147345452 0.1982677806728125 -0.225023136552874 -0.15042988346742206 0.36063303153053605 -0.054579905418478195 0.02561541271022455 -0.011113243862434237 0.08555798230179769 0.09321554494543198 0.5253975228896149 0.5073451747954115 -0.6839991100026908 0.3917386760536743 0.23218888622640016 -0.11841098186185144 0.17616081242001064 -0.11469563538961694
5 3 -0.13949214154573492 0.1287074251659162 -0.2617753012886802 0.29882989882214583 -0.06977920056379641 0.4311477734819982 -0.1902213392134301 0.23704942173429713 -0.3119574231655139 0.07279726292024119 0.17298838064237648 -0.20792214781768054 0.1393130611908115 -0.2545282060882146 -0.0622832046129582 0.41238388954327954 -0.014068708005959212 -0.0757050953523625 -0.3336849512517454 -0.20887640956195427 0.4329079019954711
5 3 0.09466721029838962 -0.21257054841150957 -0.14271888652079814 -0.18677807490803017 0.2063352148211879 0.33873005004319423 0.28547327746207607 -0.5468318925117178 0.05818057876222634 -0.14224696783142743 -0.29783558120645276 -0.11930183760193491 0.07743572257564803 -0.059499882882473744 0.08700155236667362 -0.21670663433280224 0.3075965815026722 -0.35218283097238595 0.09627730666414214 0.0012321840482741266 -0.025066326932458676
5 3 0.08640509204546883 -0.12931968957179663 -0.017255180930253588 -0.25634482947657816 0.12342819922127175 -0.1963205527867516 -0.14825342644155065 -0.3701388634650077 -0.1539822137138752 -0.010361526488377812 -0.24198605425786268 -0.29414080541529336 0.23719146499763616 -0.14863782358516697 0.16585725164742116 0.31068236016096207 -0.3312527404596827 0.05177328788901796 0.22412406143246344 -0.44865743831502275 0.1483823217632535
5 3 0.31494836190512265 0.2491934162022453 0.08112444844320678 -0.021749232468236603 0.3470969969639339 -0.24516483088026134 -0.04542349006840002 0.31063308601035455 -0.21674848502510763 -0.23182497135180127 0.31511851188328727 -0.052362593440975214 0.3530560810110585 0.013112372723241115 0.1432084098613536 0.19941280147323978 0.3007374858139454 -0.4734367044420483 0.06682197841714532 -0.00911547760091294 -0.08746476777361861
5 3 -0.13111743000910947 -0.1321791774362688 -0.05366050635661194 -0.35249158648806667 -0.08564462420646861 0.24308384247130851 -0.19109524247635848 -0.17185878714204988 0.2200054678475735 -0.31165446624472126 -0.10687429942632139 -0.23772437580458225 -0.17911710070566886 -0.3107782570876385 0.18463723966437268 0.1440756805719451 0.37925640037226455 0.3294202112133116 0.18712299962590553 -0.008542424163127414 0.031589766328861985
5 4 0.2883248787192837 -0.011405639042249525 0.30212515532283873 -0.4176425575121397 -0.08597079124943319 0.36052669400465254 -0.16666642137543083 0.23838769102062085 4.284560910777448e-14 -0.272771767585774 -0.015928778940810198 0.13960166307689018 0.3249723444591519 0.23636502340904697 0.28012137748383725 -0.46727457072353584 -0.13513364236595535 0.441539249352132 -0.506420753724409 -0.25983535068150654 0.4481500962239643
