Number of NNs: 1
NN configuration 1: 5 50 50 1
NN Layer Weights Bias
1 2 -0.012693719087700457 0.2965929387458501 0.10579733853169382 0.3589051658300803 0.35135192928481934 -0.20506788483015095
1 2 0.07170051768835138 0.030245943865454192 -0.2508921874239342 0.33660391910167453 0.09985305075176827 0.12504100027288895
1 2 -0.12002881259287106 0.1303528182795504 0.06094695115703452 0.09168589396318977 0.08752569996012179 -0.16755204334374194
1 2 -0.18671038869209847 -0.1967859751600775 0.36552634307398485 0.2075406017975693 0.1032845455787264 -0.29232802633718014
1 2 -0.09922108736015302 -0.2072631238666494 -0.30163515422281123 -0.13422757058683593 -0.09386273190927351 0.007155719843321151
1 2 0.3338397655360256 -0.032404954758824385 -0.271842664878263 -0.0888825399337879 0.1337360421021405 0.2875483513974809
1 2 0.10808531082897778 -0.3695127067001291 -0.01666432261136702 -0.1527128199491211 0.16153678655147957 -0.2695592315679159
1 2 -0.04847651209559054 -0.2537532916473398 -0.18190661772822253 0.05814383860221753 0.05744097040109308 -0.05810140850321616
1 2 0.29203331965364165 -0.25621033020930617 0.31932488757307315 -0.153608217440956 0.20562821600175177 0.015262432122728077
1 2 -0.20888138648064727 0.22023413244443527 0.028743530402985898 0.2980930766021326 -0.3258012103331578 -0.10072161682714414
1 2 -0.2249495704983057 0.05398035713092364 0.08866947672407513 -0.0018866091819274232 0.0066168467142335005 -0.14891383970876998
1 2 0.05783591519165787 0.07240926050870611 0.062409756094086506 -0.33531234363301043 -0.15935692319663283 0.06163531938612739
1 2 0.08465383293088702 -0.3231398311355704 0.20196957958179343 0.03348072332381419 0.1274273864363968 -0.0020499481165118624
1 2 0.03603304150087815 0.03141274878095084 -0.04445674777437174 -0.34906355716438325 0.15440742442861646 -0.022513181030353577
1 2 0.2687914246681104 0.07202551752293113 -0.16610500274197246 0.13128055295793462 -0.22568309369381212 -0.2114741727567577
1 2 0.06518103676416982 0.25254324291414737 -0.16813665428337948 0.25291484976181594 -0.007819843872680966 0.12624872217835933
1 2 0.2737504022671479 -0.2322798619857776 -0.06413774474210376 -0.05264251795876409 0.3036676724431221 -0.11966924320955259
1 2 -0.15629064491057065 -0.21337349327377148 -0.2765440510394301 -0.09589579151004164 -0.13861478489440343 -0.33954690687095324
1 2 -0.24889313153414067 0.3179470149963725 -0.06998994298730153 -0.09299828975000247 0.2473738667245026 0.1699418637364481
1 2 0.26600758622840504 0.1668742685070126 0.20733634728322525 0.2675595270890708 -0.33697633469684063 0.027302475608907927
1 2 -0.2810503534081125 -0.2769274046980562 -0.09592626312138235 -0.2086677361406069 0.020251226798176297 0.11522479653870356
1 2 0.008695834311111959 -0.14135871925118515 0.175896813038797 0.004175317205661402 0.21299362672431918 -0.19869336416523037
1 2 0.0944738400792399 0.10613656399901011 0.020958586711617173 0.12349075467533834 0.1549940714859554 -0.12686677164182802
1 2 0.1932174586921317 -0.01072341399007409 -0.3655271186105341 0.2359855611007752 0.10972726502740479 -0.23993547075390698
1 2 -0.06972210854964646 -0.1736002696762094 0.11956077495323685 0.027340970835192564 0.12359455490447745 -0.3434887717051816
1 2 -0.03684013404901043 -0.18629316530084394 -0.3091173704997335 0.1330974327616059 0.3942219005672586 -0.2075641215282358
1 2 -0.18061807528560575 0.0885148840599413 0.22434947677938558 -0.13943119438430954 -0.31979765675028876 0.0010527477168735407
1 2 0.05394039313550412 0.13846201766508764 0.32553285194837983 0.3406731473655047 -0.2509770635604435 0.14669713989849248
1 2 0.023556457891834547 -0.042453467871502504 0.13883204672281152 -0.060680569271177535 -0.17830245411717616 0.11512320656942822
1 2 0.24926848142157745 -0.35367746527585664 0.09630596952594256 0.17839005472244654 -0.059693083094165676 -0.23980527120627287
1 2 -0.07073155781849907 0.3107100168140751 -0.24972353458983718 -0.2776251801622583 -0.00019149337282397709 -0.18276058825583313
1 2 -0.23907517371988385 0.225284160508232 -0.10486129673787388 -0.13323116478595043 0.2512937164245 -0.22237208779977832
1 2 0.09099277855090648 -0.0614894077588819 0.35454947399496317 -0.23758825784590792 0.28590968940631134 -0.2864813914819228
1 2 -0.11386731902043014 0.29915839119002496 -0.2669088456705289 0.26022801285589003 -0.2045739223390587 0.0011024894227910451
1 2 -0.31259030700419643 -0.2598827832619286 0.021133943816722546 -0.15924205390334376 -0.18980035578412827 0.1332515910499473
1 2 -0.022268357904051635 -0.08143003535731279 -0.039085697952262355 -0.1524856235475016 0.24972558749980403 -0.025487518197501217
1 2 0.2930863023215646 0.22287167546346512 0.11476439318175795 0.06435630791505939 -0.0017704973298570542 -0.08695643740562761
1 2 -0.026625750704560636 -0.27364904128336126 0.24493589912434796 -0.10873462886147531 -0.010036307911529728 -0.2756963256122159
1 2 -0.17575188474434522 0.12349882888471453 -0.06290897787390214 -0.16964528091001863 -0.3216496682491243 -0.018712836037651524
1 2 -0.003611254081191045 0.20820499884850602 0.13863781652757218 0.20544339938506484 0.28627930588811773 -0.05136922892934007
1 2 0.13827766341236744 0.1069020672421785 0.2761851701138421 0.21530423577480035 -0.31212801689541075 -0.0007821638540234761
1 2 0.20006537315109957 -0.2558172563409396 0.29765997311400433 -0.09478481039741993 -0.060351216999539645 0.09137592241323746
1 2 -0.06704351557579234 0.2556523394845327 0.23269462330682986 -0.1798297499398373 -0.08839548932926994 -0.028612239046733493
1 2 -0.2703421366574203 -0.07175393439788291 0.0068349150531298265 0.04486092102067439 0.2479948687127467 -0.2348504077078472
1 2 -0.24624191180428878 -0.3577175749691197 0.23213546050793477 -0.2212033120925783 -0.2903526079016673 -0.19651797714379213
1 2 0.266528390849185 -0.1845200887098195 -0.19484050030335187 -0.36662095145153106 -0.29324661205840424 0.08427147244154155
1 2 0.24427196234084653 0.16048834348553745 0.24088265346704354 -0.1922797575473163 -0.15127469662514684 -0.10992988539531796
1 2 -0.05473797758299175 -0.004273421194520113 -0.27593864503464366 -0.00993056823427261 -0.15751402231014383 0.07923803499090605
1 2 0.12918191072499924 0.023206173039820994 -0.017011815303387683 -0.30629534867993746 0.33018950834805255 -0.2345817434698985
1 2 -0.18589587909433614 -0.10844872570337852 -0.28390788216878143 0.0910047973025508 -0.32244979854195327 0.002337074048052801
1 3 0.07901004919253415 -0.2081513048913606 0.0042088957982955606 0.03229828517523105 -0.08362109830148896 -0.25605937293971287 -0.000572745472726234 0.015006238974295523 -0.36222882536124307 0.07804638858208851 -0.24046166736100602 0.11556086768285061 -0.14458837707918434 -0.30821160646952817 -0.17275859509963581 0.19204848720975404 -0.08852749951925021 0.14792940368352672 0.18366213451218394 0.09594256241118591 -0.05994868865520452 0.21579808807460152 0.019523337587799266 -0.03129836521547018 -0.00013994833041074738 -0.23888599659367785 0.031160510890169538 0.19771157785935925 -0.016877757618789093 0.22216387945078192 0.08344438809421975 0.140361455183332 -0.05733065478960444 -0.2668690342873992 -0.1462174021427541 0.06447814406179835 0.17668305180637728 0.09467089926299548 -0.01901120190051329 -0.1864520290307235 -0.15346960376434055 0.10702371108211037 -0.14141616983198885 -0.10046829423407215 0.2664456542080169 -0.21626866283320711 0.08495694172647333 0.04727142888493946 0.009949677947904098 0.07464670366866501 0.0015396865939874974
1 3 -0.2090788767435098 0.18101528096911587 0.15921406010933317 0.09854723624974589 0.16914808168115297 -0.08180885305747501 0.018665475031409477 0.1512117861400368 -0.005650097422197269 0.056718700698682685 0.17748244290534462 -0.04902393742441415 0.200557919359974 0.16561418095825023 -0.06523746371764885 -0.16243936154538993 -0.14454976309814768 0.08278061397886695 -0.03603383269099364 -0.05597772604158508 0.17957745778472517 -0.008021146212350234 0.18190890627233652 -0.17139305568640723 -0.026539347727927612 0.18098350897216464 0.1370760705598682 0.14022849815704258 -0.05929566264938017 -0.12826650414367996 0.17489401004162028 0.17516534599415276 -0.07825846427536326 -0.03548219874323855 0.11007417830903758 -0.03404331934519485 -0.23369295587461014 0.09197122337235647 0.27596862947377326 -0.21610452192924162 -0.05245888481321956 -0.07096539528578134 0.18271430204882438 0.058147894114570504 0.23620304708591786 0.057134881211093405 -0.15091320837244207 -0.1458803154014442 0.18235503383875834 -0.10801256709339466 0.13043687879637525
1 3 0.05139224135582578 -0.15934954978468832 -0.0686192207752273 0.22032698080538324 0.0429411703859331 -0.03822435743724086 0.11831976456232186 -0.04758343613261024 -0.11871036052481072 0.06478042662501883 -0.028688166936917305 -0.053685399841771585 0.11232432465330396 -0.17197923238127788 0.15881204099705254 -0.01854146572676476 -0.1585265726289904 -0.012490019926336176 0.20227843077655394 0.07698839537001098 -0.15763211804264926 0.09709172992464779 -0.008076123587467891 0.12828032736411424 0.2807686262567997 0.17804331418733865 -0.19026097200992365 0.025817211660666233 0.11017394172343033 -0.07401709506631188 0.26487972670634347 -0.022950849533570367 0.12996915342537346 0.24834293924933137 0.1866702087988476 -0.14284951865032572 0.026820281345042794 0.10517271085620676 -0.14655110160006546 -0.09711449365415036 -0.21529956659691799 -0.03840485391605931 -0.1536374172198684 0.0564852617666441 -0.024867862727946905 -0.12907454232417062 0.19166174445702153 0.05477683150404733 -0.29955084370985297 0.07067825223620382 0.04804650373861398
1 3 0.15302951529386327 0.04922268022881306 0.17783989857767613 -0.09545750137056794 0.28296552312970624 -0.0967763477920806 -0.1615240975893895 -0.1386928631009776 -0.08431559159723759 0.10410819118220713 0.03868612236791194 -0.17593596040754353 0.18456971318242532 0.03716721271135823 -0.07707601743034675 -0.1088587907773979 0.2677479924013072 0.10455606919168209 -0.13003313790555962 0.028241431130859678 0.1371148139777621 -0.1655221428163408 -0.06953276087034424 0.23419506108082724 0.07273099419036162 -0.061358183178159345 0.20495529700438364 -0.04159532429772611 0.09289564010351971 0.20715551692737605 0.1385631124338456 -0.13310353376318165 0.19249258835349983 0.0886080318288529 -0.056164663084750634 0.24218564581635296 0.10821961512519158 0.002535138717896728 0.21649373179912926 0.2196589369828299 0.09355003837335149 -0.07630949084774372 -0.12287585030426394 0.1415626882624549 -0.05776165492831575 0.2822820915304802 0.14325522881985475 -0.055467481356661436 0.1016008826552581 -0.0035265045079108117 -0.0391606091490822
1 3 0.20741882370145184 -0.18162694552917613 -0.16000349336742667 -0.020478286542484913 0.27236236669818115 -0.06896654141933262 0.03648697709875289 -0.0034603163491266887 -0.018470936846249397 0.004036505803758833 0.07582067320707804 -0.001098496770557208 -0.1797455221706703 0.2532912350977927 0.08769722239914937 -0.009144741186082668 -0.044860247741532834 0.23789337596496388 0.19913793074933273 0.23157699473858903 0.20552815306542904 0.08127928613674532 -0.1649365123876297 -0.020708640143063235 0.27991064556319895 0.26349939520971954 0.14400012185481528 -0.02603883642933923 -0.1166360334700474 0.12649898011819913 -0.1562117069928644 0.02862765753881084 0.025146581062351656 -0.1439851338358937 0.041047094225147844 -0.00443647039534278 -0.11195028157808178 -0.03280977629090433 0.24128773308982848 -0.21794562668500986 -0.02899499037605089 -0.06617170348587569 -0.13650579238608748 -0.09097517870466129 -0.1499624021319504 0.273368334751557 0.06200052504355453 -0.185328004778434 0.22429635292904263 -0.14445314323267394 -0.08567285661561393
1 3 0.000408074877103886 -0.03601091240112153 0.21632014744734587 0.16287492978853377 0.06495258963445463 -0.18793013797361294 0.04773421933654321 -0.03246062819074358 -0.18003307289112505 0.10061819383320217 0.09072026434210312 0.2119155605636709 -0.07303332549650694 0.10591536206596122 -0.16091470211041475 0.12513918295910512 0.05206780032951182 -0.20154294998038605 0.10861962942183001 0.06239463185494311 -0.043175895862469914 0.10744274436634359 0.12083682119292644 -0.13415705154349988 0.13018194657156082 -0.017658938263457415 -0.030478197355378725 0.023321540015605387 0.07085471930532719 -0.18141619152665517 0.09883312618366154 -0.07603318367889124 -0.1839806061105475 0.11918380710548733 0.2590093087149091 0.19973571041059443 -0.14316007355757268 -0.02291218355349437 0.05915296051439519 -0.27978209759010425 0.210718583558881 0.10197220383143407 0.1901457725872585 -0.0639255715007817 0.020737726812457564 0.18856139561633445 -0.17622483225304997 -0.1902606851053177 0.13194435036105548 -0.0640505095072423 0.14597064061996734
1 3 0.07754205954596897 0.27212776193267696 0.16106126203138066 -0.12155036717829056 -0.025579382808444344 -0.13955001813517592 -0.2221883271040032 -0.022215666130709102 -0.01710392023770763 0.06106896288010728 0.21859000738163217 0.04485972554616422 -0.04291886152385416 -0.05600501996651329 0.10166181257940878 -0.12596334575600027 -0.23765004696243697 0.24836277927157815 -0.11745399702683178 -0.13626760207211544 0.05102601552317439 0.0972044252695228 -0.2034504834534977 0.20668007206075792 0.25775003438101923 0.20168485744308426 -0.21972345770426005 0.142006382546603 -0.18415592528898353 -0.03264560219607399 0.12660249372227395 0.25273408652528345 -0.0805807483256534 0.1269546365897459 -0.18160810198217886 -0.16703085316844304 -0.13194997529564942 -0.08623014456642342 -0.1861826618933115 -0.2253936727281104 -0.11137510589660247 0.19683844933451747 -0.1275643905859469 0.10286696975944885 -0.012011379414041245 0.2091029943872905 -0.11236425643932034 0.15820851984791875 -0.12003960601186629 -0.0021494294943956976 0.05393837021824688
1 3 0.2044531500753088 0.03712033195951837 0.11533974605275259 0.2335091706349168 0.055208089664320344 0.20501355811531707 0.09235459567204041 0.21702761584154895 0.2061795269058139 -0.25327982979021735 0.09675111389845457 -0.06800134714731697 -0.10289504993557641 0.031547654470578605 0.047866764914214 -0.10998896211127698 -0.038290220712934316 0.16192420229646104 0.16679901832850424 0.2282152608825298 0.12186357982701716 -0.08721526686170727 -0.1768701579030537 0.18343398644119963 -0.11144141675721281 -0.1255379540750538 0.1181139452105588 0.041594577616241045 -0.03126757308812227 0.15726110129108783 0.19903982523012873 0.11743305452086138 0.05639743351648969 -0.09309022596277108 0.12759974740748847 -0.0010133303729225427 -0.08184471683402475 0.13011116303265582 -0.031249954434114612 -0.12446569327467813 -0.13301691829132548 -0.07496471381914484 0.2839984948843748 0.19419262277381702 -0.03364960828595396 0.2596669411656728 -0.009835880187363057 0.04115340255460267 -0.13405812869313774 0.22114309402415275 -0.12438245570504598
1 3 0.011672333997441522 -0.2584237916203411 -0.1315184401733315 0.16141756239952 -0.11817610694918715 0.07464998471792965 0.12093161752199302 -0.16695436268008046 -0.1652978456074843 0.17901044919922918 0.09805309715044881 0.06535998378065994 -0.05663996701053078 0.00888331562127076 0.11187948896873802 0.08333947510171888 -0.017085490931174015 -0.042770047350162675 -0.17245030538080894 0.21555718105684613 -0.034013800373624926 -0.04351011330933132 0.03724183237164576 0.11189086958188221 0.27430917966169277 -0.10676779108777712 -0.23783159685548932 0.06077639933827834 -0.13066974647237506 -0.0846166732509365 0.1848815923229923 -0.17065272487954236 0.034660513331717935 -0.007551657174200888 0.03499193531538224 -0.16518243366260685 -0.07821294688835218 -0.05501535025885705 -0.11120327836022104 -0.11806844105947409 -0.05569600225932602 -0.062439391065143644 0.19746977941086774 0.1124321615718187 0.1616663586194708 -0.017230009221131864 0.15290647673447152 0.14541159511991383 0.15607693313112167 -0.02852662446787288 0.05557244966000535
1 3 -0.05802822391436061 -0.11275454010878562 -0.03801824251672669 0.2137430812328606 -0.09768526847906771 0.23419356435697528 0.2601467325818402 0.030145764231209977 -0.1615944684592451 -0.10630499461890801 -0.14065888494081738 -0.1487937345683164 -0.1094414453377988 -0.20308264507261317 -0.03712074375322835 0.03864851496654103 -0.09775191353794697 0.08847612215982023 0.15703162953809283 -0.08254250266167834 0.16995771184774605 -0.1866715036312759 -0.11982563247557057 -0.1743020527400456 -0.03455755463222779 -0.18910754320299192 -0.14645846921335942 -0.17227967368248565 0.09711127543257811 -0.12166303637888867 0.18715328020507727 -0.10431658704838642 0.017898355873815143 -0.17192232093655033 0.12127567654140387 0.0031768084041776945 -0.3131117965967792 0.1523839124215488 -0.1449394989284539 -0.018376676425711478 0.09200785890552979 -0.2590952752330967 -0.1851042958937766 -0.26336589904084773 0.2807543551315179 0.05401089330195802 0.021413974818313 0.036088628801380536 -0.05243427599423898 -0.05645283543791957 -0.01283611075794698
1 3 0.07858165716645928 0.1723096765628512 0.243123282484996 0.24466295278218594 0.2489549562542268 0.16229181572674384 0.1613422270265653 0.09082022874519394 -0.06938535336170287 0.15966801217926738 -0.009438473872298908 0.12630666454026462 -0.22206288379586214 -0.03162091867048835 -0.17802964536334437 0.04385167963227925 -0.07024002366157078 0.213276401166195 -0.006138573405117082 -0.17382707031303288 -0.15563572800134812 0.17600775485846218 -0.00345404874220917 -0.2062662792331438 0.32263501640417885 0.2059512823750055 -0.20696714893793108 -0.15618981322512454 0.0509438301371004 -0.19435224333758278 -0.10886215232587469 0.12955527790481414 0.14770740582240874 0.05793607818653391 0.16131947539742475 -0.14671433291425565 -0.11533081598781292 0.07995682695304508 -0.014929349696789149 0.031962158038976854 0.27483880885983036 -0.03432472780274847 -0.04027887821931614 0.023765931661431056 -0.13445551149389018 0.058575759092410404 0.080351209675339 0.19765147172543332 -0.1927556488971135 0.09391338284274352 -0.022286889671079838
1 3 0.028092406740202358 0.19988601734646924 0.1428717625689098 0.03594222230190854 -0.1598572990735238 0.12901845548746593 0.10187523340158572 -0.038185880497264825 0.059992979588354055 0.06317304316398246 0.042788960458811774 -0.2018851804093299 0.1139448049399081 0.039715760924352216 0.09835312617081399 0.09662046666323844 0.00409303955522048 -0.1935408418281871 -0.06861064914364122 -0.013760749016520303 0.22005591304020788 0.0127608675638396 0.027684248011457854 -0.12140573891560227 0.037501572338758754 0.1735491281903811 -0.29931491562381246 -0.22363891343427802 0.11626883511580399 -0.0512235246065915 0.13003578833978843 0.06681057859695803 -0.19252699149379415 0.08522531260943281 -0.17883601701965862 0.03456070251594273 0.18058394953897602 0.16929570795197416 -0.18025118631871861 0.15576394186164821 0.16850343821950506 0.011020413237189608 -0.03933092938258804 -0.11255290971195597 0.07039558494914598 0.06417949511932278 -0.11149810951321559 0.18239573325073852 0.05555363967566583 -0.19235609448450577 0.040111366949414064
1 3 -0.04459943744600248 0.15735957625731253 0.06223310778204564 0.10049289567016467 -0.1283615445472297 -0.08678681975812576 -0.09847780788813051 -0.08522069969239664 -0.14943123741774839 0.09807746321111492 0.2272244677491626 0.09873488017051713 0.290039143297621 -0.14193425628551606 0.045796412661700626 -0.10883185202694541 -0.057219194970137256 -0.15333215117894397 0.16544395055077896 -0.19929860967351953 0.1864616634849258 -0.00047192345189459755 -0.19940971353066092 0.23550806534918717 0.224691258963443 0.1005404635739593 0.19517879397748175 0.1428115757050922 -0.20945576391171514 -0.12497811966660527 -0.005212680651867847 0.2536318718582036 0.0985160641461959 0.09873497135926194 0.14738190894773454 0.19205878560305384 0.0025707871758963324 -0.11506139545352775 -0.18920281213141926 -0.04400918157308012 -0.037405451114410466 -0.10890633194374336 -0.1822827146618141 0.12251904507189597 0.10501747117456206 -0.21296562891585227 0.07725059050701716 0.1570710251646792 0.2659275773345383 0.09609935307509407 0.0032319340245702435
1 3 -8.669272411720027e-16 1.440563170682735e-06 -0.00013542442996990214 -5.496106446869975e-09 1.2569331386210722e-11 -0.0006470052540146078 0.0001564335046293836 -7.027145972679163e-09 0.000241067472203988 0.0001423201937438966 -2.6347406157722452e-05 -6.528690575092124e-10 7.93138004296665e-13 -3.0695709569469027e-06 -0.0005759857183715087 -0.0006404949700834198 0.00020440541840294782 -1.1137102225709994e-06 2.761762094502802e-17 1.3605563250455738e-07 6.591904753395285e-08 1.0476823507976076e-06 -2.702519379056573e-18 4.548532744921165e-05 -2.506407643514605e-16 -0.0006719559905792612 -7.493543584345779e-07 -0.00015821641360070377 -0.00024147950378012285 0.000590690251881807 5.1247129986401545e-05 -1.6528224847561622e-05 2.6568102554460272e-05 -0.00022557696121615887 1.1756190869881205e-10 -2.7802964134333912e-05 -6.939486406863356e-17 -8.683818075016549e-19 6.15518472107218e-06 -2.5799227960665505e-08 0.0006349308173841928 -0.0004052671907842108 -0.000800843825686674 0.0008502301061807648 1.0655685790413095e-15 -1.262977013869335e-05 7.237263696242322e-17 -0.0006415086738383602 -0.0002561407894401451 0.00026361508113732454 -0.11614459127577809
1 3 0.2547506608552295 -0.012600582226152299 -0.1551073661742003 0.07803504887113921 -0.027582333265259516 -0.04585945453745736 0.17683230936607586 -0.20721581306473744 0.1907306284309881 0.03230490362310394 -0.2388374494311581 0.003423715288427103 -0.06054606649550811 -0.07093071193477019 0.17699443984891602 0.02669089482686869 0.053939570629970804 -0.054338846245594465 0.06359502485690986 -0.10394382305339299 0.13965673803144318 0.10751564236088006 0.19152544013158687 -0.1976732146101814 -0.26065745300830523 -0.18901238852992042 -0.042969387825525514 -0.01860842955873109 0.0412105370495727 -0.04108507184133661 -0.11817511315340802 -0.18498596555775412 0.19585374255536733 0.09124281057697615 -0.13202018198548793 0.02622513062546083 -0.04894354254835045 0.04063594214360429 0.0931943753645421 -0.15461219909004675 0.1691082297186332 0.04675639075273633 0.05639298891532341 0.20583847450775208 -0.18639391287705376 -0.12568720203476694 0.16975750484970661 -0.2669457447747126 -0.10167621719807461 0.21329519732516472 0.19523104412014233
1 3 4.2375028814192435e-06 0.0005678277864675985 5.541092343719244e-09 -4.823757263071016e-05 3.0256763520938304e-08 -1.196582304485093e-06 -0.0006274283736783305 7.097762147686291e-09 -7.778779198583654e-17 0.0008590262035892465 2.2667829794490215e-17 0.00032962929792695986 -0.0005198760046365466 -1.540917133560934e-11 0.0006193019858930512 -9.328390848309327e-05 -1.8621236052653364e-06 2.7324206956094337e-12 2.6449802117826567e-12 -0.0008191447015011948 -0.0004920446256167845 -3.2056087428107905e-06 2.9164883110664226e-06 2.8837242302648763e-08 1.3055951916173476e-05 1.6550222082432545e-16 3.860343242833734e-15 -5.0884168489738366e-05 0.0006407060402487284 0.0011448613673818771 -8.349710750542643e-10 -1.0210155743317422e-05 -2.2891943283862095e-06 -4.264266881550517e-06 -1.9839759701853876e-05 2.362333822885615e-05 4.3474146712012536e-11 4.424469300874911e-06 -0.0009985504032235287 -6.015724189527807e-15 0.00012766314417870126 -3.821870446526782e-14 -7.615833791583884e-06 -0.0006635392623651858 9.254025217530244e-17 -2.76092671966144e-05 5.839353983105375e-14 -6.708030307298701e-09 0.0009759227489366729 -4.736188026788904e-14 -0.14831579519522853
1 3 -0.05382265496674913 -0.15120319718053082 -0.18865015369592336 0.19502838666462619 0.23455847012655334 0.1381069438443019 0.011663195121384149 -0.05994169113304679 0.21778885257108477 0.14374528164000655 -0.10488308989021736 0.07002900368170482 0.211403818859917 -0.1338510154686237 0.2715859571382833 -0.0717411279735481 0.1378701301462009 0.174664109272144 0.02507080820825066 0.08200487676574908 0.16348528777187163 -0.24846557737016375 -0.18414944879698333 -0.13337631224273494 0.10095428686677033 0.24254813628493196 -0.08015877900149568 0.2162240042372423 -0.20738651185888138 0.07899938761052663 0.21507371513955292 0.0632801638662449 0.19130317469161243 0.13238702420811044 0.221276483589966 0.18201884978090102 -0.0012625382753020642 -0.012350999556332171 -0.026993352031668763 0.1576053530806231 0.1354671726557128 -0.22945816575026598 0.2351034274775489 -0.2679440902746738 0.07559898352659142 -0.038280998224686134 -0.17183265581064003 -0.10316660123353534 0.05207528195521519 -0.04478630873355647 -0.07188207693513775
1 3 0.036236706943904816 -0.021695666992822674 -0.13349771062722404 -0.11330893738622397 -0.13704572744622123 0.19486161048264544 -0.11901824506763455 -0.13516145781781722 -0.0708530799822537 0.11139388852372188 -0.2208418077794341 -0.0038124746311659556 0.25688095651920034 0.09906057246544887 -0.09858465199605006 -0.1325067362962108 0.1285969543254183 -0.04788985991588496 -0.09279604171261704 0.24483696581385475 0.16650943602246818 -0.10791487431104346 0.08038581057218679 0.13766131747654237 0.0870721264401965 -0.212303970595107 -0.018374027416618494 0.12066090186060321 -0.13694767553567752 -0.08325117305905326 0.16427628291279853 -0.10056142242411237 0.041627518633509004 -0.25623517288912573 -0.16824079856971055 -0.027451665091832396 0.22993590762760516 -0.09912090468997395 0.1079668015880422 0.1520446080194114 0.16616910793601342 -0.1281637337529603 -0.05167083454409205 0.18769558343774598 -0.14061641874058978 0.19086530905951204 0.21757553353251052 -0.13304694256131397 -0.25320294889798256 0.09418852461010578 0.1714783467873828
1 3 0.16596846805960389 0.0698544966051163 0.17642150750326535 -0.08017591205820639 0.14919207505312135 -0.12224729257299459 -0.02728167680585184 0.19760682952138872 0.2306826827484437 -0.0010820585575324843 -0.09692267557739635 0.09656075712875643 0.20036845924171212 0.20211989733302788 0.056920338261951794 0.13845414532414344 -0.19160661958451036 0.015291175885510684 -0.09147681694174947 0.0981704162821938 0.21780406906716362 -0.14981983117094527 -0.04097420518472202 -0.12355015334862268 0.23413026164143677 0.06735293621520085 0.056520781226430276 -0.14552395983257002 -0.2563832868385132 -0.04413873714781277 -0.028232960924030225 -0.244539861672947 0.22443469970637023 -0.14680932319775566 0.12678210095348788 -0.09645916388398947 -0.16686095041090662 0.245514351051816 0.036346347898117644 0.1431434814073664 -0.11524977307985566 0.20431159091155457 -0.012488288044030798 -0.03108734427196348 0.10861194508561837 -0.17149447794090886 0.11704533494968779 -0.11085925005167517 -0.05421905157482643 0.062342133593343514 -0.10645408010699026
1 3 0.20042544886092262 -0.056326628962738885 0.021704453960064304 0.015101858318305354 0.06975050423229648 -0.10591874208422786 -0.03566675110411424 -0.026554293615057664 0.0014092283382983804 -0.22871873315496413 0.07596766198624456 -0.20626046065610815 0.14305034312700748 -0.04963548568329533 -0.0978394855931642 0.21697510531194591 -0.11516326052413242 0.05615184628555303 0.1592579888677305 -0.052315315112701176 0.024927096415670633 0.2194568789294024 0.03231013582778574 0.22755482257977422 0.005450393882685487 0.114715381553386 0.02583016403768767 -0.002407192262641342 -0.0016893393056837962 -0.03903791834150154 -0.09212094050264004 0.1591827482775201 0.09874456341994547 -0.06718079396015901 0.1594905185297623 -0.18383879292900449 0.12126711037926736 0.18288446506490683 -0.20618564981688356 0.23639834239557264 0.06101780646350846 -0.09723102503446156 0.12201234338471553 -0.15537552914766914 -0.15373251668957708 0.09092115976249937 -0.004919403565921989 -0.021955634176529237 0.02931365349825233 0.12293226020446579 0.1609309224217834
1 3 0.03257577137488085 0.20346730625393902 0.17711306864201723 0.12008826553494203 0.12741146159039515 -0.0674647758058699 -0.18866689154492222 0.2159100349447636 -0.042898521440566856 -0.14542154264756027 -0.016582825923592552 0.24369799237974862 -0.16696215418817897 0.05870151825293323 -0.013391312487311046 -0.11268057681090822 0.0515393799142688 -0.12695594095007406 -0.24724711684225673 0.19586556557712914 0.19198481341142615 -0.2185823390795105 -0.1180544654347808 -0.19988477037418556 -0.13494945533000885 -0.1118656382723149 -0.004541555732084406 -0.08587168715208887 0.11532449700220991 -0.1465287800813573 -0.05961037499132652 0.19178845392829172 -0.24249412556418506 -0.10475181723190231 -0.03975516026647934 -0.1357375957731702 -0.0572866071222236 -0.039557985371395966 0.06037316901488627 0.05292328029604455 0.11652722936184186 -0.03152844472096715 -0.0453409256461316 0.15321138909082904 -0.11960536332362323 -0.0002769825865844918 0.059572441110806555 -0.17644230083126358 -0.20945857332608533 -0.12234448789771332 0.0574703727749509
1 3 0.09551404461201767 -0.043414687673947634 0.18539633297030575 0.08130577647973827 0.12188736707160594 -0.06506926569019764 0.288538210663218 0.1936115545730556 -0.0036058765022760862 -0.12249440288360582 -0.1924560141282168 -0.01069712510764561 -0.10646098932647056 -0.04305769833044817 0.09188843441714653 -0.038140175371339326 0.29208320145506017 -0.0065228294174022655 0.006859361493737118 -0.10638389893531296 -0.22468917576159764 -0.0950862266325875 -0.012913925783693585 0.06607549568832165 0.010338484370116622 -0.03413359902989066 -0.07595033786644335 -0.2508162420085217 0.23189032727211645 -0.3475899067379494 -0.03856846218195256 -0.0866364612649265 0.22993915790802721 0.19600110766246095 0.19312046272479616 0.2956185637790605 0.0019437538675054595 -0.17288951335396335 -0.09053557655623179 0.1675581497256559 -0.08383046937313743 -0.2813765674479516 -0.14474931202803423 -0.008386762202628312 -0.21980834471829125 0.2314149794894498 0.1014686587203188 0.03833803624049572 0.17424143162368103 0.19639751857787494 -0.04067473560105074
1 3 -0.13456847367821376 -0.002008888249268769 0.0021279968099162053 0.040268303078901835 0.2746171745076393 -0.028368430486851774 0.02078703322551839 0.10245360260129077 0.02766045834058119 0.1300299328537093 -0.08996195089848301 -0.15713960430867197 -0.12015341720001833 -0.01662678193394131 0.035309185351068195 -0.13144832638816184 0.1533349839341396 -0.20503732920475448 -0.07374371130110045 0.22130684751997887 0.05474496657795302 0.001766272606171242 0.0313527030071736 -0.24521232390262426 0.12057643438731698 0.08053383515321583 -0.15215910192931542 0.09210918196998859 -0.2585033293261757 -0.0043883463348902045 0.15774620996494312 -0.11054877986830645 -0.06767759907024111 0.01798845951320911 0.19895710992603846 -0.26601426707535414 -0.2462937258117218 0.26869734302394266 0.25605167095535697 -0.18307474781543986 0.19179603824957206 0.12927162065679315 -0.15679050056416363 0.08956592674074083 -0.15686176203323093 -0.19916523240807463 0.25087954827563125 0.2757363984925445 -0.10618767908360968 0.2165459098301874 0.13296721743581189
1 3 0.03592180074325101 0.009269997112179238 0.18232618744532514 0.22705524837721985 -0.0619896493204933 0.1897961862549716 0.08952072086708115 -0.180783112334047 0.05684309801840045 -0.11366947969761926 -0.07987242301687282 0.07781167621490619 -0.24633794048444121 0.06760464225393953 0.0010012886732959983 -0.20347318778119727 0.03311261986525892 0.022938721985401225 -0.026629963693292243 -0.08102219700874014 0.18337287651053458 0.016981323510898927 0.098633251956455 -0.06869417201367475 0.06866869301433051 -0.020810233225704144 -0.0932533207055709 0.2438301544928143 -0.14458858988156792 0.09959511635106444 -0.09606735402504374 -0.07182962906019265 -0.12702659500300162 0.011218957726509259 0.12851394041813644 0.02630084225078099 0.0735095405286886 0.1806957497448099 -0.1513707602700911 0.07946578988193022 0.12650051663652045 -0.048536087926182865 -0.01775301114373431 0.15939416147439156 0.09118037188662634 -0.19632210902794084 0.04934171165030219 0.04274607502733695 -0.1614089469454834 -0.20163212696121516 -0.2613947438599793
1 3 0.13790428383048806 0.009266564576279068 -0.23873873373997548 0.10294837298381675 0.1417529423871368 0.13357627874518938 -0.06928244186973703 -0.26895609573499507 -0.0768438044476877 -0.23453719632452744 0.10191533883716743 0.050730556173234805 0.20072552496990148 -0.22084200571210116 -0.04442082906097011 -0.09584797804268914 0.13695910829491692 -0.14958038845800298 0.05702107826882424 -0.1310848252331407 -0.24292017066346183 0.03195711611633922 0.009356015333051767 0.12750406617904536 -0.11748366898681159 -0.014938765658587781 0.12471109893714291 0.2441811963686035 -0.092718000800309 0.0845223544824836 -0.11248189522170386 -0.2072938475225832 -0.11127163830793733 0.13731615524883245 -0.0869573218019893 -0.10516919660248647 -0.07752456492675748 -0.21891317642957486 -0.1461627923058236 0.1751862010945119 0.11229754236874877 -0.17975565817262523 0.228338776085385 0.12090835099136418 0.03792739471075993 -0.1925093891647857 0.06734542276798951 -0.2780756047628033 0.1296794222192155 0.05165223683538407 0.257107697492095
1 3 -0.11349580861717629 0.2148161059363346 0.011284923284172087 -0.008905662953770176 -0.07346058488844827 -0.05056925750133921 -0.24728724034409025 -0.006138772294320726 -0.12397067116149688 0.029721383296926966 0.2639153918028971 0.17143605326931807 0.18247244072514765 0.12484599716757894 0.22423427540429774 0.18587899564213517 0.0952503541093471 0.18167504769623044 0.13596145408893157 0.2287693039705588 -0.027892418386354124 -0.0927821665170773 0.005511398531030602 -0.16565435164762368 0.15085546349293988 0.19963201989689797 0.07240107138498503 0.0705058566468586 0.1585120849287185 0.30410786092987524 -0.010771661515763812 0.14232129659706813 -0.10928967915049766 0.08373204589646889 -0.166492735532629 -0.05287570091998968 0.1754053023977161 -0.11893277506453466 0.17158438144328017 -0.11605823309831653 0.032537503765662626 0.08241252113529199 -0.05055708421337495 0.12460955617993939 -0.2056812216519556 0.15789057835838308 -0.18380633339641447 -0.07855977888220696 -0.30392746282290095 0.19039902803629236 -0.09830541486367494
1 3 -0.08689930006607761 -0.11412931379639871 -0.07265272074224319 -0.10505477298057457 0.26197442834176093 -0.06227246758032817 -0.1994296323743194 0.2669368395233308 0.028511779374265394 0.21836706988107127 0.10801428936177022 -0.09739059875977933 0.15348941927110804 -0.04678321822742087 -0.03504188782598589 -0.15038496576872196 0.17785411408917973 0.15806022150693266 0.0792978019542321 0.24555873504858106 -0.014661207041544276 0.21336255175769095 -0.0512560783038818 -0.29715515560592043 0.0530636986819797 -0.18786477942950267 0.0014453835165125753 -0.060396032496712285 -0.16044020701713116 0.24854691447229743 0.04871577257807923 0.014508006489971812 0.0062305115861471996 0.16516857703260937 -0.10575501742469233 -0.07520461061500616 -0.1873886912295762 -0.04883040978580081 0.2542759061949276 -0.1348765015000147 0.12317823399717673 0.21611480171369302 0.12877128771969595 0.04610921298807666 0.1295993440364706 -0.05927368424214276 0.23876592728116058 -0.06000019222817826 0.13739236938715427 0.20853068088259977 -0.030531257650415748
1 3 0.08294563611502295 -0.04701531711390539 0.3546048427771986 0.009496989905803856 -0.15239360041388628 0.20644088484042036 -0.0495743904764732 0.12507078050609682 0.017468897872874204 -0.021223331057378052 -0.10726703408672333 -0.09148544393804245 0.1847202476705538 0.07810852208418358 0.11619991544906748 0.12932062322318646 -0.10019871007303362 0.2073869766181723 0.1973850165059136 0.03870812869217648 0.1548831385753212 0.11012157048761974 -0.09045110449642702 0.03732120902363521 -0.0017370269095511885 0.10231256311633893 -0.06728153723995234 -0.02911689823326891 0.23241571353430093 0.1569757043491505 -0.1313436718860927 -0.06578315466862274 -0.12031101331883416 0.16129466944290896 -0.06651639428256109 -0.18623178417138192 0.10625953923689671 0.16131050058298832 0.11351186543405231 -0.036927009859724705 0.18015037304183085 -0.13763027688756407 0.1189411564961545 0.047512137531211134 0.3077732972188954 0.23401051965031797 0.0044883927910053315 -0.18874139408530816 0.06839769176692244 -0.14236885483348258 -0.18324956689825492
1 3 0.056075807975272424 0.08326785251151123 -0.21314907889364842 0.02800904710572657 -0.17086532197922724 -0.016904281092314698 0.21164336102216713 -0.12970782065227132 -0.21457296640678467 0.21526909795250904 0.10406304795393341 -0.21977386028053184 -0.12061101923068465 -0.026807632798548912 0.10705064588993024 0.00949679232801001 -0.18097066277678744 -0.1863869826072117 0.03482004731185273 0.013311982001460656 0.21904535938120082 -0.123238151649156 0.11450262172807742 0.1612975852990357 0.21851957061425173 -0.09089618845107006 -0.20283435761281304 -0.194451491176336 0.0959061540226112 0.1420575749275588 -0.15341962270104678 0.2142090960009829 -0.234942307314034 -0.14142418507481005 0.09745039801242276 0.15246375515723862 0.07525320187656817 -0.1536341960633911 -0.06789201287928587 0.20214678986554524 0.060207817483460414 0.07836218844757795 -0.27219488623635496 -0.10327427638613491 0.18559477799417134 0.09996803101527027 -0.029101702527497476 0.12678518981805373 0.22517175183090654 0.1367710550058474 0.127410603431171
1 3 -0.003915732612257344 -0.08258576228066544 -0.21458961232139057 -0.1369581524988697 0.15339443152511417 0.1358993528570607 -0.1981130140965719 0.20060150462244178 0.17657399892277098 0.20828226549986267 0.003361201858671762 0.18383688919606453 -0.10916718699322273 -0.09384021694835995 -0.1538571028209737 0.13096136641983608 -0.2374257796791571 -0.03636584205979572 -0.1934149849878596 -0.2554501012889269 -0.22612086682953877 0.26786515839729785 0.014588960060399794 -0.20615068159946806 -0.273604012726029 -0.2333900846437814 -0.11752476911152007 0.15471113244650764 -0.03739804152913952 -0.10996975927997077 -0.24554784568334126 -0.0911649352761286 0.01928463930450928 0.09469684462126193 0.08176776024668143 0.1688514027593813 0.021484672484664367 0.1277174134676394 0.16183483650383762 -0.08067647538982374 -0.30296319936919464 -0.17866563500867652 -0.00982013521704438 0.013979926588223217 -0.19218510751016102 -0.011056049580003663 0.06822418428190884 -0.08645305045302436 -0.007341679034508467 0.15311361579305052 0.21120139579208888
1 3 -0.01475538788964215 -0.02558746189231932 0.08883613229029032 -0.23382765929875274 0.20277263669378512 -0.19723141450774903 -0.06848750180712943 -0.06356674685669056 0.14751280909986714 0.11989886089217074 -0.003927562044976227 0.19606413343021317 0.16750047540644933 0.10643965219359397 -0.2315351982589714 -0.1831396869569891 0.20362760935470758 8.64163903188884e-05 -0.18316068662469606 0.12048318310584422 -0.05218337609226197 -0.03413715659989043 -0.10887700796171687 0.1856449274958943 0.2482792674357201 -0.05478116561916828 -0.17114245554417815 -0.1756754322776012 -0.10504669589651577 -0.15037480285829527 -0.06228985884767011 0.0849096696199245 -0.010364030683880919 -0.13861487654929233 -0.15328238436253983 -0.12425066955051828 -0.2005343647539368 0.11125106481271296 -0.022883864327765638 0.06604748925550175 -0.20620535287491262 -0.2738905872716514 -0.13104037057097076 0.18521371752499052 -0.19746663607128365 -0.132599475795509 -0.13705726822592437 -0.19923243777890107 -0.09533813861616597 -0.2061151693690796 0.17660173022682688
1 3 -0.11275095543334876 -0.042201256721466004 -0.18390994421965687 -0.14144532244743735 -0.19586594576210312 -0.20058006610484988 0.004437819868131518 -0.08621671949804206 -0.20149856516829634 0.05804781969742576 -0.24217835010579586 0.11675820619020075 -0.10890948528428546 0.024028367003230255 0.0004936303275854925 -0.26696012971662614 -0.12279314242745794 -0.03647178940490926 0.16178969869208448 -0.206162397445513 -0.2104825787780928 -0.09775484667824158 0.12532203830156838 -7.099791880371655e-05 -6.732294426104829e-09 -0.11996143701371678 -0.09653136382470498 -0.07182030911027733 0.15926819369228443 -0.045082578882285465 -0.04938016824061124 0.06599565851288558 0.08193004668872095 -0.1427713971516001 0.11352167623042264 -0.03327590467271151 0.04228768322468382 0.0027897033304769272 0.07453152857136157 -0.15628662724640108 -0.11310625157178059 0.048423734166036195 0.10763251630088042 -0.15960422553107564 -0.0632858628751378 -0.2197645574365509 0.08361991675611109 -0.09514621579723125 -0.271919532750438 0.10501031462793937 0.11132519978870399
1 3 0.021377093593628316 -0.1717882740118364 0.004113254082889819 0.014511760187167017 0.015438486109390139 0.07033514067314271 -0.2649179136684839 0.21619164844188946 0.21062765813821105 -0.21352618939350673 -0.13697475213156904 -0.28171276799870987 0.17276067945597376 -0.05617297089221163 0.0656805519862516 0.0687294314617285 0.05670565596669983 -0.15252398073539875 -0.06183281582058001 -0.10302752598892832 0.1973058383485469 0.1881898416842953 -0.2254202305703603 -0.16970836155218458 -0.13998967209122853 -0.27213611801183496 -0.13428848442108152 -0.2548644601472083 -0.07849736070315633 0.05982387496160287 -0.16588243640001032 -0.03732562929601013 -0.01741113443806635 -0.01779079247184191 0.008827971254176078 -0.08245977442697205 0.07401536436578458 -0.22977742513955046 0.12475341675310282 -0.008133428249117048 0.04629654805798434 0.13090118570912385 0.06997686394227931 -0.04772786908701907 0.043750966160789814 0.16583698057205418 0.01855285534497593 0.13786396750782623 0.1558532148796502 0.015741590628631588 -0.23566698755951343
1 3 0.13377713880953931 0.25889696440445825 -0.07788578773527322 -0.06646878835906685 -0.18632444365428497 -0.04062429759726395 -0.018037214344657434 -0.0657065840674848 0.13471586128859717 0.20131844513614008 0.06706600282937765 0.03297013075271203 -0.011655752378493244 -0.0741176678000912 0.07789981836332072 0.0493315284871411 0.12610042157936016 -0.08386912851256861 0.23968224894089715 -0.033758693188201135 -0.3169544931135877 -0.09648035241246627 0.02625220551512491 0.09628998133069826 0.046579401806461994 -0.18137362454059294 -0.027322203797257666 0.19128012026111774 0.09499100118239175 -0.1627621076579373 0.06990878813941923 -0.0072238814565078815 -0.18324053948586494 -0.1712585135464932 -0.13562395354792223 0.1227774679016872 -0.017195571757877576 0.1924771179850619 0.11200200256968287 0.16388852000860635 0.23853003985348661 -0.22928540192852534 -0.08006037564067311 -0.18437523076025256 -0.0401516356751194 -0.08444856587672672 -0.02929263696071039 -0.039988566535585454 0.044362049188758364 -0.268209183569795 -0.11906344060866973
1 3 -0.18990518234046647 -0.15467605446448052 0.17061805444440586 0.22534420327426827 -0.010617535064096935 -0.10274235619920923 -0.13718050385950467 -0.23808462821427004 0.22817215908501504 0.12180795194957013 -0.182314413483691 -0.1350892992014462 0.14937921711357086 0.21625988982242056 -0.2469183106760371 0.18755913951427505 0.1040145419906574 0.04027354967731291 0.22665619802783687 0.25422584170659335 -0.1455853864035862 -0.19161503230444102 -0.06682244846677349 0.22246392819841085 -0.29758205077923366 0.1739608266900804 -0.039643689780221925 0.24003600709656242 0.262438845713926 -0.03603189175590875 -0.13823576622052608 0.08481526157526449 0.12450134438410006 0.18446947400282215 -0.0970427424623432 0.007622630124967978 0.009227145289957904 -0.0021543569262786775 0.04367476522821268 -0.10162974183929427 -0.10106961279054313 -0.10583307203066221 -0.16384334441202672 -0.13773214745960943 0.15587213323212779 -0.08418630724478744 -0.09206607033375468 -0.06759385647559023 -0.2268605895785633 -0.17548164288557447 0.2891479760411118
1 3 0.060391038624847834 0.04325290038797379 0.13040616644202752 0.13868818817319759 0.06866082716378524 0.15901939201196924 -0.24999010542743322 0.16740383539167053 0.0005290722071977727 -0.2350764850642951 -0.2442292279188501 -0.12255601507482425 -0.13574987039299805 -0.07667295891518551 0.07509098813515562 0.03319602133276733 0.07417429819029969 0.15074995106397474 0.23581058140529798 0.04590651129047504 -0.032045895733697025 0.026864915694711625 -0.1868669333920202 -0.1432241372404506 -0.1560283521692548 0.03346714984906175 0.07423514265829109 0.039789657532811745 -0.1834991432933609 -0.13096486435564034 -0.25804035815155973 0.027532408077399203 0.18210155145442056 0.1633290300321953 0.1465386127460411 -0.09843006172248518 0.15952880769738922 -0.1680441478701598 -0.1129065760410662 -0.07524633834964771 0.22313274183322623 -0.09975860063939923 0.24086467596366684 -0.06970478396534112 0.15248148068005066 -0.06719875625448532 0.07857734398220581 -0.13508055572011193 0.11089334997090257 -0.14875007374183424 0.1950138647520574
1 3 -0.20669264290183614 0.2035835389832218 -0.016827238573873228 -0.0024770051236632025 0.04697512356805986 0.07789927041802391 0.08007272913170574 0.07431688831739416 -0.005294273207924609 0.13859810046824722 -0.04440745047214688 -0.11685514752423602 0.03569718317127882 0.017138932890553692 -0.1282493702349138 0.2028707869609397 -0.20957783216894132 -0.3047141594800523 0.027957657554384462 0.14685453584099115 -0.08954143166541194 1.9295653959435986e-07 0.07644731215949709 -0.008232355355993747 2.499814915949287e-05 0.139263560579975 -0.24735503407835893 0.03202393285821764 -0.0464014726722427 -0.15055518067872226 0.08194394244303 -0.026125833763534317 3.025139428309065e-17 0.16498842624872226 0.18603314312958433 -0.08510130674608597 -0.05385494845621903 -6.198394929034213e-07 -0.14646461621325355 -0.29753699839512415 -0.22143687026456904 -0.3937718624814682 -0.2867208203505591 -0.01111811603400882 -0.23756781153866366 -0.14395910299527556 0.3200119715350807 0.2294516286260846 -0.049254125919670384 -0.1669071025334895 -0.22236829670762226
1 3 -0.09832813158336363 0.1774589230512145 -0.08641522804606597 -0.025451721562844157 -0.07322431623200067 0.0037070461250114854 -0.019954116759400342 -0.05252022067493085 -0.04992529453049552 0.1979385157151911 -0.15018702330247247 0.09630345590004215 -0.14370212302568142 -0.2308245297261312 -0.10174074626851651 -0.17011142212390884 0.09368035472958515 0.16650907051403954 0.016963588661478856 -0.15812976656544692 -0.14920375561626764 0.00017295925485802922 0.10935222675791875 0.0005691599918800933 3.2710160635710834e-10 0.04623629840631028 -0.0655186875612512 -0.1865935647747624 0.22088324053782457 2.1134160038451693e-10 0.05215031275186568 0.1774222415217263 0.00011615719244483224 0.15495432525722816 -0.03377265516141595 -0.242370730258305 -0.11282430846437606 0.13870522385829284 0.21832585088344184 0.1004414775169122 -0.055919321071630314 -0.19063430439993456 -0.2509398414207248 0.11182586559596637 0.15031661500920013 0.09877268434246818 -0.06675336856929222 -0.22409905312965583 -2.3801133772185932e-07 -0.0745805878257093 -0.13632001308783787
1 3 0.12862571210025198 0.12589198772331173 0.059156903458456374 -4.443126382532592e-08 -0.0733736904338912 -0.13951187802724965 -6.597677492913697e-05 -0.03613093818129128 -9.655683045685683e-17 0.00010604528259501437 -1.718990641439624e-15 0.00015253779005222967 -0.0003735161845648394 -0.10906362568555872 -0.0028245607164597304 -0.03240450489594813 -0.08042480915564838 -0.022135715493809008 -0.0821180775956408 -0.08088978254015577 0.03159159707630377 1.7677036225812174e-15 0.17616036266054266 0.1769569617197415 5.227315041159522e-17 0.07205715631563465 4.9471019920973e-10 -0.07148223791103182 -1.7807442480729562e-15 -3.4185761750119787e-07 0.00014316076423825973 -4.245994501134149e-14 7.720103302955568e-06 -0.16464615580896674 -2.5507392244404534e-05 -0.15068699485159143 -0.016797273989378927 -3.484169193599021e-09 4.792986956508597e-05 -0.10212137257323116 -1.774257458323848e-06 -0.00015656053739805472 -0.0012265224129553005 -0.09669291621841623 1.8017172349901022e-09 -3.75713798538884e-05 -0.0003137436438124545 -0.09755807258908292 -9.569637312272561e-07 -0.04203290291862912 -0.03927337438951926
1 3 -0.0271395443960854 0.10459117090053573 0.15526961724121527 0.11562292896885759 0.03950390616403522 -0.0012294510493553435 -0.22460819744844365 -0.03390810292944546 -0.07472031458670508 0.0700897045594633 0.17628650408916224 -0.16724340123637088 -0.11902921174458478 0.13625672338865363 -0.1325398952030136 -0.2071115173888341 -0.24218444266620553 0.10699701040244448 0.032096527816148454 -0.25642520473655067 -0.17594857330180377 0.0688700450790639 0.08976720618451614 0.1070087403646691 -0.07542975523340269 0.1709428268621604 0.08533226651386326 -0.19411982779826173 -0.1162923716362315 0.09391435049434232 0.19515912252292827 -0.12324987288556294 0.16966847367134302 -0.1327670363158812 -0.008005238103766518 0.2385303231718957 0.12054199359166037 0.054717906303619016 0.1711199487633818 0.0006891991395696763 -0.10809548047174258 0.033856454638949415 -0.1276204774586821 -0.10129815577621146 -0.15301616811558993 -0.10127021646574104 0.16559453704472235 -0.04309145111567852 -0.051024035159028557 -0.10669247055927215 0.09881458837700645
1 3 0.0008752901841207029 0.18738320957301333 0.08437572747540388 -0.011873450414847494 0.12154664868409629 -0.16310369514527254 -0.12171757896412409 -0.04469379690798991 0.2061892509808939 0.1263043319673676 0.0448532033740658 0.009522482528163224 -0.07045666662154892 -0.19880221702189255 -0.04808938751894826 0.06591822942219842 0.20802122970909662 -0.022804952906512663 -0.02472798117929564 0.13781253225207385 -0.1430729757365917 0.006139247251909345 0.10529015355165489 0.13063668667799463 -0.0085592903232469 -0.19016495263052627 -0.17191556008164655 0.21253252102983586 0.28691788129607565 -0.017642973256807998 0.003293533458955006 -0.07435184503882927 0.25360175903096754 0.046722745126970125 0.14669707695163298 -0.09744171664865561 0.20472672904851122 0.026823927624670788 0.11526178720629547 -0.10117840829399857 0.156956533050892 0.2927298897506908 0.1713381182145689 -0.022369706872075495 0.0054342794471322325 -0.09467512265951386 -0.23005560088662727 -0.09774215722653036 -0.18970703755516963 -0.1063726135712335 0.08909446428195837
1 3 -0.16823966707925964 0.20514316490292775 -0.10427131420596737 -0.005607597447356878 0.002073616062138471 0.05535982136936511 -0.2039075927469244 -0.05480641309190324 0.042828843377310584 -0.23521553134735118 -0.05337483457799369 0.008511522912610299 -0.15390533510828266 -0.1395018252297902 -0.11627983874186913 0.025245058686485987 0.19226516970243512 -0.09500369472592604 0.12023483167108917 0.15752922735435337 0.05976564566210534 -0.11281534264733384 0.2541962028695001 -0.205281094127843 -0.1073479013327655 0.18339276168268845 -0.18620435768843868 0.13036673208577826 -0.1400661774710075 -0.17002062138690827 0.14452477011935716 0.0004121561112040105 -0.1326889772058336 0.17095893198251905 0.1114394375089636 0.15913400199622024 0.14720403483676858 0.028181416368031197 0.07086807226079567 0.13873588133722572 -0.17415013120039055 0.22666113218225595 -0.114641570956944 0.09876269350979627 -0.13124391910551636 0.18917076927876147 -0.25871456307798757 -0.2708448229600224 0.1562465833407392 -0.14180622253936115 0.23264660238571355
1 3 -0.13131562736804175 0.14282248587520158 0.09792886260483934 0.05361878105789347 0.21232506658685382 0.14195927550568752 0.05036516400468035 0.12594511170367692 -0.1813311792942371 -0.04461462668023519 -0.17903838905327077 0.19797581251051538 0.11966148429227251 -0.07563259261856031 0.041257299905583036 0.16730791769529005 0.12566723327785928 0.1698249530486317 -0.11440509570868965 -0.1942703282946465 0.09802165831753644 -0.21667613675438985 0.04601482218943285 -0.050373524216217096 0.12404847231308512 0.029084917196005686 0.15833994241879276 0.1814988654104434 0.1868493314279857 -0.11493489250554904 -0.006678022426075542 0.22911998781297546 -0.2380577722614647 0.10503882521421547 0.048742731906157834 -0.15539309360708373 -0.02815888091660056 -0.07547390283127292 -0.19856481347060517 0.10895234588028799 -0.10207091432961564 -0.007130370183197073 -0.19576987245842253 -0.15899832076855777 -0.10342289147728605 0.1971539301747329 -0.20279274335543615 0.2492301276261613 -0.10350960244252132 0.25057339099727693 0.07962229767220153
1 3 0.24928206395554223 -0.050214907541638105 0.10673844400456892 0.12412659556484663 0.19821902074405787 -0.12578611690877417 0.024758782965602535 0.06005256501816362 0.21539534524133405 -0.11895390216775542 0.05698671486398165 -0.27414252883989443 0.1676967260037743 -0.13778570333760196 0.009517289984503028 0.07633216340448523 0.10006378707828527 -0.07222957648023165 -0.15231593360407492 -0.2208805932790999 0.1287931226319482 0.15737399038772215 0.19188299993042465 0.10197962346939021 0.0391379947736101 0.19192080830306812 -0.18866037776376723 0.19338676992723736 0.2855236749978889 0.12569901978071993 -0.2901056665962654 -0.15326724859352156 -0.018633691109423044 0.049529172231639405 0.061838991398289495 -0.1262502852817244 -0.09966853894112986 -0.2322594084577404 -0.19107915318402238 0.13320215608381397 0.08372918569237485 0.12740803158233796 -0.15794049140388558 -0.21429453136952104 0.06993462322216525 -0.08591908304249075 -0.1411564562669431 -0.20587586686201564 -0.15749147219084464 0.19097972012722325 -0.005057381178107223
1 3 -0.00016940070929162817 0.17720910067187118 -2.634104377960013e-07 3.833668175498069e-05 0.01409206982750662 -0.1668883711519163 -9.880688799935821e-16 0.09694339330276616 -6.714010144776917e-09 -0.05728973728170731 0.0012516940247507089 2.007044196238551e-15 -1.359591485398768e-07 -5.926147397872517e-14 -0.0035011975342956842 -0.11917592539128247 -2.917806575731742e-13 0.00616205619269825 4.242567551012684e-11 -0.0059085915709619794 0.005652356293279935 -9.104149514797083e-08 -4.359649517105581e-19 0.04708864679657223 3.42906279048402e-09 -0.06498124140061666 0.0010813011374970233 -0.00596912578893424 -0.1011413292572366 6.057068711719225e-11 -0.0010041607892298037 1.8795158875108404e-06 9.368277387453893e-08 0.17696066477646102 -0.14846534545911566 -0.000925179492370251 1.781512778346178e-16 5.508898453533092e-07 -0.14597073529894156 -0.0008329026805601433 -1.0016059707488008e-05 -1.0392645299204196e-05 4.0924133742102225e-18 -4.906124279063838e-09 -1.7517296368665052e-07 0.10537426523906986 1.5833024878925264e-06 0.18476562664017027 3.9412072349951395e-06 -0.02309343968983997 -0.1816320980524058
1 3 -0.08648738431636072 -0.13194603795817314 -0.06586541786955943 -0.0650755675415468 -0.1889181023768427 -0.17264492116301927 -0.04389117306462088 0.13066246287768385 0.18356608661963214 -0.15779458485470987 -0.18126985398098025 -0.057472896833654044 -0.0976501104983651 -0.22268095081026862 -0.05589299656595924 0.20923233073461645 0.11986824919346728 -0.17068161690092173 0.03602414938649331 0.1377893270793952 -0.01953294783810734 0.002587944222685733 -0.15312785066479806 -0.1726965555076398 0.0002146614317124069 0.015023906645520458 -0.11785746712263159 0.0637677581907822 -0.271422909757203 -0.038540216862492004 -0.059034422328126446 0.1060589884663024 -0.023382238414340433 -0.00403062704416132 -0.01574659940426121 -0.27051576641702296 0.23822919332101256 -0.1198596187601718 0.18034866662870022 -0.09384919229399133 -0.26597224150793913 -0.1905432924772121 0.053157994594787046 -0.12111300805549666 -0.03977444832446294 0.11109958636222349 -0.09813585083321208 0.12344991100545288 -0.12950731953092656 0.06483763719819294 0.017984823121045213
1 3 0.06324260027464126 0.27719365529526496 0.1379880888105342 -0.1440684469595452 0.03519598664319306 -0.13923464278465306 0.06975174152768011 0.15541524241510216 0.2213768653255893 0.07823382989597247 0.12332944771974234 0.1343586946537972 0.043198727534901345 -0.19009164222726485 0.23685960339275586 0.21988150118741365 0.05726030108323664 0.0690610393233862 0.09317962895013004 -0.05326992714112059 -0.06965887513977859 0.22805937227361983 -0.17109484279066467 -0.0878152596287472 0.23813136399388388 0.2454446368648071 -0.2062824648827256 0.011056046919628377 0.05714348145387223 0.05741377911214885 -0.11494000560193914 0.009221085159105847 -0.1236174379043111 -0.06900028537733237 0.2428077213257219 0.15030829574463575 0.04817734032482769 0.006599902817932479 0.04009587876039992 -0.12317989124992842 -0.19230005457579707 -0.1997308945982585 0.10307177624615117 -0.18060401339986615 0.033735344270660904 -0.012887883161728725 -0.05755468267963298 0.2657643260628082 -0.024750539014252955 0.21716231523524673 -0.007285594585349049
1 3 -0.14798808996688098 0.1957885630235445 -0.1392336672072519 0.0400568791446967 -0.07163231561936302 -0.1642244632949883 0.2162005304765701 -0.17375342251628578 0.03688865666454766 -0.04959264535087548 -0.20019693990289075 -0.07472533879159848 0.2013701775565303 -0.23453287646502619 0.141193816882677 0.1254804874016072 -0.10789638153850625 0.20034633069151833 -0.16016368883562257 0.2351031299574805 -0.20014264028507478 -0.1948024444592354 -0.16755249304786135 0.03913148427292057 -0.11461360205030681 0.18672988296522197 0.05138500693007424 0.20970875455639135 -0.03427271835303801 -0.009641853753482645 -0.12506591969710265 0.1334309788183846 0.07055493009283201 0.17450640801225553 -0.17589194919303386 0.14263218633845498 -0.14261551417912618 -0.018756539894350235 -0.16849686052845234 0.05974663616099745 0.005259335954416407 0.20175118853567578 0.18084019935433918 0.10339880058296859 -0.1773047886853887 -0.1532010591871246 -0.004742816650078121 -0.1393642573091071 0.07497325661119247 -0.27486904509303856 0.07224294459396201
1 3 -0.16343460511608804 -0.1428024017634854 -0.21304294517132263 0.1439571028185896 0.2679873590613223 -0.14604484091782458 0.13801047229279845 -0.10138868219032651 -0.039295094694851346 0.032542523107766674 0.04243069300551243 -0.1354351148899306 -0.1914996378949675 0.15666538933789728 0.11765454840179546 -0.10573752379595869 -0.07706605720796215 -0.010035542799997967 0.20449733099677675 0.05819473094617298 -0.003031258185720808 -0.3034458273257182 -0.1017758516377883 -0.28440547067581284 -0.006155064233265925 -0.1284204328918798 -0.05853734398964175 -0.0454611089577801 -0.03869459862160661 0.07274395688219944 -0.007797036341481911 -0.06901017533215147 -0.19153970295860812 -0.10843139116033215 0.19716669341401183 0.07673951587513987 0.10121551106662945 -0.10279968916823552 0.17547276299294665 -0.16615268765613062 0.2686289678179948 0.023933883094775805 -0.1742887860935511 -0.11999823940319047 -0.09850678091367235 0.2685140828914172 0.05060210797717542 0.19994419799753713 -0.04033599589215665 0.016933040739649748 0.03571213806091925
1 3 0.21708810239770965 0.2396190511249535 -0.1939495760031364 0.07729048390228993 -0.3474402735555261 0.050763098342076 -0.09176074102150937 0.2479563572087508 -0.12233008855123369 -0.08613972443054063 -0.17722949611305117 0.21877065302897905 -0.24466098174809472 -0.05739921111514928 -0.36320412840731625 -0.001658369737706062 0.06531616175546574 -0.05075352892945981 0.106432250432617 -0.1297503558588575 -0.30875661618000144 -0.04659195369525974 -0.12646856184232871 0.13602247626461433 0.0003840550834275852 -0.27917338735194785 -0.10830661373936665 0.039791127336136684 -0.042942010032526706 0.3424874771942113 -0.000701580876235319 0.10193937802687546 0.00010877161157110831 -0.08049542083769395 -0.17029132533071842 0.16501481936007323 0.02592816852177814 0.03889818471564773 -0.1582604965502007 0.23629663509953563 -0.0891515765386897 -0.04674877369246478 0.037247333350630435 0.043202191683782594 1.5608154268063874e-08 -0.03147718438380258 -0.03531859400187833 -0.07297872509093635 -0.025318266014826802 0.016185953500424406 -0.18577308587022046
1 4 -0.10744416931389056 0.17018158557167548 0.27475727011355167 0.22780109769763798 0.23422568157384666 0.2799379913339989 0.2645247100232081 0.3490767564698273 -0.23258598508528874 0.04500628451771115 0.26107618831589463 -0.08231933861095134 0.3151077462662499 0.0061872218559945276 -0.2965675492891919 0.0013237788802869363 0.2760537650226633 -0.22054399171791197 0.22177049237141844 -0.3180219773461934 0.04064390562974535 0.1370283731855343 0.11371079611146366 -0.0711883703088959 -0.2644367180197928 0.0686406375678408 0.3154487096604056 0.4101388085569324 0.23430457831192691 -0.2096962263896618 0.19096274566391064 0.02612424376689612 -0.10736369332338537 -0.1949794073647197 -0.2510268100186429 -0.31938783644794705 -0.1281714419163487 -0.12285463496245197 0.05702693031373133 -0.1633087353817235 -0.02233724719947983 -0.29504263783616475 0.09294769647866812 -0.13804646029345485 0.05549718454449719 -0.2447354365566621 0.06971246157307166 -0.08495554557676616 0.027523183979671212 -0.17519733549149566 -0.00432690004986211
