Number of NNs: 5
NN configuration 1: 5 20 20 1
NN configuration 2: 5 20 20 1
NN configuration 3: 5 20 20 1
NN configuration 4: 5 20 20 1
NN configuration 5: 5 20 20 1
NN Layer Weights Bias
1 2 -0.2345434676098175 0.2801986688526875 -0.4602675951605294 -0.11300715626219303 -0.36981218651709635 -0.10627314622440308
1 2 -0.07721084749389907 0.3888100328526426 -0.04311727075764428 0.3978583598432804 -0.10282800327179642 0.029200759352687927
1 2 -0.047276526950660244 0.17352137435396114 0.24687191764975705 -0.032296539678978504 -0.07555085256532333 0.4094004747867603
1 2 0.4729685750098302 -0.024479758163369583 -0.3813436028372385 -0.10469312866749278 -0.3014357006564299 -0.38548214777459944
1 2 -0.3825098474742766 -0.484453854900527 -0.6507508941613869 -0.3262122735282636 -0.21836062532366002 -0.027407609350596343
1 2 0.11368768426899203 -0.2577158047691704 0.2705926113478744 0.2647041743241098 0.1782749738299499 0.18849552936990505
1 2 -0.34747970242724174 -0.16509890058484777 -0.26572133979113044 -0.20052500253288205 0.26530701990394423 -0.47893716372427847
1 2 0.31666356570677673 0.33118095923117663 0.48613126741870255 0.3416822304779196 0.07992390317317737 0.05120564086559843
1 2 0.4137201841640975 0.1678314549738713 -0.24005219258495336 -0.03239836321719461 0.19607651207610602 -0.5085100094495469
1 2 0.36797026673218264 -0.1457761947759592 -0.012573675864750259 0.27954911019017187 0.2996633899551858 0.456320446860905
1 2 -0.3667854556753223 0.31135970726293405 0.40327003979342213 0.3352870695897494 0.44548484176437053 0.008505828149752698
1 2 -0.33781911256528535 -0.2828050979711455 -0.045866888021675385 -0.14491745368657255 -0.3358609390278864 -0.13496516580319953
1 2 -0.08238823273956214 -0.05716494090337885 -0.41304917251133666 -0.608410542169634 0.08841887967144625 0.022361182141787887
1 2 0.1591742886764098 0.14134759973289857 -0.11448785589980905 -0.2926477385249471 -0.17777021191585077 -0.3640946145364243
1 2 0.2021641930034721 -0.04481753164658823 -0.15515891766180603 0.34907675048349657 -0.4015794810306041 -0.048736857727408975
1 2 -0.31251779492022574 0.06657463455320234 0.3816666813668249 -0.2504607139716696 -0.33437717255513155 0.2869656859562678
1 2 -0.1611180112817805 -0.5163686430336004 0.26702230600502624 0.006811315671372073 0.38114831958204115 -0.07701993446680787
1 2 -0.3854240478456696 0.05903319620289726 -0.2013628465617824 0.4505669112192662 -0.14889453897121957 -0.013034613474591075
1 2 0.04191871478643543 -0.4318879542578918 -0.1429885708669457 -0.017460216546779973 -0.25010630678919393 0.0968257153518037
1 2 0.211393059267227 -0.194335859126045 0.2745542428301998 -0.43858017545261446 -0.3375151928542831 0.036444714916808195
1 3 3.575275745146789e-08 -0.004817216629276555 -0.32594618206650716 -2.6299805041450164e-36 -0.0019229139606703038 -0.11306818460536013 0.09246512410518475 0.0048189869301019095 1.4852486323723364e-13 -1.9700259926155328e-05 0.24358701708895883 -1.7406657333453095e-15 0.11106613336433972 -5.784001151662334e-16 9.852306365292756e-17 0.2537923006048426 0.06702352523837002 -4.791940874316347e-39 -4.4742824250917446e-08 -7.819998926979118e-07 -0.2619415062421309
1 3 0.09071506623510027 -0.21016473819213566 -0.07596407325640893 -0.07781205513207425 0.015058672151648652 -0.05378209696493029 -0.12798449129249104 -0.07042086681387022 0.5981112661110787 0.1067246018336273 0.3180558907752498 -0.0907227406642697 -0.34351308305884165 -0.2679456749067359 0.024614094639862652 0.13960001309964323 -0.24572659936487615 0.29047121771270024 0.24352824030677594 0.15519060323843573 -0.08274934629705036
1 3 0.24168806058732473 0.2759113429405535 -0.4137772033306695 0.41502567878199714 -0.054215319327011444 0.05873609689173418 -0.07581072402212449 0.015645469227335042 -0.3203333865639798 0.12356787233590255 0.22328172492873904 -0.15761944716277018 0.20664813151602898 -0.1769990164849261 -0.06581050765633566 -0.1174232084692028 0.12811903285246343 0.3858023528336349 0.3066251771170715 0.18239849888505966 0.09901499584516371
1 3 -0.08703630089577888 0.2775365340013524 -0.18539936745984031 0.43465652215927403 -0.24203900256504404 0.08562432913544142 -0.032399860527339945 0.16754405867239947 0.2816926589566761 0.0701224554353143 -0.19655933195662073 0.053904866083900334 0.01057931268842709 0.5760729123541605 0.07537343100877435 0.3661541598471211 0.11462744899339675 0.2081013257814442 -0.2481017803540236 0.31022970640387787 -0.1855386094893377
1 3 0.2841334227735191 0.47702275777814585 0.10818894974131063 0.11520341876300595 -0.16837197736080808 0.19374369958700757 0.6882917592003782 0.2587717915933122 0.9077328610584218 -0.2061902215000467 -0.34918530462849473 0.3947802191006396 0.07883219603373187 0.06227836462825539 0.49581206602222877 0.11900765762533283 0.5262069358361791 0.1544668080218969 0.4519764584761074 0.08885153324351418 -0.2868355707087192
1 3 0.14536715049551394 -0.08427407754861203 -0.22131661311797934 0.40971327700062116 -0.11875177521423134 -0.13926514812417826 0.2785111230751202 0.0300784948492998 0.2857090720573652 0.19383532990969146 -0.11323544034546834 0.3163979757033896 0.19808395177912605 0.11915744854095683 0.15461544633270477 -0.10500763443831215 -0.27439497975613353 0.09610571959797123 -0.24606784162758571 -0.19775080840737874 0.3161417030895619
1 3 -0.5160427509539984 -0.2773133524634138 0.13052341212130564 0.0032531126933087323 0.321059244085235 -0.11582993024845119 0.5563075558520556 0.32294059995198793 -0.4000357270308058 0.0010242233415892314 -0.155677679362186 0.1581721371778414 -0.3068412176212123 -0.2499147171898292 0.04613144895970221 -0.11784922271124003 -0.01027548854344716 0.3485252948302437 0.2523046779515709 0.17820267907486248 -0.09170322983793953
1 3 -1.9293455874945936e-16 -1.8926932972316724e-12 2.4855138167534286e-21 4.319067038658353e-20 7.083435135482403e-45 1.967202839707761e-37 -4.2085276841606726e-17 1.279667210276582e-17 1.4120360358269215e-09 -2.620643114222536e-12 -4.5624220768516194e-12 6.777014894285436e-46 -1.2168046015644774e-41 -3.5534722013340135e-43 -4.3341606317143133e-20 -1.3227130023799593e-31 1.507957210257875e-30 5.942261161186271e-46 -1.1967396325125964e-47 2.1601059958302236e-37 -0.269093031896234
1 3 -0.08989297666321401 -0.3775591393751637 -0.1862883883551412 -0.03381440931886629 -0.15330294203820458 0.01809671901616309 0.023366868180733424 0.09806844378258603 0.31963292423597 -0.11692855765875179 0.13408963258963447 0.29617469091007737 0.1663362414522255 -0.12464602060304834 0.13915271056780276 -0.0939637934231731 0.08180565506320286 -0.42303800793769947 0.2066785015113833 -0.03270313119353694 -0.12740634449339866
1 3 0.23993197502951968 0.17389162217933402 -0.31338129817332716 0.09996201693233038 0.08518690198809016 0.22811742461680165 0.1943686888228787 -0.21565615997699722 0.28098055061838534 0.10878575603471417 0.3080753565337899 -0.01439081198513492 -0.04727080396402469 0.31379543728451764 -0.007398555942659425 -0.18229048485616828 -0.09677952005144266 -0.158965475975714 0.31543651647095927 0.05642551401036402 0.2769881948000216
1 3 -0.17100758646900924 0.31297689267197876 -0.09004721507378807 -0.17874460229509934 0.3638908798050061 -0.27491666320615754 -0.24925953570384307 -0.09137961196557742 -0.2143527184849519 0.25015980893474077 0.22275530975405272 0.04167562050600569 0.040393537196700746 -0.2719785542457853 0.16848416149270923 -0.04791405862483717 0.3502374062873314 -0.19138736962791392 0.3856406207871557 0.1837272156517057 0.004609057478983705
1 3 -0.08681777145273553 -1.326843241593265e-08 -0.25336758142981924 -0.07504772608697369 0.34299624305850995 -0.46850492031223334 0.09768609570740262 6.699316551403971e-09 1.0280498605375713e-24 -0.13970054772978066 1.2879934938413702e-39 0.06440676633050436 0.08428009108154563 -5.121874056676671e-08 0.1445060158301684 -0.1726199748189439 -0.01440667254358897 -0.48339819096400194 0.17042205298742963 -0.3386786796494171 -0.39082640337922964
1 3 -0.01707444769842151 -0.18206628757123286 -0.38056262650862893 0.24240617381551371 -0.19632358498164268 0.06881022562858535 -0.08483710091019639 -0.091022786655812 -0.19244362102332271 0.3598318217774704 0.18148048191020302 0.05956199240308014 0.07475585925735956 -0.6522018263439184 -0.2337362315367062 -0.3330788720058046 -0.22575088142199493 0.023700249301087335 0.46961124413482425 -0.014587167092612296 0.1376708917123938
1 3 -0.30706563203559256 -0.19388484532322894 0.19278995048780387 -0.024550214109238848 0.44377343540774 -0.06290527729022087 -0.1039975828572699 -0.30292747189430397 0.02636165166546176 -0.06751160578643574 0.538298639391238 -0.03239503453260829 0.3812003574141846 -0.17141406581047236 -0.19458565573585207 0.3941641385920049 0.1900429761537441 -0.0008339939768957276 0.11359112719739656 -0.2955725678563998 -0.17169581123546068
1 3 0.04399641099538277 -0.11808428889544904 0.464485031906753 0.06130115964782597 0.026619713829400857 0.05077881963298734 0.09282319287157391 0.4166629205653049 0.08384829908633695 0.42448680132617933 0.09479433969764794 -0.15665715151018764 -0.21025668905482037 -0.15763507464469292 -0.023425571162202896 -0.05158559584781601 -0.03989449513797988 0.1802699651971417 -0.3484897384134444 -0.19108985472671905 -0.2790170361538309
1 3 0.35012392831272965 -0.15555128652449587 0.2887504865143085 0.18058397046243235 0.3592609260384014 0.25994608645130324 0.48760026833250836 0.08969597645724886 -0.05724609875478352 0.04366120747366341 -0.1439121030153614 0.24874000295325197 0.11091555333556408 -0.10068118220610857 -0.08102137768740961 0.17883895422656582 0.14689755072864202 -0.15545818821474056 -0.1845580401891309 -0.10402424272334194 0.10318853892947251
1 3 -0.3196365101908992 0.26940473255211606 -0.10887764422835451 -0.04181563943619081 -0.14155870682623306 0.043022998545940494 -0.28245549737083503 0.39314110161318105 0.02474555053788362 -0.193132760893655 0.23985588084082496 -0.012351210734891177 -0.4447287605902461 -0.1830611622604429 -0.38405634333967104 0.3021395337450367 -0.22646376400777093 -0.1988771827618277 0.16276577579178245 -0.19746054981810135 0.28508089714309776
1 3 0.02713319324215349 -0.015904292612436366 0.1620040823160955 0.048991276547284086 -0.18548755258583355 -0.02267617438884113 -0.0035014281094151033 0.2537845860043229 -0.31849278784558777 0.38375174248863464 0.11660158409834288 -0.44290997588015457 0.10440582955107404 -0.44656683718845597 -0.1473744756496378 -0.16765821217956337 -0.3334844516455358 -0.2707814900214532 -0.24191348240601085 0.07499989174615486 0.013506301256818391
1 3 0.33113055937172575 0.04718078143601941 -0.22570372059163285 -0.35372784388694983 -0.13826929288710296 -0.3261263534210352 0.20771314872499833 -0.5746544006006434 0.26599472154743825 0.383292517723921 0.42407894825233117 0.4685483922638607 0.19412232486526562 -0.0544669496499145 -0.06142574633783138 0.15772811658824126 0.06880957241852194 0.08915836150590647 0.39672435948944096 0.4341128353433728 -0.291161968331862
1 3 0.3362838878178029 -0.23586617128825285 0.06967049918211622 0.34212016825562236 0.0910556242835026 -0.15997030528060466 0.09190160514233574 -0.3348421954643747 -0.30838931922857526 -0.32466434708683867 -0.06180527923520396 -0.22836077671380364 0.30987415003659396 0.14095548726650675 0.08208145318959625 0.02933477993846817 -0.3268245452088047 0.17480570714067695 -0.021199856696598456 0.13939967497839456 0.1345368456503695
1 4 -0.04941629974844392 0.5249866015795959 0.3055691856920671 0.16928740196730394 0.09542941312906611 0.28508557068212614 0.2895979237461317 1.0453745410058728e-17 -0.12790564185624065 -0.4688829730395974 0.2303151477233213 -0.5358301190302694 0.23284435568058692 0.22867865048479413 -0.4665577170116229 0.517191540850005 -0.03980142708551917 -0.4516733559988649 0.4238730106045644 0.22542332326294454 -0.45111888712369336
2 2 -0.43175856987935357 0.24612835757999174 -0.1951678238363311 -0.2575938847783995 -0.3861605033313742 -0.17362966770679017
2 2 0.36571333775614195 -0.32000361457978316 -0.2377444764607757 -0.04280513278835611 -0.13127487063921303 0.36036559085147357
2 2 -0.1455500040434673 0.45016141144979793 0.4016040843197969 0.22095270218475585 0.3262990672449273 0.1777150864601769
2 2 -0.0438820102978812 0.13621484835335684 0.5880824133650261 -0.20631552760112598 0.2352100787420748 -0.18293990164508772
2 2 -0.22870003637557515 -0.20182373926578706 0.031632149348628874 0.36990380298114817 0.49821664293323126 -0.07601171447085234
2 2 0.37708350057430495 0.5519811669002189 0.2627671554129732 -0.38258326710058477 0.4344317644615588 -0.34764353252089175
2 2 0.4251146607140963 0.5498665583446669 0.2848574270988763 -0.08803114224774579 0.5471337025986891 0.18640994138981226
2 2 0.1728701485690284 0.577787990062197 -0.051194405703947864 0.3141026880525502 -0.15219485939752128 0.2651147220106093
2 2 -0.4930596103380042 -0.3872259654014755 0.055166040084923346 0.098242584157694 -0.18551484945430266 -0.2867496433729048
2 2 0.06186722656650208 -0.36717561946604677 0.23770512278755518 -0.28614364407774207 0.29168626333865894 -0.05775575900415223
2 2 0.4245168761281842 0.463812805688419 0.46371303677499714 0.10945680283904108 0.2419095136146164 0.01589103001111111
2 2 -0.3636133415390296 -0.529525182836116 -0.4339584527876731 -0.4271152669642057 0.2719480471232239 -0.12950524549810505
2 2 -0.26359528849669256 0.19611196798267172 -0.0028658043587750513 -0.4432511498389325 -0.046064523948535 0.5092654581240235
2 2 -0.3588893713923157 -0.29139266071100284 0.38710968374107063 0.1523120028698763 -0.05412693942994072 0.20599659595106234
2 2 0.4581410497882048 0.1445026524981583 0.04759300527398661 -0.00400119915747663 -0.3592045837958454 -0.5442683540963786
2 2 0.45962197487478074 -0.2735125190822212 0.2926187122968469 0.4256614857509321 0.30493004793729966 0.24213140825809473
2 2 0.42170631755001264 -0.45247232522346637 0.6334279811503223 -0.32024868174725885 -0.2842269692162351 -0.15131706676392304
2 2 0.12604355169570378 -0.4081667206558095 -0.35654995853844734 -0.02154430560182667 -0.511408480916853 0.11053508754004328
2 2 0.014174765752485231 -0.062109234579552315 0.3432013740277977 0.38807156426653655 -0.03184773313880551 -0.16299162325209626
2 2 0.07530952471066622 -0.22221090958516218 0.16314208717923998 0.17924861029367586 -0.06035617138071907 0.5629985610556866
2 3 -0.26994210670763513 -0.038690072580533044 -0.046747177161347485 -0.4545709847886162 0.005996846883291976 -0.20757524923203782 -0.16560168290258134 0.18772429688786954 0.005357263591164426 0.030565212965161417 0.08002985841817487 -0.020265821223493147 -0.10028444428865435 0.2710368987813925 0.17729946505732394 0.10436475799766895 -0.1329823544916946 0.19487375410983204 0.22552584590363162 0.013337926838729638 0.15314567350597214
2 3 -0.23176953131963413 -0.2685708875489106 0.283527037375034 0.002502820095814666 -0.08104728988193521 0.16123740704143738 0.17936507851422318 -0.2656580965831269 -0.16922276198266223 -0.35931358344634184 0.2096717628451833 -0.13176219259439362 0.3915012069937973 0.3133762644955039 0.34456391660910274 0.33146431125293807 -0.006612512838807237 -0.20943633147121424 -0.06644389289186821 0.2605235730167606 0.27132940184420634
2 3 -0.03810516195089103 -0.2585848018321708 -0.016217160420109823 -0.4346035827917851 -0.3604837595570671 0.245549426399861 0.2792179545481974 -0.18381001316733225 0.07267458058010351 -0.1043498343080887 -0.050471953048225285 -0.06158996867596752 0.03314735490300441 0.03888655972393048 -0.3501880047858276 -0.4171580519358345 -0.10602455462376967 -0.10583889851347947 -0.3872252183752297 0.5106175837590277 0.0018371288768165904
2 3 0.18535275402011706 -0.06590316825627733 -0.016431067692525118 0.01962247935024185 0.05143194516882608 0.4042578193565452 -0.12004201688382492 -0.396544425009392 -0.040601337534053004 -0.4058510905002578 -0.056087008777233535 0.20510643241862003 -0.1189681529068389 -0.04016930441904486 -0.18689107575551683 0.3977022138380174 0.15373353880486568 -0.2775718859078968 -0.2276933854194873 0.41109599419037773 0.028020657406027695
2 3 -0.3710156962989603 -0.127482009773432 0.3393269882809233 0.2381133361806807 -0.030840190027857414 -0.1802135788639364 -0.23029895418391663 0.07853039007998486 -0.3509488974548933 0.28283438450696063 0.009256189850713466 0.12281931621523871 0.3295941012891315 0.22909444161645587 -0.8656732479542508 0.01570182872111417 -0.2635042157500538 -0.010142655690206913 0.17703792973500246 0.19559365707989476 0.08672911747006064
2 3 0.10775171447105238 -0.18904786281327624 0.1622619934214212 -0.15971523566165233 0.14289271258533068 -0.10861118847817132 -0.17669314803926794 0.2735669577711224 0.5113388101223851 0.5122518774683152 -0.15720413780998627 0.2802470076660411 -0.1434819569149829 -0.33426478142862404 -0.19652992188982393 0.2588195306768609 0.4712279204479644 0.24835331949205974 0.3585316681864809 -0.09012539224260059 -0.10457819040734752
2 3 0.1416957835682907 0.17933610070220224 0.15053106075035527 -0.26634468269619715 -0.32489761554270064 -0.14980058286417686 0.3112660894082485 0.03243287176937241 0.21755155633683435 -0.42001794020896166 0.007354543992667188 -0.1283945773604844 0.2581685004872987 -0.3056361135662971 -0.09376502710464837 0.11646029526976039 -0.08766690054738945 -0.3506234123482848 -0.2041265031243439 0.42108218116333795 0.01438936384494173
2 3 -0.03301554388236623 0.038169814576735926 -0.2235869012627319 0.1271894036548673 0.08904753092316363 0.19063932468885544 -0.28010738882033387 -0.37196152487779555 -0.2719322727978581 -0.3345741182840583 0.030593192355605495 -0.3787756790972573 -0.3897102504794301 0.38491852994470266 -9.01179797481865e-90 0.312873184217863 -0.33395354233339425 0.1280741479057911 0.12703775671558776 -0.19693907313909373 -0.27458779341223166
2 3 0.12991484925953636 -0.03918087942190984 0.05308067402984184 -0.36934977951053427 -0.3276898681408481 0.24352007299842526 0.202148207067977 -0.08341293583350841 -0.46037558558190395 -0.2464539009142407 -0.2528188749211213 0.08554393080189322 0.384395603003177 0.047121341499760036 0.10782263435599215 0.3904829006875043 -0.3207491486169328 -0.33097920827901445 -0.202880897709239 0.2634617810855821 0.3167500081507297
2 3 0.43368912760253225 -0.07578609799387728 0.055186467697139835 0.3748307031191512 0.12981113923371457 -0.11488985855260576 0.10241090854180208 0.07168572240913369 0.08843152856453362 -0.1372182062037237 -0.3057455806467094 0.33780887808058385 0.2353816516753597 0.3378870912700911 -0.07488931822078554 -0.22792531036544067 0.0016684986280783218 0.41730641009915914 -0.03061757362465971 0.045203061979963266 0.046694329386009696
2 3 0.3855484065364654 -0.34737157433340854 0.12434751675474505 0.09281795915709717 -0.23452574511764865 -0.10339450625428372 0.10385039258719347 -0.030666317793995368 -0.10442386697320336 -0.36723740861128 -0.11549859917559373 0.10351325056056031 0.09169361880106708 0.20852035232459915 0.23818269319491264 -0.18074520127711716 0.06708285015291114 -0.12510228482412006 0.31755734318470746 -0.20406399800179528 0.31067791409985757
2 3 -0.23796900866652881 0.32344842772996524 -0.7718194172756874 -0.7389903640746917 0.03363407195916314 0.17873539925524173 -0.588589537259446 0.3539059739874802 -0.08279433982521582 0.2326455443978572 -0.02611347321236716 -0.23933551841057793 0.002740833527431615 -0.0874018869240636 -0.18983817901965191 -0.06937161953853824 -0.10447308334330688 -0.34375226783974977 -0.07953831183908622 -0.07923045026155238 0.24975433441882153
2 3 -0.2864924500766161 0.09743647041828325 -0.40664135171950333 -0.11773305511287968 -0.23712174640485478 0.33526923095586536 -0.22657672154578692 -0.09135391678012993 -0.13077515054974728 -0.15287467259339893 0.21631188296609666 0.19073218040492665 -0.12839449402605443 0.2862071987175622 0.22256751466044267 0.3940016874274199 0.08697158836771429 0.16205460797469895 -0.05646107497915642 -0.0619969040184905 -0.060502168238603854
2 3 -0.23440996130594285 -0.17016318816526552 0.019175302834139454 -0.35686559713495974 0.02408853147319834 -0.2826563425931422 0.2686687358512306 -0.16139656375946806 -5.0399391701663216e-89 0.12682691402248691 0.2660020248434125 1.8658835122889505e-10 0.22556925405553044 -0.2044505418711357 -0.011345080379507157 -0.25922196593567665 -0.22146652171230308 -0.00045893906410704205 -5.3451996602908096e-05 -0.1042347834007 -0.38375917754864686
2 3 -0.1500974137914768 0.5243866282984367 0.31908172926862716 0.2556198881334325 0.3781015081457924 0.008140287139218801 -0.3231548038718497 -0.07190560292317644 -0.4900887358865403 -0.2753706445980065 -0.2870816462658991 -0.17567376812465882 -0.12204369359742161 0.25620057595157414 -7.466456506540821e-30 0.07755474384078391 -0.2015636168261335 -0.2694394968249162 -0.1659167578037318 -0.07629040351830678 -0.2877056048545264
2 3 0.11646134077101038 -0.40720750170974024 -0.16114500236247295 0.5758117951104154 -0.2090222017458459 -0.34428509610748725 0.01788493505536637 0.14744908087475314 0.12400224784241269 0.3099208261578993 -0.08501557207711186 -0.12417144844943455 -0.35399691680831386 0.17560611556587238 8.020981025806541e-91 -0.029570388033372173 -0.2936368452212936 0.019072362476241035 -0.22670083656243115 -0.18761802013641654 0.1561770702577908
2 3 -0.21287360874522493 0.2974252195628491 -0.22060168123122217 -0.13600235849699058 -0.06402579792064315 0.015246089085171579 -0.2520858700178244 -0.34830651454918704 0.1526379115497642 -0.3623495308082915 0.25576749017646117 0.3704442201613966 0.08313088132607153 0.26158265701363764 -0.014890294484102907 0.32099360616408573 -0.2150151917284026 -0.2926239319368129 0.020630181172921917 0.05763580727772972 -0.11881016452010083
2 3 0.009322743582741629 -0.3066529149008803 0.2002077472389137 0.2263786910005265 0.24837142916767227 -0.0842202972480659 0.20813594792814896 0.20719829193761813 0.010488793147830062 -0.127817183335822 0.040784782986425884 0.0559680854767451 -0.0007177110825436913 -0.17748665880146766 0.24198068421057758 0.1567846874388594 0.12947646465487778 -0.012917827169098986 0.020686714932760905 0.22839926546500042 0.18275231419101967
2 3 -0.2004456340627417 -0.04076069021083597 -0.09408435832544672 0.1790758970366189 0.07385156183643883 0.27642218490292036 -0.07821104916985228 -0.1255008850994902 -0.1670750894964324 -0.16893968235509144 -0.31893127399044086 -0.30334154915177547 0.19047350961211817 -0.13259407898543965 0.3564564851925093 0.27817154870691513 -0.24503953598450653 0.3037127217352945 -0.0017197027526147375 -0.24807908666770262 0.11599623144015213
2 3 0.2534112848495537 -0.26883731671560157 -0.33864592747271294 -0.030183099657357482 -0.14417502032878884 0.3382228867575715 0.26508613833075223 -0.2716533766445188 0.3816010882491839 -0.13435115804501474 0.20392845654351238 0.033225635149024026 0.338057362623956 -0.06585548252123004 0.5707987931583463 0.29471370217514853 0.040731661425306244 -0.4897761129991841 0.435926607152079 0.018858897598981555 -0.08389604094418801
2 4 -0.05978471592875522 -0.20512630484139344 -0.3337729226905135 -0.3585525870285557 -0.4427299773968936 0.404818665252313 -0.4876682470513216 -0.5283912157757049 -0.08198718602766827 0.5083834360411225 0.3276969287419827 -0.6063856576524033 -0.23247705031292906 0.10547728537980516 0.3161155180271152 0.8591524037535745 0.3599267412101908 -0.378768743709713 0.4900223689049014 0.3564181217359175 0.3110693844774325
3 2 0.06703617158147519 -0.4418151568250544 -0.15399475874130564 -0.07226269289750496 -0.035960455151441334 -0.022138621969376417
3 2 -0.3313792937588838 0.3873847948472894 -0.03056905076344908 0.18231985359272235 0.16781166588544805 -0.19802355020078974
3 2 -0.11354302338684656 0.18042874154939076 0.033818553831468895 0.2607223100522873 -0.20548362416407925 -0.292160090572422
3 2 -0.43056367798932815 -0.036266260686699525 0.3404066974546303 -0.1841064273382413 -0.33142644232936475 -0.25835494160943523
3 2 0.3077673988098582 -0.1783256561234854 -0.06564565377821915 0.16370262828233917 0.10004636362830144 0.3151459183995074
3 2 -0.1320970704788034 -0.1143545066428437 0.23537772328176468 -0.32478833871932716 0.6087726755806857 0.0021411991359342065
3 2 -0.09455614940921761 0.07513508618168556 0.16964342522123024 0.010581025393423205 -0.04861167665992354 0.34114387854062694
3 2 0.07498633451575723 0.1259519823693385 0.23591122339577833 0.19398854212107805 0.08300843033388727 0.3690871914865573
3 2 -0.3184242273462775 -0.04818488097307216 0.18994217326434823 0.107322038339306 0.12192448539734856 0.5417789204948922
3 2 0.08200711219701699 0.09153103082569673 0.017108875529783168 0.3305914511404307 -0.32411938549719455 -0.4649318987853699
3 2 0.5226559463102624 0.21972252347586993 -0.13598980215530673 0.1768612128558005 -0.17064961633509376 -0.20458233079229957
3 2 0.21486716937168113 0.2420843799886441 0.08306859916811256 -0.0761892678228423 -0.11107853322921703 0.4527520963389378
3 2 -0.48884140465308096 0.18934963157201845 -0.3127592007269735 -0.5071741609856438 -0.31036799879766414 0.42950372008753923
3 2 0.3465362385181341 0.023710661350513824 0.399743753707419 0.4805371610161067 0.40743734997943803 0.041990747105391024
3 2 0.05639586210109688 0.18991862901410936 0.47174117391230236 -0.09250306219317293 0.0774951833075977 0.030514315026160484
3 2 -0.20298750455521983 0.15524043318117559 -0.222107523380706 0.4956199327240305 -0.13299969787857502 -0.0013623743868918393
3 2 0.14669992168898524 0.2184806654560583 -0.13738846202339858 0.42969630961823607 0.34431982929033295 -0.12680433350172332
3 2 0.13727216749485596 0.20673473947676635 0.14542031442963166 -0.2476795229923211 0.14604891006419582 0.5450660237406817
3 2 -0.140900368566068 -0.21305245782105017 0.09039437554682588 -0.4743072466501175 -0.05441030885580019 0.44515098487060784
3 2 0.015015591282916449 -0.1339984629099396 0.312420055611514 0.13253553062903362 -0.30622234696945433 0.07079938085748681
3 3 0.024320757227525913 -0.3440599427324734 0.24679849608354662 -0.005644852619844832 -0.19495844309165494 -0.22944043138500458 -0.31741270438050107 0.3043955179546919 0.3631425617157828 0.3387998164570429 -0.22541316777031026 -0.2636588281556433 0.1137407864874855 -0.08345334803313781 -0.27503916464194156 0.14965951661649765 -0.11011093538962304 -0.06945891245095845 -0.18724875698945495 -0.02847325760175888 0.1226762674041686
3 3 0.3624647556775048 -0.19745703761577274 -0.10671840709637506 -0.26813822444043944 -0.08104133933730549 -0.19678503543086937 0.011657924410110146 -0.4869983075278208 -0.10120152614578912 0.22733802843345147 0.3654375955643525 0.3315725592149471 0.5124073987077123 -0.0683726445845933 0.31152904440250906 0.2188870679615191 -0.7308626547162262 -0.16616346980549296 0.2897502618182441 0.21326501344563734 -0.3539363569830039
3 3 0.29017163833598186 0.01091982689518985 0.02027895983312301 -0.002350009828624311 -0.0526005718841961 -0.3008345545100132 0.2256637435370105 -0.2159433402290964 0.36305153061237944 0.3375054838484446 0.20201434438953003 -0.1617634450654393 0.3710631683574285 0.25013364505671115 -0.3084121034854439 0.35486576209014603 0.13140343351354472 -0.006026285733535569 0.05156068542088058 0.4237542910363852 0.03643488855385406
3 3 0.13813440377535846 -0.03388476034754132 0.4212926039404177 0.039925091843755645 -0.2206190730874039 0.01460314612024033 0.16767502821665692 -0.14388848971176385 0.37359393323245155 0.08482951981543442 0.30816602889357014 -0.411977654578392 -0.17180100638995077 -0.08748440786440569 0.09196130445449262 0.08383692986727577 0.19285711525691937 -0.3092873359877352 -0.1701040780074383 -0.3671118850522389 0.19601885427107452
3 3 -1.2971239837060933e-06 -4.492595106799844e-08 3.17805637954433e-22 1.4517202605369239e-12 -9.603441402400577e-08 1.005114468124587e-34 -8.249734270949824e-42 2.1312602211672835e-11 3.640259581097721e-24 2.2599482353147014e-38 -9.276824301843617e-08 2.557414807437786e-18 -4.434850525002036e-39 1.0544974931386648e-39 -4.691153800131407e-07 -1.243226700486772e-13 3.077321550741228e-08 8.14639037112575e-40 7.873704764221346e-42 -1.7163847326978252e-09 -0.2629543319557575
3 3 -0.05085281430664853 0.0023508104087717036 0.11525243196214635 -0.1503462121095521 0.27054887903115454 -0.1285865701823221 0.4459674782646953 0.008542655382688513 0.4296948807031855 0.2512866693189882 -0.04865562179703092 0.13902297707538153 -0.0944969320309651 0.04601831794509142 -0.33742996431220773 0.24150325087686966 -0.39848377700811977 0.09428174723075494 0.07192038769105588 -0.4024425271286394 -0.15945707391095135
3 3 -0.3008979312228064 0.023171381240592915 -0.1954192618132263 -0.43392415318216115 0.2969175943208829 0.1277607562154574 -0.12341528030351152 -0.22713668285762645 -0.0011890848891235803 -0.26369244356334814 -0.1760254802606909 0.06286795498045022 -0.42384990601506384 0.22266560839060387 0.2840064743436709 0.154620735472358 0.2589909412617285 0.2967883472283738 0.02397427907872303 0.2830135182636696 -0.23002323231169206
3 3 0.1999187826258184 -0.20905582695067157 0.1411707548731953 0.292532422604143 -0.13111594550451655 0.24806960646897996 -0.04968217388849278 -0.19205906428003058 -0.21897667410603588 0.36511930058219083 0.24887291513273477 -0.201704921106187 0.3546241582679219 -0.25597173770304754 -0.1732768262463929 0.12651818868848563 -0.2945639402056151 0.16564846916799164 -0.18430268329372837 -0.18516453897893165 0.22639946653200385
3 3 -0.23434835567349518 -0.19974445281571138 0.14479377036278474 -0.09259231775804366 -0.22361621100017934 -0.028194387128769618 0.26296434657969925 -0.13918372824658012 0.37582206218735625 0.18849414830889516 -0.31964905136886823 -0.24399840589533997 -0.3393255726680826 -0.010137888615262144 0.2225275494165136 0.18938192939321674 -0.004421678969771452 -0.18886436378298968 0.0036945570791124902 0.04837499852772101 0.016323398755587346
3 3 0.16294947183464864 -0.3308694056117444 -0.3139185387376394 -0.3595088807232398 0.12680712042753264 -0.30475869219823903 0.07301618473452436 0.37088979253851245 0.1830066865054313 0.2966670365308543 0.09015976845056539 -0.03120269246444196 0.18294241508758105 0.10368251230932983 -0.28561885840817336 0.13150668092945889 0.3458474852641932 0.38412700119964827 -0.10124611649472869 0.04299397908604829 0.29854723108720327
3 3 -0.27830466470937765 -0.339848451120512 -0.08942636029780913 -0.1586124943152953 0.235016090586411 -0.26825129301939155 0.3347016256426713 0.28885101978908323 0.3834853562975767 0.2132947095960621 0.24034370474276595 0.09116673474704365 0.11234177503196012 0.30856897199626504 0.08075644859629662 -0.03313421366465283 0.07749358613629685 0.4089340065270461 -0.2439467610562893 0.006388853506326092 0.10153287921359533
3 3 0.05407950197448488 0.18000185636411542 0.07937142086840468 0.1020786294600892 -0.04746343567972636 -0.1964166907765763 -0.14446514984908054 0.05489547379647314 -0.1468875238315203 0.17018918955347578 0.3746762784156556 -0.07911322204246907 0.016365371695282044 0.37079260079918536 -0.1396273160843698 -0.061827171083887356 -0.2895371008462204 -0.12659831900402183 -0.40728614594826223 0.16919049985083723 0.00021815281181803304
3 3 0.07638479087780914 -0.23874132583319177 0.08499271022458332 -0.1733943082206057 0.48556374888872217 -0.3189282857121372 -0.04779658449681714 0.12448920383524892 -0.0845932943910354 0.19065678498479707 0.21828801955945543 -0.011876669138878629 -0.08422982231366022 -0.2739741332050209 0.24226089849338425 0.17669315021030166 0.3384912100959153 -0.07031235160029126 0.22397003304907745 0.06200276215803904 -0.03416449911184332
3 3 -0.4682204388754411 0.28183714158191797 0.31099428684037833 -0.0540531782984791 0.1042700511121019 0.1337961012055463 0.02471290796064714 -0.09053945072662843 0.3629630392174542 -0.42092085984502886 -0.10845163928159463 0.12821071574653914 0.04781656553556571 0.32772659202614385 0.15905044795412893 0.16925845714823673 -0.1650614299931566 -0.2541850736751635 0.20351153351963636 -0.040382234643847166 0.15582876052204755
3 3 0.23102157652634386 0.09220004479433985 0.19179218880451043 -0.35096970141403894 0.2036592404709544 -4.083625985219495e-06 -0.010642442411527038 0.054139855809047684 -0.21958259466236682 0.17768131486981997 -0.22628379871176213 -0.08001219428150402 -0.0707544142071621 0.1017853491352558 -0.004936084129973428 0.30480236254742327 -0.1217487716789729 -0.37447343248734544 0.07212485424509388 0.24516271697047062 -0.340016317801605
3 3 0.15230808965366543 0.22666859156851354 -0.07522576327253482 -0.053202688807732906 -0.4043208994411161 0.40172902037612956 0.041188563663937236 -0.10004034685121253 0.0026964858921884817 0.23944166247479154 -0.3876846682388916 -0.17154149373442026 -0.09295680826561725 -0.03241868991866261 0.432995963375222 -0.35202076272254396 0.39940383428020315 -0.04426039024663086 0.33391276789704266 -0.19879094095234448 0.3342213348762162
3 3 0.636712502824733 0.028933627704055467 -0.3021894818506078 -0.2216368285559548 -0.08269483942052845 0.27794799279523313 -0.10924725685738174 0.028565395694045682 0.24953012078467102 0.38318073301990824 0.1555686365663775 0.24511741724001648 -0.10562926114292431 0.029815693249972852 0.2825639477615218 -0.017920855358976976 -0.0278245667811728 -0.16067178934374265 -0.03983517957322041 0.133395543700395 -0.20515019684418867
3 3 0.15637220369619342 0.167982064916576 -0.00509086568409167 0.12835295947882353 -0.2678500276325751 0.11889381082938741 0.04614290904820801 -0.0005640780722139391 0.18135135524254709 -0.19386257007672653 -0.15773494706176916 0.14686930575436544 -0.37490531075496925 -0.08385968013573152 0.23073177759169383 0.1822466942823518 0.3024524724975537 0.058144510010462044 -0.2839078906369332 0.0577555485584995 -0.026574474106206697
3 3 0.18840736726402965 -0.010339960521218957 0.27653887524555454 0.09512498484908259 0.3397461651377773 -0.12869868001569998 -0.0030375868975348547 -0.018459572568864102 0.17414558626576887 -0.1944031206294781 0.3491302016836156 0.21902852323634878 -0.21582463236250163 0.06619651070398659 -0.0484315673423665 0.048418113028297946 0.3932831154920144 0.35542958184990214 -0.1780705318375767 0.27964091108668787 -0.251258327995084
3 3 0.27506540861652745 -0.0516303704700367 0.09213087611078778 0.05564839044142706 0.19540523025891698 -0.06992292263887107 -0.22285093714773205 -0.18284930690141687 -0.42587311724774535 0.10598727051523386 -0.17666450132321165 -0.21417074055254834 0.05925128857172504 -0.3788182508861593 1.2295677339594474e-14 0.23595848428475086 0.05639653206590398 0.20584956134889884 -0.4040759554101621 0.1675052056659015 -0.10287688928393578
3 4 0.3722934904791996 0.4548941119180628 0.4220309161156056 0.37238249062930084 -8.238125170369508e-06 -0.4924090847983563 -0.03562579079863204 0.34856179333978626 0.2760754252376166 -0.45124113592195714 -0.5170430116915072 -0.05412139097366943 0.2056738866298647 -0.04026335229529842 -0.18674809809531207 0.06791689020142536 0.4712599907935096 -0.40971424470381934 0.1477407075889342 -0.3714818736845249 0.3971769124539445
4 2 0.35827324207810324 -0.3702892433561553 0.1352235134454538 0.3945014488512982 0.19449280365756833 0.058739229135823155
4 2 0.3423109599116234 -0.20176032517208412 -0.18196668475114577 -0.4158457743467608 -0.3114072476250804 -0.35699171418832276
4 2 0.37020326802082804 0.14212796778361367 0.3261520594445364 0.28647797655434254 0.4007428285743038 0.05214940822225613
4 2 -0.39837646592884224 -0.4587353909566882 0.26513236938424783 -0.16195683876481096 0.1900219901165519 -0.345485685355451
4 2 0.42382253639252054 0.08237249345671138 0.07090332686200138 -0.3795534821139954 0.05432336800157472 -0.0781878827723247
4 2 -0.07956679539305095 -0.4652189941159535 -0.3251889072248609 -0.44550099353653383 -0.38247861128669614 0.20904861100716632
4 2 0.4270685991033398 0.18147766813729863 0.4655306663246685 -0.03862611378117148 0.117472719949664 0.20392866684325256
4 2 -0.6105135455648558 0.30988861230584097 0.45171250667416707 0.011859643469880847 0.08163675158852862 0.40359893666280333
4 2 0.04307584455400386 0.21694267975929307 0.290610758506412 -0.103554665499703 -0.1489160435795527 -0.3063617168337852
4 2 0.41313457210102833 -0.32307944335325 0.39481776936880836 -0.3958178573193785 0.07101754510877058 -0.36129459457463153
4 2 0.4516942375451681 0.38698712154912407 0.07820435332437858 0.09308589277897177 0.08980125161126741 -0.014036197638191816
4 2 -0.4247603944236805 -0.14274153321917196 0.34301054884357585 0.0030810733478699617 -0.3272715392914009 0.5210613454879612
4 2 -0.19305090419954354 -0.33983596889452505 0.20102709646811126 0.2687382606349198 0.25168015320737397 -0.09581868782645948
4 2 -0.5070567438841165 -0.09973135739001956 -0.538645179160234 -0.346933453559721 -0.5232352943133931 -0.1607034778765643
4 2 -0.22225195592625538 0.050529711478072 0.13985339600510155 0.3044395905743166 0.342314229171686 0.32052935844183206
4 2 -0.4360308907352923 0.3453856396800433 -0.05066921336219408 0.39199180639873926 0.31205177115972327 0.08259508576198452
4 2 -0.1812480595043902 -0.016688445467934448 -0.28999964401503786 0.34328670938300393 -0.28634603862775265 -0.08564129888821922
4 2 -0.02183859765046781 -0.14250803247948624 0.006406880223644562 0.028467934927696573 -0.299958340123983 0.45322452620213843
4 2 -0.409089708696079 -0.372262211213255 -0.6286604420953928 -0.021591315131183005 0.4259473737757754 -0.32217236925240905
4 2 0.4082887385570386 0.4151005870336254 0.38319062625587613 -0.16815419525468042 0.0363084459354872 0.11545120645174636
4 3 -0.21826441544182562 -0.07288055856722901 -0.11590520308337912 0.32859181229464846 0.09553784682561241 0.329473878805119 -0.0933517371255875 0.24077706494612552 0.06620968198459944 -0.36002100621306954 0.3592417370891678 0.1338968428722406 -0.09737843370611915 0.46832108759446284 0.03953933734265033 0.1216945125080117 0.16762336184696916 -0.3965284784643729 0.13997159526487338 -0.18645260719396267 0.29558911574646346
4 3 0.24312264402813688 -0.10471498924238734 0.03800825495443002 -0.33602264989468494 -0.051283188694154706 -0.07965812526402603 0.07591222283629359 0.19460633345521436 -0.18329279204180562 0.192115276786748 -0.39235780256116226 0.2990351468522184 0.35480156988883 0.28015619377053946 0.20433840636099448 -0.3155592634504131 0.3196864111231992 0.059809637485077165 0.10041198952328922 0.3022088045756377 -0.3697611749340729
4 3 -0.16428262631060292 0.5450280677356394 -0.15750967456626438 -0.004835719538856832 -0.31386699701902043 0.3902782152646813 0.14862888022107934 -0.11961722206098334 0.38457259037168634 0.24280016382785016 0.29526751629869497 0.2895207086729171 -0.041777493275223364 0.1971506535956428 0.1040738652182077 0.3185359208976234 0.4273188883545758 -0.18801168716721872 0.2782240669342303 0.06865728799186559 -0.2875248184539695
4 3 -0.22204328910921545 -0.23681070736792828 -0.1065591811874192 0.3665037630812277 0.2657899349512072 0.31428914891041826 0.35368102927368494 -0.18667342140695795 0.40763878977063145 0.14505154877909082 -0.014838476807342493 0.30995491797802194 -0.24189790927010515 -0.21816912062708002 -0.4014055645443862 -0.14721794811608271 -0.17004870498410407 0.22613672450424835 0.03632301634734347 -0.27009179933278793 0.15217745998804696
4 3 0.35728638107554866 0.2105374107052914 0.0015066108823114696 -0.13514443216570035 0.299640187435396 0.29028319012570336 0.15454098425855356 0.12553342725518585 0.23031992561655248 0.03720506232451427 0.095530527055325 -0.21853869147648525 0.30121446829800735 0.190711429406797 0.18674716269794464 0.35038459186820625 0.0912223873155119 -0.25664203515672024 -0.3215521314115019 0.09358226460436578 0.22013010496487365
4 3 0.025887474427792222 0.1376279188982849 0.31494845406673266 -0.16307464966673596 -0.2600163652661956 -0.516758944405131 0.22512215681529812 0.21760649152363076 0.3231884058643336 0.05643962147428087 -0.03331236326764859 -0.19564953523670278 -0.047264931546030516 -0.6740431313334548 0.22095965456499128 0.27793485192777384 -0.362647830275022 -0.05469815131998704 -0.03662842837933853 -0.2056237356742347 -0.3040349073864416
4 3 0.2475109785836065 0.10178979295380297 -0.3018495556347533 -0.2986630408159538 0.3429274640894699 -0.37241511724352877 0.4054289083373638 -0.2490596019198633 -0.4063782044832474 -0.14493721367376752 -0.20650983227211167 0.048954698111105914 -0.18201815251224154 0.2772710323387291 0.036596190085239295 0.1520477976292209 -0.16562093630305566 0.38883654908250365 -0.2028624068816686 0.10122688476423186 0.4083958124755032
4 3 0.2536696783569613 0.26887874109496446 -0.04691243049834374 0.08470192135199059 0.0005307644013682328 -0.12372512223131675 -0.25863667762019543 -0.24194990797325885 0.3948118054500745 -0.24022876137558544 0.38391466302314675 0.27913599771268355 0.13558252355027028 -0.05947732477591 -0.0983010862059292 0.1029665777928854 0.13754609982553934 0.48460637475979373 0.013347743031003617 0.2568976847337387 -0.23842029892632324
4 3 -0.3280872386014492 -0.20129370887868697 0.278379588053164 -0.18634224229382998 -0.034795662188211854 -0.05898616779610752 -0.11623631512916646 -0.23583846808045725 0.1451029718165801 -0.15209566108804 0.36442257194443095 -0.0425537471439484 0.2876791009049249 -0.10708895234240977 0.2315714369916437 -0.14302056376629596 0.08233950842690288 0.1567298899458444 0.26169616892990477 0.2582343733085967 0.3104594916371201
4 3 -0.18748679793919876 -0.18197995279467877 0.08545860317816945 0.13868345074676322 -0.1348447055218018 -0.010833186776051492 0.14066259575680987 -0.0608600196484626 0.26086527203321475 -0.35145256403710096 0.34796719371359586 0.35905329757914456 0.2888906354780654 0.05539511176144728 0.4080961147370808 -0.03295614996490661 -0.2594732530049878 0.22965025392182079 -0.2618075794741709 -0.040516901889097096 -0.00017038556116771245
4 3 0.16124167982763388 0.42966377658389754 -0.13251545131225242 -0.09229099967639928 0.09481305189086807 0.0703639632076611 0.4746326766264969 -0.2005929208707269 0.08287500453237936 -0.23698236989312724 0.21850594108889995 0.23575733466865706 0.026858949148932595 -0.8093517924331408 0.06981234506751739 -0.2893478997618887 -0.505008861252401 0.1838917221649419 -0.7792339190434275 0.30517054850146924 -0.1896774055331198
4 3 0.34014868115593244 -0.461553943581851 -0.2695064886604864 0.28402107839743895 0.3222398771345472 0.020731225569369103 0.31836141030437465 0.3398456563558876 0.11390892351543784 0.25697470520975235 -0.24970493445281783 -0.09028042667345303 -0.29798990682120235 -0.3406043692030534 0.3443199345721551 -0.21089161724567146 -0.2814195986205185 0.36202233384733296 -0.22111692432953955 0.2527271687719739 0.4124765436467833
4 3 -0.03372751834578631 0.05112192284462908 0.34742311088231326 -0.09400232379729116 -0.2913062883380662 -0.026352256206413932 -0.01960444602209522 -0.17491655311379942 -0.3020312665420083 0.10408896060866803 0.060257629568145475 0.015544444797989746 -0.22324717184472845 -0.14639439413199642 0.39591954541444085 0.17373827276260104 0.35425143971266326 0.28032736646628253 -0.2094385629896047 0.05539811165705764 0.12974020218508212
4 3 -0.13685143041309789 -0.2793185732122931 0.3666235687161324 -0.31019729519606 0.10849971601442138 -0.18394108376911372 -0.29416343450355403 -0.09608410654833156 -0.03126127335212529 -0.04353594924292632 0.3328212158433629 0.2635967134815983 0.31573825083938784 0.1960482011472616 -0.06220946745874672 0.275402545041596 -0.021063982878901943 0.23740849684483326 -0.1993006257832045 0.013308700826307156 0.3958593864399047
4 3 -0.3672554282163404 -0.18391351253474159 -0.15538905992606586 0.01087551045568159 -0.030740045701742682 0.042084863393419714 -0.12560772873105536 0.3256157607523727 0.08107685057994066 0.016628035978309905 0.3005898240036034 0.31718719124046985 0.27102042010295546 -0.0436210501112254 -0.16445077113482431 0.09803600409626678 0.32274136997368563 0.0464442536142563 -0.17806734435754207 0.21993991014542028 0.24427437923774473
4 3 -0.17016525620835407 0.2179261396640079 -0.17161871163096998 0.29615719303058263 0.2026046413126143 0.2574876879084459 0.2851670548607571 -0.2215904615230707 -0.18797777850995243 0.30209424944277585 -0.10086996526823362 -0.28431997277939747 -0.2004866932341073 -0.1718897031245814 0.02948174948078163 -0.28390918033710855 0.030208876570179143 0.04895178923825335 -0.4818283214559968 -0.20818884396512058 0.09533047336920655
4 3 0.28138075954775343 -0.3390197305545062 0.07569249658241677 -0.015712620342073193 0.1236769290814546 0.04553267809589287 -0.17579430647672342 0.06908920068694242 0.1036903682458307 0.03378457511836657 -0.018812569150021025 -0.13693763229724615 0.11446284765367953 0.10363398179408682 -0.2889249702007436 -0.2746161873998113 0.37144617107286826 -0.4130796211058855 -0.180257376183067 0.08141688904011475 0.15217121620326662
4 3 0.10637392473299195 -0.004066185998320471 -0.36722465121961345 -0.11267613409105484 0.12167401496827321 -0.24821663343134195 -0.26061670639468415 -0.1152782525353427 -0.26038316275797235 0.36358119928331484 0.14867836716167485 -0.18890719221183447 -0.044441955141561386 0.25299701962502874 0.11253640197264868 -0.04297614003218972 0.07050542409310193 -0.21160804517666343 -0.35048941545187207 0.1379395718201371 0.25644462987876876
4 3 0.13780810560566503 -0.43646850654000185 0.2786314111688252 0.08671565533529992 -0.02119050241647176 -0.24750146251461072 0.3201717334566987 -0.4465985671879397 -0.18048492281130774 0.029326817087720104 0.06933887790967985 -0.0631320610055959 -0.32098636362956545 -0.08827340220098591 0.18029303892638793 -0.060170295783473535 -0.2994358166051241 0.07885703802655189 0.8173778310232529 0.22864245925101642 -0.03177060074017971
4 3 -0.02289160405287485 -0.19884388565360878 -0.04838179515176689 0.13480272743399532 0.22274946953538022 -0.175569434123028 -0.0417547709209883 -0.1589936396613491 -0.4744926537476906 0.12537356774005856 -0.07456441781495468 0.3216674119421609 0.23855495304117477 0.23254963193864434 0.3631595412148435 -0.11243260280483076 0.21405387514025362 0.4025832260432046 0.17296464187011423 -0.04878515896553189 -0.18144701226101081
4 4 0.17696034667689042 0.3209578812801294 0.3005344208109451 0.21789916159059913 0.2799470768657276 -0.21820888726198812 -0.27710483568618405 0.7353829462871756 -0.5017551831799429 -0.29263933130245556 -0.0894666654883756 -0.2922121193294939 -0.4538635071412526 -0.46653249691147686 0.14549187629449456 -0.19310863869870754 0.2125512640090233 0.38454837992663565 0.16854951138104357 0.1956899157881067 0.4448127132479293
5 2 0.029993116848389144 -0.28939135210533706 0.1804502731247477 0.13011885424229389 0.44778605855635245 -0.04544883806277385
5 2 -0.21743652744430736 0.3646058303172262 0.4096349000555951 -0.15280357288488103 -0.2776707360341651 0.08418462313328415
5 2 -0.43599597907719756 0.26161175213948995 -0.2944807553697928 0.49797888746664526 -0.25109884539087807 -0.11248845986040977
5 2 0.3259095177008303 0.41073032021358297 0.40205909759168573 -0.3466148649456551 0.17868540997693969 -0.2863223554547725
5 2 0.1269314101732461 0.03130597100513081 0.2063986512917106 0.3860853590187061 0.0517195806452591 0.5741749960620015
5 2 0.3817250884785744 -0.06869537073782042 -0.1686947911342977 0.44486623256216584 -0.1488662389849397 -0.17278086741127907
5 2 -0.46493482928224816 -0.3279597234402621 0.3863937034176873 -0.3266844347596053 -0.10210280164137057 -0.11100788414439727
5 2 -0.029601352217850953 -0.3496617055282277 0.2766375521136616 0.35987197510563385 -0.4498048652739803 -0.06633943598168862
5 2 -0.4159254971367241 0.38489693053043234 -0.2894697352701996 0.44888507418277585 0.02895820510146797 0.20179935158500267
5 2 0.04771811505614406 -0.2793649799925948 -0.10167591670926779 -0.07468876781586659 -0.5043870341922717 0.1703396337397187
5 2 0.11058315987330129 -0.41905039556584817 -0.1232671455174421 0.1084363115459465 0.049127005857990576 0.32397539730527103
5 2 0.17803139785838684 0.6163016807347103 -0.020267274392707108 0.22327307745222838 0.558830228105839 -0.23912966673889338
5 2 -0.18707622988878622 -0.2887327421762992 0.12924165913868216 0.34582998331212217 0.13338965375668121 -0.3224020312425845
5 2 -0.4921092164560452 -0.3952159864651722 -0.47747387331640084 -0.21334881252344415 -0.01595474715546983 0.34261273990405067
5 2 0.5025979846638706 -0.14727674085994988 -0.2087372299361324 -0.279396986889708 -0.11039231374938993 -0.2557582174403021
5 2 0.06688305226101177 -0.08495543821096155 -0.07996665934715866 0.3598419500205336 0.4119238610152083 -0.0820861015997393
5 2 0.40922197643231245 -0.16139196957744056 0.29678296340846916 0.25777025993108055 -0.2394226267811673 -0.1374462750570393
5 2 0.1257008508305475 0.22004198896827948 -0.5755228721515899 -0.07575458052294809 0.010223336950816213 0.5183994955061275
5 2 -0.29107620231456904 0.1970443538814671 0.06950754949065145 -0.07443185900547618 -0.14943238958647967 0.5348126545930915
5 2 0.037127958206638854 -0.38270652185846227 -0.011753570808507287 0.19508090825720298 -0.13451754122033904 -0.3237508691042012
5 3 0.1651633674045002 0.3483467713043412 0.31172569593976035 0.18467410870234768 -0.22306275334011094 -0.2665291056414527 -0.27971913590483466 0.13623835180879143 -0.06403996937949535 0.026816974322388814 -0.014032332575012048 0.2115979334821069 0.15613682620838998 0.33452091858378985 0.2705340889641198 0.17404980036097853 0.035128869064988785 -0.12685325841270415 -0.08258956370052294 -0.2757047501666618 -0.027285958146860922
5 3 -0.2501819747988988 0.2681544755742872 -0.30406070507962685 -0.12455637535122493 0.38130947454350367 -0.17656451768795933 0.29211381126710556 0.06116934043772199 -0.1526119442297494 0.05924905091282344 -0.29422358995921766 0.42057449758378257 0.1911766675414945 0.32662092252758895 -0.08325924231890024 0.2275461226009193 -0.09546361288045173 0.24865982588187296 0.3286549425988324 -0.13299705259637332 0.2634993413220503
5 3 -0.40899526257649726 -0.27716018448423624 -0.12445838984787509 0.14823951763714255 0.1743305506581118 -0.15276815291872864 0.040967907965965056 0.03449841639530209 0.20660868606318022 -0.22169796665090244 0.09016155375142382 -0.1503261250154136 -0.08092904654735639 0.20460292632747587 -0.30962571770587166 0.2328687606667413 0.027406445163200073 -0.07006566718936869 0.12826392134585016 -0.37913498622745945 0.28667778684426176
5 3 -0.07533965790998676 0.12233725673528185 -0.15352783065841893 0.021467046047353746 0.2692589794343851 0.12117321441581906 0.351125431623425 -0.042235392912662414 -0.3081965852880029 0.15184838637302678 -0.02248089147303488 -0.26600187850859125 -0.0781774274361025 0.4367760808677615 -0.01140759936024118 0.246280318925092 -0.02066322215265035 -0.20237558909133374 0.22143242232120494 -0.3111275373730786 0.07678408937974532
5 3 -0.056881999050379 -0.03599205722895989 0.45859766552987646 -0.1507686107977984 -0.05950301436829792 -0.1425838479843858 -0.11967377289129848 0.08523923613339092 -0.03198190192338705 0.01945674935376155 0.14424816936997065 0.08311976274698744 0.04460782549116735 -0.18378408837745985 0.3316570032053728 0.029087670514233416 0.40527000882651754 -0.4308442337697638 0.09664700568261077 -0.13634862286732727 0.09732758270551121
5 3 0.1917733144356202 0.05285916194500194 -0.025100873521796633 0.16147757388049114 0.24706369752197135 -0.24095290949993595 0.10375261046819938 0.00041844722033374416 0.022729807680990814 0.23470588013442434 0.39895388420517847 -0.1954471808151375 -0.08419375711027509 0.2562199441461676 -0.11421320277056442 0.27307249444312726 0.041097662048752 -0.11786200078781499 0.19666960840890668 -0.2980946439658133 0.052356584009981846
5 3 -0.1621125940114476 -0.18930695690701524 -0.09125552735198608 0.017481237048979283 -0.010321907252689062 -0.042122716871419164 -0.18184738698217323 0.20829810150882258 -0.23441483967540022 -0.2662099753573123 -0.018350006909869713 -0.1697589020999238 -0.17965370437588243 0.3062947569766069 -0.24796197046094243 0.2538469309932893 -0.14933506506410266 0.35488051481861077 0.344642722147144 -0.1450212022140493 0.07879867351179176
5 3 -0.14449159072412535 0.07062732110553019 -0.13231094610884303 -0.16121908332215787 0.4851954379587864 -0.3252495374377384 0.01268068203595808 -0.09416808828013391 -0.14040020738224662 0.1053754749908808 0.23464657052864354 -0.20225198155352686 -0.26639065626563313 -0.09586709719195018 -0.08316577489982148 -0.022858749815931577 0.24334506295233815 0.15412234542123762 0.2949000848833993 -0.42353213718613036 -0.2493281533889684
5 3 -0.3763662326240834 0.37004480497679143 -0.30986341378251275 -0.3197284439132313 -0.21905860656815254 -0.4340586334262628 -0.23794550013696084 0.023604493546346327 -0.38830911406320473 0.0962227103703519 0.11690254097571337 -0.1172717458887424 0.08228424376764092 -0.3657279633021845 0.19252683516014144 -0.2746734063764188 -0.20998297384164075 -0.13668175867218024 -0.16595912087407416 -0.30296086643224274 0.357956344456789
5 3 -0.5637615311685261 0.2483970025074251 0.2754464159640687 -0.19479384200373548 0.2292476331549527 -0.1505675497421533 0.2653836890950999 -0.4300293881192359 -0.29072084136603926 -0.35132537166751515 -0.12309991067582238 -0.21228097211359967 0.12003126415667037 0.08247063854543416 0.35729639063507895 -0.396761253526744 -0.1408930447117373 -0.06744571469283386 -0.010100730057464707 -0.0267410902924736 -0.1929059329541421
5 3 0.11558988820773572 -0.1191303647380562 -0.019788812850424966 -0.06615271420586995 0.23650905943990158 0.3453200863384431 -0.1581183161252644 0.05422547536682188 -0.04259419373229315 0.1609298776033011 -0.23667994118912042 0.32412419926226965 -0.31297036157583913 0.00891526364655177 -0.03647481177136795 0.11266186774501674 -0.12126402132881411 -0.24308802287638012 0.25537892279714736 0.2978216443876881 -0.007615929647412715
5 3 2.5349290442113946e-10 -4.086160257598847e-18 -9.430583554573971e-23 -9.61565338326162e-16 -4.2691493026309394e-51 5.918265467625035e-17 -2.5874413495900675e-17 -2.1498601555158102e-31 -1.1179788850226474e-09 1.625434478957825e-38 -4.3230146821236e-09 -1.6700843484612087e-38 1.4356635202972132e-24 7.819670258397107e-31 -8.469423873674676e-13 -8.946331667922377e-42 -6.645626628073469e-14 -5.515958676809984e-31 -6.160005875564246e-13 -8.25581445000314e-11 -0.023715814468374175
5 3 -0.05957310205123601 -0.2960335093364567 -0.011689212993951857 0.26952904173161724 -0.31608382968190674 -0.20937749456696061 0.0745181428982381 -0.09585783799870363 0.4221814925018093 0.18777893084617284 0.4299773468489202 -0.24076584334701118 -0.2394846246963786 0.06950557378083227 -0.30835275042553734 -0.09673570395697417 0.10331791330346457 0.13800387797697136 0.016769671791830202 -0.10582443684263995 0.39485300198887635
5 3 0.17893889221615533 0.23878790232800798 -0.2606888049558231 -0.371575501684331 -0.08855971717524037 0.2378100286485839 0.3953525917509942 0.16467090947970506 0.3456031926132319 0.39366722556088346 0.0552136097845644 0.23982568058525877 -0.08847260639720947 -0.0348655731095687 -0.2260748142336033 -0.25651246897303887 -0.02190302169292399 0.4044148405948727 0.16575489710975036 0.06137316646740554 -0.0642324874393327
5 3 0.15127538215566314 0.3398875409855682 0.240482272527737 -0.26443571370987484 -0.16088887404152952 -0.19561086785358225 -0.1860845907755196 -0.07479596127088652 -0.2612048374334565 -0.15917522138270176 0.038252910360673284 1.3239138094967285e-13 -0.2156433283691858 -0.011748677777657698 0.01257148476315168 0.050340131807435066 0.2882494697168973 -0.32054517239050695 -0.38986555103085424 0.33654413773922986 -0.07859689049254417
5 3 -0.0034852999304638417 0.01534786218102163 0.1035672433792898 -0.2019617786593102 -0.2914852710202788 0.24325003682344648 -0.051846754579147086 0.10352880887451277 -0.2179568143385008 0.19394862771891916 -0.11813528236372099 0.16878638930557768 -0.1402179008536319 -0.04118292520132266 0.04294175030432886 0.19071868350842985 -0.14754440599205632 0.28862792029806317 -0.3293746084703129 0.2074712799353865 0.14109937305585937
5 3 0.002535858827869869 -0.14150554268437615 -0.5508628330541008 -0.4827116869823917 0.03402769196055187 -0.009055797304454457 0.18447406705905608 0.09774965646375515 0.37648994828042043 0.11883821530657307 0.10221797359213423 0.22464755320261925 -0.6685429551874887 -0.2120833542669466 -0.08495567253255455 -0.34570678106856206 -0.4276374082313739 0.2876083758686053 -0.17299416748412869 -0.01626071495844984 0.17956316232678765
5 3 0.30160746104181196 0.09235303090279534 0.1455879767384114 0.15088843921807074 0.4120122955255562 -0.23748347578204518 -0.1273076840764082 -0.06237286657951547 -0.10889964552944562 -0.35510145752264227 -0.022497449208852827 0.232676666344936 -0.38855835298159147 -0.060962111763935976 0.036466004633777756 -0.13963646938750596 0.27835647370180583 0.21084136495589378 -0.3073481403348131 0.3266327653230383 0.18015783028954
5 3 0.3287732071166596 -0.012282177271887804 -0.15616241137327141 -0.023314905112533434 -0.3418653863642871 0.23677540405038378 0.0028076568329615005 0.5914779786407145 -0.1965431211996204 0.06599983130635986 -0.2370770280306765 0.1552409984939264 0.20764325762940375 0.2718125008596259 0.30808016596540433 -0.1068294779566294 -0.14122604388035664 0.3514917122183966 -0.11737987636628176 -0.11840115109176635 -0.053839497801160055
5 3 -7.219884606750413e-49 -2.4175649341072635e-11 2.0182842347081716e-10 1.9213573533431286e-14 -1.2279712000966377e-12 -7.790173676022955e-09 1.827386322242285e-33 2.3929374519100263e-37 1.5916197918833763e-47 5.099248835252432e-41 4.606225935335817e-31 -4.844484162280774e-50 -6.593190599010029e-10 -3.010989940235409e-09 6.2407784428275625e-12 -8.310643495783986e-23 3.505440812426367e-36 -9.844194829971549e-09 -6.01286627299623e-35 5.903219765173773e-12 -0.25262877893969854
5 4 0.5179060751842978 -0.1304504928762368 -0.4183615451818012 0.39580402945975374 0.3374410963824754 0.05414589118678419 0.006998366283069021 -0.4771532146853991 0.2801936776902543 0.49431363248881033 -0.44603655548679094 -8.279126156157886e-31 0.45583569229775384 0.5627842706545128 -0.21856874726479722 -0.11832224496998836 -0.24009817157389907 -0.1918100539569373 0.5458201023664202 2.2780196304690576e-07 -0.3745482776587413
