Number of NNs: 3
NN configuration 1: 5 20 20 1
NN configuration 2: 5 20 20 1
NN configuration 3: 5 20 20 1
NN Layer Weights Bias
1 2 0.041428624684404336 -0.2783597550020351 -0.20344775788168196 0.19032336479754802 0.3189638301614745 0.25725872179323866
1 2 0.3989975011417316 -0.36850829401550395 0.47872924705252873 0.10414266058978774 0.08634970222206986 0.312648899510087
1 2 0.4322907240103412 0.10137311856114983 -0.43901627281166805 0.1233455914936373 -0.286073702785316 -0.008118584861799337
1 2 0.07821995287390177 0.4846062996025882 0.3754688232669163 -0.16942595855985756 -0.04761833668897332 -0.157704325131161
1 2 -0.052299759414079244 -0.142822263991974 0.0809800965705186 -0.48960173940535956 -0.07454864649087553 0.11089059131840572
1 2 -0.3676523946506013 0.31175757030408063 -0.3901871552889418 -0.32934550581099714 0.2774892152795111 -0.42142646977378706
1 2 -0.013701351683340433 0.2608070886143418 0.24773265057637367 0.16417310941564495 0.23480872259542465 -0.036783709114323486
1 2 0.31007251769322675 0.17976723525170374 0.3046636764671542 0.05163465341093848 0.10895019221532704 0.18232895930106346
1 2 0.31667921711223856 -0.09822229905466737 0.4889460847774891 0.3661604840035699 0.4131807716125335 0.4373091072043478
1 2 0.013221794558277622 0.31519615015469177 0.08630525273622182 -0.02629959662841498 0.166881219506802 0.4761698911864391
1 2 -0.5287579297279023 -0.026573707360254953 0.20032568826314773 0.17612222136603117 0.10838653860446268 -0.08280862185309057
1 2 0.013987962062598199 -0.15397094847887138 -0.15449101258691783 -0.14131489575605163 0.4848755165122714 0.06315964412093845
1 2 -0.43520635141368735 -0.11597569275227383 -0.23076844169764824 -0.15346680799578893 -0.14285866498914737 -0.11710686576395576
1 2 -0.08355923275277391 0.4587708162391335 0.0766696051922328 0.17787766977186253 0.34121678416601003 0.026033153504505087
1 2 -0.17668707859179775 0.1313289159158394 -0.30128947184426147 -0.17879397467208885 0.6743748396717855 -0.23660908090887336
1 2 -0.17172022479450935 0.2584740298019393 -0.2673202838479786 -0.33684382375602573 -0.13239351783490969 -0.2489791290266629
1 2 -0.22004921351745355 0.43087869055728417 -0.17276837220446406 0.1865229283481327 -0.24600988828411094 -0.013689947512561982
1 2 -0.1862286838685772 -0.31344439243219524 0.4055273482371466 0.27179083132358506 0.07808808620119677 0.4618420494069978
1 2 -0.2038365290109364 -0.05108442138078121 -0.4053863124010051 -0.35228927423895484 -0.38144767874085256 -0.37061795369807127
1 2 -0.4083485901901397 0.16115614100757694 0.41454393319502897 -0.3444532042303899 -0.03310224086637539 0.31006142540623
1 3 -0.2006126302248481 0.22818437493336563 0.17046941593385995 -0.11946310785013671 -0.06693704018942412 -0.17210939960478194 -0.17008401156020836 0.09362995973215953 -0.19929719297387452 -0.4508410766778271 0.28743740148558067 0.43948669194199896 0.19155198827325917 0.11164763402264785 0.1855691978452862 -0.3213568762890217 -0.07309211401379843 0.2799380539297687 -0.15977775667317579 0.376765300131585 0.03901550279440646
1 3 0.20691682363654687 0.16252759334917488 0.05889566517715257 -0.26853077029087863 -0.3015264040987522 0.22750431325883183 -0.16268728670600546 0.4086321511045046 0.25896051579142715 0.128712889160364 -0.2953401096651375 -0.14069307625575656 0.06906401034412375 0.14536002610100363 -0.13279469008536116 -0.006570311229920516 -0.2010502483735035 0.1473931841355138 0.18803807891536925 0.02354554982302578 -0.023017441447966865
1 3 -0.36351066237042984 0.1746265026453761 0.20951164741227463 0.08312943081405115 -0.3012981427551727 -0.12616864772634528 0.017454656727512483 -0.06346564464113898 0.12849446712447934 0.3810735212514871 -0.3197878520306624 -0.2467988178126996 0.2375208068609149 -0.2756860697959523 0.3589675973988698 0.056301839105324936 0.13408318364069846 0.33404036068015264 -0.473143973169863 0.287831325862007 -0.06298857780661073
1 3 0.11960720319614422 -0.2721390468759124 -0.3808630814711196 0.2505869898313429 -0.07094214667426443 0.07249879164203085 0.30040588450011396 -0.2786761259882459 -0.22021720549611612 -0.3810154759792764 -0.38428585742217497 0.32882712002605113 -0.08814668893258562 0.08177450723529034 -0.0961166124419785 0.1820306914967238 0.38285083350906307 -0.08819202125795589 0.03172438865586503 0.36843017395705163 0.21476162316171865
1 3 -0.0913129971561339 -0.3725728818003739 -0.2115590807357936 0.13513016697290067 0.30629918453275934 -0.2558251580540784 0.3589054839072864 0.18666903951204583 0.00332232618924098 0.03999542192324678 -0.015510564246937128 0.1921611236976661 0.12919531146885654 0.2474934436836562 -0.20436798225148697 0.01497752867705533 0.026783394108067494 0.2613226560155238 -0.11342616124907169 0.28177692000442545 -0.1482232487068265
1 3 0.2741097827758794 0.1654225367560347 0.31614518325938235 0.11568367953903214 -0.17220773571712727 -0.36313376918376716 0.2807586561353852 0.3474102638724126 -0.11123736824719203 0.40494283292042493 -0.23200664805822907 0.09304961608987669 0.10888745821557315 0.3927759803676704 -0.052637683861483556 -0.3501977304445253 -0.06106863721733416 -0.16106181028277777 -0.17296594119234387 0.2594630732414113 0.028644272211222413
1 3 0.40118591590744057 0.3939543956593472 -0.322853827660068 0.2110649547427878 -0.3013495575745399 0.324541251946702 -0.1726738790240596 0.166770564135087 -0.20024547536791817 -0.20918176763486498 -0.026908923453858303 0.0955497286323874 -0.22562934042190438 0.24465776001972173 -0.1032455955830061 0.06600024143298956 0.2263549063207265 0.290472570921083 0.16699837901941966 -0.1847261000477679 0.3402211848919924
1 3 0.3968180681732174 -0.04039027738891819 0.34356945695547975 0.6328837829548283 0.34759933519455727 -0.09518022289958512 0.23054354032523483 0.1957300291753101 -0.12246041755104642 -0.2820901582281277 0.10230836614653976 -0.12375472884976348 0.016694668950958638 -0.22725812289315075 0.05954328302262606 -0.1922192369430552 -0.04287030937974007 0.07650057493058544 0.10194311951431567 -0.013371794067402026 -0.06036101230362696
1 3 0.2415531744972022 -0.3268827317324559 -0.149211415167392 -0.14145275133664872 0.03588552200054546 0.29612641156038544 -0.0075470676449743 0.05852059528556592 -0.039296997525565536 0.12952359359358187 -0.2504252522175565 -0.36197896458796125 -0.09724480653620024 -0.3966587848330498 0.12624660689964096 0.0445809142607906 0.14011868607205163 -0.17751160393410542 0.0948197238296883 0.032024624333729546 -0.36077646886031517
1 3 0.20163462833099713 -0.21162802102300568 0.333008955096745 0.28502734635083826 -0.26594703013091964 -0.1179215003565128 -0.4483564050682744 -0.3921252366411663 -0.3249538008214145 -0.3198401052366739 0.1991344070768277 0.2391911921286128 -0.06679743257909936 -0.2980452679446775 0.1914505987547002 -0.13336853272365434 0.22294969836145861 -0.02288162992900554 0.2272028726603934 -0.33591080761942216 0.3817736402986812
1 3 -0.17763672973591255 -0.12672245602890134 -0.16643373504145875 -0.1483148632611965 0.32165922404726943 -0.3057516787164842 -0.2696241825544749 -0.3403969836352321 -0.18056599996415423 -0.3828334411161332 -0.07341868779692723 -0.046529089729251 0.27589627502148845 0.11155106677788594 -0.09792638478095238 -0.16350864043189284 0.09941471074955527 -0.06486531212191418 -0.43386158508796646 -0.23502645445751688 0.32910019016550257
1 3 -0.21008110842495856 -0.04474152823480734 -0.2440754782961007 0.14516336982303812 0.30752723244872004 0.11720168894251373 -0.11481310545242125 0.07553529835617827 -0.3236871197194108 0.32571632611957124 -0.301203481249327 -0.1455838148956229 0.21565229216364443 0.34693686271470303 0.2992232950632815 -0.05211602934683219 -0.0957531507109591 0.05757252193482784 0.1512014137338728 0.2809807033289163 0.020939723182182672
1 3 -0.020804863036163825 -0.2974255473590241 -0.20180892620078955 0.11449394202358613 -0.2414622121555861 0.34636273813671414 -0.2943020149310636 -0.11730850944311902 0.17381178623296126 -0.006576387001109475 -0.02058601516390142 -0.05450542163110773 -0.18199365600886713 -0.01167057266846041 -0.28036605516939356 -0.30732994035051636 -0.27919180010926503 -0.10950502337662153 -0.10571784320680856 0.037734147137923876 0.5203232115152546
1 3 0.28021483498345756 -0.05060969949325325 -0.0915780960829964 -0.4148232952576857 0.39004308416317995 -0.21233987287442785 -0.41040966385805155 0.2917858403728304 -0.16080196972702965 -0.33465902284776 0.4130420064294392 -0.2437895655156862 -0.15681000098546513 0.09929149520598282 0.3657188922766863 0.10424522254184933 0.19326284321793594 0.007124722873972125 0.1682890258444187 -0.3045200816803754 0.2973716558442295
1 3 0.10281832133867592 -0.08457385076284654 0.3436418242996919 0.3051484562681961 -0.22259013003659014 0.22405655988020462 0.040193940623036106 -0.17875185513557648 0.37607057437906494 -0.06354256505734354 -0.3155679763086074 0.19953433482550192 0.12830116151535764 0.35832427211450824 0.22323111403641258 0.08731975643496162 0.1912750978649132 0.10785444061684461 -0.0636088474656821 -0.2384543021468733 0.30152175016144905
1 3 -0.23022488590595347 0.27899545828729816 -0.04870356955604547 -0.32303993619592336 -0.24609673635844953 0.0009784987319478439 -0.12724421494318508 -0.027428996664231195 0.2806529657729009 0.2235429320067642 0.08492021005012633 0.3242313442367599 -0.269091003617411 0.29883387410859996 -0.035687843038039506 -0.029649048510029224 0.12956118853792636 0.14052000553295876 -0.11777560109476216 -0.04189432790975775 0.16741815128226753
1 3 -0.07207139927394758 -0.2973405589303805 0.31960484691005103 0.3692469472964281 0.10553952526606208 0.12237423358111106 0.03401642119204915 0.12417545894217952 0.21398539598362668 -0.04524915282325579 0.15049319952719822 -0.21096670907901596 0.4627269340304238 0.03680009457725757 0.4253996950042289 0.0304875318004086 -0.3476778637542376 -0.2696565312972302 0.10929142636245202 -0.14264080522700012 -0.2531623560049603
1 3 0.2983693227923045 0.28141852503454967 -0.28555778259507963 0.15156312010080028 0.324758468289642 0.04229393207488844 0.13040110056996268 0.22055671665203735 -0.3042004101925259 -0.10599479853575086 0.2500574517496351 -0.060133420838107396 0.21560461689202015 0.33758224054527164 0.21406264029552652 -0.3994149906022016 0.012998407718155993 0.08273889424062285 -0.3265048882702761 0.004703923741108685 -0.01385571309672837
1 3 0.15018213001302538 0.10878824226912824 -0.3211373807464504 0.18865732371721147 0.1740532473162916 -0.0026483368011862535 -0.3575002158246259 -0.0032858845284980953 -0.24847318642144361 -0.4806051956157093 -0.12883190117673485 -0.1791875836939933 0.36724690945231336 -0.16026329011888277 -0.23239310508859656 0.38179967705257245 0.05369087530559892 0.06580541530850888 0.11879769772069486 -0.18942671443805184 0.29087284862325363
1 3 0.29686299017033335 -0.22493970223391083 -0.19366146999641246 -0.24314451757549316 0.24289554842632577 -0.034554695121423985 -0.07153686293875094 0.09613644448131274 0.321857958932273 -0.21345120048239963 -0.28005222505467153 -0.37745696396070144 -0.12101074102831459 -0.28071186521387526 -0.34195713659803173 -0.16387243057750908 -0.056915206174359904 0.030074487021541977 -0.3108666340974436 0.16999313698510013 0.3114729080475427
1 4 0.5625050667158905 -0.17833335102191206 -0.2882588254085278 0.20181989731506214 -0.08551239758475385 -0.29817287237074847 0.1945345604028324 0.4955499405757228 -0.11867921288872434 0.3880596476396067 -0.21714427287246796 0.3866905845217081 -0.6319096407561077 0.2734941102017972 -0.30535553557473427 0.09095495670126241 0.6293321881193918 -0.4373947512365887 0.5212193502987891 -0.2636600425052064 0.13422484883988456
2 2 -0.1838709600088439 0.30543587574270525 -0.06561860679683308 -0.2834519490171122 0.3252558814462355 0.06731722745955143
2 2 0.03021649814611843 0.33296109468180796 0.12612090703988782 -0.43312357860984757 0.43095760746272554 0.07355186929400319
2 2 0.41667825088784166 0.12269790659969354 0.17604977895506257 -0.04944262393496654 -0.1981568470520654 0.23303441008736478
2 2 0.3398652200797912 0.2936766050307964 0.21557674295723472 -0.13022204078700914 -0.3186016875586713 -0.3331268044877954
2 2 -0.40213569730362886 -0.12991122413457212 0.29444269959260944 -0.4239760957322245 -0.48998428987048864 -0.39161569697383924
2 2 0.39897306484073347 0.27249806436501456 0.44128285517622146 0.3554108410909863 0.2071191457524813 0.08643663227818138
2 2 -0.27815966863583036 -0.05899424612097619 0.10573007459506245 -0.47775161073994954 0.1293013132468424 0.06268827751178556
2 2 -0.05721721081496475 0.05399162204146609 -0.48193155165979523 -0.18207130082266143 -0.09773819975368722 0.3530800757526998
2 2 -0.17745810817493696 -0.04715534918060229 0.40695206536943973 -0.42794620843971676 0.15091618284461597 0.21344885083477513
2 2 0.03738031517689216 -0.4842541624430878 -0.5770626829901332 -0.31908619996771925 -0.5124448818385902 -0.23303784432319385
2 2 -0.12165978164857544 -0.48480381262350036 0.19626253633549592 -0.11290421581208025 0.3732502171789099 -0.0037899545312422484
2 2 0.3137422632428571 -0.4413949716499439 -0.3178330475754869 -0.33122424072717155 0.295862297134402 -0.07018482256615548
2 2 -0.4613327623988928 0.4046439997729254 0.3139269499998968 -0.1935433124476751 -0.08208816120374109 -0.11224999102691884
2 2 -0.36155828501352105 0.015477183768981282 0.4186938415632476 0.3391643918915846 -0.37752053393715385 -0.27310246102229657
2 2 0.32745144509590485 -0.13376166355792438 0.05635117509135901 -0.14516266719605597 -0.1484153326198477 0.30601612638559567
2 2 -0.014091646851791656 0.32770804595750475 0.3599485827791107 0.24862730822200488 0.2935588324626437 0.20063443071433038
2 2 0.16897912882694702 0.36717134308263427 -0.16834728986395753 -0.38737312931076867 0.39076174357327287 -0.08264581348960098
2 2 0.038063090180632274 0.34113485828647344 -0.23624459292223352 0.2360180725417095 0.3459807157044223 -0.20106496062157214
2 2 -0.3671165956490646 -0.3399508434651532 -0.15702269803446203 0.05818040604467894 -0.2943305689105645 0.436849293446846
2 2 0.2834294884479982 -0.2909334598827133 0.3546644561146959 -0.13069152620483923 0.05217943498445179 0.11868052865387312
2 3 -0.25309062448692493 -0.2834378189847003 0.2736172306471119 -0.1774521159549008 -0.2258382276552683 -0.20494642578152883 -0.13983449007531967 0.4245431608459703 0.2135963231312076 -0.049873109152510496 -0.20605318525274266 0.3197062678348167 0.21328992628217727 0.3886957730521499 -0.22957348100664426 0.05070063110940128 -0.10137208146726483 -0.06310073802106378 0.15015112853154414 0.11702437833774891 0.3843894487612171
2 3 0.3088783254085729 0.03240916611528618 0.09756233381261681 0.12011120828338392 0.2682921817504311 0.2734709063282014 0.09937555546658913 -0.2693400151582243 0.00022791884858508818 -0.4199923063971607 -0.2861092102692157 0.09206776936843186 -0.250038585934268 -0.07753484413101429 0.3301334080795323 -0.15083210195750799 0.08830747767917528 0.2646291869800275 -0.014225869234572286 0.2976724299433406 -0.06771526348408802
2 3 -0.046391700484412886 0.0029500780796788404 -0.35844322764476466 0.03329191355736428 2.7055843063358493e-09 0.2609624738528271 -0.007554860226244533 0.31222659047216983 -0.42437226934511235 0.21117596940333955 0.2331918006396983 0.02112398865146603 0.32560126907946746 -0.035083506229641355 -0.30079214614424443 0.20850495050661697 0.24980281048693045 -0.12823966592003277 -0.22547380524664043 0.20260736614668728 -0.43398688931600843
2 3 -0.17420200686562787 -0.16539377253990165 -0.3222642286129407 0.35786769719466555 -0.15562682352200766 0.2756217783597144 0.25740161646034054 0.18887636732756155 -0.18980057299329275 -0.37967258291896444 -0.08910568464214694 0.21792248604526152 0.08496306963076422 0.1017623819636832 -0.20798139088039583 -0.31099352560899357 0.11355430993848725 0.229534600193901 -0.0055237656132694915 0.27856746579177033 -0.25953934303308673
2 3 0.3174683961722786 0.19713997087456298 -0.16113672040907945 -0.21259984393766074 -0.24164022583773953 0.16185783747011612 -0.16819734595873062 0.30617697422961965 0.33675735471383167 -0.10230639821740722 -0.05557835575626887 0.2707641801488038 -0.47579852422417757 -0.09790993192291138 0.16221359994950071 -0.08161666216354968 -0.08430761600674089 0.2627292987693032 0.07647595823464694 -0.24543231867026985 -0.1468541921272797
2 3 -0.2042501447297599 0.18777735142523178 0.42452203937426103 0.1362553948834354 0.07099688353666561 0.226529913956833 0.4057277153688302 0.19172996976613024 -0.18599879013204518 0.36459274094701527 0.4015513192003839 -0.08376016330438818 -0.2889454502672631 -0.08038741253794332 -0.20070537699256935 -0.04634068549478571 -0.1170354797276952 0.3492770732398013 0.2549145938154906 0.3124848591598141 0.01046839038056507
2 3 -0.3117433093070326 0.26203567648044024 0.27598716971505116 0.1181400919507092 0.08564164248634448 0.12463334149836743 -0.07038600277532871 -0.01843794395077512 0.2706513751946948 -0.13017710106025082 -0.30951246464607557 0.23539942396007177 -0.04019922716880147 0.05911123883932635 0.21018454178952342 0.2720379287813424 -0.15970662946381464 0.21571384912707198 -0.15526488280681894 -0.038902331334093994 0.27224201997252695
2 3 -0.013632012088320669 0.3179219785448991 -0.16670862706470807 -0.02942184588231892 0.14483079746127495 0.23573566256717327 0.1261012895735123 -0.13748726418569196 0.19049842691051036 -0.07340912819628315 -0.2526839561079332 -0.21011823050050912 -0.21830871184149211 -0.06062170757219148 0.10814286685904852 -0.29081474731507406 0.017218228940680817 0.23447478331096397 0.22243740698278905 0.151580787437688 -0.09758881963739212
2 3 0.2363880012115481 0.3616897785558127 0.39029171949983693 -0.01574286053479352 0.3205405438245354 0.3743888735795104 0.30889001612373607 -0.28610375546589717 0.3466313110837867 0.11239154654921846 -0.11232939334160151 0.31653086402926456 0.31849889069891824 0.10680465530169334 0.28689747094484574 -0.32341804063351176 0.2312382855390336 0.20127657751455638 -0.10761840512682111 -0.12859329399468958 -0.2505746165437455
2 3 -0.2987731640825678 -0.0726255041497875 0.1471443839051312 -0.3936194992423192 0.012040618533744732 0.10868543806943734 0.07772341204312448 0.204011703086538 0.16013239964399792 -0.20256265555109118 -0.2253056149966602 0.21437148315654878 0.0006825852381406327 0.14122754729807363 -0.06270887025048587 0.14699195034363455 0.08733960323975512 -0.369955676543157 -0.24552979572322176 -0.1704575119577864 0.29918121806390224
2 3 0.19095823593089048 0.1619420196947062 -0.025347161838033226 0.06911556631451471 -0.49847580646781975 0.3605846601925271 0.015374835559678302 -0.08830085133988004 -0.12508668211474336 -5.863312570069585e-35 -0.3657683373657645 -0.16507307674795865 -0.2260879920118323 0.3313832887251251 -0.11799108352270107 -0.10947618966876277 -0.12930163282168883 0.11665603761870016 -0.1307958185294471 0.06211388305788699 -0.16434737261170984
2 3 0.01106308962238754 0.02125357923856798 0.4160522415783221 0.27501362345259006 0.17819816822441115 -0.2831117358889732 -0.08485870819821409 0.4360380874093322 0.04896793964974363 0.36098071467234316 0.36483524329728434 0.25173343618006755 -0.0400434595463751 -0.016059091785175037 0.005776335604436764 -0.5425150739759015 0.30087692299302776 -0.37878620851999323 -0.09661190634647139 0.2931443969862608 0.168641668050878
2 3 0.1081603266394717 0.3468337518253443 0.17479928128595515 -0.38490441412877485 0.051698230332432454 -0.1901791278950415 0.12493013386817374 -0.06918092008984254 -0.13216285358073487 -0.02005995460531117 -0.005019549977395748 -0.1120221712031258 0.16216202420999826 -0.11068740988759009 0.11779531238373961 0.3639636691101716 -0.26866324080093057 0.25986621839057655 -0.1986108229728272 0.08537201339684218 -0.06082844941413576
2 3 1.4245719935570876e-40 1.1630196461131925e-11 1.9425727346772326e-10 4.944219539396419e-09 2.31753340007974e-44 -9.673802485348718e-08 1.075057808567564e-24 -1.903822504818908e-10 -2.4964802377741953e-11 -2.16364854920455e-09 6.070007892882952e-27 1.7348200452730284e-08 -1.0895982025122423e-08 1.7182855184609023e-14 -3.4700102460038337e-12 4.374611607452818e-26 -1.2479831143702055e-10 2.350467665906212e-07 -1.9516014316283726e-32 4.600844061679849e-44 -0.29725155962231475
2 3 -0.004345521468326062 0.17882705563545812 -0.35632001779541667 0.035063476114696485 -0.433261827880583 -0.20851763439256638 -0.3399826984373476 -0.17127560668272981 0.026923743902516166 0.26455125895819737 -0.4337946421416126 -0.33995020957190597 0.1073812097530051 -0.05177571843865161 -0.025961754174292622 0.057640096818819465 0.22082301633855203 -0.11546957503171902 -0.25177801321988963 0.08751365981912529 0.14769129381076276
2 3 0.24286441816858048 0.07881536279929957 -0.2009394392163938 -0.2142817570609865 -0.27928939455072477 -0.20747316306565458 -0.1022570623746682 0.14207406230064168 -0.1209888251978826 0.20226853390352492 0.07784942281676545 0.19827736841422838 -0.18330973111075793 -0.29378007163352104 0.33126656436185803 -0.04429532608160152 0.32195399561560156 0.22649259952044165 0.3211663206267953 0.345506567581361 -0.2907047737706543
2 3 0.3842122922045797 -0.01649723232781482 -0.17754252397219855 0.21252036800046323 0.08303842610846582 -0.21513684880639497 -0.030941902448186825 0.36677534779493837 -0.015973463873218376 0.5977360985940451 -0.11613001443060599 0.14491099847452782 0.06630446903045822 0.3689508919102447 -0.21895651103378747 0.04518953853865408 0.4144822032936179 0.01119942716907194 0.12232550702371334 -0.14386173710785716 -0.16975109159435994
2 3 -1.2488140522609297e-44 1.1786352885333967e-29 -1.5112687940771595e-09 -1.1672054556461957e-08 3.765025000225625e-08 2.726815295887062e-12 6.357755871064135e-47 -2.459611310919537e-07 -1.078806430034022e-09 1.5108225957644834e-40 -1.6408463398863157e-07 2.2760381950792132e-15 1.1606976362393164e-44 8.068515023423357e-30 -3.2180480835348333e-09 -3.233141241211439e-17 3.925474969804715e-16 2.5653669175507662e-30 3.2670883499570954e-08 5.923531902962679e-25 -0.32105823044227616
2 3 -0.36323904566902954 0.2117398514194244 0.1429994691882492 0.016002688440725058 -0.23782196961446037 -0.2415162555154777 -0.35843528791785556 -0.1887191331105339 -0.2434159968461361 0.21025945170523672 0.3356005420411325 -0.009581449702175495 0.1796087765247935 -0.32097891011089147 0.2837310508769637 0.020841599203532898 0.06065511212532189 -0.042551590962319565 0.02480805047635788 0.32822362384183135 0.2748514966938887
2 3 0.3588201313028982 0.07941176783725082 0.34059205805110604 -0.04686760440656417 0.36061451204945133 -0.16377090205733255 -0.002929421391729698 -0.16895142151760253 0.1387395430111925 0.014283643826195996 0.2555357251944824 0.24102676731019196 0.07418840856337927 0.22381784937117535 0.3319461542107032 -0.3406653344053757 -0.1674193676525809 -0.17564136211478149 0.1798919233807892 -0.30295287965852374 0.42201127879229516
2 4 0.5528885403585184 -0.04219650676555657 -0.47814011025208064 -0.4866930876063142 -0.4155626261302772 0.368815318381746 -0.34146338366555706 -0.03456747571346168 0.337273485161598 -0.6871615308227721 -0.5153193842681352 0.23147165596632693 -0.07878808389117063 -6.601977339477322e-16 -0.13606340031951844 -0.005753940663201756 0.35069918135101974 -1.0815188458861977e-12 -0.4407702331527549 0.22344376864540944 -0.44778507616822105
3 2 -0.35676851081639915 0.24592353487944837 -0.4930369497343433 0.166210899985677 0.3241585933059203 -0.1464146091922123
3 2 -0.15522476362244692 -0.24901271602556332 -0.02530971856745556 0.053433474973930466 -0.21337722363878153 -0.5085121485525445
3 2 -0.2001115764962967 0.4230916552669903 0.16930152643001853 0.21714934826428542 -0.2659517224370911 -0.4741013102612455
3 2 0.29609932306272696 0.16485412820145004 0.2643219476446663 -0.11978843375183945 0.23194603212077028 0.17352487835007158
3 2 -0.20283792247366422 -0.07728214659396676 -0.10292710141480833 -0.46815877885216367 -0.2523883652260101 -0.1833270736039319
3 2 -0.35600125268192934 0.23557032432106165 -0.33806604905096477 -0.3364053592371356 -0.4109757853709049 -0.0004210698265970184
3 2 -0.3295649102609063 -0.37513100497712953 -0.0664447791907075 -0.3829533283051735 0.1910756550358108 -0.22062028289279542
3 2 0.06156287885003506 -0.14013198172280303 -0.011502865357900226 -0.05258495438148142 0.18387558510112212 -0.32929603875592867
3 2 0.2071187930323873 0.2709483230573177 0.4183399816367554 -0.48176449732146487 0.21020421785533536 0.26739462599741315
3 2 0.223145376491757 -0.3235550425993009 -0.5489544589244382 -0.26084252801289953 0.35150885413149624 -0.18421432957929654
3 2 0.058863074805550086 0.059728847376497154 0.45363145521312637 -0.32081951463420816 -0.14312825656777506 -0.386507407420998
3 2 0.26917184104513187 -0.45245989703410505 0.22901184368352429 -0.17802603415423926 0.3818047881885188 -0.359839853487276
3 2 -0.16687067154083893 -0.42447644798545586 0.08926193882343261 -0.23503609628956662 0.40450790902575023 -0.33794268390398885
3 2 -0.47801493522964544 -0.1978894123024633 -0.17856947814735125 0.2784659864603583 -0.2475441371082363 -0.1243687813301252
3 2 0.2132658675234342 0.2152157020991199 0.3417120623856695 0.3617915937853037 -0.06314700969586376 0.2814914524512617
3 2 -0.09402062932323867 0.12720377919680062 0.1738031696206523 0.04166617828039488 0.4151622432215514 0.24061360909390112
3 2 0.24815789834533086 -0.21958650794149162 0.04443626144275515 0.35282611213141607 -0.42040773473664983 -0.08367130149991221
3 2 -0.10265784962737329 -0.3095900002130848 0.33113150660445106 0.047906432905071884 -0.0619454119681822 -0.07877616078842302
3 2 -0.4329104059139828 -0.1438693244856957 0.16042250514000056 -0.10382036482870956 0.09378438287654073 0.1960638675150267
3 2 0.12363941547670035 -0.10084925562069265 -0.26915265549900713 -0.31338514871921785 -0.4880299047520093 -0.052450695474712206
3 3 -0.26897144041823806 -2.019489074382636e-07 0.062452437728803975 -0.18745319591158724 -0.24674999370561504 0.2380476323584219 0.07953246909938758 0.0004258906770133323 -0.38750992879581175 0.014759557988107314 0.10699407100914167 0.13696333972144747 -0.3169922677947825 -0.3039904526335006 -0.23456067095415423 0.2734907519732529 0.12950899191570261 -0.3089917684803477 -0.29016943703782666 -0.18863000221728335 0.012323920397088147
3 3 -0.3654656922052308 0.2950494288042106 -0.0652917660756454 0.2925340969471613 0.03288594825371785 0.30136571672234774 0.048683991848818206 0.10219144981247676 -0.05297324148937723 -0.4001211177427506 0.2000819001732954 0.249863497455528 0.2600408865146872 -0.17308696573213375 -0.22802736617749347 0.16762166984585272 0.09270076113088843 0.15624021470909108 -0.16366588939518412 -0.35984002991543546 0.34075391596963367
3 3 -0.3065783004351409 -0.18158113672077436 -0.31308844578155054 0.36249481939681044 -0.23453668770589056 0.21554203619056522 -0.07706488320643047 -0.1878816838687599 0.24248882384320686 0.18813468449309698 0.09830094393001378 -0.36151492453132844 -0.42529172854455594 -0.14614149194105858 0.3597244457264385 -0.1083959090061071 0.04059805063789935 -0.15343184988074554 0.2896733505297683 0.3893401443289176 0.33559637062139025
3 3 0.015137371872613112 -0.45688734472663306 -0.19724346880443006 -0.03201006264547253 0.47380031954459306 0.2382953823089963 0.45546576490279944 0.08269693786437203 -0.1744996934106084 0.3851723696475101 0.24227053707624763 0.05214298077325113 0.07526944099389071 0.34242172610768346 0.17602368876673513 0.037260836556706714 0.09305522001102609 -0.10043382132584928 -0.18913568654419727 0.28303691890223787 -0.24463378031700855
3 3 -1.022654399832964 -0.03535527758070157 -0.06300333677453133 0.29107104207340523 -0.028644359261881223 0.020061565439635467 0.0775596971177666 -0.1331076495881422 -0.1166362153523247 -0.28452720352243993 -0.2487654080083143 0.1572445532147526 0.16396622028184163 0.09033496737075318 -0.04453960748164973 -0.027197544903031504 0.07212757871785161 -0.35095522455712347 -0.18886813819654583 -0.19416418339507155 0.2988306826871931
3 3 0.14122084410430216 -0.4725135097794445 0.20427481959802013 0.1636325834488038 -0.25616489806745807 -0.2577379953770434 -0.22332238669646143 0.0767606482242716 -0.2894199286257063 0.010326148128336663 -0.02599976822703231 0.1802746628396946 0.10572297984147636 -0.032245279947108234 -0.0732153684083549 0.32252237069625844 0.2898419984520526 -0.046632476855746605 -0.11765316480636263 -0.2897339806269924 0.1285128347448689
3 3 -0.26524166717428205 -0.011865946721122844 0.3517142648369389 0.06356504443810615 0.12558848696648542 -0.08289871626791052 -0.2792988009724919 0.35699325099712353 0.3192318065602995 0.23497111809971483 -0.21244646495807912 0.2884665078089655 0.00013402636242567384 -0.09860619412087906 -0.006055027018918192 -0.20343791499296712 0.36723865099186936 0.13018161942948173 0.32570296255355474 0.2729989706061736 0.22194704918463384
3 3 5.768322079313825e-17 1.0055006691290921e-19 1.9294993887168973e-27 1.1906140117621096e-19 3.6713377442313394e-13 -3.8548406769424926e-11 -5.1343936395543446e-11 6.225247608805339e-10 1.1261306287352661e-42 -1.6635652111012837e-09 1.9175287721430898e-42 -9.062745941468468e-08 6.490707765300124e-12 -8.105785374049184e-36 4.974367528550054e-31 -6.04171748843786e-10 2.3514171113914543e-11 -2.337418808264227e-35 9.091517211112231e-12 1.532923478822789e-13 -0.32885401216619037
3 3 0.3391370397954416 -0.42136272395064234 0.13526625060827083 0.2262798560060798 -0.4934030482544921 -0.19784875400298357 -0.1474456711047891 -0.1247275215173759 -0.17469920958070653 -0.15481831875829408 -0.2041890385741992 0.09599407742022825 0.2841572853258697 0.012782120140779962 0.48806269734788027 0.2671193160181634 -0.03445726273100931 -0.14165609814277821 -0.15621775842189173 0.12841624460690063 -0.03163387420874772
3 3 -0.32196348182731627 0.0705750665295757 0.20206554725419418 -0.061643018083608885 -0.33744230004018244 -0.02828907290541055 0.26207460651497805 0.11316570230441134 -0.02245872855298111 -0.11735730359650763 0.4288972622849996 0.4032214403885193 0.11027854277405837 0.07398418272968142 -0.10457992791949834 -0.23346880500596312 -0.44196925601841497 -0.005167629177821538 0.2256494079738273 -0.214305320231533 0.26594163558329786
3 3 -0.1781314123784591 0.07760224348334578 0.02816173582262518 0.26589902147472616 -0.24813519928830258 -0.27677910519116633 0.2705357167012687 0.015619211766683837 -0.16555296348846887 -0.2738025055444882 -0.14378322639219926 -0.023013379121033017 0.03982471428289865 0.2274290973789001 0.21539762807178195 0.3434389831371406 -0.18783247901142872 -0.3608183798069502 -0.12633294969102857 0.1698497977773653 0.07876374550679567
3 3 -0.20740924031309843 0.24779774782419592 -0.25612640635640527 0.3028709443552054 -0.4123626536402171 0.25323979245608774 0.0015163763574656112 0.1454347484910168 0.11576374808970495 0.2389885446828725 -0.23074326838199127 -0.2772291388074202 0.22485844157403134 -0.3470123659452354 0.3362429031526539 -0.11911448685907593 -0.1305680321924228 0.2523584275016062 0.22044142008439563 -0.1631692799074277 0.38824300079781965
3 3 -0.11758713058990959 -0.30227113560501756 0.1011042127848515 -0.38559200576770325 0.2963108438212971 -0.034670084395953364 -0.12405730595862614 -0.14001674172139295 0.15605569265553995 0.38895452940710346 -0.2739255415712876 -0.05106450528985883 0.35984422104124975 0.32478895437839544 -0.40610748193979024 0.308216342357105 0.4624998003862421 0.13934863357604108 0.24437390639381812 0.03355736497057585 -0.031827504911657714
3 3 -0.008106692736015157 -0.13681333371541946 -0.22256146752686795 0.23858778432512429 -0.11458276107466059 -0.3859845995793126 0.12803284351668517 0.32139244711481274 -0.2326916990868163 -0.222581846916974 0.1719645974599742 0.14518717398588163 -0.1337074654622296 -0.20187002657390854 -0.14799258159638592 -0.03365090476695527 -0.5593685268410447 -0.08890050333783263 -0.05659456215135598 0.2260094340476348 0.17098641609205467
3 3 0.2950266070383248 1.3084765692892752e-23 0.019458135067796003 0.25426969194360444 0.2019139732420549 0.39170393252365726 -0.2854302828109064 -0.1489760930202338 0.34827988930603715 -0.36271584326522205 0.0891613443171082 -0.12378818086929656 0.20833291957907832 -0.37647705025980965 -0.05100005301697651 0.07269787504463868 0.44988137215644064 -0.1411928509732808 -0.105428930828104 -0.22252111228987945 -0.16912031429251265
3 3 0.12555330971185197 -0.3666269319519974 -0.034077542137944034 0.31197708762782617 0.15004012353932128 -0.07554305598477573 -0.061701976798096594 3.359075419511211e-05 -0.2818408174359476 -0.45927577429752026 0.1533036283466797 -0.39100981308328275 -0.5955991431999873 0.26619032496437806 0.4377499116670572 0.12071657823874765 0.2691664600251803 0.25309478907678346 0.24625087627500117 -0.08785901559935402 -0.06956598979876795
3 3 0.23697662839545122 -0.17682464723866104 0.2871015073192597 0.1034397228271122 0.2912781360503393 0.2684189086762361 0.36009929659465273 -0.3232350433547232 0.2563903221713417 0.38649249974301925 0.09240022760667717 -0.1068282598235229 -0.02159641083641914 0.15247442517889606 0.14272178608560757 -0.1729028188666217 0.03156944601408176 0.06443909225781705 0.49766921829412797 -0.17167837384806106 -0.28277850422658585
3 3 -0.10245933142346174 0.05303853990170632 -0.3877450653673009 0.2541315069181923 -0.14355692339523243 0.1646865804736945 0.11698820229575976 0.18720892215832408 0.108107200127087 0.15771541924222368 0.014230301811172952 -0.1438460413372863 -0.053347824765187214 -0.28428433008647236 0.4271480292263806 0.3140953950850018 0.35977576204726286 -0.34300677942848284 -0.21744535730480857 -0.2441989643065246 0.23057438526680224
3 3 0.12864864271142545 -0.16037519096971334 0.1981979114760597 0.09178668908927504 0.3644967427927306 0.03367744080396691 -0.0607753814154581 3.769115662983301e-06 -0.3382107139280088 -0.19832047593327526 0.42383801719218794 0.17448720790656938 0.03464734654252215 -0.42376186581363784 0.17704861499490568 0.18128921111281684 0.04695553234325076 0.4719249746104094 0.01725280111052077 0.20301296941447647 -0.09333236555490063
3 3 0.06579357435885681 -0.05044196254017953 0.09743389774698252 0.20289542534696722 0.028872126094827956 0.29472402873073034 0.01574365340347748 -0.08918986222649444 -0.10470179226622624 -0.29256170657625175 -0.18096760802545753 0.24829924262555422 -0.06508616487167407 0.22792380868260148 -0.18972108174061564 -0.320223569914547 0.3603657003910213 0.1507806302953669 -0.22981930295327274 0.24186615526688135 0.2263435523914133
3 4 -0.4675105442093051 -0.39765261007501523 -0.0627672931817224 0.38370841906720243 -0.07789260154793419 -0.24619558919962886 0.26324324495104545 -3.3093520080008017e-16 -0.17776740037849087 0.40019362200630704 -0.26244192406125333 -0.4519001819627523 0.38812716162961974 -0.24057726608010757 0.2518944956131933 -0.12283240628202785 0.3179048050016731 -0.12676427559695452 0.4719563408080562 0.38238217510447825 0.08543468559937571
