Number of NNs: 3
NN configuration 1: 5 20 20 1
NN configuration 2: 5 20 20 1
NN configuration 3: 5 20 20 1
NN Layer Weights Bias
1 2 0.22194010505746217 -0.1285887901837334 0.16433518529281893 0.1253420551638458 -0.24815324941647005 0.6421996906440709
1 2 -0.21476809650612463 0.2958251731154984 0.14212630309564203 0.41289625199951463 -0.5145132048053662 -0.21103774682250206
1 2 -0.04239108485252673 -0.5109755032433079 -0.022514931599634636 0.12006228747753199 0.18937023401144606 -0.02546307073346452
1 2 0.1816532579941775 0.014196996891774264 -0.13338137150473864 -0.2640514660413128 -0.37967116562357794 -0.454063462472458
1 2 0.32920701027894733 -0.3013529251175656 0.013193971860343563 0.07618256823072267 0.4272621446752696 -0.12454028868235513
1 2 -0.19143417492141046 -0.24972077328301664 0.42574657174262487 -0.3070476591101503 0.31387693571526815 -0.1399715776939867
1 2 0.08172529012581467 -0.15563489622334306 -0.45926557245526534 -0.3495829413066176 0.04985134364214626 -0.21575561870091703
1 2 0.11702435095867068 0.07262894017656969 0.28013974901776406 -0.13297540121420928 0.3002479205249992 0.10605315327269078
1 2 -0.16569750431062713 -0.03916347475133155 -0.3822693932436005 0.37140286464569433 -0.4586083845424668 -0.1647230498049303
1 2 -0.3351465632709717 -0.14269660999188938 0.17302236069045973 -0.0901283586658908 -0.29342051990346274 0.12091916724020807
1 2 0.011412774564099509 0.10940658213422975 0.09242224565241795 -0.5401262947332393 -0.14421839434834163 0.1087481011724074
1 2 0.2895305651145277 -0.09156584107799287 -0.23748309676481064 -0.35473066990261315 -0.12302091219108452 0.4902374075305536
1 2 -0.5037483164901774 -0.2141574137268654 -0.18013878606027103 -0.01187845140522676 -0.09699014966590395 0.013508013470568923
1 2 0.10910881495093319 -0.1902908334708736 -0.2141359815724167 0.5366345404513998 0.4198351819715823 -0.35905053384778335
1 2 -0.01854661553180141 -0.2741546300481873 -0.36690375443307477 -0.3377290707232112 -0.2942938863497595 0.2664126525761328
1 2 0.3273540637006988 -0.19630749442673684 0.10062270269212663 0.023248029196759962 -0.24271139807714018 -0.11853201988570825
1 2 -0.06991209505488255 0.1725135631203139 0.38093379914952696 0.42101082292893977 -0.04349782389082801 0.21457651693813132
1 2 -0.12755713919523015 -0.3180301262923314 0.3043080876851106 -0.3382716370649817 -0.2090200244156302 0.5314504285746756
1 2 -0.16074380771032407 0.06472734560356723 -0.0218564324782456 -0.33400623702605725 0.2449614969980933 0.4458305943702846
1 2 0.42113576958394616 -0.3214603569160397 0.28928590708653185 0.4525916906115992 -0.10126400981957259 -0.2561633558926132
1 3 0.19993932431244912 -0.23049600250371502 0.15645129884859632 -0.1741748175533417 -0.06481507289297452 -0.2751055245648197 0.035097445880989564 0.3124199821720404 -0.2688983773304621 0.2870834819889052 -0.07358969239169705 0.14973161753995543 -0.4156679572513321 0.03593218344814742 -0.40325412940748095 -0.3991248193055953 -0.02895950254184564 0.22514951876560527 -0.01273157915535936 0.17727002668247627 0.4446536515220616
1 3 -0.1874691396732188 7.710358552757013e-33 0.13922096772736045 -1.2692195908810433e-67 0.26975354806764795 0.44161752077734334 -3.955499073232022e-63 -0.2786771699992171 5.845630632486473e-60 -0.22838866949601758 -4.824233680999745e-15 -0.1827469117974151 0.19682541529738104 -0.031009791413420754 1.2167354823929255e-45 -0.41537419737247977 0.4016546073543455 -0.20476050022890857 0.03430518809030181 0.2057624072025012 -0.2938302245340061
1 3 -3.046564815461212e-36 1.4532510349106684e-67 -9.40562253407348e-64 5.106636747628556e-33 2.4549580344146647e-15 3.2190519449411084e-52 1.2879378927484522e-58 -3.096775461861451e-14 -3.4181983379011537e-51 -1.8167680471048538e-52 5.5988771582593365e-18 -7.755143652136986e-15 5.480928090143636e-28 -6.2203414778568286e-58 3.5353443614322207e-23 -1.4396135609593828e-19 -1.7863744120797714e-17 -4.701923214883698e-18 -3.922174313576065e-24 1.0503954617601017e-33 -0.03540571132012438
1 3 -0.35370114426136595 0.4376773381270858 0.17517099763387703 1.4074855562293315e-47 -0.21841211308534264 0.16861910264016805 0.14271599174402705 0.1473221872712117 -0.20525742098918942 -0.2985014335063438 -0.34105720318404786 -0.3729634063393287 0.2925136120733 0.17014290938402407 -0.2234835199335348 0.21387889929079468 0.008664255038778317 0.18037374926577907 -0.014477084781164391 0.3312856913871678 -0.08316572124851782
1 3 0.48937971926607526 0.06395499193508015 -0.2533110393340629 0.22603476546853407 0.3267360698874963 -0.2088138702433647 -0.1456661654405018 -0.1755477883844647 0.0071754799398520246 -0.05913599042975209 -0.10014964416230891 0.18581267111379407 0.3684483040469252 -0.02737465117903441 -0.33078754070013183 0.21175923771573824 0.02734549254058004 0.36056548725785353 -0.056838090432525794 0.36284088173729906 -0.023999755755962204
1 3 0.110778739069148 -0.11563918200304277 0.2024989582592698 0.2096091500398887 -0.20227460322119195 0.3237967415018391 -0.35617552963934496 -0.09338776969356971 -0.27188452105506616 -0.07108025972209048 -0.007983941560177154 -0.0935977246534466 -0.1597289821736216 -0.1767388843737988 0.2106595283534081 -0.17202510807718568 0.18885537375899164 -0.31942361121443585 -0.010640219759838416 -0.09656570726137352 0.40254084990020866
1 3 0.3513910003961693 0.4733667160300582 0.3227723900896962 -0.17322978500851155 0.022816747672052714 0.2556150241148251 0.41465226009717904 0.08055095475548091 0.09607408802911085 0.02194224443746861 -0.21061343523704712 0.12986234033431396 -0.0555560558272298 0.27085252434676793 0.2717545127721239 0.05489574732978722 0.04852649428674694 0.2988953863715688 -0.062432038242086325 0.1293573653110008 -0.31436136258656483
1 3 -0.3400490346669942 -0.03712838649722483 -0.25039358002607903 -0.09300831128589986 0.15499318358807448 -0.3513232369542837 -0.2874265012227317 0.43446218164157 -0.23776311984450968 0.31994016286591814 -0.08730037394179875 0.3237882678996763 0.09613712862903383 0.12084164751422248 0.23353396233411253 0.02319317780270961 0.15088212756281344 -0.15944215068728296 -0.3231355464133509 0.06162110068118044 0.12106622550106459
1 3 0.18363618751765778 -0.06744687748250396 -0.15369516211077294 0.39780447211964515 -0.317361209356385 -0.09127375223325744 -0.2808029097245336 -0.33442424217634836 0.17391479356407663 0.18187072722814554 0.2348105987341234 -0.18622229254326206 -0.13629940212785263 -0.06519098972048906 0.4331069902638363 0.23496390616801424 -0.4906289701125101 -0.1783761603705609 -0.009254903019380454 -0.018666386238972713 0.000948476809470738
1 3 0.2695894938447578 0.04310720497958173 -0.28128015227950337 0.04018337006589571 -0.2410356645985594 0.19471932468060868 0.022281185922525787 -0.44759329412240495 -0.16149948034562348 -0.12780014284719518 0.0035244871520977144 0.17717530731550096 0.1652389110270455 -0.2581677427918287 0.10945732106780401 -0.29346603635666535 -0.08375274940030188 0.17304006793656243 0.2749066150217758 -0.36377890703526544 -0.3853007972100338
1 3 0.18773268637390564 0.33947773822367366 0.15563048346604344 0.020914811548927995 0.05244042292046244 -0.16828833385514297 -0.4288646668690482 0.32170584781219613 0.179614042489639 -0.36994940498417656 0.02831138822258976 -0.043763162506878506 -0.04528442811408667 0.39219442725130743 -0.2703210451643723 0.218811504799146 -0.15499827315805237 0.2602997436114145 0.29387927337730874 -0.09408903048576862 0.25630679349657
1 3 -0.08988327369888303 1.225311694886828e-60 -2.162896357303172e-14 0.015509450835152108 0.13501896754748444 -0.025393903571580993 -0.039896037928473536 0.013310162895340297 -8.216652286674935e-27 0.12981521509151528 0.23331422652617978 0.011410291042218159 -1.9474878246003968e-48 -3.857189227610655e-36 -0.1556529378539584 0.11117556833587551 -0.1842974319437753 0.09465403328270101 -0.143902480736224 -2.9328799503838936e-14 -0.2265823561956073
1 3 0.13438060112738692 0.3437503926243186 -0.04724947408872105 -0.27044860546722316 -0.11759526122623609 -0.01843772464749633 -0.03866909940279932 0.015373071716486648 0.023035387889780806 0.3239503914640067 -0.07807240840044126 -0.14244948057879656 -0.05381801267070028 -0.16162191432965928 0.07859193439437188 0.13643393601420073 -0.17118325622752426 -0.3027156269559292 0.12203679708542052 0.19094954889653865 0.24242753467899142
1 3 0.005910637096460511 0.10094619485091565 -0.3501181067157743 0.2477384994390908 -0.39430214925647544 -0.02331720101336804 0.17779248620388446 0.019450215518736637 -0.21962107400956665 -0.3591860469735144 -0.1066818309190074 -0.18759702655911548 -0.3280930066159537 -0.2461638033825712 0.2434969706445096 -0.32511766219101224 -0.33181188899157216 0.12472730856222218 0.13311433790469912 0.21757141895587528 -0.17552743047952504
1 3 -4.201823485927007e-54 4.597738661186709e-31 2.0442533571001146e-27 -6.283590330066131e-14 2.7890658731386896e-18 -6.181434991422362e-29 1.6757040073614877e-65 -3.655944246258845e-45 1.1350190838332712e-49 -1.2300905052641416e-60 1.0118211311322871e-45 -3.2750347267621092e-15 1.319017451104713e-13 -1.4747147994116794e-17 3.897994869664184e-60 -2.0930728700161986e-63 -6.957100129834378e-18 -2.4903949638866517e-20 8.887697257017948e-60 1.5749336300230237e-60 -0.3385123456067849
1 3 0.17492538269279292 -0.26169625474255126 -0.191324510478897 6.049021290559668e-21 -0.16815121147197198 -0.2640818470862582 -0.43686999756335104 -0.1896589342846644 0.09558765281911996 -0.021817357224942532 -0.02294148531654229 -0.3618496193495003 -0.06560978382472028 0.13902351142448516 -0.4412278391857905 -0.10949740471011685 -0.04297623491282123 -0.0008730725496521639 0.23227122987112053 -1.042504579642984 0.06897284667266694
1 3 -0.25167394913391894 0.15913386434539173 0.3007775667562926 0.14932587310362733 0.029055181420361707 -0.06595921332906171 -0.008316886367986998 -0.28495565862392475 -0.03293132368262497 0.3847423477198292 0.4878328524777552 -0.26810436940340204 0.3140077187771934 0.3767360742333529 -0.04740412388934401 0.36620177506640883 -0.4093023519368331 0.16687882578555238 0.18424379447966607 0.21796300024620252 0.18101984026486065
1 3 0.2970609841942788 -0.04583953474568945 -0.06719092991354178 -0.018386570085006694 -0.1336442238882602 0.18966808584317663 0.18874619818667154 0.31779715422583954 -0.13259127170309162 -0.3347295344198427 -0.12417016361659634 0.040697106288040547 -0.7606201988703182 -0.08027188005115919 0.060532033371823425 -0.479591724037029 0.43443172716316747 -0.4416565564164689 0.005570557248587362 0.09343052690669541 -0.19110570879358985
1 3 0.36922492694675724 -0.002095346303651438 0.14148554203825336 0.163986732703903 0.25063713339953425 0.05371599369459887 0.2774040296356685 0.11510524074200672 -0.02877772668903254 0.32124518445632455 0.26764049400751977 0.12248781018992826 0.16172414741402416 -0.3279140507116624 -0.11076382695150579 -0.003190635779422607 -0.1784640119472939 -0.02971174149593023 -0.2708117584206036 0.25365395252950945 -0.20867081086933728
1 3 0.06728895283600898 0.38686799792172394 0.04599269668093648 -0.28624421306100223 -0.48386982658827615 0.2471140587574336 -0.015876716672078975 -0.19465912640954133 0.03893752902933442 0.38501433555570375 0.4404177961438268 -0.2330838883377066 0.44091577004325677 -0.056595518727452034 0.1712049599024002 -0.2352382244954674 0.027012787659628043 -0.27620640149032866 0.23520112298860946 0.2766918784146533 0.26514713019089087
1 4 -0.40570659169751544 0.4770593376247719 -2.4535024926449956e-09 -0.3048961600661026 -0.3944796820019033 -0.4689623258326342 0.3775427436492153 -0.4831428571861453 0.46082632728965256 -0.4204788764704044 -0.5109588985148973 -0.0001005100404577694 -0.25871688043317237 -0.453227437023571 -3.921849018703157e-55 -0.5511967723600478 0.47902633894858726 -0.5638598325213956 0.5236847653125088 0.15605743983269368 0.41589074826184247
2 2 -0.5347751946330681 -0.27709105537296885 -0.34129706488396966 0.10314523761833688 0.0636575824777464 -0.09172614032729884
2 2 -0.3104153516576179 -0.41473177410224205 -0.47292548950166796 0.36673275452804543 -0.40605364650246123 0.21839759900477018
2 2 0.3294036378938345 -0.09287747927094168 -0.6715455442291643 -0.031124604918328212 -0.2143837794295683 -0.44140636617165635
2 2 0.22663152987097282 0.2698064835740048 -0.00024529102559175806 0.42574012407845163 -0.3520192847558075 0.028961606738546936
2 2 -0.38402875594544916 -0.2907916774912906 0.3583823015279694 0.16885302029942964 -0.3778708999735454 -0.14568169944745585
2 2 -0.4185853991532308 0.516856914098667 -0.14318609919326958 -0.0563846877079341 -0.36843392751524323 -0.33401324037161484
2 2 0.034481689412462185 0.1597768583136381 -0.07389932517498508 -0.2300132324926954 -0.401394789049731 0.5111063379954376
2 2 0.1559337364743419 -0.46006534631710033 0.18299827286919504 -0.23459470419913117 0.3965198805716645 -0.4531021985760851
2 2 0.17357379112739957 -0.1239238822884511 -0.00841899844120376 0.24615017976941067 0.22121459314684297 0.40733323725241044
2 2 0.49496255620113266 -0.12871569215123033 0.3477955923501549 -0.032137301065379 -0.3005240371707647 -0.2612950874027654
2 2 0.2034761250488536 0.33707447953125 -0.0017670491413681252 0.32300744219839117 -0.09518963249021438 -0.11966580243724013
2 2 -0.36627491452613703 -0.18258637230496 -0.2681288091080871 -0.15877918498930008 0.24125663036980965 -0.10664763497774947
2 2 0.13363510182226646 0.1075812980043108 0.0780742265241214 0.3445652246434265 0.11029262466515821 0.5376204910871007
2 2 0.13033373776830912 -0.17698643284288165 -0.09289809818691754 0.0517605965723957 -0.11468626452493359 -0.47900414668134217
2 2 0.10657255597163248 -0.3320526299022023 0.0937217325433466 -0.3472962107635638 -0.5105763419650848 -0.2772746760274277
2 2 -0.05940952560435507 0.12988598194195622 0.577253141159817 0.2593189102238549 0.22816936112568414 0.43679596856505376
2 2 0.017757077415308707 -0.5430443491877098 -0.027180898222456704 -0.3914502654290711 0.005181252661536842 0.41484512975366855
2 2 0.27427236220650847 0.2937215115140474 0.1547872807959288 -0.1281270138624513 0.3417110120931547 -0.18369940874011997
2 2 -0.31560318094169354 0.312009235299581 -0.5512846722231702 -0.542140688613272 0.33480819780014803 0.12377853847569266
2 2 0.25278807822393623 0.30120744712032804 0.21293664102668455 0.14307811047245092 0.07122795373744316 -0.002547780260687853
2 3 0.20184781516854122 -0.3122409155958764 -0.031448437783942296 -0.34341633344799616 0.35043404291963826 0.28170306714918514 0.05565780732783914 -0.2934090812164586 -0.08823848985715377 -0.056767988145063106 0.2505188303482676 0.07445690904443163 -0.20489185011638045 5.040054464486156e-11 0.06141416953386928 0.4909420329792596 -0.04005314929500253 0.12362476418963168 0.05962783711027404 -0.17501497295299034 -0.18017687412377767
2 3 -0.11765280517162606 -0.198083831676598 0.17925632535647792 0.209895868582574 0.2967999085500746 -0.005673378493601683 -0.09495383190382933 -0.17047997365251039 -0.3755588451272602 -0.46223007021734636 -0.2377932225513125 -0.14912646877076116 -0.3196277404833758 0.04172221365694285 0.22601202285864685 -0.07037490387793227 -0.12022363400812235 -0.13414159514857874 0.37960472880986823 0.29837391704397503 0.11283010208286712
2 3 0.27104604044533476 -0.3873791207839646 -0.08360748344262742 -0.3002809322873774 0.22501950806478743 -0.07745709560559733 0.26179328875246705 -0.24803584297502046 0.35930597852879786 -0.25412024367037556 -0.0051438648813915055 -0.15936033292911098 0.0861937276913927 0.0014708641878966903 -0.1146328880186241 0.13529721942699122 0.12477713467533195 0.341414831745564 -0.2828779365416239 -0.01662009414460967 0.2702945348590941
2 3 -0.09045080389229683 -0.25407706865410057 0.07982481286832416 -0.12042008659606279 0.24444688211467183 0.448297658225064 0.22701290550169742 -0.11120313570390943 0.07323694960927192 0.02954278979570345 -0.11594326826193765 -0.1687608487544965 0.30588623595011466 0.21145447309429685 -0.2780736221776374 -0.28409852529523544 0.12903445466937769 0.30233939580158403 -0.018887134453026734 -0.35638582527032747 -0.07185845368105362
2 3 -0.1584622339702572 0.025010887920588577 0.2761039428088877 -0.03933638624435803 0.3121228992172706 0.11283237643920047 0.2614354883827252 -0.4771811382303725 -0.1489760977498495 -0.06978019251584518 -0.029420911743436872 -0.1204776990092947 0.28228978656809794 -2.4836920042765593e-13 0.07305746706157382 0.027424318742786027 -0.3126019722636698 0.3225167037145311 -0.3398973192779224 -0.01052141329856809 -0.18537104862233408
2 3 0.4002883755779988 0.009251503696814642 0.2746589669383135 -0.30422051225830066 0.3281602935890957 0.5695081609515532 -0.17057109719368033 0.2799540207511566 0.5075420217868246 0.3955154339765464 -0.322190406725935 0.38992059964742964 -0.06398962586316707 9.811415178503347e-43 0.28609220019403514 0.18301891582516808 0.32031823787579755 -0.020811562473770043 0.3118193691911212 -0.21515915398024726 -0.3175975945029495
2 3 -0.0747375956110421 -0.17516714256473231 -0.072849664865178 -0.35445345130426453 -0.05207463013647462 -0.5232061523971617 -0.21960856870751871 -0.12514593443164596 -0.11639053820573461 -0.018670251251392638 0.29833380420891253 -0.061311370874551706 0.28937311407735417 -2.980957858750361e-09 -0.3027182576079179 -0.25422656097344803 -0.13234415058516455 -0.12134538380860962 0.192903241147433 0.12192530794192233 0.08059356224988343
2 3 -0.4794012197054407 -0.2136678753152503 0.1312023309499568 -0.22112169638476506 0.036573385178777965 0.12598067318370643 0.15753238227182542 -0.21626400273658816 0.17261371444748796 -0.3819195901114577 0.3009936022312304 -0.32367033884640234 0.1767105882880113 0.1957836275279658 0.37680369428610244 -0.10089760397288437 0.44370161720482165 -0.2093286430040631 0.1991378088108716 0.19277210676264886 -0.29742704131859476
2 3 -0.019406292480626215 0.17988517940968948 0.4623101708555164 -0.08027075198257766 0.2809628853359772 -0.38013339647379407 0.25364001472369146 0.32709902908718497 0.1441623157385414 -0.3020440525206607 0.23095522892462192 0.17574809131182267 -0.25740626191611593 0.05875916006841153 0.33665663270518226 0.10936377160661294 -0.008445741632957287 -0.3271118047914875 -0.026281611994392173 0.15601511558749478 0.24621816278692657
2 3 -0.2558117222990204 0.39214570568655904 0.04546976407694202 0.1542638149267116 -0.018918875120509448 0.027074013558586595 0.36154520201537194 -0.0863134275080898 -0.0517610225967158 0.13972887111501153 -0.02454837628869935 0.01513372005627325 0.07610868476751728 0.007112602122160569 0.17571185942949635 -0.01124567991756874 0.20805500640151514 -0.05398313419078026 0.1835849610309709 -0.09838866580857955 -0.16815100246584905
2 3 0.19977915394737722 -0.20168052631892325 -0.1430567657908943 0.16352745827476364 -0.3575293263688238 -0.36696053652889443 -0.13340371975134163 -0.4109067909285248 -0.024496138694965985 -0.35932817723157506 -0.2027691014540572 0.145345575245243 0.0213741366038181 1.0056233891117897e-11 -0.250535681093045 -0.06905247204447577 -0.2302471502260418 -0.1672839847015243 -0.03842225801441841 0.17854441522720021 0.4704910756651541
2 3 -0.1295660952561117 -0.25839314520595347 0.22202120729716715 -0.12861975547625465 0.19489514125357799 -0.6291517707625284 -0.24116368511513436 0.004699966460736063 0.23497169505061224 -0.10869657395865495 0.3081892332414434 -0.3485673732879225 -0.28352367683477375 -0.0063712484122696 -0.3086450203977994 0.37391810124418595 0.2718619763189291 -0.4271844541267473 -0.06531450871250838 0.2731690429970338 0.3586808111534921
2 3 0.09879847911994068 0.04769156803008131 0.2766766745817157 0.33885453012119604 0.3136196214201394 0.06759573896916465 -0.23946739220853702 0.009530912445330757 0.26952449721076366 0.19347528262069888 -0.3583963756866317 0.46454787569297334 0.06757432829368713 -0.055160270505139206 0.38370345183241444 0.14856796905934821 0.004649624043042076 0.30502118453912874 -0.3310799672713654 0.1693557098247589 0.07131042563447898
2 3 0.11286922821834366 -0.1910822355915194 -0.14939399649552285 0.10790342608834341 -0.19029476535761494 0.0009585412998064679 0.02747361895132288 0.13930354534596268 0.28678548398267306 -0.07627161603015255 -0.16753824344670382 -0.026308654556368518 0.22289123925653234 3.322212873032996e-05 0.23243913129038313 0.015032455511334183 -0.04752690507410495 0.37979756464479536 0.07326001541341493 -0.0645064158322093 0.11399811914630965
2 3 0.1838251844611085 -0.05508952445892494 0.04489504806758781 0.18719728349760315 0.18776497384740798 0.2732141323349649 0.390232213167308 0.22060578045969054 0.12009638626754118 0.16423510663912605 -0.22310031116740503 0.19926585457357923 -0.1351168559854129 0.04199520105791717 0.1540824846767608 -0.19736439334044012 -0.13544120492297823 0.30739748195744826 0.10185143687720115 -0.031243706738848766 -0.18228384959725244
2 3 -0.2491833432502006 0.20281123811722676 -0.06475505850623045 0.2736853147459093 0.01310771883682844 -0.1267495365689704 0.10695115107287463 0.11749012601523708 0.41543599758618627 -0.065236112409439 -0.059323135844904916 -0.336176867506315 0.11284101740546072 -0.034074610363556586 0.29774468742307025 0.16343247042397666 0.05535639428529229 0.02981559249147891 0.34422342506258724 0.26770758941449335 -0.26284482077990506
2 3 0.2904221027362533 0.293050762941286 -0.00402320595687154 0.1597195078162132 0.49211307949783883 0.05525608276298822 -0.22036718649647316 0.19694731436965673 0.031049631941768713 0.17927703773724096 -0.09062819243032304 -0.17777768638699543 0.24012759084454716 0.026513543642477187 0.0880502498546087 -0.23576568577161483 0.2032230476792274 0.4716997235754456 -0.18487878757130616 0.09999317170271287 0.07839965368536711
2 3 0.16003880704421397 -0.08515382115661223 -0.2768104697914099 0.34830353879306647 0.38353625740691355 -0.12705249329028906 0.3159286794034907 -0.17242767643798096 -0.25481934909839604 -0.5768295198884574 -0.014559884590436294 -0.17071330962199835 -0.32901826223517266 -1.3610134371449988e-47 -0.1603416452272165 0.14761065477063107 0.3324524073068837 0.14664694840780995 0.19246394587079452 0.159463160481466 -0.1054829685979258
2 3 -0.10383673699490044 -0.07573091418762243 0.26919341725830537 -0.08670039025053647 -0.2600618060336195 -0.19488829578919384 -0.3138462246739901 0.4519798022691764 0.2631778840346109 -0.13556017311072438 -0.04936886952163844 0.2948343392206024 0.13381110924142775 -0.14625386756568057 0.4112245158892106 -0.22837337349209705 0.4104193533928443 -0.08354785958510207 0.21060692217975777 -0.07237731438178116 0.03445497415894796
2 3 0.10778003404756827 0.39895361683942593 0.29929770842233616 -0.06631577462311425 -0.2529032625988464 -0.09266332228440279 0.35240976030787174 0.27383455853746724 -0.3006819623389607 -0.20784360050119427 -0.14592476743348795 -0.013472834795783815 -0.2352457227528778 -0.11462749511301377 0.0547089774335064 0.3082193961419211 -0.09301860612923919 -0.1385831792348885 0.08638290815055144 0.35931541892987157 -0.028068084037415484
2 4 0.49815596685383434 -0.26784643830659544 -0.5021081582177783 -0.2485200629712525 -0.44045996544716426 0.16424049342546382 0.338104296630516 0.4385960224457275 0.19380107364229768 0.11117414747341041 -0.27631154852971773 -0.09619678652575774 0.048482642741519755 -0.21401043403424277 0.4804192714344557 -0.5004818786873592 0.24631333926829788 0.34490805247308487 0.1995193387060291 0.15641760905351948 0.007748883513601385
3 2 0.1532687890089943 -0.3003674138130525 0.09746468077169716 0.30056313889730585 0.6169655959233381 -0.22135195077954248
3 2 0.24072333771580226 -0.35591610705979737 -0.5598189282990396 -0.02004017987634855 -0.11470608188968129 -0.009360658513145055
3 2 0.28809974791457005 0.32450051297466803 0.06296737796631152 -0.2697926156627595 0.11481732898123564 -0.3684144683830701
3 2 0.036837653371589195 -0.21343710482010672 0.25472468102315554 0.21158773205383383 -0.3789599926237904 0.4551423388644806
3 2 0.5988111832803074 0.48832365567073627 0.10057515534107665 0.121342555086614 0.19932136729361416 -0.2388214151387204
3 2 -0.19892903709296203 -0.051764392826917034 0.3807941602641964 0.26912819927107406 -0.009621592521069294 0.5255013209578402
3 2 0.1189073939035023 0.35391537105766263 -0.0057790531183022015 -0.29854237828458746 -0.32474337226598976 0.2752481172183988
3 2 0.18597986253916862 -0.38328446912514474 -0.3380721712330768 -0.17723777363494744 -0.6031173028540555 -0.16529593020977756
3 2 -0.051162035425728676 -0.3802697557668574 -0.1273700203678808 -0.27068735416378636 0.09723927353564361 0.3620116659650271
3 2 -0.5217653958986491 0.19111257475620824 -0.4972438920770805 -0.23893513814920406 0.05020966284826988 -0.34261837038561804
3 2 0.1886079618092993 -0.04649061008163101 0.3531048044933471 0.13725960467690457 0.16404259086146722 0.24553488075227464
3 2 -0.5546551732533943 0.28240254026430334 -0.06863111556136343 -0.2482836416139062 -0.5176026837559273 -0.04569298047213751
3 2 -0.5169972492967355 -0.11931533672404183 -0.20694532153256595 -0.007024696499549071 0.32992768616725054 0.404199639141471
3 2 -0.09661898608995972 -0.3264139168839748 0.31264959855297625 -0.4276705930373587 -0.3184979291682496 0.2900310935352935
3 2 0.08008232164030965 -0.6665027624896882 0.27189377495990574 0.25404575019670894 0.3488875511451899 -0.48719380116467165
3 2 0.0781904592922175 0.20486415426326454 -0.1765959199320628 -0.09725978877993563 -0.5806854618154477 0.02534393425733008
3 2 0.48723780463847777 -0.13946656466465163 0.43246179005630175 -0.33898258916481644 0.3733807555546727 -0.32720713510568494
3 2 -0.5689674336873525 -0.12993024735652703 -0.21458147807954697 0.4570774752248762 0.05365856787934058 -0.24867048551163537
3 2 -0.2564977322117506 -0.36384552246191765 0.47422792121105317 0.03952189122559859 -0.20474735886359283 0.12224834647029675
3 2 0.00303704969798329 0.20282379946769766 0.20777684631955268 -0.36807037375890705 0.0571365294057089 0.5370040516263891
3 3 1.9107912205698204e-30 -4.7284211893445274e-20 -3.7230625972413567e-25 -1.3114874419390719e-23 -1.7527772626012928e-45 3.380359415697083e-39 4.300610953469139e-23 -5.242597784146614e-19 3.766827830165388e-14 -1.6870837125667827e-51 -3.2829763348863913e-18 -1.2020263142751422e-46 -4.9272692020758105e-52 -4.565005002567174e-12 2.536078069550605e-21 -5.7811771473518e-11 1.1497168469504695e-21 2.2873187688166384e-45 7.080510574921989e-32 7.377553172751129e-33 -0.303086798335901
3 3 -0.09023442091421181 0.44051030419775333 0.2901018697462388 0.3097897379220635 -0.33328664592029256 0.08888132665231625 0.02158002369559779 0.027600497082961067 0.11175653929390172 -0.1628404403059966 -0.1695986206212745 -0.178522176522994 0.3881641548939137 0.21480967227875455 -0.17666889380217823 -0.09650446382104402 -0.04201269840394456 -0.194001548467047 0.017584267394540675 0.0032270958998879824 -0.2683252494377754
3 3 -0.414697653511437 0.1815913684211718 -0.21495331411477908 -0.12203147428406155 0.18887514266369515 0.33884751335652896 -0.36996011660893957 0.23695912992629112 -0.07264688623621539 0.29083426931298345 -0.2449303678285361 0.11601367199079364 0.21225485016427822 -0.3509193784552625 -0.11452209153538047 -0.48021714567418244 0.2018631003066254 -0.17077078259629414 -0.0818273327661574 -0.1547469356049843 -0.0556768751516472
3 3 0.002172276834795727 0.26395715484950305 -0.037220785989698864 -0.24341263031479995 0.19412169155103337 0.4164816939779923 -0.1226748280328419 -0.3821479647766702 0.06321836885567227 0.22666814322925885 -0.33372384229403346 -0.13542796111228372 -0.33226158130658917 -0.26439219483054516 -0.26703585262877166 -0.0773520231182501 -0.302009780737527 0.1547897266746735 -0.18557721467222427 -0.11375186283975496 0.15584106284776708
3 3 -0.3384438757806218 -0.2091854508598205 0.11159382945910865 0.20858113188046676 -0.0036733994863762903 -0.1891274033749777 -0.24987488239555608 -0.3361502317531623 0.1652283098915234 0.12508636914902868 0.14611544976967586 -0.19147999125154758 0.1615687087069959 0.3798063169857579 -0.04132362065600057 -0.3590576546363928 0.34977073769699335 -0.32481808138530616 -0.08092123803909805 0.04778042222510797 0.2974485990653882
3 3 -0.053656937309327135 0.28860840342775 -0.037827536132180664 -0.488150962695208 0.5137326915299468 -0.30904254919122337 -0.03511382767978731 0.008516506426695557 0.20574639140781237 0.2853290040256316 0.2636004832203033 -0.03970156501687518 0.3259033079606484 0.3574188969127077 0.5580719685117482 0.3074853818353253 0.0045500783585260066 0.29514951907208087 0.42993391177673956 0.36832590282126837 -0.3746522018245761
3 3 1.120744970821232e-42 7.416556984499482e-36 3.8803492044288074e-17 -9.299171342463385e-16 -2.075709682714289e-22 4.2799517160082655e-38 -2.4613227154486245e-10 -3.6434565235612176e-10 -6.476500969402849e-12 2.3922158479982872e-26 -1.5295747868632335e-41 -1.8283934716894855e-28 -6.25727201945546e-42 -8.631175290807965e-22 -1.0083651025219749e-52 1.0203352638111156e-09 2.7196724656356037e-13 6.153241063014829e-13 3.451556496599033e-39 -2.5538491709979665e-17 -0.2910057214038862
3 3 0.05200704545037239 0.1944529449041545 -0.17524042829845918 0.11430086833732023 0.006356166311121859 0.21187794050878594 -0.12554454255872022 0.2318767498899581 -0.29189579481677796 0.12864100204563775 0.39040354382205283 -0.028121430367869158 -0.028897723318132562 -0.24457285595718803 -0.174124879626433 -0.35782747830902256 0.14749225577491318 -0.18741513456008255 0.27047603070929677 -0.12976341035259742 0.29855313906356507
3 3 4.3686448287199336e-39 -2.2062515122522485e-47 -2.8865865161296533e-50 3.2302032440643625e-29 -2.3509500435601188e-50 3.057507230270029e-52 -1.960122819959698e-16 -5.507563038486472e-34 -2.289936224119986e-16 1.8376103228935406e-24 -4.880360698794011e-18 -3.233525137711563e-39 -1.326299143165107e-49 -5.59492598958372e-52 6.569564944330464e-15 -4.809119441599829e-38 8.119005108831705e-14 -1.3100033939312901e-14 2.0364990849234414e-18 -1.5816886202137747e-43 -0.10523062024053603
3 3 -0.3646014113572322 0.19531591064287085 0.010062839433277126 0.20829558260663583 -0.3227675725275382 0.020289506687709933 0.2852471844654117 -0.1605585732702482 -0.16816795124081632 0.32766298843820735 0.2535272079682975 -0.010355184379196202 0.19883300985718036 0.14278907355870485 0.4029043305353077 -0.13713531118654637 -0.08042653448048655 0.4395666996837718 0.3343491582332996 0.058757645336716326 -0.00802956612646971
3 3 -0.011375777445272087 0.08597472512792732 0.26227436017171407 0.305735896937266 0.30190471924539225 0.00865017506668495 -0.22166073261177607 0.5057801786475717 0.2949871595423217 0.44674910684565067 -0.41634326263375093 0.21682777091011643 -0.25027489360223476 0.02819462861738502 0.1279848654634416 0.3807636396236231 0.4176473180124785 0.3967193209459569 0.2685695723710044 -0.25479134871304476 0.16096923095307797
3 3 0.02869755037923888 0.182879139757611 -0.14558115934566823 -0.13479362365798334 -0.19891746230562637 0.17394553602287166 -0.33055708183497584 -0.0071822985276389735 0.21072775146333084 -0.10103849097672023 -0.1545833595261179 -0.26815511714778967 0.2503623116712884 0.24241395044882694 -0.2665990845586974 -0.01812197906378464 -0.08420068368817718 -0.19940976080445544 -0.042917856536870566 0.00886415043564509 0.16279331591652962
3 3 -0.02598061721907548 0.14469142332519805 0.2605996052146707 0.12014914692396451 0.157093866611573 -0.1249535612546193 0.1590799935950317 -0.04309491603811722 0.32503598525573446 0.2676192756356893 -0.035067166716132685 0.4643994604823285 0.22257034562010872 -0.1848476436508081 -0.17718058880344376 0.26490381847374345 0.12080358348196167 0.1862797457607008 0.4427935341575128 -0.056817735022926134 -0.07907315337231123
3 3 -0.22072623051345933 0.1681811833311571 -0.25665119146469534 0.03266564886557623 -0.32205707731987904 -0.352374076451513 -0.015027941829911302 -0.3840997162001721 -0.028887005656460928 0.2201848817962346 -0.07518316871220461 -0.10847987907887645 -0.4253875367870904 -0.35454516524447094 0.10305852968961157 0.11296915498199644 -0.04018517472423208 0.30476344423275736 0.29828210892191165 -0.22962389653769644 0.18546550749007581
3 3 -0.12141302485423874 -0.27016187049228946 0.17941888218296123 0.1181242433229952 -0.5713919500606579 0.19251276796753589 -0.11822516877048028 0.02424599427366236 -0.10847407666290305 -0.24899992594547096 -0.0012302331565021355 0.3811028279835289 0.09712050929495587 -0.13822145640951242 -0.2520017215615272 -0.0773806330776545 0.1760770438240552 0.41175152494229544 0.30950491889809445 0.04637304817090257 0.07183869419083486
3 3 0.2970030483780717 0.016171834147163753 0.14318481773265335 -0.45510106884470597 -0.23378649605174917 -0.09576984666693884 -0.00402808742838358 -0.03720291356592382 0.3488020816819944 0.12641705992041055 -0.17659503442155375 0.2121806607997487 -0.015825366573244896 0.10449106503737027 -0.08649472268449462 0.24335074028255874 -0.11276159553100128 -0.0927898432720902 0.0841972482541129 0.3187799535190885 -0.15515390097570142
3 3 -0.14574885784717134 -0.2815237444880829 -0.22312664181154046 0.009159847314965221 0.4001491086594938 -0.08878273855710332 0.21936097091385054 -0.6923173815960956 -0.013108863885696749 -0.2491054604424045 0.27142289782369433 0.37149145545985407 -0.20076743902118058 -0.45025258966107584 -0.1070864006683458 -0.06298185775056242 0.3617322368925208 0.3060704359769433 -0.0601961697045177 0.17898068271934245 -0.27166354382917174
3 3 0.12566000192210208 0.512739719468783 0.12957488077188645 -0.025151653380360652 -0.06786170771870467 -0.04141639577971281 0.15456951432505311 -0.12789727793858321 0.2861361123641741 0.04856828299537128 -0.13389523504756454 0.3508023362342652 0.07904062217140094 -0.47579385230156634 0.4577771022458581 -0.14044501929274644 -0.3003102879551038 0.22307958479369794 -0.2930499625750905 -0.27891035619071175 0.191762002686875
3 3 0.17264685826214166 -0.32140510744132045 0.22791417604272446 -0.2839646559864873 -0.08719871966347884 -0.1131273532926061 0.20329003105035381 -0.3776483592823619 -0.17908587713788324 0.0724720020502738 -0.2647234613085038 0.19899346972933035 0.2803548552730693 -0.1662231990269024 0.229955294758092 0.08988525227909556 0.10101199992617264 0.03466575735969272 0.2993924959579624 -0.2989689426273716 -0.2814821641092476
3 3 0.5067997561789275 -0.040974858366986056 -0.18887402292427335 0.08418682262856891 0.31144738367514846 -0.09663857590775245 -0.14013894258125065 -0.11447087684186039 0.260751414852444 0.14698172941250515 0.1660768185978479 -0.240030606910505 -0.3305473319301046 -0.11320054172595297 -0.3818227713128199 0.26331945190087797 0.2718565071752964 0.24010037756974748 0.2140635539281636 0.3525381322251773 0.09260401844367619
3 4 -7.688569536878393e-08 0.5271102485909975 -0.03175479662765723 -0.14164497331218726 0.075610741701748 0.17839685306482725 2.3595414707640345e-09 -0.429496488361196 2.433095059227459e-07 0.10572250455787378 0.4480251232341831 -0.04394782612430526 0.14355660481307617 -0.19386816929782738 0.11333792337147984 0.4440612241953437 -0.33943555610704573 0.21097731813788884 -0.1774703331685611 -0.11677031900265863 -0.45222496411077817
