Number of NNs: 3
NN configuration 1: 5 20 20 20 20 1
NN configuration 2: 5 20 20 20 20 1
NN configuration 3: 5 20 20 20 20 1
NN Layer Weights Bias
1 2 0.2796061735829428 -0.01406192957185137 0.18255750829721895 -0.21780296816351702 0.11485715236450325 0.11222136321497095
1 2 -0.380684410193103 -0.14922002363147757 0.2593243067274277 -0.2380371053465256 0.4179874187663543 -0.12417299670787905
1 2 -0.23195744972798948 0.25417366306860023 0.19780387572190933 0.27942382367034085 0.23890165843258337 -0.4092087186321605
1 2 0.20335826532384887 -0.21032725220384663 -0.031948850208645574 -0.283441028428822 -0.22616263616244303 0.02382696927033263
1 2 0.523305531211279 0.4745250922232295 -0.12149419145418475 0.019511024496029237 0.07774400034409011 0.34391408515342414
1 2 -0.13180061553030553 0.4016926785905968 0.07823299167680087 0.34352882306960353 0.501380505683188 -0.07692913084324393
1 2 -0.41573993009413834 -0.3289683459627481 0.0791593110783149 -0.13326699933031982 -0.2917305473652638 0.12897503815891329
1 2 0.06829818890400435 0.12484444471272806 -0.3910801072123228 0.17139221020411102 -0.2614438623940026 -0.1824996437712826
1 2 -0.11941002900390593 0.16142355398727778 0.3799225847479118 0.014210584662425444 0.06787059675157378 -0.05692127925038665
1 2 -0.26520672641628545 0.19334139528491048 0.02180038486576666 0.3444267768810096 -0.20796493558889625 -0.1197336264167612
1 2 0.1913696465921721 -0.10711710696642093 -0.1700314117056249 0.11564889075221614 0.12271491169649443 0.049495204856253104
1 2 -0.3677814824372738 -0.15608692871845767 -0.1886638195341984 -0.15849294529052868 0.3356328922325218 -0.027075267407015404
1 2 0.03259722787023027 0.022288786980969845 -0.3221639775067355 0.2986861360040119 0.5238828703733551 0.48279450835485854
1 2 -0.10688190185139745 0.11900121578945462 0.19413752967999534 -0.29617554419659375 0.14781325961120872 0.5020715606845932
1 2 0.2132327816403743 0.22221092236999548 0.4800035824806208 -0.3393140112153335 0.1784746639697316 -0.4562885175603217
1 2 -0.03737592368709045 0.013093679909259526 -0.45809401133698174 -0.2497055006928117 0.09021171961912039 -0.034064966536451684
1 2 -0.3586003581529406 0.39940034437995564 0.08722821498090116 -0.5576302172308871 0.1355342271244628 -0.36527615437880323
1 2 0.0465236820509387 -0.16011428157237476 -0.006829846678002282 -0.07403027098751953 -0.3462556997073279 0.12734568816575786
1 2 -0.028647725006800302 0.43025535673402926 -0.2547517217970348 0.2911377522375424 0.38473214051296906 0.24740013115891674
1 2 0.21984408502893274 -0.3116001601310566 0.24057801551607685 0.29709508508256105 -0.22485525878959237 0.5840599539843297
1 3 -0.06302600645427264 0.04400220000474764 0.0171808066708582 0.16780305310452015 0.08564991929182718 -0.09541689045557383 -0.02211883600640679 0.031243817210232214 0.2694854127003659 -0.3261829603306098 -0.12022307564316738 0.38444539296706287 0.16441006147195353 -0.255723978073953 0.4747510784255233 0.3231045304357577 0.22435169161808402 -0.20692771030403267 -0.011939408274830648 0.25284735238768397 -0.20429985995920483
1 3 1.875250369976233e-08 1.9943031789539595e-09 -1.0070255131686552e-06 5.876415029962763e-35 -5.600893046697567e-23 -5.3359070345036804e-08 -4.071219315042589e-15 1.2233206273190391e-33 -1.3469536622762643e-34 -3.697577458180953e-29 4.766610990253836e-25 -3.8843567108094315e-36 1.8911226300274937e-40 1.2182996764295891e-34 3.1178739758874785e-33 1.4251549132922673e-09 -1.2424246049723147e-08 -7.4066887070839795e-09 -6.291100894953503e-10 2.5075234136547884e-17 -0.3012524237825474
1 3 -0.28177578209967846 -0.23451598171753837 -0.1358439149476011 -0.18867743596241326 -0.22849842316817537 -0.21883406769296712 0.42246791148685847 -0.19466794672343013 -0.1834575819287661 0.34969884339792945 0.03404917570062435 0.26066922719442637 -0.17994827814227024 0.3456100395857954 0.2164724274187716 0.13924797163693187 -0.1688456330596684 0.20356747803842892 -0.041764902875203076 0.189283403872268 0.3157784458964842
1 3 -0.1881013611646832 0.31631070354735547 0.008553428396650097 -0.10411753158928756 -0.16813111504236836 -0.08647897195960787 -0.23630009632328128 -0.15588368191267649 -0.05986988484296013 0.0971216360946201 -0.01804321290821513 0.3210763218607449 -0.18387986022095665 0.3391647366210379 0.23431221393725793 -0.18419643224756038 -0.31432197735041206 -0.0367831724791648 0.19246296749409206 0.24860556826106153 -0.05302521968552572
1 3 -0.02927227483033137 -0.24318819474812084 0.0844324220291208 -0.10823819362667746 0.16420766587928554 0.24299201861284161 0.18023319135071542 -0.15088987099741885 0.3334609387500458 -0.2162732946374518 0.016180425905889317 0.016158746415833886 0.299587264447492 -0.06654585658285737 -0.1641796434744719 -0.02251756355061244 -0.3840908691684815 -0.39577068631713624 -0.13887774712412673 -0.2181526057560529 -0.11681417105851244
1 3 0.1656023750091215 0.1332636317375813 -0.4865056118060344 -0.05435099437222202 0.20706438889589204 -0.07509489953472931 -0.21195655745189826 -0.23675364258500564 -0.16161396587334592 -0.27663794386596097 -0.12242578501365135 0.21469793774503013 0.16873893927749423 -0.2028617866444121 -0.27594098843363857 0.14282880556931699 0.12569216825605387 -0.32771931518801417 -0.32089510983118996 0.346589039183349 0.4087271036437853
1 3 -2.8991947868197027e-12 -2.1364291253437595e-17 5.041054365139502e-09 -3.737059705249468e-09 -2.551546584370673e-11 -1.1348957205522548e-07 3.0365074121315e-14 9.041919793840675e-33 -8.824801070284754e-08 7.744076549193644e-17 -1.450010756975355e-07 -1.75684274188856e-06 4.0437361124200547e-41 -3.397113726472536e-10 1.9918577717892134e-06 -1.3772267151756245e-35 1.4193966102686445e-26 1.5852757593649727e-06 -3.383220001472389e-36 -5.1542823420633083e-14 -0.2666584522895159
1 3 -0.05995714037125097 -0.08458122445842034 0.34146639072224555 0.07384900351707899 -0.29574136136821616 0.2552341384255622 0.2603363115638321 0.015633322418676023 -0.14725043295327575 -0.1842679245501632 0.1833761892556321 0.44150650761552934 -0.17641156398510244 0.09556945610578073 -0.15760378525517976 0.47954769206215064 0.3516141867012711 0.18603608003082775 0.34876681285380756 -0.09177389403630654 0.27848019398623414
1 3 0.16754278306090972 0.3511076393112867 -0.08357106044323953 -0.06635029287257403 0.05131057206571635 -0.2887874473150806 0.14421776946565773 0.05966443074683905 0.2508802057802879 -0.026841299733283766 0.09124026933802995 -0.13660617997893085 0.323302697876345 -0.24413116469778964 0.1026194992983946 -0.18203988604810312 0.23528240992305416 -0.16182544623044415 -0.21358344805442686 0.1648700358952368 -0.10391070485165012
1 3 -0.03229020225297138 0.05542391569966995 0.2621713667750651 0.3725589608425574 0.012683143890539044 -0.00597324546468376 -0.06710399139302466 0.31343926238026826 0.14270260361334866 -0.3424381681776007 0.13075957996974097 0.02668126262925175 0.06461364902823265 0.3612454915666657 0.03681106102127892 0.33225618690094855 0.019032914529101226 0.22061539024058544 -0.20662790605711961 0.3532717141894563 0.14864932382632248
1 3 0.251164253847483 -0.38925748507312513 -0.33046385684362467 0.18967752971415608 0.22550759230744533 -0.27399570436947934 0.18663568965691982 -0.09639926543337554 0.13296291350961353 0.2968538156390444 0.2583271259120507 -0.19527382485020872 -0.01698301359127794 -0.13246310323197827 -0.06334034909934275 -0.27101695974980516 -0.2706973343314622 -0.23356088830352542 0.3537017001279215 -0.24342738038020995 0.34241995381624835
1 3 0.07733799301363047 0.21519156049647226 -0.19100945074152878 -0.17978813708935207 -0.2165439055959905 -0.25307713439299734 0.1319696661591422 -0.025332447213352472 0.25264220085969236 0.2718904161094026 0.17015994158117803 0.12474521168414694 0.07826953851966903 0.002700556793147034 0.38496127217456433 0.1262672732047432 0.07730934981961607 0.041015569144365153 -0.09203563593512748 0.24696225406118533 0.34613743785241646
1 3 -0.006200951265909442 -0.12436353227675563 0.2888939544776222 0.09231393141256304 0.4408007164762197 0.39786096454058384 0.22620484369319846 -0.22555272583637062 0.11241172231030286 -0.13376153272214153 0.1815688236994315 -0.04966537715773182 0.10089205970437948 -0.1791781485273345 0.07528124260841351 -0.14254320588968106 0.10175125592985652 0.006986497190544222 0.09991277528904625 0.036674015010360383 -0.2787806668631386
1 3 0.36394897478343297 0.1552840354594657 0.3348747265157715 0.0003325606480839024 -0.17404999333509122 0.18097417198756843 -0.07092681942259502 -0.3807320428917844 -0.2757047912708511 0.29618253946227024 0.36032393484165215 -0.003924995755223238 -0.2880987208944329 0.39139418654602254 0.08371504120551287 0.46859174783458746 0.08657991608840279 0.2172482261129405 0.29796488335726135 0.15595763091846707 -0.2690069058934276
1 3 -0.20279027839026692 -0.16338245613206365 -0.10143192405236016 0.12923771068895942 0.367013754010071 0.16899642732431686 0.2480736206562587 -0.38398175296501347 0.3641863888664859 0.1637703383422711 -0.24793552847736466 -0.30943771350810473 0.2882115216682684 0.07126813956847083 0.18766768831293418 0.2079181946391141 -0.20237273809048986 -0.30319632306090366 0.2553159629540866 -0.04452137544620047 0.2682018853393662
1 3 0.04866083163683257 0.032078569203969585 -0.10169328595799389 0.2153984428144985 0.23324013623413284 -0.013849653440412408 0.442956981651657 0.28397617395425984 -0.21826353621060077 -0.1056316682541293 0.16861489277561828 0.07995814591521738 -0.2686698008356677 -0.06511002424451738 0.11277724735359368 0.10458599282516264 0.14831555559908488 0.15688789203585793 -0.19291497527456633 -0.3428168388410215 0.3652374295697081
1 3 -0.0890473752971369 -0.16468048175114822 -0.3551032217459757 -0.29622647305397576 0.02434028146210944 0.2722447179209681 -0.11293011407400531 0.020605161624695383 0.09127927517390187 0.3285787356658632 0.11372275116843067 -0.033726730733223236 0.32814529634521716 -0.24090799961582357 0.24164832219480495 0.12672944942012046 -0.12799294558308164 0.2578804450314342 -0.24459207864929325 -0.2948071884695626 0.290925206971679
1 3 -0.07041035768172284 0.25647177620388373 -0.04346891910343835 0.05733867540160814 -0.2469777244917431 0.3608659630350961 0.019155551832550157 0.08827853311106976 0.18359104321771594 0.1741469728957859 0.3457322136304074 -0.08841187647898188 0.046853884054939544 0.24623517982208032 0.09920393777083673 -0.32055021038614595 0.03739969931269398 -0.24390546688811482 0.1498761905632491 0.17101864957310686 0.12170242856324216
1 3 -0.10457776889301 -0.24532090350197408 -0.0873925162620355 -0.3866679186521624 0.15551503291318441 0.18003405715917659 -0.2767566145626681 -0.35275895160263265 -0.0006005850031350226 -0.18830827875053774 -0.18047901858706947 -0.27369427222230003 0.03020030796626606 0.3669653159874934 0.044354730415413844 -0.10475302407774426 -0.1681563451117714 -0.33185529728384827 -0.1006139418569339 0.37667059377611156 0.4470961094859509
1 3 0.3625163145381952 0.37248265097797767 0.3284597983154823 0.13836593306939013 -0.1447284050872157 0.056993099304840714 0.3797935837962455 0.024792225738795044 -0.30898976050275484 -0.026192346486441802 0.3304197244767966 0.2253582899758181 -0.06523571342369948 -0.19732738975266756 0.40458877900275036 -0.03715877383838232 -0.48982134567928215 -0.08431249782189135 0.08766882495007475 0.15833373172455723 -0.19520112401274176
1 4 0.23780203973780867 9.017658513322001e-10 0.2800547320364661 -0.2634500941657993 -0.04806978055223098 -0.11225631898474264 7.253348856534589e-07 0.3152470750572791 0.3401433355048807 -0.09104625938874003 0.38464763713156835 0.2968347971152971 -0.29748308808684215 0.025706396859128084 0.31759572686962007 -0.3011414887235906 0.021899404381099028 0.09046353024693594 -0.2729473305014348 0.1935265971427869 -0.3496640106372358
1 4 0.03744797338043843 -5.70414408548768e-07 0.3107727223529695 -0.16677507680626744 0.3934898294118967 -0.12096651096493727 -4.0440747196676907e-41 -0.04234302055336772 0.43215672105465264 0.3780635377488606 -0.02349675187777427 0.02497763205464255 0.0405034466825424 0.36838759379203617 0.16183593570973082 -0.20079417892286427 0.10835725736216159 -0.19880823377613702 -0.251359514211105 0.5245056628278884 0.23483884807963296
1 4 -0.10640276287134157 -1.6683343035523297e-36 -0.03917877728783823 -4.154457363473181e-08 7.015733659236478e-38 -0.2607530365434743 1.10790940362628e-10 -0.0834812091444362 -0.032284894421636005 0.20233043090759906 0.10461964361883369 -0.2819176350929344 1.303701471072181e-35 -0.13607206158187485 -0.1615853786440249 0.3433996032328584 1.6483263587658257e-14 -0.02845871835790342 -0.14915473693943634 0.2798755326799397 -0.17253852662749894
1 4 -0.2710007568411638 -1.021383118898228e-12 0.13063731421226513 -0.18220900234860954 -0.34360287350011676 -0.0011451395948346543 8.399211273652969e-14 0.29494981227483913 0.2652635339075262 0.030353055943400483 -0.21612476743698622 -0.17712347438773032 -0.3245553233019329 0.1392579411619182 -0.23284479888585888 0.36050099510858163 -0.047941547668103664 -0.12486206238395957 0.015073277589786938 -0.07874818554370146 0.2677680372617531
1 4 -0.10411719544288726 -1.3400127576331932e-06 -0.29655156304451563 -0.06358194103173678 0.031516478492869066 0.3211955494265131 3.5381503010299245e-11 -0.10893715670550759 -0.5772539642952258 -0.3039366521698246 -0.16605819285221107 -0.3545244425033705 -0.28548373272631034 -0.02932354325955926 -0.18248538726834707 0.3240175174083801 -0.3999135411206654 -0.4229867754484259 0.23386259245434377 -0.27137607959427423 0.1760125868631438
1 4 -0.10423016018152975 2.0149047993879192e-41 -0.06223878030576796 0.06289288303091611 -0.23636441578168996 0.1904688168223498 -1.400562230723103e-19 -0.23877674295061466 -0.4857086359556745 -0.0894601327159538 -0.21554079414392457 -0.044456088244560585 0.18895446916291872 -0.1739589110361608 0.09466325136682784 0.20190274026805854 -0.15448881312154977 0.2849879091430503 -0.024429033459007113 -0.07223571541477924 0.2446999294323222
1 4 -0.23599383701754276 -4.855620272838394e-07 0.2346952836916103 0.20387628986315773 -0.29284128376957785 0.2619973159890793 2.112036360302639e-18 0.355821522933666 0.013612528434768328 0.2582279972829846 0.2736907304995848 0.06001024625430915 0.2508066359516861 0.048656628582481445 0.07767855871803855 -0.3423983796661109 -0.04026572787428233 0.24715651363823082 0.0006389721770327669 -0.1589927555370907 -0.13345822987148545
1 4 -0.23150808655347213 8.346307042286602e-10 0.3210717494623739 -0.1694156521111376 0.37489693175212696 0.3188898683064247 7.426896421781694e-12 0.3327416980519243 -0.050902025899037584 -0.048879021300364506 -0.23269994124760657 0.15646575404999252 -0.2795003780107519 -0.25443668153549903 0.05441420386644239 0.11626144606126997 -0.10191171938432664 0.16775606775212043 0.1830817446693597 0.48690155338302277 0.25604129184876756
1 4 0.10264211929267293 1.4910770991713126e-16 0.1276515102239284 -0.10165135778008592 -0.16600011053147104 -0.15176666686773746 8.723711357911431e-08 -0.27543522416735494 0.4329514097880173 -0.08916239835695354 0.1168014858356192 0.37191777631446554 -0.17827995335283547 -0.06122730858552295 0.40704883705360617 0.33937508757490437 -0.3632099281891573 0.0022338386051048926 -0.017454906486913984 0.4404456493424587 0.06678535747094788
1 4 0.24521351643077502 -1.0599657153374095e-09 -0.29418810092587727 -0.2486339402793134 0.2102520767632463 -0.042619929639753196 -6.62199904556101e-11 -0.24976110857954353 0.035294441857506624 0.07555373849786418 -0.30014057142915546 -0.24882910661089974 0.2793258479828776 -0.06814954982793313 0.21573246640479526 -0.04608985095923389 -0.07561282058935798 0.030602663868629743 0.12753819447499518 -0.02144352081317855 0.1082075212423384
1 4 0.18247954990474757 4.5805002044623185e-22 0.302210901226867 -0.2699534940652636 -0.04784871605185635 0.05253681411603582 -2.866946284032139e-06 -0.23298522255435664 0.3008330389732057 0.29608803353055824 -0.1852881318981856 0.292110150833012 0.2741970224020229 -0.006562877955731064 -0.08253400494730485 0.11352709991433718 0.17831260425650675 0.10999725886265885 -0.37750962153977247 0.5163231192096482 0.08628349481638371
1 4 -0.23247700252101078 -1.5837138723393656e-07 0.30329064687441576 -0.03491862685207151 0.22662795998373209 0.08603863306579082 -4.773696120664374e-22 -0.25270376230488006 -0.2534275756384943 0.26915169634958064 0.32092632678896676 0.1757733101570225 0.2632052277779377 0.22797643596111355 -0.1330678369315792 -0.38057874497947486 -0.07468142142380103 0.22782039907232046 0.19214584683312863 0.0475706902588787 -0.01879823728948596
1 4 -5.6014333635363835e-14 -1.4081357860812002e-38 -3.82508580364161e-06 -1.0305024430677516e-06 -5.095571913487883e-13 9.54635477231397e-22 2.6061577157788196e-31 -1.9481765251168413e-07 4.765291187878613e-24 2.0540444679472192e-20 -6.762221462160055e-08 -1.083911224530337e-06 4.0243538652790283e-41 4.672796485344268e-11 6.757820342502926e-17 -3.647778208775856e-12 -5.170695348587564e-41 -3.023040798726101e-27 -1.444721522746938e-16 1.7086073673993932e-07 -0.12065503413438722
1 4 -0.3859049695183469 -1.5686895997100605e-20 -0.05080305736918708 0.3520046522069687 -0.04676392121494981 0.40426580414519253 -3.6225361227699813e-06 0.2196201437832579 -0.049596636381784145 -0.018289944395592186 -0.1999207682175176 0.10559782015457057 0.252281594232232 0.025015413355819534 0.10283616820841521 -0.22373590141583805 -0.22013491281006087 0.12263718556233219 0.326026439402814 -0.3556468272934353 -0.06263916756857067
1 4 -0.08028951503453026 -1.3020063145576518e-06 0.11783308594376429 -0.18234616732030737 -4.833571346581919e-05 -0.14295717766561444 2.9836909683766685e-06 -0.1363829646314255 0.28492921556332995 -0.06603795653617102 -0.12543961105250595 -0.20148816479922338 -0.011826175648351062 0.005402276071432413 0.06380072447077534 0.11593658825674763 -0.0835189398899053 -0.007685319203028852 -0.4338647837565647 0.197947674533887 0.2768700734103023
1 4 0.058861155803269935 7.577803813574608e-18 -0.27042261911227183 -0.12497478600080512 -0.022219978729304212 0.17232241445828833 1.0102028993385353e-06 0.09474168353645682 0.16247611410860394 0.3832149437454321 0.09475638389749907 -0.19292725709570616 -0.14973679589113248 0.1704373534127691 -0.28006858931569717 -0.10191247203815358 0.020043231006408226 -0.15213766256750144 -0.2718233831936538 -0.06169024425783768 0.08712543820924534
1 4 0.1314387919885486 -1.1191570611633103e-14 0.030838166154498883 0.00046322573571840373 -0.10934452671732835 -0.05350983584463 -2.1691770835496462e-38 -0.36929657076730255 0.26668559561560407 -0.25856443007734936 0.21826351161231786 0.037824104802028524 -0.19175299900457254 -1.6950256143857736e-06 0.24134257422971275 -0.2563896024829026 -0.21041379200502894 0.09456740331352033 -0.12110006891041801 -0.16067965127715217 -0.2091759791304098
1 4 3.6574253907235416e-14 -8.812889564793977e-08 1.0480807542321696e-37 -2.0084824144862266e-07 4.794775648213148e-15 1.9203767206665676e-28 9.375309353529121e-15 -1.6303885200742097e-09 -2.5944914079995936e-14 -9.250195221795577e-22 -1.0903414082940323e-06 2.8508668317365966e-39 -1.0872788238319635e-14 -4.344547602450385e-12 -1.5195827932936296e-10 -6.797105541295268e-07 -7.203361857952013e-35 1.0094717306471499e-06 6.515254726561935e-10 2.9380820316548356e-07 -0.05610058054556649
1 4 -0.2842846557299581 4.1764420334073187e-10 -0.35054177288315996 -0.1484950070529633 0.33212080107579195 0.3625137042089437 -1.5093793986736735e-29 -0.2121129221342313 0.09798072085433963 -0.29545933732808416 0.04190128743496866 -0.047071864746734235 0.19057178558243187 0.2755718239115935 0.24983984406427018 0.3595614533921439 -0.29238264895998844 -0.10850316981296174 -0.2490991934171727 0.3230366651578986 -0.056065008361466294
1 4 0.01570299625728244 -2.2576184306564888e-39 0.022640801470186753 0.33040343351563545 0.06909443540007834 0.014724557464728527 3.2894003158392297e-37 -0.08731154734474762 -0.4191900445696425 0.1791590229305428 0.1993319420704206 -0.15454453401538942 0.2520589572681581 0.3201561212572113 0.32629826715709576 0.14373955989971876 -0.1811380924253614 0.3660565681090786 0.03143289263872731 0.05842923379397584 0.2310078256326148
1 5 2.4845783117403872e-20 1.8818073800360262e-09 -1.0943874539208277e-13 2.3979822741682224e-11 -2.6470883786680517e-41 -1.9668465061205077e-06 -2.968157450061613e-17 2.1178635888815827e-28 -2.7591608909718057e-07 1.2483263020105507e-06 3.044497699403324e-24 1.2341171923218336e-20 6.231861927866318e-40 2.5910999597127257e-18 -4.10202117272152e-27 1.7103112923637456e-07 -6.001002089750386e-13 3.2974467758607566e-07 -4.069545159291324e-12 -1.516003727571559e-35 -0.2798127746071858
1 5 0.31974150652708827 0.37436115872136977 0.1432073227765826 0.18282601071352725 0.247664898672186 0.2799261027717552 -0.14084510720299467 -0.20333655910106713 0.23588800265784823 0.03109309125386432 0.03719881449077612 -0.016099074117010424 -3.606578798795035e-11 -0.38265918839907087 0.12887013681335302 -0.25902616717067634 0.23861154174044372 9.29567995058009e-08 0.24636677941267018 0.13647328408381812 0.2450468010502287
1 5 0.1833279697074542 0.021456067687703428 -0.10851102374868443 0.022428365512121115 -0.3118097944994761 -0.2599939966455264 0.024861653591535977 0.22539702020264926 -0.2769849242238995 0.26079925879720645 0.11538314434281163 -0.2515883549559435 -3.3957617517603146e-06 -0.05670728718776444 -0.33109700538229675 -0.13341230638365925 -0.024366677414898362 -6.433188933765843e-07 -0.13807488328250642 0.34731013346427314 0.31314871563853297
1 5 -0.28625095762318564 0.11301351783412164 0.16223752664915025 0.2724186401178826 -0.02380157602294482 -0.2398943422697987 -0.16608846765409396 0.06464890001655653 0.2838931109054844 -0.12052889594264041 -0.1595719825628688 0.2815726382592743 3.673971308853643e-06 -0.3344457372693154 0.3073106131111725 0.21439128352186265 0.2935253732052744 3.598091035452241e-06 0.06503544265085909 -0.17790051058292997 0.23082369755142063
1 5 -6.903933817000222e-07 6.145218732342584e-21 9.017376661825794e-13 -2.256589921203959e-08 1.5924756122751168e-43 -3.4160112261986155e-07 -1.9882078262345967e-09 -1.1676321577734687e-32 -2.7353976052943403e-06 1.2601669466270678e-14 2.5325819507468248e-06 -1.0134771943561328e-10 1.1510386448711414e-14 3.7223389303377746e-06 6.849627915818479e-09 2.08294459112177e-08 -1.3066903851231563e-24 -3.7425026278945956e-10 6.972253595916824e-16 3.8240655392439653e-35 -0.15183272892272554
1 5 -0.22922032400358336 -0.09562327000328644 0.1876726914999308 -0.3390731586983642 0.05103233039628713 -0.3063801585346186 -0.05065937838828465 0.07179254089408621 0.08050636493512515 -0.3010193411307739 0.25503984554696096 0.3983808948255751 1.0580125623965107e-31 0.4047830445172611 0.05962864335421721 -0.36664016695906304 -0.12823421726800768 8.042819897944179e-19 -0.10795048926880493 -0.05923082128007075 0.3139766170247703
1 5 -0.0730536171029713 -0.1724200791670013 0.15753900201994905 0.3607894907468741 -0.30120133410783245 0.3556483673105395 -0.01584640539707443 0.27201101230096647 0.2279779571224614 0.08637061478990148 -0.35204872448933844 0.3498445967261625 1.628576286287243e-09 0.137058563417121 -0.1970134566979267 0.31090729222994845 0.2247858059076331 -2.4971311753940967e-19 0.13979771667418942 0.08508902075108905 0.04770418547821962
1 5 -0.5556535580528342 -0.13537728674967336 -0.0052855651020378355 0.11581666488259995 0.11035250940668835 0.3602889844762217 -0.10906447526172298 0.14895686493845484 -0.06844398435553685 -0.5038681824444453 0.08396634892593287 -0.1810542254787034 7.438482293994861e-16 0.37139181702357776 -0.047355721348783145 0.2594938411230526 -2.5469222837700005e-15 -9.402050762340859e-08 0.09460117450841428 0.2717023253117796 -0.3848356813971287
1 5 -0.014093759927101743 -0.3214814136589439 -0.02290116059369412 0.047756921810086714 0.409967604557986 0.33077097465099353 0.34062416599449014 0.3037150171832104 -0.2259050445144942 -0.2955912098149033 0.16312940678562612 -0.4017117227695632 -1.0349744796999729e-10 0.02352383855440864 0.14544219604506028 0.4033565220805528 0.010209129426160106 5.635932518422406e-18 -0.2542793234725543 0.3400099665278185 0.036155761486487525
1 5 -1.2153369886631021e-08 -3.62985672788233e-41 4.7843930548457975e-36 -1.1671395083785921e-06 3.09541879907732e-10 3.8029477554074357e-06 -4.7900412287827397e-17 2.039252715800852e-28 5.364098340937461e-10 -1.2676634204775478e-12 2.157885599107824e-34 1.1292465625354738e-34 5.861960251617555e-19 4.363167226739001e-12 -4.389380202333902e-15 5.370145326850203e-18 2.4114644496023893e-07 -2.5481093872396954e-38 -6.48799020935678e-23 -7.940905333258212e-07 -0.2680736446090103
1 5 0.009875124072396288 0.07767904246505938 0.34369859375289297 -0.3014279323397234 -0.3537128391936035 0.407426860985175 0.040101661418167525 0.03655459752094324 0.1592435883382661 0.1067212113396082 -0.16346195846152287 0.15680323556198006 8.641850504393056e-08 0.049741016458488385 -0.14805544383850286 -0.281294089624472 0.2387452203461682 2.3507093617013287e-12 -0.09978777736021548 0.04694218449551857 -0.005478323018217091
1 5 -0.30736270387025383 -0.026274400878455877 -0.12613662315914906 -0.05632670267044602 -0.29455953433155385 0.2308027599808089 -0.014132104366423048 0.0628191711946641 -0.10242961779250713 0.3632920902480853 -0.23826593939265417 0.1753489062922359 1.4981783159573904e-38 -0.25362969921771356 -0.1927509698663506 -0.21974491978605673 0.13474133548686867 -1.6431492865796352e-20 -0.3253279894320092 0.24568594325570023 0.244115171308595
1 5 -0.21209412666465244 0.34441609678343593 0.16847601764583187 0.1093612844217561 0.27375269436293004 0.0391804511657887 0.044623513513947104 -0.003764723387897227 -0.024704066237296776 0.17094060614866194 0.13211987010424722 0.33434262184146896 1.0645747447175974e-38 0.3965206891301693 -0.14642918956893353 -0.32131198501068897 -3.6594449809960826e-17 4.707554278739179e-08 0.10801797625109996 -0.33938990686913245 -0.01618934958482596
1 5 -3.8779493289644387e-25 -1.2800543082634453e-24 -4.332232770996125e-09 -1.558523570775251e-32 3.344385201573242e-07 -6.601025733743182e-14 4.755594021083773e-27 -2.8909244906236274e-10 4.8691924509618777e-29 -1.4631217337361726e-09 1.1259058757008188e-33 1.3049683899163755e-28 -6.506875405922961e-09 2.964831925795991e-19 3.662603224451529e-06 -1.9474067276658994e-31 8.86904074555268e-11 -3.127722057202412e-38 2.1460067841701053e-11 8.354205874093017e-13 -0.35142016344190014
1 5 0.11278828147246231 0.15172850720401201 0.3347675076075836 0.06466068121142807 0.1471508688261061 -0.33157166157645507 0.3475881944084349 0.3451066442315646 -0.014198598322708382 -0.18702124596981962 -0.1443189217413906 0.18178905676320703 -1.5624810646357872e-06 -0.3453129994176003 0.20434029588521763 0.2937796235245854 0.057221835574540816 1.668540855118311e-17 0.11212830557709783 0.2653169641761695 -0.3315139554924548
1 5 1.931813435810811e-12 -9.121126204871176e-10 1.9589559303569756e-24 1.1587301238953206e-25 -2.0667007160564033e-14 4.962608099096942e-36 8.923623313375954e-09 -3.049127272712807e-19 -1.2743257734060738e-40 1.6208378330563934e-32 -8.89520893123492e-08 -4.238309963801177e-33 4.008491673964246e-41 -5.2203606661487484e-08 1.2256481471757071e-13 6.5878023369615e-10 2.6392110498251758e-31 1.7482341572929081e-16 -2.47416281178409e-07 -3.427793688531953e-06 -0.3368395501504072
1 5 -1.842915279789474e-06 -4.815327455892262e-38 1.5617491169367565e-26 1.5034088885850804e-17 -2.5093220611803546e-41 -4.155961107439256e-15 -8.507977449040509e-14 2.292233987627522e-15 -2.0529870201018705e-07 3.405268658070823e-16 -5.297866782940121e-12 6.524118384183028e-08 5.208229749143133e-41 -4.683259754242212e-19 -3.7767022793010885e-06 -1.23238134255e-07 -3.6219752339766076e-07 -2.0448320732279753e-42 -3.102067294913164e-06 4.631749496931875e-34 -0.3647992713574814
1 5 0.3889231532056606 0.15794792420021164 -0.20598768028700284 0.3577648387507294 0.3044741294108108 0.23048301910184374 0.3098118967764182 0.3391787023318527 -0.24990096684923174 -0.00853368992645942 0.04034880610168327 -0.12774764569097488 -1.795026339707976e-11 0.0332315017881364 -0.028559543324569614 0.1560541161846085 -0.12324989503960286 -1.193527105697992e-10 -0.02711140566798745 0.35503329095659086 0.23316770096115602
1 5 -0.2217099453077562 0.3110241178468643 -0.12107897764869435 0.06926081317024324 0.23921089985107766 0.018450886703954845 0.37340392260383376 0.37610153530082907 0.3267911407728371 0.07829641599163768 0.41856383470787767 -0.1042318112097057 -2.1885164050963266e-09 -0.3709018286332861 0.0775324241105611 0.24407766280929616 -0.034489146516061636 2.275337281311199e-06 0.33818574523482803 -0.22935382520293893 -0.11033128563003927
1 5 -0.2723203838886361 -0.05375944175196638 -0.24628425553434527 -0.2793639495108519 -0.3866066317343599 0.16068827030770866 0.15891387040935387 0.29873174300889493 -0.21762644584198867 0.03207962430974752 0.20496663652627534 0.2639351213901957 -2.3361120092592408e-07 0.2406092669429843 -0.2552355690770191 -0.14948037988081325 0.1852046838002402 -1.2840452028184e-07 -0.3556719055918388 -0.00345984999024488 -0.0462826328481364
1 6 -9.502614019742731e-05 0.1736418221486397 -0.40499672809725795 0.33304742876612503 -0.00012804457915825348 -0.49175962530636286 -0.50193247463341 0.3614893121744367 0.4130724987249213 1.3380945656586308e-22 -0.3446630105159717 -0.4493294209042072 -0.19973054799486584 -3.7273330400801885e-24 0.5012183000162282 2.6525987517082482e-39 -4.5444989804753304e-05 0.03948274070970028 0.39231052589751814 -0.17778682002573135 0.3730059580057567
2 2 0.5289764428987729 0.3891556540855935 -0.3912885452184754 -0.22297214698709034 0.22118304374694475 0.019965108413030005
2 2 -0.41515473601596803 -0.040456004091023366 -0.3917826020586073 0.0715171051083023 -0.5081118233571023 -0.1515861076477059
2 2 -0.24299751739410538 -0.31267240921307143 -0.37008614721304217 -0.09824480617016512 -0.24452482410525161 -0.0414396372670102
2 2 0.3341685164108279 -0.18391100243674208 -0.5394109720205635 -0.057297584751528186 0.30659622268404746 0.31011708844872804
2 2 -0.5074365580237797 0.027182155984530047 0.15654901353121858 -0.4139785775971274 -0.3544402912244047 -0.343819939677097
2 2 0.1144683906268765 0.2904840560084922 0.3454013890409752 0.11509098832569076 0.10209238952413312 -0.3104102095413994
2 2 0.3006063993859619 -0.20979994385863523 0.04586557903475408 -0.39160822891681113 -0.1083657073770476 0.1165834740882686
2 2 -0.15066485284050507 0.13649335474320537 -0.19228161661857057 -0.38146846949667956 0.2537956496629112 0.010851574971098217
2 2 0.17719474356959225 0.41216944097269026 0.48080382792329845 -0.3975318541224267 0.035793779966279825 -0.36801314007848585
2 2 0.10322632031760372 0.4811915594045092 -0.1802616181673652 0.47609997745487836 0.4001689050481302 0.12866621315357335
2 2 0.42698892050268267 0.062033838208920215 -0.25508205304771997 0.22949968086275158 -0.1641300429858725 0.514781343258397
2 2 0.44757458720408555 0.03271950204232267 0.15662882250074683 -0.35614722593301035 -0.3091443187230589 0.026747168286958667
2 2 0.3870416144937915 0.15845137299456674 0.3496941037304436 -0.019555987391632685 0.47079469406229363 0.18783169761379073
2 2 -0.2944735219767276 -0.09474180443350118 0.11453064022427357 -0.4652933259186656 -0.015919298267322645 0.05151326559161129
2 2 -0.5096572684168224 -0.42331822989207024 -0.20282722750410956 -0.07441540771695516 -0.006083621846399491 -0.5398782515892311
2 2 0.12651164117442795 -0.5131993832653249 -0.12492075570076751 0.07871776989393944 -0.3226360854000282 0.3289411646317066
2 2 -0.27612804013414805 0.16028993771006078 -0.0047330888940457175 -0.22497921888548122 0.08117679176924571 0.17850847449557358
2 2 -0.46609201256526817 -0.40846092560499536 0.12055764236299818 0.12711333316616177 0.38024236164579794 -0.30007917730775363
2 2 -0.47771542496112784 0.1893296077692288 0.13127543304902145 -0.35017451488535434 -0.4748631785928656 0.05253855920483593
2 2 0.4202465363602482 0.3923233625396081 0.21004149167336453 -0.16415966064324064 -0.242370901719611 0.29012843799099175
2 3 -0.21183648820305304 -0.5162743725976932 0.09634676270151855 0.2656167916554563 0.18747842182352376 0.34153895123699074 -0.027716730035141458 -0.06901071791892194 -0.19040173525055556 0.20055657948057504 -0.07206525641493342 -0.31652315651422647 0.08133156518823359 0.3086506382566878 -0.33661515525018376 -0.31262979252361556 0.30346187882882575 -0.2470798656848686 0.08460167611601437 0.33396646868148133 0.15551916732021667
2 3 0.03709580126324676 -0.127716781956366 0.01779697584133828 0.38337135783957565 0.07991432156688802 0.19599359713186315 -0.1767117194497514 0.11264598055785172 -0.043053839848827484 0.410899693737217 -0.2850914919174397 -0.6054312389148925 0.37765254742200144 0.33774685153361417 -0.4345781515581193 -0.008424274276234923 0.3501582660000721 0.29866610837083546 -0.015222858547519433 -0.228096506932379 -0.1777987287041238
2 3 0.43484609438889194 -0.12057381979288746 0.00031215814926683304 0.21648201663484626 0.33523371334089447 -0.015654018547422033 -0.3887371510867401 0.11833504999842401 0.08845566808401535 0.14158160006736714 -0.00598546297509854 -0.009285580467661179 0.02666185821451925 0.23339726931978358 -0.3282178999868039 -0.10678487896628816 -0.21366153296823517 -0.6402159510121376 -0.10906256234102653 -0.20166175969303266 0.15115679057193004
2 3 -0.1591672280366069 -0.145815023511096 0.12674255186710498 0.45220727701183216 0.5102694405600243 -0.18743819124445524 0.3144985437989684 -0.052580194348092774 0.3707135071917988 0.26189874647712785 0.34513356192224054 0.01431773362851635 -0.2734266475550567 0.21185686908879484 0.4480769305003648 0.2914007773515961 0.12933406672387843 -0.18054690327923015 0.13048090274102442 -0.011234236068342325 -0.025633946844860592
2 3 -0.4200437990254229 -0.046889819605184055 0.3780799531709643 0.021911238240327244 -0.4390959494411927 0.17999757827417365 -0.49689434849175956 -0.16330964000268608 0.00955040175463425 0.2471409562679035 -0.1039369345340008 -0.5143946034675789 0.027172490906289933 -0.2981743646269263 0.05043931738669687 0.042952109563180525 -0.30086986403000127 0.10335979371940116 0.07477689923774743 -0.003524476071603613 0.10545696890780427
2 3 -0.07343554495343543 -0.3856784488994209 0.16833559222537933 -0.13641012290794033 0.274043531407068 0.0256371253370077 -0.25425034814443165 0.12521072695956129 0.18894765034410582 0.15834051785098296 -0.16863955487428223 -0.018660073722021997 0.19589513752792084 0.20361573036678232 0.7729032924311102 0.08259834295312952 0.36102777346565434 -0.5984443033119362 -0.21150951315922045 0.30962166857981194 -0.1959686513654049
2 3 -1.262600395840661e-24 0.24420930860347814 0.2198956209181888 -0.18577340086365865 -0.00033196851787683406 -6.871786910878998e-57 1.7600286995653416e-37 1.5294961850466905e-73 -1.1419944781439896e-44 0.0001061157592482398 -0.10365148614587835 4.347805091658011e-52 -1.8540335871521896e-42 -0.0001881432478361112 -0.13739454810805032 0.1727400688564197 1.8416129515898042e-93 -3.0082642160322316e-12 -0.1869020210205592 4.0059249680395575e-43 -0.42093231131749176
2 3 0.18632370310679505 -0.21497237902116645 -0.26948344670900154 0.22174011188618944 0.284940114636355 -0.31125857011611013 -0.1805107941793604 -0.22495458723505607 -0.07833083905871835 0.4886287786292179 0.35810358951236576 0.18248778394151538 0.12507927008742603 -0.22718616915137096 0.13493539434584448 -0.23207424454985123 -0.24635928634741833 0.13160268886108842 0.29423376345152674 0.19808272183892164 0.28184298617573733
2 3 0.04768052349471055 0.11773710119468796 0.08401120875811689 0.01927273742825992 0.6045614381481582 0.05924791614706725 -0.19345285535830903 -0.15291392423086486 -0.35157413890190586 0.19252010954629553 0.10937288968764522 -0.05178259884203339 0.4563022763819462 0.05730878040952926 0.5359710970367337 0.14353196670408436 -0.29969933636593793 -0.24413356336530526 -0.18003439216169942 -0.2166816014573632 -0.07847523383101736
2 3 0.26096898657862877 -0.36272263472192595 0.07532752029955335 0.05544232853668218 -0.14194870237985968 -0.17853391837834506 0.33447331461799673 -0.015266173986226454 0.0021872975643581643 0.517604529928999 0.3266009684613977 0.15308364105164868 0.3000716889386061 -0.28498313249623636 0.10016920704006942 0.31644122855802026 0.1744260072167592 0.17146974869811513 -0.14942508081117564 -0.04500209653735959 0.357629330895413
2 3 0.30635260613139437 0.211626717256227 0.2128711121470446 0.2246061333169663 -0.07794322182652381 0.19571928053023924 0.38683371072324024 0.17694134420672572 0.42515678977388904 0.04625147783035856 -0.043104284867739734 -0.055502445974899776 -0.35622067591852735 0.03089228203085155 0.4793229495706855 0.016280257459301603 -0.2895696999937696 0.15733096346783132 0.3667823510655871 -0.07531328479074702 0.21504544847494422
2 3 0.1840650880431287 0.38118407600181115 0.07819073341823708 -0.14195369116402853 0.04028738974737661 0.16896089912077955 0.03657582380397703 0.32746374569552517 -0.2625550154298657 0.18816163544340356 -0.01916757846914056 0.15588030805662267 -0.2426820027687992 0.3294245246090253 -0.05721673852033895 0.05276598615338975 0.2033647769258331 0.10542139872266308 0.008374982535121063 -0.32844103096422267 0.12007870839322787
2 3 0.32720904838234965 0.4140027102976944 0.1172483687365832 0.1435611907644821 -0.05026486776063971 0.15418968365886196 -0.19969052014465435 0.08067834461638622 -0.22443776976493857 0.31214146349337224 0.23835096141767986 0.17196709081962627 -0.19555083762089656 -0.36138878355515025 -0.2588381134856817 -0.18622636940661788 0.3997015888738853 -0.518958000304303 0.19956937266314326 0.3046709707441582 -0.2500100580718499
2 3 0.12671824551528518 0.3160472539761195 0.1456719294180504 0.1478520122631177 -0.3826150632056069 0.32980856508840806 0.09711339281139887 0.0027851504286599336 -0.0185765767639937 0.07950835492229026 -0.00827831987858705 0.2152940623250122 0.3996716410355911 -0.06138628246903007 0.24918767740858488 0.2026022599101738 0.1988885410994058 -0.15379916722766526 -0.7258860829495071 -0.3457504307921457 -0.3127427788487188
2 3 -0.06763474289996586 0.14714218429431103 0.06045618096568607 -0.16584916439461536 0.02952567141795753 -0.4186548308098016 0.2604136955879291 0.40602641945201995 -0.03674328974227673 0.18990764984073408 -0.2973501699251669 0.017573945185447835 0.109097992874067 0.08411262367072815 -0.21845499859076384 -0.2902433232868525 0.2760181524400975 0.2715028258455133 0.2785548012126695 0.13270112134290601 -0.02583322772029212
2 3 0.18475816466436445 -0.00974037527511156 -0.17923291375751352 0.4216206835443455 -0.012780868366968436 -0.3333034533392357 -0.31952888415294056 0.06344785039379068 -0.1854414134544174 -0.12520906395232156 -0.14324146275233493 0.3649538033021584 0.10285646907598843 0.287058527578253 -0.05901486783006655 -0.33099979326336815 -0.3705620954693188 0.3970706322327466 0.04272793747135497 0.08621778901027906 0.2525508227170564
2 3 5.378884842367049e-91 -4.028487882996329e-103 2.2750676699599988e-60 -1.682911547174499e-104 1.7947450263758452e-59 8.050722819328136e-96 5.758439962549064e-49 -2.32742017388661e-74 7.8271064224313e-41 6.898420483739722e-96 -9.298960082596363e-97 -4.983578116905792e-104 -3.7738330393193677e-106 7.271525153691334e-41 1.8854396851046806e-73 1.178237442323363e-70 6.208081102190405e-76 6.95246286382227e-60 -1.175291610715888e-87 5.295563769381167e-42 -0.32514122672593826
2 3 -0.07983519502877295 0.2318090600916841 0.37907540138330875 -0.32311605956821526 0.16596315566428899 0.268046366656873 0.34310491496879614 -0.2967094931104149 0.6383711976995531 0.4058219811317874 -0.19672315494316137 -0.33622064633552823 -0.10441395491875692 0.4088905776666172 0.027498537572363466 0.0181001987215033 -0.10742965138991538 0.010374282173291765 0.13711252964083748 -0.13554601034772343 0.28662313802676576
2 3 0.23176715693814526 0.24518711668838386 0.30957359423914943 0.003495617317507871 -0.2635419532798094 0.2090265306187778 -0.17707395357463443 0.10869149793693714 -0.06972448662672182 0.3173176542081098 -0.17558803918075913 0.23314209974141026 -0.41824988162316784 0.09613599022176636 0.1653172396517369 0.36600749576669034 -0.06644585991558835 0.33385297889097315 0.03469439027667113 0.1619373278060182 -0.02907772841077856
2 3 -0.22431515068437738 0.1767126048766634 -0.41454856648805094 -0.32696313192860316 -0.11674154349237092 0.13600572469797428 0.43831290040225673 -0.2406127890682713 -0.045528768222644365 -0.5297087539444476 0.13384989062391522 -0.0773880666161338 0.18815539667602343 0.1596301989503169 -0.1047056681695324 0.35094783350045383 -0.12821827075695322 0.2847615925061105 0.09218693338075258 -0.1184771516995019 -0.14994045120888305
2 4 0.22459631309747805 -0.1490782607139215 -0.02079427725139211 0.12845844122641864 0.11593074904158049 0.16886244502529033 2.982254220598139e-05 0.32207421153974697 -0.18614652138414164 -0.23767150041152504 0.34701355868889144 0.16489528406040385 -0.043036219497602196 0.03358946135030302 0.37584431434262305 -0.23771538046898952 -1.4837252206673347e-35 -0.40222805444136867 -0.11401287944520345 0.0019350199428717974 0.35741683691862836
2 4 1.5825559060515024e-83 9.451840312552325e-48 -2.441646086775951e-36 2.3951090874042547e-78 8.147334787024017e-91 3.783753716009272e-59 1.1226153383395213e-67 -1.781713059102145e-69 -8.741553840255283e-87 1.1813332477722206e-70 1.543658527363639e-92 3.464630206879384e-54 1.6634177539361847e-59 2.3888407715057922e-92 1.3923019726775681e-64 -2.0997440731365088e-54 -1.401866558492188e-35 -2.6039325283221587e-48 -5.272417142605476e-106 -1.5716718043574049e-53 -0.32621730691184797
2 4 -0.18858766450295544 -0.44283795902714557 -0.3293450633555558 -0.36851243538719636 -0.30240459157443406 0.1647916174351065 -1.8850570238198556e-18 -0.06407915782270032 0.5698278839128853 -0.043869228237514976 0.11116245913455737 0.049863377405738984 0.21198882344553505 -0.14964521389178817 0.033874952326961125 0.27738812362827675 -8.208073460098056e-64 0.021941651787880833 -0.14380156759172374 -0.41885071670220303 0.14092330861691718
2 4 0.14845705456757669 0.47613877789996795 0.14749748627102882 0.34243631688041043 0.2304009331560436 0.025954531173830397 -0.04457200036820795 0.40810330611083157 -0.29398637600587535 0.05543799434746657 -0.18352061026154107 -0.2925206682861276 -0.16171750387910283 0.25587591276362714 -0.33994227963939483 -0.05688010072851678 -2.2583905280034564e-57 0.18621046906737812 -0.1097184589361925 0.3109016706799265 -0.0016829003385629968
2 4 -0.16038123241759944 -0.388504770272892 -0.14797095525674017 0.34541564625650945 0.08100979206782358 -0.1493165488112271 -0.1297803414400008 0.04113662710483743 0.20173049221333178 0.0287919958186433 0.19487082366508307 -0.053634247178095576 -0.07224632710289158 -0.12298037784814486 -0.22071260429761386 0.012647892788876361 -6.701337709302373e-63 -0.10524298875056706 0.08076051295771729 0.03499994512321581 -0.026488415260820686
2 4 0.08032974102091273 0.19620306071491356 0.17215102716670208 0.08000478544904094 0.6086803445902748 0.25884280425933753 2.269916988395306e-22 -0.184188805119584 0.15913696647620104 0.007234399370477619 0.07907836824770517 -0.4164443262508081 0.35744904349675044 0.43014043772211735 -0.13693845227922938 -0.18083295151940476 4.2171157547132657e-82 0.13349321264611166 -0.28118021673886134 -0.011179896529530744 -0.19279201519392372
2 4 -0.21898965751759797 -0.4229933339373229 0.14909984209308097 0.13294786269920214 0.22537400133466653 0.04396104104245426 0.0004137340133408953 0.4465003074713965 0.3328333905796621 0.4092831047525455 0.02135123531377779 -0.15293345326824812 -0.11941348676999985 0.2588383192604671 0.24504435282529285 0.13223596145551503 1.6328820905266855e-50 -0.39593780848142013 -0.1164392710570626 -0.034222372793893265 -0.15632115722352422
2 4 -0.13149298516031072 0.18018746694504464 -0.14912192535561564 0.28032610174363926 0.4075790259222322 -0.06954546127320854 -0.03637855022700879 -0.20282716565625586 0.19376510782557915 -0.045464125320819414 0.42648905397616405 0.011747929779711525 0.08224620250130796 0.2535765185401094 0.04111537539652161 0.22983980871435586 -6.77503998222363e-41 0.48464392580802723 0.0786208785908629 0.33112312795085563 -0.1840583222307159
2 4 -0.19661799840858288 0.2306268321221561 -0.109662740197606 -0.2534452405281826 -0.3454606768632979 0.2972495464714306 6.2366967192651136e-77 0.4305268406784171 0.17117844067579316 0.2010906516298725 -0.1341374971826271 -0.26025337980573404 -0.33770909078223277 -0.4330307222777542 -0.2342630909227207 -0.2527044873556288 -2.2158714299553565e-102 0.3120074168842679 -0.0890369452329323 -0.12049688426141314 0.38338718464370175
2 4 0.24619647866529581 -0.04456161751344679 0.09914693462521602 -0.13737334723168138 -0.10487046363597527 -0.07779126221000404 0.02303361746602993 0.18564746984312916 0.3753658124821685 0.3085006084498172 0.1077623706746345 -0.40425413099326934 0.11159628167112402 -0.11815795479118496 0.12284753175658117 -0.17106856168087406 2.113296215410747e-50 0.03659334409138969 -0.02387199353811968 0.06323459745797692 0.30416738437648533
2 4 -2.1199719502633278e-35 -3.1967444864760806e-99 1.1204730463641328e-67 -8.262485411372721e-100 7.756686025796869e-53 5.01784357032955e-38 -7.867055557387358e-51 7.658600992343756e-100 -1.3847545291868172e-57 -7.604582301743273e-42 3.306528252651844e-48 9.796870724295374e-84 -1.1405813335883681e-67 1.4696891174539546e-42 2.3133043483761953e-42 8.221040250793873e-80 -3.4215090015444657e-77 -3.361031889089025e-72 1.037634255212709e-71 9.752144608472162e-71 -0.04226817001453731
2 4 0.3582212317171361 -0.42852719574087433 0.16457843780217551 0.13376503802234366 0.2399703064379645 0.04606256838973269 -0.00037056578790785067 0.01045571022221824 0.3691180137698964 -0.039712748446711944 -0.29480243109276405 0.23826214121240188 0.15153579767400668 -0.2888504317069825 0.04077462118001649 0.15061577019849562 -3.0154847712220354e-51 0.089744593171895 -0.24460974302902447 -0.07829010924441487 0.1977747563764991
2 4 0.3817896186300913 0.1689455049848742 0.025005048119705327 -0.3452800781741789 -0.053238972051807 -0.2312465116067667 0.00996096548714144 -0.29064770802386725 0.11041553393382021 -0.20473440526450276 -0.09213420760997063 0.15626357149233294 -0.38533991560006936 -0.06711441279049585 -0.37751405215560074 -0.2763245969849469 1.8438808326488374e-48 0.2206443452886676 0.1698497182908718 -0.2012689327136931 0.3441464601985177
2 4 0.37290901523639997 0.13854469376847675 -0.08913741588852868 0.09547334141713351 -0.22213752725597324 -0.1478316812726125 -0.002249382704926545 0.35699842028786144 0.2116359648297551 0.3596333622687638 0.1693458144006016 -0.2703479754141915 -0.19070134561674368 0.46590594890424497 -0.2793216414965244 -0.3376410744033379 -5.638521664461379e-101 0.5001013604349761 -0.14688891796104056 -0.40277688416753515 -0.06142445499974099
2 4 0.3096782168646995 0.16587868446835521 -0.4352293610241014 -0.39538019409094655 0.05207954808197743 0.015251427495101421 0.003480784886079584 -0.31154026281870306 0.19414754147206362 -0.08396453337518103 -0.04291580808713437 0.16125266341082028 -0.21896960329395052 -0.1794374263980122 -0.07755935167858027 0.005011468684100542 -1.5921283908964495e-64 -0.26210620769407117 -0.013085641897719184 -0.12727832693017457 0.25202652462021885
2 4 -2.3623780367134972e-39 -7.921295078483335e-83 -7.739730508755104e-41 4.737340392618188e-46 -4.62810756619255e-98 -1.7054818572080107e-36 5.36114218505951e-62 1.4317829757771678e-86 -2.8224009113883034e-65 -3.902293572835265e-38 1.153443234011802e-67 3.8834372973672485e-95 -5.839813454448504e-82 -3.899551669894168e-77 5.091020496939251e-61 2.661321648554838e-90 7.88682524052541e-105 -9.7697576876104e-84 -2.4758477273416243e-45 9.10904425811212e-105 -0.003376947436751987
2 4 0.28451173632985216 -0.06057082423405656 -0.09836106219410949 -0.17865834334960265 0.17586365322336217 0.01790023109553141 1.9244503125177999e-41 -0.07734188530465544 0.0679861993813762 0.2528315740234613 0.29929417594713303 -0.2598128588478448 0.29366880254604466 -0.48610447076172375 0.15145259741962133 -0.30674309785699766 -2.3791330091383238e-36 -0.08787791325229907 0.3830384353286866 0.4229216070021103 -0.341364869798181
2 4 -0.030331350149023526 0.12121980642757323 0.21524491883987834 0.21263182321311877 -0.24604234627412544 -0.209511795618718 0.0001916065050955951 0.43183274925404974 0.12913091170915458 0.005751715887819908 0.29340869604848263 0.015244629672138937 0.011692070292495776 0.050469894299251306 0.15021916076132139 -0.2003669319260588 -8.629080474965413e-105 0.2807982780982209 -0.3175474765618367 0.07143702330595961 0.0907840154302611
2 4 0.34228296049166623 -0.22769125127946319 0.10130450623709142 -0.43225986139601014 -0.02081568730840414 0.05845334241597586 0.021508078240564346 0.31388940954833244 0.21886577525645493 0.03331071133707054 -0.021792903950614048 -0.13389489350724443 -0.17242532651482498 0.19760268936825756 0.30776362139219243 -0.24042730976042695 2.386715742556445e-41 -0.34049229002273 0.2124838133735344 0.03565924066179595 -0.07878043034693065
2 4 -0.05244771270571827 0.30859775634551495 -0.3378738487279224 0.046988614391673164 0.14692199864325586 -0.44139109355336487 -0.0005977299564988788 0.2059078116862086 -0.09193012964891006 0.18697473874367151 -0.28071128743389073 0.16912681228021223 -0.052549346877457916 0.03987344719950853 -0.09936768811432187 -0.11742897906593357 1.779231765625812e-42 -0.06058978866458755 0.4823092104418338 -0.02794763401746186 -0.010939715082117269
2 5 0.04307544887546687 4.524325814306018e-98 0.2470437121379375 0.21921918873385124 -0.12797759986218293 -1.4849897999624786 -0.11889114300835983 0.3672362022931455 0.13637532917371772 -0.2381613697502948 -2.406026698673307e-45 0.08167539369880467 0.06853030564082901 -0.4779427489125693 -0.19805418959619878 -1.6462142469882384e-56 0.3608450449906935 0.006751499511369781 -0.07490950899828888 -0.35458556392222096 0.14482907467061873
2 5 -0.1616139616090692 1.2636453768209788e-35 0.06967292512791064 -0.08541459085343991 0.062356836655003425 0.022123257750731765 0.05067994074640304 -0.027817756650324352 -0.1008307986097803 -0.08986893423071422 -8.282549618215193e-101 0.22681769005354233 0.05112761517822412 -0.13172158499514122 0.31587634500955614 -2.5312761451702622e-52 -0.007809450426736073 0.3483196469283669 0.22445073555581924 0.1998735627612654 -0.3319788797227337
2 5 -0.0416352218555478 2.0376590316460526e-70 0.018363221546911526 -0.14522377118255894 0.14397607965403128 -0.774256913992381 -0.19251194506391284 0.20538755852232807 -0.08712186447800963 0.036646320298049866 -2.8197078499474016e-67 0.07296055767449783 -0.34579845598346237 -0.1874031412423555 0.22384192511765277 -1.1053570847700032e-74 1.0212746749850694 -0.15195891902053738 0.009185600731401554 -0.22838489358856986 0.04169534990939948
2 5 -0.2866579662227762 8.124235496641678e-70 -0.1948450097568239 -0.4522329168717618 0.3883636294194025 0.3179878014872314 0.11463077030217078 0.38955582654585935 -0.23742805302287287 0.010309351921380796 -2.7170862199686923e-53 0.15744062879868756 -0.32616178143248103 -0.2502007678432045 0.35669705741655466 -4.187365258303378e-55 -0.3146730665876647 -0.286041134105316 0.19729575929435925 -0.34950453490623073 0.17341008056583182
2 5 -1.0744843413678708e-67 3.4715752889876285e-72 -2.01892503829811e-37 -1.533228448202516e-38 -2.4985940110646e-68 2.34746489949131e-81 -4.0621367828183634e-66 7.335336683265367e-53 -5.12274778004264e-72 -2.7688098606923163e-105 1.2660273070675263e-77 -1.0808338194823422e-86 -2.229308533677306e-76 -1.858228620031881e-73 4.593877632997431e-99 -1.3283523900785148e-99 1.003401151413713e-90 3.805791308614866e-85 8.486157667254249e-62 1.7335792629744208e-42 -0.2769474617161215
2 5 -0.2292670874102941 -9.49464231812914e-104 -1.225612669494576 0.16147000817605492 0.15207090314010396 0.1988708151294028 -0.09558873749695242 -0.10855395423289319 -0.030127108598955676 -0.022117731001518037 -3.81518150519256e-66 -0.25936955004531365 0.3855983598590658 0.2011980421092496 -0.6663354141607066 -1.4302005227975306e-48 -0.2717045903131145 0.24348779521682354 0.5260069276785851 -0.11689297318510329 -0.2170887318838101
2 5 -0.2555362453947016 -3.342560825874282e-93 0.13122889193264917 0.027493905535457674 0.3892023597826606 0.16403346696361906 0.20437989904530063 0.28437410408866354 0.04430761956624609 -0.01644281653598838 7.356671399835752e-56 0.1568248012174979 0.30338869293099463 -0.07180389085550715 -0.36783623572343294 -3.509512862026949e-67 0.4304065518684848 -0.16266051303744633 0.30209884380760144 -0.10924380137601221 -0.07681094757188348
2 5 -9.248907914702345e-85 4.893006669344272e-84 -5.783231530796422e-39 2.9262817941232244e-48 -3.362996658621834e-91 -3.800818437964011e-66 -4.132752847812162e-66 -7.427178680930756e-96 3.0273420659181225e-84 2.172269097498174e-73 1.181156152922476e-81 2.9746312933903727e-93 1.769399105382058e-64 1.9170276733283882e-84 1.70534549857736e-75 4.145635265679816e-57 4.049519471138285e-99 -4.8838854490344344e-37 3.7967399068397405e-37 -6.058646744890763e-37 -0.18166259118231504
2 5 -0.12038699118535574 -4.79720659405846e-98 -0.1538742249111684 0.14194120730678284 -0.10061494228507428 0.24540031238035134 -0.2677594489585009 0.3486743754416618 -0.13119279178991847 0.2791230411093921 6.47185690537413e-53 0.325925289975338 -0.3439477741218389 0.12703508440177447 0.3326370478518651 7.404966000177212e-41 -0.05385814616284864 -0.36466827788687783 0.20264183349920648 -0.18469875996532778 -0.23214824826232344
2 5 -0.2677491328230836 -1.1662554946890884e-70 -0.05460660867806413 0.3310854272338817 -0.22656197618296017 0.07870403314233794 0.059798888795045926 0.09022483909636507 0.09183088826949465 0.36659570658480445 -2.0888530838333593e-45 -0.07562361874983867 0.3423710281278294 -0.10372948069300186 0.02929776154081936 6.251249324799553e-79 -0.15718631971838812 -0.07571140873110585 -0.31058665370183414 -0.1252229868142631 0.243497014698434
2 5 -0.2551303839000574 -5.786606389519793e-104 0.20664082930787867 -0.12437874011537779 -0.3230671277752205 0.0567791889643536 0.2661805425993114 -0.07039080129692948 0.20202067415542455 0.2655452774486285 -5.485967237479162e-68 0.1408990347280944 -0.06905793926090964 0.45335632811291243 -0.0767333680401453 4.851933748003063e-98 -0.16801245738679405 0.16222357960596534 0.1481013864295525 0.218850736535941 0.06754453147564968
2 5 -5.341997018139069e-80 1.8474593728821772e-38 6.164001642909537e-76 -1.4084612173206444e-35 -1.0385105334507423e-47 7.136537923246884e-51 -4.238604801439549e-96 9.866631349087552e-103 3.964436549236702e-55 6.845940494499021e-82 3.806020444390381e-59 2.8716151242586933e-69 4.327255419686727e-63 -3.119711143862805e-70 8.248966082226198e-67 9.919299373885143e-48 1.790620740756556e-79 -1.0685185313448493e-82 6.8202866309384155e-102 1.0243202720472363e-95 -0.19792046903317156
2 5 0.05683800693357654 1.4386887730843845e-36 0.42338762903774435 0.3037324993938589 -0.2767138237799031 -0.001557443147975576 0.17536715002730066 -0.21719795386228583 0.027930964633314414 0.229274280133459 4.3435938299969214e-51 0.28737587090024713 0.3962234384954455 0.0206141622512714 -0.2611316367459502 -3.294718619881023e-77 -0.24594574244175144 -0.10118744112961502 -0.099083103004953 0.24016401913798813 0.02254040293367318
2 5 -0.12592348515366272 6.502165512384482e-39 0.8100933479616156 0.4061017011682203 0.018356284719604276 -0.022288486565439816 -0.052880743125357545 0.12897203364997548 -0.09892419516895319 -0.14173441401807366 -2.8801557872358682e-92 -0.22608014394074508 -0.2868318384470334 0.013484664443102394 -0.07158343269647276 6.577181840242887e-97 0.527574191846198 0.1334711349141291 -0.5637069186121132 -0.2356535387837634 0.14222512465850126
2 5 0.3231636996710693 7.0135744720716895e-99 0.4310709757391767 0.07457135095701455 0.1861500185210664 0.19081895510252478 -0.10713872688947151 0.21939236528814068 -0.5085876582636782 -0.16776964021207688 1.2058675402635558e-46 -0.33462215287963626 0.47188999005543036 0.47983618964721436 0.29453385203539034 1.3954672866229672e-61 0.7045421743795195 -0.08172561846432799 0.14929916573371213 -0.4828510817727741 -0.18253044023458945
2 5 0.10678118847299958 -5.4547120480464725e-92 0.22297760363907415 0.13395449276580235 0.0892972059519326 0.24662971411734255 0.4098606908005623 -0.18683509310645915 0.33490976309034426 -0.06774824698329339 -1.3488173225262253e-67 -0.31496149884244534 0.3540949876409167 -0.132729357529922 0.6107748085885899 -1.1977820839795126e-37 -0.040867849606963505 0.36942844534590846 0.3063937821001356 -0.3827405625696484 -0.17100628522570957
2 5 -0.2608551607844655 -6.49624057541115e-76 -0.5717725167044088 0.16150714600835775 -0.28481409540146313 -0.14968707614718607 0.18161284760093246 -0.047851875542616135 -0.37278981194577104 0.12367954327450548 1.7127383468887195e-64 -0.06252459840203053 -0.02373645588582246 0.3751994392611798 0.5684559725927487 4.867482147109934e-61 0.2626798035255982 0.2791715967240443 -0.11797150208290053 0.026349638401343165 -0.13897232582727137
2 5 0.08206180761894906 7.201067857869844e-68 -0.08427151336951744 0.13584471512169 -0.20096654706128597 0.4681897901234102 0.13896511996841365 -0.2926587011137861 0.36627511490553993 0.00472005957127173 2.0048641170553835e-50 0.12815237401808754 -0.15565242818837569 0.25547154509187164 0.09599019518087366 2.303153041149519e-92 -0.2683693242967465 0.04189184229209712 0.17356796190601614 -0.18060059035022769 0.025507354101407902
2 5 0.1396270779103758 -1.0983658746562043e-51 0.3030111797471557 0.3225433718154099 0.2673569709381867 -0.3650805659291344 0.3731677084040424 0.4744783892785282 -0.42563131051811204 0.3490579584366548 -1.1138540660061288e-74 -0.40079066945962766 0.17541351794864124 -0.10761877805360474 -0.2517082715342635 -1.31034475222689e-66 -0.0998591003797576 0.18441709634286585 0.12086973987116253 0.3718135457623157 -0.14939744606934405
2 5 0.262355448302132 1.8818290104769392e-57 0.42336093146549014 0.3951899902803082 0.1329978801775436 0.3354402312669721 -0.05659393407945371 -0.21550363656503319 -0.23292604419881213 0.13962530002905787 8.565738577703129e-100 0.14213444893797753 0.08871527857391706 0.0751404577892074 0.2164062196390895 -1.259568031732543e-86 -0.4403784280450462 -0.3385783556241265 -0.025236595250005663 0.27452948466297256 -0.009196276898759468
2 6 0.45197374006720675 0.36427887179871293 0.38350106117605554 0.3804800418059178 -1.3278015326389202e-87 0.6183008941815092 0.16805334738813557 -1.0865750495255455e-23 0.46728336370924495 -0.47505154573235725 -0.3263528028694861 6.575974528588086e-97 -0.049869555549532874 0.652644201866652 0.38907235785702526 -0.2694539999017322 0.3110260667363536 -0.3680928047291227 0.31490683635806244 -0.13274913720965092 0.24522943847397885
3 2 -0.44232452388804694 -0.3768878609682699 0.3252143806465912 -0.06818869734737218 0.23761489315368348 -0.12480096967257825
3 2 -0.26301027149204054 -0.2586827363361068 -0.28714513937505654 -0.1453831998496611 0.009156982273808055 0.37665533565559517
3 2 0.40114500513569007 0.1299301633750056 0.21500847854401559 -0.4227168489027687 0.4505204341323401 0.07659612092444802
3 2 0.1963456452801197 0.5338869473777975 -0.3334638365756559 -0.15858931359494638 0.30401411993896665 -0.284776995277472
3 2 -0.3255093089707523 0.13943004801658043 0.07596357781377193 -0.2478997463061529 -0.0947872517417131 0.18082808906555262
3 2 -0.3503725832816993 0.20277139718133805 -0.5242365563480371 0.0309586023089405 -0.2257701456979392 -0.24178495413242762
3 2 -0.4047180069384087 -0.3828591907976924 0.4376468563445897 0.1034738144736703 -0.24714146982718052 0.30480566118789587
3 2 -0.4272436397579875 0.5082339745020281 -0.37603714554402 0.21175050619788646 0.17518653413916718 -0.2982808049174487
3 2 -0.05630429518456678 -0.04860089590874351 -0.300916641203506 -0.05093995013116984 0.3481103087471784 -0.1933994631704727
3 2 -0.14108359997403888 0.1466325197682324 0.260133692244115 0.29123319767478445 -0.31648288680788755 -0.1455088138538776
3 2 0.15134280992516425 -0.2880819327728845 0.01918659406947811 -0.10315488392445678 -0.20549907012362692 0.12916344517634162
3 2 0.0557300286591682 -0.22563368596820657 -0.07541308381326069 0.10969977141530654 0.019614003542426355 -0.48123388594930927
3 2 -0.37736573247582644 -0.30967843998657196 -0.4260039249860126 0.356341822548275 -0.3988656629911454 0.2813171127826667
3 2 -0.09492361779902722 -0.08449884311181748 -0.3932840372585517 -0.38246122384429776 -0.00952550689736941 -0.49218259211871523
3 2 0.26241231444766755 0.41968935073290087 0.026749418972802544 0.286287809014211 -0.040832991080816325 0.22724503593690537
3 2 0.5352497170581589 0.323206759109211 0.11921484016843166 0.4855542269480972 -0.125861849483441 -0.08767768269809105
3 2 -0.07649371553540174 0.4013699003871674 0.1998540866862111 0.2788282331746666 0.2555408895842595 0.13395753780393949
3 2 -0.5124199121912908 0.3216730277459509 0.19642666619241875 -0.36103128384173605 -0.17165880506700643 -0.23695358603695363
3 2 0.15723316216562513 0.10134058530975328 -0.26736744446620864 -0.2082066006115155 -0.34055844884392716 0.36100449316678984
3 2 0.1618779514416761 0.5213289013263774 -0.17802716242082758 -0.0324585903502227 0.3775868177366552 0.4385010344465885
3 3 0.24058333573633894 -0.1269710057024098 -0.12192301780350626 -0.41598166113596247 0.12445943761437536 0.031582012913381405 0.3776899542163083 0.21331156476132238 0.315168077946509 -0.047150795690232825 -0.23549780170573087 9.86690066459335e-06 -0.16355279917551216 0.24698942186089642 -0.1606361453293845 -0.11795556700878154 0.07723696638721349 -0.05117267396465431 -0.041939474523339536 0.14424936129476668 0.4046764323022271
3 3 -0.021889837479536378 0.25436408747264727 0.15574785516971448 -0.1999765864023529 0.3319535289003233 0.14897332742760358 0.3230002433831096 -0.2721411552597341 0.01977620966317766 0.13412814872522666 0.41708006551115195 -7.494412087581787e-05 0.3285728482101291 -0.10783121577588954 -0.1331869826457797 0.3477293464235181 0.2798974823655103 -0.13288455295219698 0.30088644735431497 0.19590376789118108 -0.025994261018231244
3 3 -0.1945444735474867 0.2575777308055181 0.17978898202286092 0.028485148481901694 -0.3079742757923144 -0.3687620308968623 0.13177507789979748 0.042016727296315226 -0.36600711697737787 -0.17728686267798305 -0.19967628727909545 -0.020097745212219267 0.08994928573744111 -0.12000073702883589 0.3756473376684557 0.17067973199367126 -0.041186063938544314 -0.11126201413408024 -0.3195398117686351 0.31828400275633334 0.2601684668748232
3 3 -0.004137233353244488 0.2550694982685137 0.0282851281344422 -0.024531305317145518 0.057263710352885897 0.22404497180822822 0.24749252740013203 -0.2452183480804878 -0.037973842533494374 -0.3085192808287167 0.19793038152666884 -0.09075563474673282 0.06185264360954835 -0.2465030555250617 -0.042861549574917425 0.03245202741702951 -0.3034800399524841 0.3647784166749253 -0.11672376965048807 0.2070493848057084 0.051629900597834594
3 3 -0.0797451106601482 0.011985646130969495 -0.10896761496982128 -0.09174275459782949 -0.11755560071471367 -0.035740551550420885 -0.13905098011602718 0.4048051374675704 0.27575182479448945 -0.3185852288112303 -0.12213437269646711 -4.1940704469065095e-05 0.2990377806210633 0.0727847739985209 0.11867769126219427 0.12669941460787829 0.2218854476455522 0.5509864460736631 -0.2111342113352031 0.0011471473667929515 0.2980968346477866
3 3 0.05630986136892473 -0.4396325799096913 -0.2705132958664379 0.007981002032509763 0.026360877745865006 0.2931699435660747 -0.21523953367408838 0.25514930962163507 -0.054166993316001825 -0.1918173496622656 0.30350839780772204 0.0008983153224926423 0.1859469849978459 -0.03362830431456981 0.3907301918555501 -0.05196366343379273 0.46095038166104896 0.1674112271088674 0.3119320874259859 0.044287073179714344 0.15006363552456728
3 3 -0.34169483720000654 0.20304011010264714 -0.2176580750779672 0.3266964723917467 0.2580395670994526 0.11250098279285421 -0.3227948142473031 -0.27729604819873044 0.0949345591887743 -0.3330250795204027 0.21931402797204494 0.002248327072951417 0.1471031585665536 -0.0712326654253969 0.28878863456536935 -0.2078887028619116 -0.1645432530111403 -0.03893206923980404 0.17572355373209056 -0.27831079485193816 -0.1381510308483555
3 3 -0.01182522844107013 0.328878639299499 0.17264952996611732 -0.2703577785768742 0.30597680905961805 -0.1596806549433583 -0.21796513075050264 -0.21665609413137274 0.28982260767804036 0.05253048449447613 0.1470050637164899 -0.001568089612185238 0.17410144075558906 0.07727165454907646 0.18287582134772523 -0.32265819320999417 0.20338854814475293 0.16274455024329543 0.2557738388786941 0.18250274516104056 0.15251605384434216
3 3 0.1347494161375039 0.3078354217557786 0.31213879894613106 0.04327768553000955 -0.09263903478918933 0.20985698264162236 -0.20036424840322045 -0.34213827854582535 -0.04219160120465779 -0.308618603686468 0.3087455942645439 0.018976609049154224 0.22475286132885564 -0.10373269477538734 -0.36448432896921135 0.38310605789784963 0.05126363509121796 0.1641555748271086 -0.38352059251415516 -0.08282620651670973 -0.045224046954427256
3 3 -0.24863477731971592 -0.3020727654706711 0.4038131502954252 0.03797357831277827 0.1516510479713071 -0.4820743791113753 0.2390338590022789 -0.488961888427545 -0.07832311760825819 -0.16564007110877235 0.3672294970447079 -1.6239806604398663e-26 0.20331871929968626 -0.13534330244109763 -0.141475336712275 -0.08081433263589836 0.4028805922817977 -0.11060221366245859 -0.2885636771556948 0.2296659350704329 -0.08437685743173487
3 3 -0.2733757572588483 -0.33406735603227017 0.4040594873234812 -0.24444080817378555 -0.0865736695339502 0.010519741057210808 -0.17768644663446545 -0.23527996688906272 0.14795077374948618 0.2186443977115524 0.25837545467783735 -1.1622045463218543e-23 -0.15323594301385823 0.46693792216878827 0.10267162554227258 0.04904026093874346 0.07540567225432317 -0.3616263430132177 -0.30755552202191194 0.20198615826723357 -0.21448035956192638
3 3 0.1810578685307329 0.34521311819280415 0.06677446767805383 0.13314637071509722 0.17693960438699458 0.0029675825799738505 0.011867261750748096 0.3912221038273704 0.30545573344153404 -0.24445619551391984 0.37783291833811994 2.5357668761804726e-14 -0.22921278636758793 0.31018793562532315 0.2253202476588812 -0.5413986487533382 -0.26452219760392937 0.032753609310678805 0.10657466580580645 -0.21899515492253377 -0.3140839156622646
3 3 0.2091953500159999 0.36821441036207614 0.27166490094840495 -0.26428355720502966 -0.02837690188558071 -0.288507408555381 0.2639318245481976 0.10801460529333674 0.12772480151260127 0.5052987574069425 -0.3023512962973227 0.01510888071788639 0.17125163429100498 0.08511902020628233 -0.0813708946252612 -0.06748948588091926 0.35811889715156325 0.0914022702246548 0.044006706584469535 0.22497452186287248 0.21042213024811982
3 3 0.46704907428326586 -0.1693130713631232 0.41291442807998024 0.060730657065837836 -0.18659226437299256 -0.2575188425295458 -0.24030814973792 0.24418816254255216 0.2904195868800058 -0.09128342411313074 -0.0043434398127936 -5.172049253442795e-06 -0.15342390900588154 -0.007135437407356446 0.013660179434285592 0.11634170848411161 0.42726781909213735 0.3248618740072009 0.2167765810414185 0.14913935482239243 -0.007486159760912136
3 3 0.07185253525975958 -0.02892301838957798 -0.25074015495951196 0.2991727994036419 -0.05919936709407111 -0.15539145249302583 0.15309660468948832 0.26631381309424557 0.21119110738892152 -0.24299009203854205 0.3413962259538616 1.2324268365600518e-33 -0.17510891427542666 0.0958745236175668 0.19159574210422728 -0.10994660129011694 -0.18339234111030384 0.34535315922786747 0.38120424547428006 -0.052429042119796807 -0.17688552086312154
3 3 0.08043535507218494 0.17171012371117855 0.310485132402535 -0.009826509452156145 0.22242636550443368 -0.15017903722651477 0.09726701800344316 -0.18977783788098576 -0.06692805665631378 0.13976606189730348 0.26242352646472095 -0.0025977136605318824 0.04921623714769091 0.38809708897404394 -0.14515256040415694 -0.15732994391260882 0.3936841471421129 0.1771226536293475 -0.13799405158497768 0.3443880570917751 0.44475820994669807
3 3 0.08809440031322704 0.07586473366680685 -0.3241917659723579 -0.009777898366214623 -0.10250741902210536 0.19829032048865528 -0.07334661279998493 -0.20775494619799054 0.0023181336107804353 -0.35712113051217753 -0.1876267748161392 0.03953263111430215 -0.2542924352002922 0.18860781855920286 0.39551860777992215 0.21689062743613982 0.2223917642709607 -0.07079571683312878 0.351345431912616 0.3656005450508628 0.12475247054792023
3 3 0.24324711764055582 0.17677408141067313 0.13525434261302285 -0.09270532687192866 -0.09958509780707718 -0.20956520959306563 0.2246792079886909 -0.2421718528601325 0.5525349235414482 0.2972503575299642 -0.15200972957844533 -0.09433604252956439 -0.02880301798290256 -0.1482113799638672 -0.3418644769082401 -0.13339724090361207 -0.4117296922516712 -0.04254684215873266 -0.05526291493174136 -0.3939804804582081 0.15255668943107575
3 3 0.10543693000803483 0.009964166304625396 0.07747440460199727 1.3026279851766483e-06 0.33544760216894504 -0.10521694815861178 0.019836248693966125 0.13515738496809296 -5.076034052166082e-17 -0.3131897509402823 0.010695257479158969 1.048744760152965e-07 -0.005993601936009555 0.003504376886931749 0.12211503533244988 0.014460666989020056 -0.18897481996039445 0.13581965232198756 -0.4174820357120763 -0.5617630771989923 -0.2571516771003717
3 3 -0.11916736896162188 -0.15914485876796414 0.10739561787470676 -0.37842384004418783 0.12144196355291316 -0.18081386706068547 0.08725315622940158 -0.33351652558568634 -0.05610121252448819 0.14316020413779051 -0.08707228216960085 0.0009459153570137876 0.02514682470780533 0.005454675635128212 0.31466177137960427 -0.14120113297624273 0.3532889954721699 -0.29835326549255986 0.029833330410048292 -0.1642057942374157 0.2681514668903698
3 4 -2.279924959952136e-06 1.044630463057567e-16 -9.2534667369119e-24 1.7276623779009344e-18 -1.1057453344370825e-11 -1.0981072506807083e-11 -1.9959078939619006e-09 -8.52688177186887e-11 8.28860466577924e-15 6.233899085177726e-09 2.1092765837321337e-29 -2.298764760257973e-12 1.8515154213149136e-13 1.9613199688499408e-08 6.782093861289236e-34 -7.494384756649634e-09 -3.0365858089011525e-10 1.479414030502621e-14 -2.7675391875639062e-12 -1.961023203044489e-32 -0.26167042223714965
3 4 0.14611801814267802 -0.028120715839798645 0.3575441049936885 -0.18063038480873378 -0.1644815834347934 0.3381003131688701 -0.2713391001429698 0.10036681729912122 0.1460254553587115 -0.13139875022177108 -0.47504084033450095 -0.48503742408181905 -0.13054972838029083 0.16881480360362236 0.30329823511804405 0.19201982930278833 0.2481646513950222 0.33921712151786226 0.12993386263543236 0.17133961936290282 -0.009519103785766387
3 4 0.023144212814965676 -0.2656384587573096 -0.20785721678529576 -0.13994787968217617 0.16326423015452876 -0.3795941096356124 0.09681036075298846 0.3451526615237256 -0.3530006154119072 -0.11913748258240839 -0.22320905853732967 -0.042052533727459825 0.16334638289679315 -0.23448922298916944 0.25098969922097547 -0.2866150431320142 -0.23725181303178883 0.23334722665540722 0.41697641426904175 0.1484728966449986 0.25828192835088387
3 4 0.32865288275055793 0.0650058567695421 -0.14146931924810838 0.06041297028811535 0.00030373149763986997 -0.11201672840984414 -0.2635957480937273 0.02322729172292292 -0.09507498424020756 -0.23031102957937577 0.06790781419117782 0.07119371613910608 -0.22593179583492312 0.16882367980637802 0.020511266061900072 0.2878345004952992 -0.06600406363677275 -0.3298198031703844 0.06279169987694419 0.3849424322118887 -0.04793865693542993
3 4 7.696471379185977e-13 -8.782763712385616e-09 -1.992365391523359e-07 3.772935109780856e-24 -8.631551816824151e-07 2.3364769213548636e-32 1.5349323268089944e-10 -1.2736702367449579e-06 4.102680713337247e-06 -3.139009735418069e-39 -2.7825750489020778e-06 6.0462425731067325e-19 -3.187707834688986e-08 5.140085757410094e-07 3.9750686213736253e-22 8.956191287308475e-07 6.4094165906019405e-09 4.6898273347950893e-17 -2.234775713802318e-06 -2.0855660760016973e-11 -0.3142761732679674
3 4 0.27377340677234385 -0.027110532375551683 -0.4035830731713162 -0.29511583044758477 -0.39082733483277754 -0.3544284308301892 -3.887123855371875e-06 -0.19306811408575156 0.3130729923504739 -0.037190672828254175 -0.3514176364556512 -0.15067786705859262 -0.33061621050676304 0.32896409545723104 -0.0460149496303047 0.3612040037646123 -0.150982730557707 -0.3346145838667203 -0.005883041890381442 0.27399344842657547 -0.018840378848395983
3 4 2.101254036826898e-07 -4.820954980766343e-11 -9.058881343641066e-07 -2.399151077675533e-07 -7.09068814598228e-10 4.947657344736846e-10 -4.101048751500739e-36 -1.5732421144193198e-08 2.009056189097435e-10 -3.6494441108068698e-28 5.224373450009519e-24 -1.0262780656976758e-35 -3.928831762829329e-10 6.422859516665892e-09 1.6709330404124807e-06 -2.6136623597019472e-06 -2.2285730789096358e-38 -3.779855132440132e-06 2.2663013410882083e-09 -2.1797499409246718e-08 -0.06238935465083245
3 4 -0.15720653945406063 -0.1599118568963214 0.03807619533580771 -0.2627570486779092 0.09289343400417274 0.11159206502970459 -0.14056848870522817 -0.07487554668472324 4.033381061219097e-06 -0.18583279350746046 5.156389066202929e-07 1.3135833761738698e-13 -0.0575199807666842 -0.19637190537480007 -0.03775649059749479 -0.37485661583482577 -0.13125227463099212 -0.07182028347049556 5.6772578639118445e-06 0.18272575874153155 0.13217589585684514
3 4 -0.057266039709032095 0.40453334255191514 -0.3321709919604515 -0.12419197688786958 -0.08820752862399421 -0.01799925704296582 0.19138453526096746 0.13664817251986267 0.16761695103114527 -0.23388085781202353 -0.17936691584419204 0.4374317035576043 0.4148192341525027 0.35513035497072626 0.30717285863928795 -0.023687928413316312 0.014978819181272106 0.19237147655413359 -0.5795933422414344 -0.16741852805261948 -0.10630686056853629
3 4 0.11093232014297069 0.34502860395237706 -0.06425568160467306 0.07152857481523828 -0.20864081226590578 -0.1384018481027983 -0.14477840803867031 0.06807420722242725 0.2545826957852827 -0.16023139610068018 -0.2922162109787283 0.019710926851421888 0.2173262316373926 0.024200791899732243 0.25671549746230704 0.16582199796586558 -0.1438754462289646 -0.3420326401375319 0.2672481855533346 -0.2138678234917479 0.14399317575938245
3 4 -0.49377425246391693 0.21687698677527512 -0.004352648388394266 0.1297811593437885 0.09287577467195862 0.3456036936072541 -0.08226539208538708 -0.09350934037912777 -0.22869754074654744 -0.4605164229785131 0.34052932540734615 -6.789591979927127e-06 -0.3094640705977163 -0.31193390123653386 -0.10001944391183776 -0.06432753361518281 0.25194107562144896 -3.1512749613526374e-08 4.073862333405355e-07 0.03447479836456856 -0.3059512046340361
3 4 -0.029304753858317874 -0.022460481474509544 0.3157547014564495 -0.3709703492605262 -0.2781884147797293 0.22339959813788995 0.2879655004240697 0.13129181330634757 -9.696932588340793e-13 -0.08350201547861705 6.069393212630887e-07 -2.823452541357372e-14 -0.21398930648584683 -0.17898531558471797 0.028675716958803214 -0.3521073067297755 0.13251681256959716 0.041416130456125584 1.7664514492929162e-06 -0.022648229687300847 -0.21844306187876777
3 4 -0.27762571602855934 0.1815692261325531 -0.027874367369200594 -0.3563694340268234 -0.4120444589402866 0.03339145975054058 0.22058881056566554 -0.32877678945518074 0.027899422873938803 0.36820935759467127 0.19351753406438596 0.30186206674910465 -0.14176847784200017 0.020534505092039686 0.34161863845486606 0.2900973988217539 0.2703788494506568 -0.005277672158895841 0.18762330539820626 0.338316292547982 0.017272477169913127
3 4 -0.012181873019237285 -0.2490418847478724 0.1551711837856922 -0.31818931090604957 0.05414961144615696 0.3002234661127681 0.3055810954094279 -0.3623150695780506 -0.19551332429531074 -0.13920159410722907 -0.13900532552601494 -0.07484331580226036 0.2135417525857672 0.42791837805785193 0.025329111471156986 0.32832146857126054 0.22107406499352147 0.0334406657483961 -0.04074666801991106 -0.27010204917899916 0.38896075856632284
3 4 0.019688694297243608 -0.21788760088011955 0.11428456270399813 0.24662888377683942 -0.27947919647145875 0.1560883333626611 -0.015540065712150011 -0.3437432691927488 -0.06145921444890191 -0.08512130741038687 0.39951306451956187 0.011987177644212971 -0.11768870924473639 0.23017355065556658 0.11101659220858781 -0.23386712346967126 0.24020893699265428 6.8339445203816044e-18 -1.1507926639562019e-11 -0.14097958985802048 0.14735751894942864
3 4 -0.41508545809561026 -0.29571871365146 -0.15379810254143972 0.22712971113863462 -0.27267406098456487 -0.10812311216468694 0.31686663330545656 0.05364052938523549 -0.03216143182685171 -0.3690287968367646 0.4741951146157973 0.13569121609326293 0.1683125554886494 -0.0006116983612321626 -0.3872493935180269 0.21852312491274126 0.376191812146901 -0.2660171858908981 0.06406495953844112 -0.33928137514493417 0.1954196952217403
3 4 0.31043324932719357 0.0822990454475211 0.0607246117996429 -0.07529220038592252 0.22756097496716496 0.25002326482587234 -0.2551068560247869 -0.014399059967998909 -0.07238521217759825 -0.29675671148749266 -0.5223561412417594 -0.05492223145402961 0.19056344626605506 -0.3577617942137644 -0.2775204175430868 0.07955267196206288 0.22476594979793188 0.19236202333545077 -0.1275101313729893 -0.12242720857574081 0.05251763903535432
3 4 -0.17517447979040793 0.2275897458324753 0.12723460561090066 0.24139316474830286 -0.30862231489043457 -0.05592289427421852 -0.09758538030350553 0.23104580510647316 -0.08588956574072534 -0.08351520455037743 0.18206042450465945 -0.22435848349860713 -0.21314560937788868 -0.3143489004895938 -0.034017503030325254 0.047802650306657646 -0.014715805012435785 0.19170270341403606 -0.03805701488352234 -0.019673950979636506 0.27660084476384655
3 4 -0.006401683210907168 -0.3340124891827749 0.049276047634266684 0.3994146622681846 -0.14284071061360679 -0.15086543622082318 0.2826021962438133 -0.1595008910014098 0.07295209183832961 -0.4050336394169492 -0.1830822746204896 0.2215667209900139 0.01634500037981886 -0.2472580467641856 -0.0742941273123146 0.04037397852026865 -0.19661113348242384 -0.10801943745972062 0.11654110271768556 0.24075744674184443 0.33849907169949367
3 4 0.24690548861704595 0.22768338391364162 0.3069701756679776 0.051870716075564025 -0.38137800664823435 -0.25784683936218106 0.153303428020049 -0.35857317590669646 0.16645725262432068 -0.24687161611708686 0.17105480510124602 -0.43565882322068616 0.33299969120813183 -0.055755328321141426 -0.2374596882128809 0.2006556092586789 0.2050263216879664 -0.3057530383655825 0.27308272368147235 0.2116499704202059 0.15289441504707588
3 5 5.3731648687911645e-33 1.0509223127716845e-08 3.9645743579492454e-07 3.2820402026796874e-08 -6.553716824388032e-17 1.8418424907589907e-06 -1.8140892350571416e-17 7.164756802862313e-07 3.218371833649502e-41 -2.2064316867854178e-08 1.2024392794137038e-06 -1.0347873760274833e-11 -5.9967054635822995e-33 -4.0238127966840525e-07 3.297611846346912e-07 3.41416593689314e-09 2.2103318435723104e-39 8.955999678893162e-11 2.3064372466600744e-29 -3.0607594916689787e-06 -0.31137904646976533
3 5 -1.6632576437868222e-07 0.07794052132881604 0.028821374762000276 0.021612073454290736 8.657931721347132e-36 -2.4360610839724914e-11 -3.0826711851736825e-08 0.2560672879487936 -0.25417699616879924 -0.07124504885325862 -0.45130956313063114 -0.0683112051301922 0.411580138733853 0.2596727131661503 -0.3046289845538251 0.16819816981130772 0.11107092713070368 -0.4621125087552246 -0.2548566640985673 0.14897691166533314 -0.37552096569026544
3 5 -4.2678962315457134e-17 0.08960118906786636 -0.31354401581431385 -0.1633861110687253 7.181787007280001e-07 -0.07712450972401379 1.0692051066227063e-19 -0.10694738212760607 0.33346477977202477 0.3493308516555061 -0.007478329894309353 -0.156568024646465 -0.04614059997439385 0.25429358394437995 -0.2870995396957395 0.13568182190055653 0.18751057496655996 0.10772526685794136 -0.19804718213423617 -0.15123457547673888 -0.35034921292061416
3 5 8.481830196563528e-36 0.3374014072796058 0.31932410401334127 0.27604971657402244 -1.5003387186687713e-20 0.23191438933897882 -2.08973828449503e-06 -0.2753049958125604 -0.044161629192978794 -0.21209562755413627 -0.06593865306487223 -0.20193899190192618 -0.0666082584149493 0.04778560354028004 -0.4441764230341069 0.05799446378736929 -0.32684733839395863 -0.37869164353511364 -0.11311051152142186 0.3425019877243991 0.37197029059953207
3 5 -1.3172699958169393e-30 -0.31804600195868454 -0.09685524373499553 -0.43974961362693293 -1.361687415549188e-06 -0.21804737270371008 2.5941290325616063e-09 0.03507318178660139 0.46095600447100493 0.28462287205187503 0.4677970140990493 -0.07901537193281342 0.4620480191258941 -0.07733343346846464 -0.12623837554257988 -0.04331199066128534 0.21411716050458032 -0.10018898388881677 0.17607336407351853 -0.2684301400636496 0.23022775055239747
3 5 -1.7465824527060297e-06 -0.0001746019668455315 -0.09504360051028202 -0.20186608413540288 4.713793867291835e-08 -0.39526519882012756 -1.8588719808318868e-08 0.010725909022595088 0.4599763802533542 0.22298686470244264 0.29966156569441676 -6.757365110759385e-05 0.020247479133627275 -0.3413919163003261 0.10791339952595297 0.2624201157814282 -0.09833048414421315 -0.33085279471501705 0.07257885199186109 0.26792188108237613 0.13482180499393864
3 5 3.913670479746591e-06 0.19100670855243093 0.34171903150497224 0.3172106796672101 3.811220569177266e-08 -0.02668926968128372 2.9872853837075015e-07 0.233538353035184 0.1698728138050849 -0.10513244423258575 -0.04353217312320456 0.3032641808239054 0.09627916381217241 0.3030604661211174 -0.2586602138658346 0.19227231024822103 -0.37234762233300395 0.30322833290376355 -0.28506013801562535 0.2259787853425454 -0.14405026079175715
3 5 -1.0071055670684816e-12 0.11039490657315981 -0.35929270344801423 -0.07067095822761378 -3.3666826097292383e-10 -0.2559997001147743 -5.598354976521242e-07 -0.08033718768101179 0.45754648776696943 0.2715504211806087 0.2050075152000315 -0.22840384448330806 0.2977775304435106 0.20424486583628143 0.009176167839056216 -0.15752968181252644 -0.11531737272560415 0.21146385907403736 -0.4387838069034741 -0.18792014015234124 -0.25084775422043465
3 5 -1.5380188564447313e-24 -1.9226265075031197e-12 2.2319414673050842e-09 1.089470000409974e-23 -5.745300254592751e-30 -1.3486902893441383e-07 -5.299015724631275e-16 -1.7346588075525737e-07 -1.0574356452668767e-13 -1.5465448784834907e-30 1.0718319698397884e-06 -8.698757745482287e-39 -3.225265295304215e-08 -9.640985323152553e-11 8.032852056487718e-09 -3.1802142131055038e-24 3.642669833727183e-15 -1.0048069429382271e-06 6.991816731194036e-41 4.1248530335427425e-22 -0.2539936792388025
3 5 6.23405990675468e-15 0.30604130570112864 -0.35782036188674105 0.0013436864132264105 -1.582840872752462e-08 -0.04239666172201621 2.6094368484088136e-13 0.09015269343826104 -0.36275279955675155 -0.15561540627914328 -0.32584305698305827 -0.3002412521002707 0.27892908300328567 -0.3054860247316694 0.016013413018398842 -0.16618549661627383 0.22219381861855106 -0.14998689999106246 0.1444515882316961 0.33348731240789414 -0.42850080897231746
3 5 -2.086724759158066e-09 -0.3013018273799444 0.04002659011423828 -0.047065025144998406 4.4539422816316907e-07 -5.223903686683316e-10 1.603005507443242e-20 -0.29136469349936794 0.1568638188299165 0.05420614207032899 -9.99539246170837e-10 -1.0892988513673404e-35 -2.166336001812393e-07 0.07452235986639445 -2.8970609833134632e-08 -0.3594782396366795 0.2664764534294662 -0.2665141179804832 0.3488813831571557 -0.17740257183173935 -0.20954206778376352
3 5 -1.0056566986351114e-13 -0.2077615531056948 -0.3381234368160033 -0.3087127098329231 9.945023463541264e-11 0.3009443289335701 4.1085868061418795e-17 -0.2660241914896846 -0.2952086265622836 0.22629110741837258 -0.1329896584688561 -0.2169974941955351 0.12142965930282557 0.31129123844055684 -0.4568243118642527 -0.16340775971453578 0.1991354686204093 -0.3215178851069262 -0.11212784954219057 0.23819966510319646 0.19475655033086778
3 5 5.030481862134821e-35 -0.004219511344077458 0.24553718428842233 0.3201998603507016 -1.160320243506838e-06 -0.11235765891289663 6.324023554255513e-06 -1.2967461345914774e-07 0.16468250548369967 0.08055246784814334 -0.3637255767991253 -6.347127157827774e-06 0.13632016871878677 0.07378943807385181 0.01478680134870641 0.18061159538832167 -0.3160745815593433 0.15386494552939853 -0.3058141032825947 0.2916210869931537 -0.1550496050452815
3 5 8.265750312757137e-35 -6.5236906759394096e-06 -4.977758061545561e-11 -8.958586594504227e-09 -6.343804759449969e-14 -1.3952799423352276e-12 -3.5203203661676263e-07 -1.998960784942279e-06 -5.793043828188734e-13 6.0370707959193e-08 -9.52193498219689e-11 3.690466170969647e-13 4.778033702868598e-28 1.3015881226417506e-08 -5.975372551160967e-38 1.2529317465953456e-08 -1.4749821741206685e-11 -9.794698800008778e-25 -4.5964010719447946e-12 -4.6762370158005325e-08 -0.15008153424732418
3 5 -5.982711872470137e-08 -0.06163866286824867 1.4813807738555551e-10 0.06448005343676916 1.0475349555758081e-11 -1.9802054462224416e-06 -1.9046353734784623e-06 9.51180735315182e-12 -0.01286994944235848 0.040923551203426806 -6.024877878573561e-08 5.967914854603359e-08 -1.137551886721204e-19 -0.007865350574381032 2.2044875185820527e-06 -0.016967353212095682 -0.05436145791458639 -1.0334617078737999e-09 7.332918460748832e-23 -0.05940234987612893 -0.002932284962835943
3 5 5.412337060251813e-08 -0.15861223142984848 -0.2795361540338367 0.005742816990875051 3.5231813237041636e-38 -0.06586889073444997 3.754543571605172e-20 0.12378290420834655 -0.11050329282740029 0.11828662715541333 -0.06758381740446659 -0.229146604017385 0.37631906412222654 -0.15961226724060243 0.16420875009447825 0.32827431501865434 0.2350093688398779 -0.08713940788304715 -0.23854877504264846 -0.07357032465127192 0.1166297849687151
3 5 -2.0526966027285933e-18 0.24501837459934855 0.18508236187846575 -0.07916658350489124 -2.2232067092524584e-06 -0.06548888776726798 -1.1192463133145366e-08 0.06388374225803173 0.31425519462925133 -0.09953790296405106 0.6111820022800383 0.2594414939022103 0.03469789225486128 -0.23146097060707943 -0.14165442470203457 -0.4627951830838661 0.11399709537565146 -0.17738785340634206 0.25205771179680897 -0.3643050467420085 -0.09621892303220747
3 5 1.1765719156326169e-23 -1.0950238636928719e-18 -2.0276278126350036e-07 -1.3926374210582886e-26 1.8904502461515941e-38 -2.7844774908762287e-34 1.4423622809373468e-37 -7.296560004679956e-14 8.678702819781279e-09 -2.599599397061108e-09 -1.628219307472968e-13 1.6606870165466474e-17 9.46267674349144e-39 7.2085561681905505e-09 -2.3991426138849632e-09 -7.262084781007262e-07 -1.714824925856883e-10 -3.881496639618804e-09 7.507456555866753e-07 -3.686670943853791e-11 -0.29182168275335874
3 5 4.449616392445297e-09 0.13479177497793893 -0.12153168941124055 -0.07531913616031909 -1.0094457700641425e-15 -0.27241775454065315 -2.4606624683325114e-24 -0.10636615420669883 0.17406044557060144 0.4060163841827191 0.4031035725378667 0.06959779842084216 -0.030186776694012665 -0.02184966434839877 -0.13102968893023875 0.44887474777699954 -0.3034377051920135 0.08882025524848935 -0.09054185849560574 -0.37273674165539167 0.3557122076895099
3 5 -2.0056844268077145e-09 -2.4166685321480934e-06 -2.1529028812559238e-24 -6.979715797615287e-06 2.9350261716959676e-06 2.098369287490172e-10 -7.192348019800838e-07 8.443404551905597e-30 -3.1610754040675795e-15 2.2196085905752696e-14 6.287501958370225e-06 8.038770961736224e-19 1.0588368637073402e-06 -6.62397891363961e-06 5.2179840826979796e-08 1.0974303564587629e-20 1.1446712592648285e-23 1.8849142730813712e-26 3.969786506742149e-37 -1.3500940626279327e-35 -0.1911141906845828
3 6 2.886606853506528e-06 -0.24004486001571507 0.5584666826957749 -0.30692914003949 0.4586902577547565 0.3397986236427308 -0.48031016216147293 0.4549187404489926 3.798697177818417e-26 0.2870030867024049 -0.2085703026340006 -0.36257824410599565 0.2069708645827352 -3.236119290329946e-11 5.3651914839766216e-05 0.2018888080345722 -0.432353522972532 2.53574306945885e-10 0.14605597484529736 -1.145012936194752e-13 -0.1386354305617981
