Number of NNs: 3
NN configuration 1: 5 20 20 20 20 1
NN configuration 2: 5 20 20 20 20 1
NN configuration 3: 5 20 20 20 20 1
NN Layer Weights Bias
1 2 -0.027124848039203623 0.05793040180258396 0.23406892582507957 -0.5916189717621292 0.2684739074663772 -0.2773808993595814
1 2 0.24470990661795647 -0.27734076870257657 0.3581296250823804 -0.2605881006441383 -0.11994845826904059 0.4838799522741467
1 2 0.19152701168329228 0.650352705157726 -0.46355456081601065 0.2568846856413004 0.31202259640580904 -0.1920776872426535
1 2 0.04985785568363697 -0.4060961548289925 -0.1589666967695097 -0.26606787070539123 0.11402875836379503 -0.0623971416822336
1 2 0.28366884540260134 -0.4548677585133164 0.06779835034239744 0.13111309118941353 -0.4421904605415468 -0.11159538126926714
1 2 -0.31884714136864534 -0.2966359305271695 0.3724052705187254 0.17721581601561046 0.26875515022595337 0.42591595062120996
1 2 0.015597557581866957 -0.3978839669669071 -0.11526575460330733 -0.19137367222752782 -0.377210490788487 0.07505808988352268
1 2 -0.402069541285015 0.08733387142432462 -0.24705691101961574 -0.07211549026216396 -0.4484381430787043 -0.2932920267810381
1 2 0.11852871821020054 0.38167346332012986 -0.086949280802798 -0.40780768360785147 0.022627316252450024 -0.02752059004933817
1 2 -0.4467337693134248 -0.05584445472468962 -0.41496974772586454 -0.4171340527882425 -0.20550191668855228 -0.2716904435448454
1 2 -0.3871772555891818 -0.0872646319292935 0.13933093497994023 0.3907867607921969 0.09909320281304382 -0.21845244147078288
1 2 -0.29180099662094205 0.29140449618306685 -0.31277353620495846 -0.4531214121363277 -0.48912220645959964 0.41284828358014614
1 2 0.18108129765908337 -0.29824200741770185 -0.46150324418974425 0.2902977648817217 0.4636886132587995 -0.029879675938077006
1 2 0.2249086615738826 -0.3489830146220204 -0.1747931713479789 0.16273300635697774 -0.21170903869619068 0.06141979275799686
1 2 0.09255233559384972 -0.43312424577657577 0.11129681264345577 0.5091549094063815 0.5460875190621401 -0.26968605050141226
1 2 0.28185873862854754 0.2878080780561979 -0.030601036391457483 0.5095701467605213 -0.4236428098347774 -0.2550620412778722
1 2 -0.23487456630805265 0.03903883605649938 0.1850286607748053 -0.21113296236371557 -0.2009490233993533 0.019581387327012267
1 2 0.5357296375939663 0.24343350314172293 0.4169094143672516 0.45348134605031915 0.3184092456594284 0.36747780434916677
1 2 0.31896924397842985 0.5638454089117264 -0.12433705556225598 0.013938626273367033 -0.09923359492607307 0.3919999108726532
1 2 0.16916367847999103 0.48590947028943987 0.5301569597794613 -0.24316716205986888 -0.24301188176215546 -0.2361268953041631
1 3 -0.38873297830367604 0.007551125192846718 -0.1117471999779399 0.20201720564415618 -0.07230616600140509 0.40348958192728124 0.02740865090880173 0.029537054116897513 -0.1554948909736819 -0.0894847924361774 -0.3064431887984439 0.14730123426908812 -0.15420894074642316 0.20237266313795427 -0.3592280127024197 -0.20501857467888676 -0.4347213082976924 0.4119750591975356 -0.032221156369102125 -0.4064722124797408 -0.06286652966997923
1 3 0.07057679023470673 -0.16954561508828858 0.12027558935561826 0.13228336658340048 0.32278241169015054 0.2572574613011507 0.3241903128882585 0.1545772460176621 0.11335851287079415 -0.41158636891543127 -0.23922881872009633 -0.29008839451055846 -0.18109440686910858 -0.2591803349738972 0.1895741694220887 -0.2661458635149686 -0.3039805324993657 0.21279755094069136 0.3507041040549829 0.23656905696695568 0.10766068872164232
1 3 -0.08699614183151917 -0.0047784273834181575 0.3663311514586589 0.16551822009001865 -0.3753505831162425 0.03562025080790292 0.18756502504435452 -0.23433816794622306 -0.1340826370943309 0.09419286016030337 -0.3990328183225056 0.03924174661867143 0.33260414568457575 0.28587964458161824 -0.2116510714517693 0.2803038495499977 -0.056167908439247335 -0.34873308843870904 0.38410380808212524 0.28174667804502723 -0.14469598410610843
1 3 -0.05840382218307687 0.03384227755452058 -0.07647527954386397 -0.377935339567949 0.5248349579157983 0.03877001091825963 0.254958669081055 0.02039411067492358 0.43242477279365976 0.11671016040778007 -0.7516447374539874 0.10002725311707708 -0.15787429920027704 0.24987033333984557 0.03925197854823409 -0.4475377475627545 -0.07426238172498509 -0.12484613782883133 0.24683248045275452 -0.06685934923843294 -0.26341254368149397
1 3 -0.14090256106446494 -0.1651137073479957 0.17378471792304576 0.11659644467301696 -0.16467948145241615 0.25417351499442536 0.4560735502260897 -0.13504843167330102 0.029396151792085788 0.23076394502665334 0.1377031515573674 0.380685815989633 -0.039988290740416856 0.03115460101634421 0.017288223856806374 -0.2221593722674818 -0.05277057808514211 0.27609468055244385 -0.28892513183499713 0.3696035225423903 -0.2766132347636687
1 3 -0.2770063126347986 0.3687446707137377 0.05477274149805378 -0.2975122649589633 -0.00615304705555753 0.18284570300183636 -0.3537365244885566 -0.19152473276313425 0.3525127679117214 0.15633420984663307 0.2059704126079657 0.35148135141458897 0.19284896249451247 -0.18223819457207738 0.014258279433469108 0.2585167871760895 -0.1904267726956801 0.2550759770189885 -0.024623693029489295 0.3369464520648367 -0.044735330314559583
1 3 0.10659876740799255 0.3625166681405671 0.17935426984941222 0.45340477684215774 0.1622649985514416 0.17179323461929327 0.24341085930614947 0.11758929471909894 0.04846167271918143 -0.3145275094371698 0.29010770705318645 -0.06746621691905173 -0.006061677514219139 -0.30134607636643124 0.08650311662818193 -0.10742002848932956 -0.036988572068233944 -0.17695406434445077 0.33481179337588846 0.24552967028417283 -0.308741569694731
1 3 0.19632741578732094 -0.3081252183841065 -0.2539548382683049 -0.2711051898859207 -0.8475207938894633 0.3021593268904531 0.04273413390397764 -0.6692557930207308 -0.33773453833446493 0.1307690270707506 0.02122115887051644 -0.038817457313547014 0.07199024562436782 0.26102888153886855 0.03860799570295674 0.29623434922197683 0.27053549440893365 0.24684794792317322 0.27394283598894387 -0.13422219473052785 -0.2506500649676925
1 3 0.3760835655649502 -0.24654900527323212 0.1725149852208145 -0.22506100870319318 -0.18542860463542177 0.02521497316426343 -0.1152375051082851 -0.12049982212144159 -0.1717602305150591 0.25536077896382997 -0.04347201785840471 -0.22372476361408122 -0.22852674090578318 -0.3361428531518142 -0.16136688573586477 -0.012057266276347107 -0.2568146444731776 -0.3868795734774599 -0.0063821603272910445 0.3517090113368655 0.3938744549904969
1 3 -0.45025593692295895 0.34032409523672075 0.11540096279622863 -0.28927559715797685 -0.13480752919581362 -0.2592934013647919 0.26989457251252064 -0.15704114735064842 -0.10698162271976354 -0.28201498419513893 -0.5184249564057044 -0.2517734968155255 -0.01264472356757077 -0.10668726690537861 0.12259009908140216 0.1676070379129284 0.3104589992286741 0.1466443076458544 -0.33059373962554467 -0.31326196028141046 -0.07455998546619018
1 3 -0.2120816645119122 -0.3511151593803607 0.05515589293139622 0.21326253205177703 0.04169337213365064 0.3414390070432406 0.12494513164676771 0.008387624869775932 0.010580753197970406 0.465900946982096 0.23909030838656364 0.08358181029310845 0.1629577734903155 -0.18344804709411916 0.1473146459771384 -0.3878522945058622 -0.25210167032871583 0.2753755110763171 0.017027326839243583 0.00048203157262450674 0.15785974225785326
1 3 -0.10846992079247515 0.22742685857931108 -0.25027780840407593 0.002143281126845425 0.17002133604208305 0.23391822189103637 -0.33549629979343676 -0.26606334104786034 -0.45411058884007394 0.1567403327265978 0.11527261161479513 -0.2224134011323816 -0.09483683912882176 0.0677053295720351 -0.21579205453957437 -0.025075272369596283 -0.20940750477788378 0.023917804876102733 -0.19310038330380258 0.4483153998661916 -0.10477578564244676
1 3 -0.1550511349552871 -0.08740074232073877 0.06473727539634071 -0.08567644117733869 0.04245981339661089 -0.05642158111286697 0.2772113127052143 0.42007271878668395 -0.15082515857670092 -0.3464444691983808 -0.33288683712577216 -0.2913407343371315 -0.36311956799756945 0.08687826077658724 -0.21605661741396018 0.14293280785165224 -0.2441458994613448 -0.40341630648514243 0.34067605662527595 -0.12247145459571986 0.13595208502798956
1 3 0.03065111723994619 0.20178143114834282 0.13594860221195967 -0.04084008727203794 -0.182811180880821 -0.1450497333282343 -0.01373984983314813 -0.6004512049210049 0.2696469167007654 -0.5378310352738873 0.1980134553252003 -0.31051589345988134 -0.10824420422500579 0.2502612068527318 0.1258738938352611 -0.16110634876087418 0.26487987206672153 -0.06301789890978914 0.44311088369856666 -0.346081296541192 -0.06497349694949735
1 3 0.22905193539686516 -0.009132370889723225 0.13548993567575368 0.15821476392918696 0.14129770065818387 0.37696162911930303 0.24879374587693684 0.22345426017829545 0.03291372430827226 0.2779859691391134 0.23961320302370706 0.047010821064392486 0.23349443787652707 0.05456030766028394 -0.278200599684567 0.349261141600899 -0.1314754117123818 -0.07609692154042912 0.05659972321701318 0.13930922000351578 -0.2191339977455751
1 3 0.4264108042100213 0.27750580868798075 0.2914197782583698 -0.448211697271081 0.23440694869478748 -0.2749452465320493 -0.28684829945754753 -0.2859151550037587 0.07742071227313232 0.1390646699915007 -0.036752011702187615 -0.03919049172515318 -0.20995393516958435 -0.028820052238053197 0.09766103856367264 0.3369585612319688 -0.2813699019337036 0.17333150675105535 -0.14090810590457706 0.237490630478769 -0.2388446707035773
1 3 0.1743977355028936 -0.2841298587368458 -0.07058001888809308 0.10428945057150106 0.26481680880883035 0.31407312612320554 -0.34506805914270355 -0.5809166602650149 0.220804575765081 0.05671625428599613 0.05458093661662704 -0.07460890471193403 0.40062399659090586 0.26128485618647607 0.23806159852315803 0.3620281676490588 0.24760184763727755 0.23890308908972052 0.046845306969018806 -0.15328446390567252 -0.4024141555569069
1 3 0.68517048439868 0.2776654463342416 -0.24809316507014428 0.11517868755069818 0.20718994877094452 0.01075671879283162 -0.24831483808331473 0.10999865294263415 -0.8677381371610463 -0.08602663665392027 0.28308068870435876 -0.32454539538445365 0.377287632297005 0.03043634345886589 -0.33185163985253685 0.10461684608852061 -0.1456065267054805 -0.4042779118148512 -0.18488347287529552 0.08093264993473247 -0.04672232495200534
1 3 -0.199904429102167 0.24538140750331758 0.17042932886507497 -0.2803001072012064 0.08112456898499479 0.14281264540228697 -0.2645395909358972 -0.17968273463828832 0.2631939520592416 -0.16086045119745557 0.29549487950758274 -0.31074778323206215 0.2828179264657848 -0.31116440408931895 -0.17675340258658812 0.31597779645710905 0.1673682245724854 0.34152007225000086 0.1730158103375616 0.35752965970053463 0.19803681182452013
1 3 -0.6775751171155118 0.02769570052878908 -0.4016175315023939 -0.07971771788706897 0.15736338515869977 0.1684955140631202 -0.22605050408862334 -0.11362011731109664 0.04799930893467364 0.18037242776062953 -0.15941631217606322 0.08063582617520983 0.2108577927983078 -0.06228987146470785 -0.006944473560895413 -0.3332549836238771 -0.3031844057418637 0.3817357256539741 0.31045790626315733 -0.24217452104287554 -0.403324456249921
1 4 0.1496186992254811 -0.39969286815831384 -0.16932423707335323 -0.16043243889341977 0.02983949219067306 -0.09855750176185515 0.0906425568754025 0.3498872162672813 0.16704294046912704 0.2271384576152505 -0.2548446957171164 0.12224092623500936 0.12520148938494563 0.11460585765879173 -0.17789663779616427 0.18686630753712571 -0.49262100842132317 0.4108765227921123 -0.004454085806363338 0.41701817361568627 0.19548825819009136
1 4 -0.039423124063664466 -0.18047929347595987 0.25116143034988503 -0.02238442061769976 0.2997969554489221 0.10234483322537667 -0.009183984591804344 -0.04699133777770586 0.2580648416852996 0.09390504275605026 -0.06208390719513067 0.23159328696384104 0.22387952114912926 -0.2853677043383425 -0.12704794455477897 0.14526988858238843 -0.09660332230186112 0.36122772282380305 -0.16478747473836342 0.02203300785360369 0.07806473771988359
1 4 0.10970302522880085 -0.28132485436538784 0.4420198421941282 -0.053260478441391784 0.26703719697112277 -0.12113354462444428 0.41966952104483324 -0.5314987050031694 0.10207067221495766 0.27699424559640545 -0.006748802266004205 0.2622132314771258 -0.043737934814987264 0.29626958028132744 -0.05683761506157002 -0.4389931687429569 0.1356581175678646 -0.22777953060398012 0.2724435809442447 0.46838731396697525 -0.14150411266834875
1 4 0.5186639734375712 0.3208799562909209 0.17660894351032555 0.14825795642527254 0.03136789328885152 0.1493977141897891 0.12576643218259836 0.1698860032932535 0.3700044343712988 -0.02208176103848194 0.2831517522850741 -0.0009833985356118378 0.2954527161973817 0.17430792037737877 -0.3429593128643187 0.0643399190746708 0.036035991201706405 -0.24385664311073196 0.02612233261334397 -0.11220569730263606 0.03888836918162062
1 4 -0.06382835347220982 -0.06781482653449143 -0.09213294479168706 -0.19295697628525416 0.15770147773198567 0.39923168203454595 0.058935072924834755 0.35534310136693276 -0.10878709687449307 0.43096442290697723 -0.28078918752469123 -0.22543352451435875 -0.09840030924043344 -0.29044631686908196 -0.3917222217215757 0.21792761926766557 -0.08996004587857821 -0.39449256086415385 0.3483284675259897 0.10326240488421191 0.13390127479287472
1 4 0.07392427869840595 0.4028966709845874 0.18399196688635258 -0.3462958837326664 -0.4309133527323067 0.38830787688064133 0.12252809679051518 0.49682292471694 -0.3656606223615668 -0.07269681020595917 -0.13480902500183528 -0.044191522742470624 0.08471466045568982 -0.15983778479344649 -0.2535851153061015 0.20014894231779162 -0.17048708551010242 0.24528545863012824 -0.37685034944343265 0.2803032872887122 0.14725856554438385
1 4 0.2760003554752962 0.20921228184254564 0.21173806744370408 -0.2968652247236649 0.08669548824627821 -0.14546631265083937 -0.01270418274892072 0.05734219093737888 -0.19789293363272692 0.12273428717864596 -0.024750150067055783 0.03474659207994042 0.19132016808181093 -0.24444532906161143 0.35976999785635344 -0.14626281959862325 -0.018164590296506574 -0.17442690668691396 -0.02815410563664591 0.12696181332062367 0.3354160567945501
1 4 0.02201284977351545 0.03815060833324189 0.2345099685678697 0.18729949596836562 0.35241907786658533 0.27261849137178795 0.21496519885098214 -0.23673988170404972 -0.15970612579049007 0.17115693940375945 0.3652724729724592 0.40803999524349105 -0.27330577292074654 0.251062824979458 0.42060611261785236 0.030773672711203934 0.454560011064934 -0.50304736197523 -0.30294835034412 -0.5671174528698482 -0.24923893805325348
1 4 7.064708340094574e-53 -7.023688473486805e-28 1.9550721035129333e-73 -4.099072057976799e-38 2.851736398589897e-78 -8.131179186625067e-25 -4.0527313624943124e-76 -5.869435035800278e-21 -6.060544326955042e-67 -4.2019885655516245e-46 -1.400373842799961e-69 5.731683570957862e-35 1.2288555441475319e-46 9.045892524727803e-78 -1.052281434796546e-22 -2.4939284449961564e-60 8.660063900482165e-73 -4.188870754563613e-31 -9.00994839032166e-68 -1.310152253479721e-28 -0.302702164289945
1 4 0.11409562076788246 0.19324326677569253 0.057687146161993816 -0.3384066593303727 -0.22644679724190475 0.007216192325851363 -0.10192865537985074 -0.08029093734295864 -0.011322305440282362 -0.1658103759950122 0.05400217293325065 0.0831455386308769 -0.3953254922525379 0.18433346050289068 -0.18469062905326722 -0.30513267457357174 -0.3367391402784883 -0.3240230157431849 -0.006038113979218967 0.13188451101613194 0.16966268672835985
1 4 -0.14880492429016612 0.2210414732988685 0.2766774309382902 0.1855485761041423 -0.3075524361874814 0.195727488077996 -0.1401857252212093 -0.058669814295661635 0.1044485399417774 -0.344599432422234 -0.0954975400571274 -0.2184481229739739 -0.3121646900621444 -0.004236629311753182 0.2255226777305993 -0.4067835368613152 -0.08796974821555788 -0.24839687610794553 0.0897298252651233 -0.16894297457978383 0.3814918224496838
1 4 0.09584065059753896 0.6440473019074515 -0.029686043200054475 0.023517440695394264 0.2896152331332363 -0.46579269111891125 0.0034124447170676177 -0.10243460291431272 0.18278751524177114 0.4774777141117041 0.10206318285518141 0.0255009624521814 0.2058994381232213 0.09103178620030997 0.13399617470614486 0.2552583867662192 -0.06512186413073907 -0.06521045650667757 -0.2871268863020938 -0.09486663790116412 -0.1263358819602697
1 4 0.38041656278578917 0.309080914666338 -0.32855135752346826 0.07903322945503823 0.03143725670492251 -0.12689711412312213 -0.30721036937096013 -0.09695356317732916 -0.22720165111888413 0.7144588832242827 0.016604381073219616 0.3186384219179166 0.18501462848088907 -0.4323569859553307 0.27101817382963134 -0.4331287335085658 -0.2769250042114981 0.40993760885953917 -0.46016297979886706 -0.330772754009843 -0.1734433653271002
1 4 -0.19764910487259227 0.07872638530861005 -0.27938414532324407 -0.4702332214993984 0.4240365153473077 -0.026432062102787486 -0.2702174441357783 0.23032506704479236 -0.172574808279915 0.1138671538415638 0.20932969622587658 -0.09024217565590842 -0.1400951193867617 0.2858241685005615 0.1330173567533119 0.011172727576781843 0.09855394686047152 0.1865185487681542 0.4530223900330203 -0.21229094051691566 -0.24329081385617365
1 4 -2.629689117935142e-07 -2.037587739979017e-06 -3.613206277029411e-21 -4.484254052863752e-28 -7.361896263042689e-35 -2.5850296128724696e-05 -9.463154469139295e-29 -5.7046855457539634e-24 -1.3478510406189424e-21 -1.1224712010003454e-20 -2.0566613602266374e-06 -1.5081538006344343e-14 6.823637935778522e-46 5.403810924552162e-31 -2.5346832969631105e-23 -1.4951101157037576e-50 -6.192635086126892e-26 3.2033170337093726e-60 -3.515669560128201e-05 1.6461680076369945e-59 -0.015613737014937987
1 4 0.17466196004430762 -0.07586019490566748 -0.18217871495026047 0.3251240971451019 -0.3740360019723023 0.16389181294304367 0.2535853109688949 0.19065809236840833 0.4017183588087025 -0.08160491454021296 0.0360439416341255 0.02012196470748675 0.006494249599105871 0.2693865656466205 0.0942974957637937 0.09243354609171264 -0.3351337053937621 0.21698923626349587 0.06395580259698236 -0.12040283953453958 -0.04621294556241635
1 4 -2.332430759956171e-07 0.002007092825558178 0.29592183541419687 -0.11906372204255024 0.003982263164999516 -0.07733703008035514 1.318643320254124e-05 0.11448414788225798 -3.520401738205868e-42 3.3571428174836224e-08 0.15785680883963546 6.54542630144867e-73 0.053404202128556726 0.11550722082504786 0.0011759753341049812 -0.01566919676989831 -0.11604909779421313 -0.011218270214295991 -0.1970872744084389 0.0001741976681955285 -0.30063179020008146
1 4 0.36460789258670606 -0.1624431230298653 0.29064018825394855 -0.22116870290403728 0.2226435949109255 -0.10547578893824022 -0.4668128495642105 0.24567653432846015 0.22169541034392737 -0.03945671642697613 -0.1968920057820342 -0.15625353913180115 0.2726877062903162 0.07373992001794415 -0.1069347421897226 -0.6441937525594155 0.16857412691708468 -0.06278974838945338 0.004703848241016486 -0.2948645807202507 -0.016640427959893882
1 4 0.3605998243833412 0.35357519603840515 0.0704892218171981 -0.12365767055997583 -0.13384683716059204 0.19782239267031151 -0.31076200886191124 -0.3484333562433838 0.18392615107810953 0.36443081020035756 -0.23406246013445645 -0.24485029647348894 -0.39131532101634625 -0.26586026437091187 -0.3281343128398322 -0.2334270371955181 0.1526638799923514 0.33345705633664446 0.29140782589759456 0.2955665336429707 0.3346755776642118
1 4 -8.805926380556964e-34 -1.9704525874282525e-81 -2.936109769493923e-74 -1.4907676776050822e-24 -3.4150088055052142e-68 1.5486390034087895e-82 -1.253480867900498e-72 3.1856773146625075e-72 1.9748512029276298e-51 -3.457478884650181e-23 -3.819322477362783e-56 1.0440967571663483e-37 3.968398178436619e-66 -6.4180367549494125e-31 -7.862991128605191e-75 -1.2028087090647293e-60 5.2377174173727054e-64 6.474391201178619e-46 -2.1603318174661927e-79 5.478546795339376e-59 -0.06678031955985753
1 5 0.3251850946597685 -0.3072578424172596 -0.32125287488301424 0.33750596443807507 0.3437232954191828 0.39270859191629426 -0.25705155662377926 -0.128756310413534 -4.390423708778297e-76 0.36285510071809646 0.32757430514447566 0.21015588125320495 0.2534773749026273 -0.02660051782711203 1.9930655665424944e-44 0.2847435555447619 -0.00950410662716749 0.4204482328430333 0.25882551946149274 1.2091590061235299e-26 0.16017016874305498
1 5 -7.542734208419445e-32 -7.937488457523374e-68 -1.0497851511303276e-31 -1.2559013355315546e-33 7.79248707680578e-78 9.723938933981753e-48 3.250495670464903e-28 1.5023351133361808e-20 -3.55408667003046e-29 4.785231190616774e-34 -4.4629520526282425e-67 4.5866856560626386e-57 -2.356966709714576e-29 6.632435676482031e-62 -3.2211170551642387e-52 -7.019249210164247e-35 3.185666068088065e-28 -2.9462411774608775e-56 -1.5588186296249038e-37 -1.2887678690044376e-24 -0.30781622534265113
1 5 0.30861993209395344 -0.009946106104276528 0.41639432835392676 0.07591943377648919 -0.22419961059783705 0.027346244718676086 0.07800545224673493 -0.027538693023591188 -6.909355091621633e-23 -0.4368649388352394 -0.39474148375925416 0.13190833977917962 -0.2155803835837358 0.22334508387331573 4.551049576670049e-67 0.14241385594366174 -0.00401734617546293 -0.202214917396161 -0.07895735326434071 -4.98904287999404e-76 0.30223506127322014
1 5 0.431113265450021 -0.09364684032702253 -0.22469636366622142 0.22744168927011923 0.09916800621718265 0.020909561405711003 0.31465791074349647 0.23635106655748153 -8.355911430452877e-35 0.21581722636099318 -0.11527894884741767 -0.4159326647967832 0.4020111545716645 -0.007919831737101278 3.258646250090773e-27 -0.2712900676773237 -0.017916435445717076 0.4457185923377689 0.30178914940323415 1.4887833137457147e-79 0.027020334060369987
1 5 0.3410869978565133 0.1361368583831898 0.3994376167348573 -0.28453410658879336 -0.13550132139256893 0.2034929396907161 -0.2285316541119705 0.015451285019059537 2.961519573348294e-78 -0.37297071369267054 0.26210449842944983 -0.13652422223828925 -0.31237663277487315 0.3751591853792327 -5.7962181499164845e-31 0.3401449246804813 0.053243026436137576 -0.019735460293666986 -0.2876317004982621 4.1921294353946625e-70 0.2681051627192672
1 5 -0.20094962698246716 0.004207610254284871 0.3848513735734332 0.20908300553670892 0.3920518048051532 0.37395965363469774 -0.09864074108051678 -0.42135426667274173 3.8344622322718414e-56 0.08054654620372201 -0.2638359272644815 -0.43702844041547123 0.0001530739181772757 0.07872816151871925 1.1247771889034877e-47 -0.22616926512967503 1.619490788535391e-20 -0.25143869885426345 0.13898781157162302 2.482756861549701e-33 -0.30290959453116795
1 5 0.05203327104693052 0.241979118575124 -0.04108158259128723 -0.5054341392318672 0.21356035838034437 -2.9788948953853047e-09 0.25868515554705374 0.24797479818887994 8.229462079594038e-55 -0.5936501247562855 -0.010388417463907885 0.3416201941148616 0.0689602939121083 0.2983102325663425 5.922991799385511e-82 -0.2530966831171587 -7.320672461209938e-07 0.12863291954344427 -0.6681319903073004 8.992635912508303e-67 -0.15751195861989567
1 5 5.399823132291929e-68 3.544987057751626e-78 3.2379562331962007e-53 -5.27450758423775e-71 -1.0123125378430731e-32 -2.9736577247683325e-24 -3.2124299353691924e-81 2.4584865375261463e-55 -2.952030687390655e-79 8.895514840423085e-24 2.481759174142351e-59 -2.848538349010327e-33 -7.959865735914964e-65 -3.1537227639586597e-56 -9.982396437109561e-54 -3.4591934128565425e-55 5.916162770831046e-23 9.384848059214584e-73 -2.3154069074834045e-82 2.234121760307785e-81 -0.3782557957198323
1 5 0.3024105251820641 0.14617111000942493 -0.29042671833783196 -0.33240202468748176 -0.15521224378680146 0.2735117504684824 0.4176208917507774 -0.03196266123533866 6.57650522708878e-56 0.21342698037506266 0.1002432202002027 0.06644390637302418 0.27380088256467866 0.36902488979314035 4.826756525769392e-24 0.21624850121879902 -0.1881492913573066 0.04519955087123762 0.1287699352218975 -3.5179637291816746e-23 0.031866390942768205
1 5 0.1408660666048178 0.2042801476787399 0.21152213318842453 -0.3849394197620015 0.31192705725032793 -0.17781953095079284 0.2926053596885424 0.22473016165254367 9.86817819897546e-80 0.2682181773784824 -0.07461936793002993 -0.15098648273058707 -0.5095065305651507 -0.46063254640022483 1.004515063596768e-42 0.2446693207048161 -0.1839311549745915 -0.07283987715231459 -0.05113440194599227 -9.359297456137605e-22 0.32923869747347284
1 5 1.861791047878278e-45 -7.141115242243647e-22 -1.599451660612692e-23 -7.757897823610849e-51 -7.803272631689925e-25 8.292996479248174e-32 1.427909599046684e-49 2.276807626770642e-40 -9.190014408572865e-66 6.732943229271289e-46 1.529056078227665e-22 -8.171951550846554e-69 -4.1762836622878116e-29 -1.4960536511816606e-34 -3.439016671458946e-37 2.0206452642163634e-43 -6.959607971110465e-84 -2.3103421024430515e-58 8.852988330100964e-82 -7.105805110418863e-63 -0.32591268205883234
1 5 -0.2799582545633917 0.1531470643702144 0.08099320713496551 -0.06116461380755625 0.2678017980779671 0.16882120164292058 0.22071033850794214 0.11159612874044192 9.052874303480908e-28 -0.11863268071666734 0.17382581180778062 0.2989220248066682 -0.18539688459442985 0.26421268048060265 9.490812517449257e-33 0.06287462406442888 -0.11340796459270028 -0.3742423548044164 0.3036514510461901 9.078680382726229e-79 -0.17641412091413616
1 5 -1.0050442703113995 -0.15054820480978384 0.4656160392369885 0.24498787506776415 0.07817003421026099 0.17581658872436984 -0.050901016339415774 0.15782122777220942 -4.030927808787365e-37 -0.052125654320978265 0.29997347892111614 0.5765520445533107 -0.5752164467945492 -0.07524338881185498 -1.914303031643407e-43 -0.031221564026389023 -0.08472944313183839 0.1461208061277722 -0.33534122511362874 -2.6172531426275195e-74 -0.0927905073080266
1 5 -0.2419503587566373 0.15695895209325078 0.221832397379728 -0.41395067210648495 0.1746467142535106 0.264398660715966 0.19814568517996706 -0.0003880837968922214 8.787393098705474e-28 0.22342975133095752 -0.37766686948907674 0.38488444002271127 -0.1879345439100036 0.48849991491321315 -1.54926875586654e-72 0.11420314825676797 0.18037163996528122 -0.06372370914752422 -0.3715912607203706 3.720134789166883e-29 0.33263985667291185
1 5 0.3436716204677418 -0.054092256734723156 -0.24498553567144743 0.3513266368813525 0.38905033335714806 -0.321841808225606 -0.22230740417094969 -0.3006329861687312 -1.820541114791837e-44 0.20753314425685573 0.13621900441278217 -0.39664749123111276 0.2229321790048376 0.4397568586112943 8.523890724308746e-52 -0.2414947523036524 0.040738122998242844 0.24971989412367424 0.3897170802929759 1.0377535799507952e-79 0.2305145351338591
1 5 3.417961236311334e-26 -0.1260163997007171 6.333551091964825e-38 0.16004600077276462 -0.12101310071070501 -0.0664793975663312 0.17462653537346262 1.4521291294386572e-56 4.646114891306991e-41 -0.005750200635486694 0.12181957158120688 -1.4635805094739288e-61 -5.027301052490183e-43 3.3836925538042413e-71 -3.2783202878082455e-80 -0.0007176552613130689 0.17368529059239318 0.21982201896000642 -0.14726758789738817 1.943448845935116e-45 -0.23748729953995423
1 5 -0.033387606315913206 -0.26299847731417714 0.11934391982673381 0.019264335981996637 0.09126604999226608 0.029701488307644183 -0.1343639792048447 -0.33500213994397365 -6.951854026724484e-48 -0.038052951471210565 0.38648001814196975 -0.2918063820089996 0.24255738191299991 0.09570984409759468 -3.216499842943879e-37 -0.3272893988046784 -0.01893644137939369 0.2905318569796683 0.14295408267415227 4.5973568489822063e-54 0.219454113489101
1 5 1.0345431964838275e-21 -7.213324257170547e-77 1.2090691123829628e-45 -1.3266939099486002e-24 -2.795012786276745e-26 2.821378904768063e-22 -9.611110046498259e-70 3.1459796728919796e-26 5.485628154525326e-65 -6.578564210758806e-29 7.095844971548676e-80 -6.530733979263568e-64 1.0175665836343244e-54 -4.3057058414945755e-66 -7.166789279976668e-25 -2.586400265638363e-30 -3.1326182732048806e-22 5.458954709744799e-77 1.0136243987061141e-83 -1.3682823302031498e-70 -0.2572214430461298
1 5 -0.15915999888803609 -0.3310754329433312 -0.08275807037595491 0.19844938582733043 -0.25634971515624416 0.19046496794640969 0.2871881802462418 0.30051915397681533 6.453183401853799e-50 -0.425030854799068 -0.2475258471935406 0.03451534413799983 -0.0050509078865875546 -0.19679769459080224 -5.784475956934222e-61 0.3569414848995796 0.0465757316387469 -0.02857962645221078 0.2995911790316642 3.5626397361294836e-26 0.21522089830807847
1 5 -0.30566695099506025 -0.35031080055570374 -0.07819097745278888 -0.3658552982466017 -0.22777920529072526 -1.1250761517087482 -0.1384623973551192 0.10058689416517219 3.006722858190537e-78 -0.3575218103372484 0.23310518226390545 -0.015402452038119054 -0.5921074550271965 0.14742656871096496 2.0169063665399726e-50 0.2761930804061953 0.001775390281607179 -0.011504603856624267 -0.2427192667862003 3.50946700694871e-27 0.2151348127344051
1 6 -0.5316195162943377 -1.430498852593682e-40 0.05824126483716129 -0.5765696630186488 0.07902042225789643 0.35161815016006365 0.8917169405223614 -1.7617522768135964e-66 -0.27804758553124087 0.4433684376901567 4.540910493169828e-29 0.3749965165202435 0.27578081383509623 0.2527866966529195 -0.4087510403718077 0.3455962910121939 -0.13560105196975353 -6.589237334205264e-72 0.25695346158959387 0.8519762319360112 0.501234505619688
2 2 -0.34638572335268014 -0.29752921246523095 0.2156248944609408 -0.10034942949104134 0.04063905083972186 0.35355311871628053
2 2 -0.003833656253262569 0.22662806129316174 0.326701967407399 0.3074273930655131 0.1283133785109033 0.06476697990821487
2 2 0.5918496631875573 -0.2334758248880624 0.3059074693587107 0.45339907593496837 -0.19665638338533928 0.41450736140392963
2 2 0.10350781335976424 0.25696310852655835 0.6056705301864106 -0.2494054827733496 0.24640577321005397 -0.13036754593297495
2 2 0.03978169243423261 -0.44765412619520384 -0.44393577460850003 -0.27466561173239046 0.15402997110180844 0.05997763558495233
2 2 0.4524270255598976 0.09509682541188388 -0.10492220926495761 -0.419946806628306 0.4483957068983344 -0.22538414045270713
2 2 0.18157859106810845 0.10984021601892814 0.5991580641843228 -0.08370276067280794 0.15198473495436984 0.4049150160717051
2 2 0.17335078218635142 0.2085933236600223 -0.04290724258853008 0.3055527960394714 0.0965853783537453 0.2755763895773171
2 2 0.05771973006106813 -0.4443977019060653 0.1891774157542175 -0.32570069301505006 0.041434334120097886 -0.2569321858599921
2 2 -0.37179658224485485 -0.15618108010547863 -0.12883843494490857 0.3387789686654176 0.57311496924776 0.03682384395977788
2 2 -0.025128756346420738 -0.05063048303443866 0.15910349833244997 -0.30396459010887333 0.3989666712949146 0.5218518705597192
2 2 0.2688452019079817 -0.37416545424356756 0.17321488911598995 -0.49916318181831976 0.1496980693662874 0.16927616001973875
2 2 0.2322216519319312 -0.2542973599227063 -0.10644475587615529 0.3572009099143157 0.2046267574516949 0.22627161794485506
2 2 -0.348947076845646 0.026951734591648048 0.36290229651336636 0.18004550979228712 -0.2905881683798584 0.2171506678887086
2 2 -0.29388602124867447 -0.19036385616260706 -0.45208252533437004 0.016966566302976084 -0.4875255859890229 0.09551412028004728
2 2 0.4813371694214547 -0.33045106055367973 0.262206440557626 -0.395826567298417 0.46846893139033013 0.004175756142707352
2 2 0.25398429968775854 0.43634835353189283 0.016100176615926966 -0.2751435725817336 0.26896197681618816 -0.5434743602708472
2 2 -0.35064588082591686 -0.1623926695821036 -0.377188834262216 -0.09757667899525652 0.19051247193315032 -0.09012745073671403
2 2 -0.001191755664232254 -0.3539708208742263 -0.1625917484353249 -0.1442854994741806 -0.4753176679058306 -0.1833186710124884
2 2 -0.36337905430280426 0.4370792768725242 -0.34586886928355376 -0.41090011113887603 -0.26088595817050897 0.08933000528127003
2 3 0.2989265124079689 0.28397916871451545 -0.301116726413952 0.3323652814272835 -0.2378929166297674 -0.19751747532100816 -0.04003549561752014 -0.024463998668556145 0.21051447713914911 -0.49684481862431207 -0.2567418682894989 0.26062318513575744 0.009757642709301767 0.3587281003539894 0.13804034263878986 -0.2671474577792428 0.48550452895709123 0.15174277516497697 0.3107808076160644 0.14403056504378428 0.05890552052377019
2 3 0.12024680572908256 0.2884522866327518 -0.2744233692860292 0.10024229491432855 0.2913554348425833 0.497987452916801 0.09813369759227433 0.02957630663684868 -0.2152223178358164 0.048339641977363304 -0.05359852173806442 0.03412905753269106 0.07013953248464612 -0.38343855016402456 0.08544138393927757 0.4249711903215837 0.06006353781531627 -0.49737195618795105 0.33148014328697617 -0.39464755891433756 0.0034560446480591577
2 3 -0.11989823553290209 -0.25308188899099426 0.15488453483358539 0.12976166908106854 0.19368548983511066 -0.34683048654014775 0.13196276209189453 -0.13999269381688748 0.1759926265589537 -0.11555142963366248 0.10910611033195122 -0.08368572617385284 0.3280889302426427 -0.040964076727863986 0.015216457309777963 0.29682540545308667 0.24747615820094637 0.2183683994348829 0.318391223371324 0.3473521472432887 -0.15018811566100576
2 3 -1.3337733707995277e-24 1.279042416222444e-60 7.839395939449264e-55 -3.158869239483275e-51 -6.015390955301897e-24 -1.0057177602012244e-43 8.456487859389373e-81 -4.339565514576318e-24 -5.792318932539309e-26 3.63128482389893e-51 -2.5515828066407427e-22 -1.9493945582342403e-34 1.9234448980349986e-33 2.1339380017360304e-69 1.3755390121955001e-74 1.2023003434480815e-69 3.3455046342880444e-40 2.1386736503192226e-62 -1.9042193587134508e-20 -1.8772440938738016e-26 -0.24505875523697335
2 3 -0.2668428787418343 0.3654795563686641 0.245470801385524 -0.13040966051012118 -0.058050912385311584 -0.06663025280437686 0.442815844657132 -0.12905845003633834 -0.19661819562723606 0.09489459582185027 0.258073340313218 -0.12567612007035617 0.12233261069378772 -0.1580238368477138 -0.36326016266212613 -0.11345792864227186 0.2837268571422175 -0.14629902531355238 -0.4031378160257509 -0.30458680221552975 0.18041440131541445
2 3 0.25801889820184637 0.09198967831332665 -0.2923360251936696 -0.14921421660146209 -0.004108833720172307 -0.18353727594435934 0.12410525070332677 0.11533308810746681 0.3702851145791038 -0.11848503044588118 0.3866923064555962 0.022445478857522284 -0.1411039313805246 -0.001002316533897984 0.1431755154256021 -0.022177751162141917 -0.13050555400841893 0.3444155031880442 0.3107996287552356 -0.046709575946752534 -0.20064607893627162
2 3 -0.15773617623149408 0.12787623187881633 0.07903044944764186 0.07540628865199644 0.37856516498139337 0.3066822367460215 -0.21423802069861955 -0.2127393993375964 -0.15921510513305165 0.30565745504306047 -0.3706905840598213 0.3866005263829781 0.10770566458419778 -0.3340578543710109 -0.4053290079137857 -0.28789668604912155 -0.37422743386511803 -0.1689993863653633 0.024578262782038306 0.4328126934469315 0.17664015680559647
2 3 -0.25287092557740937 0.275891735129792 -0.3846185966782529 -0.34570760501944964 0.08945943916067078 -0.21158939077599379 -0.04349223675489292 0.30239662650992927 0.03627052670405055 -0.039297617444001086 -0.075475062203964 -0.07684810339618671 0.1434328172103332 0.13311411130244274 -0.42640974878756543 0.06927502822090043 0.6587758358002291 -0.22691696671235229 0.28608420794263095 0.33890032960475225 0.4589100294759327
2 3 0.21469860376507113 -0.012843292572888661 -0.1311074937653796 -0.11997644110691123 -0.11165231350718999 -0.27302238616135377 -0.09117928996279294 0.014133637110720508 -0.13566768246002997 -0.46340478268507146 0.40750767352481987 -0.31776908375998264 0.038423054073484716 -0.1795745463666949 -0.0328486136537099 -0.0976835464630908 -0.9891718875293392 0.21042688811866003 0.20532848109607518 -0.21952576075505414 0.3286613132826374
2 3 -0.1626581269711634 0.24819682946330826 -0.0014439472477544776 0.3322205974483817 0.22271273746801157 -0.07541915715482198 0.17238617610862994 0.24896337214230624 -0.06021547901625903 -0.31172567589337774 0.37959151472494007 -0.219689914192122 0.2065084742390128 0.22446891616543732 -0.19952727151305577 0.3415775996686043 -0.06851407637258708 0.03414104830847247 0.3271876650313158 -0.31836753451247596 -0.31574894660172187
2 3 -0.2813436516778249 -0.3011845857562231 0.10017208897153042 -3.173180521121894e-05 0.21547575957601126 -0.3122838651523841 0.0393349598422905 -0.3729203748968776 -0.04359577299547311 -0.0038746519478745902 -0.28008785042989903 -0.1168811138269795 0.3959575096271755 -0.1320245088600482 -0.13877679816188726 -0.14568874667384116 1.1337394932540845e-51 -0.5929291750798937 -0.00746296817174945 -0.23427646545987033 0.014727374325559995
2 3 0.05837677526821956 -0.08423701036250993 -0.2715842967241169 0.07230267045488582 0.1121017030167125 -0.14887436943148688 -0.20533347306585817 -0.19814950825541847 -0.44814714128295663 -0.10961203586461889 -0.04546935888344012 0.29712570850232806 0.27531177205586843 -0.12774534848887445 0.07564380673934996 -0.096289462039955 -3.965732870660677e-26 0.13260055827308942 0.15806802088332797 0.15940414451257923 -0.3312910190234139
2 3 -0.2824487962125738 -0.2187562007443976 -0.306352150536676 0.06316301181292644 -0.04760623036185828 -0.3069734068898471 -0.17416483725281914 0.062391410285626066 0.13496610872719728 0.13690753145605944 -0.09174939249694107 -0.029536262413955513 -0.09406744174602107 0.03592236610645875 0.40256673824348804 -0.07617475382855082 -0.09834879315492093 -0.42300799740607903 -0.38083576874220454 0.18715221586864542 0.40394982556488485
2 3 -0.1698263015944735 0.19635060072627158 -0.22621601941403213 -0.44598773147455006 -0.16897383964600726 1.2086109191867693e-54 0.34534780083266203 0.054745871660194394 0.06106750294704036 0.10468218451037817 -0.10829181770997635 0.026905614012145897 -0.1722926090466127 0.14836485760386933 -0.08001795328416525 -0.16860239759358037 -3.082898492255882e-37 -0.016680740304851414 0.5168022707794583 -0.06307517847459417 -0.13602167006371998
2 3 0.1707933363843279 0.3313691768612945 -0.02584945798366902 0.1917606524708447 -0.17547273560063653 0.1429968144122297 -0.3582397083892337 -0.345660275588266 0.07282721193081125 0.38915928221176216 0.3312150984604258 -0.18469860036683033 0.37382678179728623 0.032529698695567974 -0.16792272474362271 -1.0168950742714555 0.7598937116480764 0.16893935794136353 0.2837768193891775 0.03798051848440059 -0.37521527775996755
2 3 0.11123151776954907 -0.11812497847333982 0.08718383343273843 1.402465856729871e-27 0.16251790978436273 -2.9658180291679246e-43 -0.023948642270081665 0.07329415163380881 -1.3223746146047569e-64 -0.08221713479363037 -0.17860775025396786 -4.8984326238139e-22 -0.1015639884040291 0.14558726689288395 0.11706271142713387 -4.226263156872184e-56 -2.8872420463642964e-75 0.25175084593912916 -0.2750898094835769 -0.1480253676603275 -0.389307614802558
2 3 0.13517417084964645 0.14478822980886802 0.17075939618432165 -0.03957072902709011 0.3608196447479185 0.08378772760412807 -0.44963786828806235 -0.1060112429670539 -0.18503140283108707 -0.10672518076906434 0.06622879989689956 0.28892279239769175 -0.030473600468021125 -0.4996707933082147 -0.0016182623497320596 -0.217845060886107 0.45280199903386364 0.035486454043180994 -0.22166085884154096 -0.012371615426392866 -0.16373162804090224
2 3 0.2711460094368498 0.29380814233987623 -0.07771963771185454 -0.30184239801437773 -0.2112426032526473 -0.022581472244898954 -0.19903545063430214 -0.4054778671255342 -0.10912401433003367 0.0591970072196608 0.2709817522576701 -0.021382649902138284 0.2763312079800941 0.17672405740087938 0.3672363410957395 -0.16875682441801398 0.2595195243633395 -0.1835351700666273 0.18816838142782139 0.22720836863018884 -0.21618444874994755
2 3 0.2412270170177795 0.18545906689604008 0.3268435113671738 -0.43270920943082336 0.30575209980318097 -0.06648550829784326 0.022953820816913436 -0.07732812895461143 0.3872623978884664 -0.020818647927343288 -0.21853080127851318 0.19958779291006246 0.023722907557517464 -0.003271296471297737 -0.24405823126400264 0.07587712588834063 -1.0691449842626912e-05 -0.08406868299898221 -0.048732463648975065 -0.5147843086440127 -0.2794827139284527
2 3 -0.15522371581114405 0.1813146737719486 0.3188602906182878 -0.10302381341099091 0.16086644418927099 0.1204011804934071 -0.013650784129931582 -0.19348868567895583 -0.1553677579233392 0.13896569915229606 0.3075673902708843 -0.12134252705218483 0.26884207957044864 -0.10400092295923792 -0.2485628243571533 0.12710060517619334 0.016055949492331734 -0.19420975929553533 -0.4699506286603322 0.041804509254228614 0.26573812801033697
2 4 0.2578459341228664 -0.3507136055474771 0.21185420282002432 -2.3553410165689893e-46 0.2616158256861017 0.1730612045233866 -0.2668090517902048 -0.10136295983956004 -0.45322604543122036 0.21284850644735803 0.13594328878447043 0.46701917045038294 -0.3097518198903753 -0.3381613421499547 -0.14940614871924524 2.8975444800324127e-73 0.14395580691003088 0.3466735982739558 0.005470493402487125 0.011261812965423678 -0.1255191467615166
2 4 -0.1463548889091094 0.04640186599361469 -0.24486390950120418 -4.3184986316602684e-39 0.2686423353133753 0.1101273704170667 -0.4127379386593839 0.21888375367384386 0.1162851195392866 0.2407040056014426 0.5164717067706072 -0.023107673118944714 0.3479666403835389 -0.3726893188096652 0.40251879522910056 -3.007117965735537e-08 -0.30759354929780963 -0.12813087363630937 -0.15679493448372916 -0.0321555565838286 -0.06547331803625511
2 4 -4.781711569471038e-24 -7.406134841292306e-67 -2.2175224136717658e-49 5.757706906689668e-69 1.1931493770449706e-78 -4.696243300012192e-27 -1.1454174658083125e-82 1.4388230179337619e-74 -8.4355523961187e-68 -3.723727454242902e-21 1.620136957218547e-68 2.2478241384075846e-56 1.375270057982076e-32 4.149691062988897e-75 2.1076097480178772e-51 -1.0630840398963094e-80 3.509160551356642e-72 1.3905010633996572e-54 -1.7935135705491185e-22 -2.8044629110519764e-61 -0.37088796494676846
2 4 0.3087316279870809 0.06178914632591575 -0.024070702749445883 -3.8554423239805826e-29 -0.4070200819781603 -0.0262655645741535 -0.23912133831297527 -0.19343584375470851 0.04212956013362799 0.3072072159667421 0.009125265308653848 0.3556945094765002 -0.01126103077969144 0.6105711387433582 0.24821913377692773 0.12402254338240143 0.2097093068120696 -0.5725164269383298 0.3117662437626231 0.14903664613407908 0.14829596479504747
2 4 0.032043695134080195 -0.3814018563180691 0.4252113107762619 4.445311757089749e-34 -0.28911633627416966 0.4406205816739593 0.05623281368270894 -0.06264880593130918 -0.2093884887384492 0.054195539226890896 0.38086268957554625 -0.3627682820459469 -0.0038551564892468277 0.16699509653714464 0.5297985494073861 0.021978983430583555 -0.30699342527515866 0.14155087712304953 -0.10967251383908455 0.006625556103087169 0.07485593261062104
2 4 0.4772316478397669 -0.3683195669191279 0.3384833490250703 -1.6190488885334315e-47 0.11024517301289924 0.03687031977303194 -0.3501136289528999 -0.0666398146933558 -0.016408369784160652 -0.19065672035224634 -0.11820974775440685 0.06462280868441345 0.28309190374534116 0.114999966244426 -0.018483738081793346 1.5849261286052767e-09 0.11318996016859695 0.2691329568278647 0.49526432953857896 -0.025424484174897743 0.32595347258400825
2 4 0.10566827909512579 0.09329007807184563 -0.09011208764370579 -1.3868659834015528e-59 0.13123499573865902 -0.10912398252136597 0.2646206112072684 -0.09372100654042319 -0.2434050261097272 -0.0691871053462549 0.49337226232401615 0.19954082037098508 -0.08207237839955421 -0.14390163460541638 -0.3251013044377397 -0.0031638839896239094 0.015638867218779932 -0.5915475173613147 0.021201283819262753 0.2563614802781258 -0.12461557072119883
2 4 0.34051714724762167 -0.07882155241283174 -0.5468990764981886 -8.728528789326674e-32 0.2412674248515236 0.08057640368383995 0.23445140654669533 -0.14599101244851598 -0.11971331600372034 -0.1504259988394082 0.3434170076442383 -0.27867618021943896 -0.4831626517421273 -0.32770249268896595 -0.35724722108192697 6.260394285651695e-33 0.462265165327353 0.32617952708678716 -0.369227314328491 0.35041507122867527 -0.16660243449503837
2 4 0.12467401940072821 -0.02040634595682177 -0.40740634084694133 2.2577972151173796e-23 0.31393128157930994 0.15186733293925944 0.05280891409377862 0.24249130953021664 0.10688367348030485 0.25167827344531424 0.037948174096788585 0.08446864950479027 0.1089727041872463 0.3772545287631211 0.14051209153682157 3.0339671643722598e-05 0.25676820807588596 -0.2909468293579742 0.4707413497390992 0.18904134114738555 -0.2702789520970305
2 4 0.327199200449475 -0.085446560653397 -0.3278175288945896 -7.96503930903195e-80 0.3706270088545811 0.09700109684316985 -0.22937403879228524 0.22517940764350491 0.2401265698591694 0.37329181042393883 -0.11534342737706646 -0.3239739719306243 -0.36517985399850933 0.04218300178851972 0.07284827750436608 -0.07771493577352039 -0.16810523286483103 -0.2551902443376147 -0.16090515841357247 0.37382063035609625 0.2819263777320563
2 4 -0.306106596084189 0.02889627911736081 -0.02379050520212257 4.016044531440821e-70 0.08100942437557249 0.08944025847443941 -0.10883061166420074 -0.37053763475893137 -0.20183159210290136 0.2759522986697397 -0.02914272859811651 -0.21276532481235166 -0.09995099200516688 0.3078919265162513 0.04345124955425969 0.014639598990154254 0.29428816793339374 9.106281160452303e-05 -0.1441277786765717 -0.2841135336874797 0.2105158592720684
2 4 -0.20549084368285084 -0.26037364336071367 0.06813365908209375 3.8663673177168504e-82 0.11805873248632176 -0.01677536731279529 0.30079815870616244 0.2601175336890162 -0.3637569890778522 0.24824571534706202 0.21548616355289005 0.296518235770442 -0.04922363015654729 -0.43792320605780377 0.03739938097589074 0.09183233134100295 -0.07645149621031115 -0.0612347527463728 -0.14075079790947823 -0.17002584658802153 0.18530836849238633
2 4 0.2947344091067552 -0.3096046267853544 0.12596716263314703 -2.538933868746141e-27 -0.08798716296500682 -0.29354277668845635 0.4365079232279765 0.3124036152070813 0.3018737865163019 0.15210565102676857 -0.1586417026483405 -0.38475891169125354 0.1814350399449028 0.30885438686910144 0.11731673729362463 -3.4210128638590705e-05 0.04522552717794074 -0.11285539255640284 -0.19418026449836928 0.23794063201349064 0.08561120807443837
2 4 -4.980766012448645e-57 -5.125618827474697e-41 -2.872778383781303e-26 -7.114672542744446e-67 1.0333325221892577e-37 -2.508575865111581e-31 1.6010263282087902e-47 2.7474879759672764e-75 1.1042180217887886e-32 8.146383147900847e-30 -9.808091221488568e-76 6.30611320850791e-50 -7.401296487465562e-31 -1.1691330675044406e-57 7.429967987334111e-27 4.4003882042905826e-21 -9.192077469745894e-21 -4.973209155435432e-52 -6.901328584533117e-77 2.689167816085446e-56 -0.18972362843731078
2 4 0.31443768978521147 0.006704900678052616 0.4048643306745221 4.3108747164801436e-71 -0.09001296882385024 0.13918747015200167 -0.1081452253635854 -0.40635594022845073 -0.02160067592190092 -0.4024479165570691 0.012967669171932292 -0.2117910197132705 0.08313944556169835 0.17856706344283216 0.25554272146276674 -0.19172755246566675 0.23038387328342122 -0.1627756963782569 -0.3409300592180383 0.11023708586141866 0.3459050497234302
2 4 3.6515202070245314e-59 -4.474959865221809e-29 -2.613105149063007e-45 -2.054300167840908e-29 1.3684494188577274e-64 1.6708664787056503e-45 -1.6269946857284985e-25 1.6224644873185015e-62 -1.9299474534284936e-71 -9.025042803489065e-72 -1.0702545260283581e-71 -7.753439473309864e-56 8.871838513462126e-59 6.307630441285358e-76 2.244850953153587e-59 -9.176828226914814e-50 -3.589529249117556e-70 -4.891419474058882e-22 5.484034156576999e-34 5.47966061751564e-60 -0.3125272311740226
2 4 0.23318614848384234 0.36495509526632425 0.17927543262148066 6.674559448560681e-38 -0.1939388899292486 -0.250638970249713 0.3058876387575969 0.22360049318095954 -0.39523753214601787 0.20489775432988463 0.19223403709100834 -0.060641835587344116 0.4330589675705502 0.21555585002805225 0.13223870563523787 -7.129868782118863e-59 0.37022661357651887 0.11303530747889644 0.2378756533579864 -0.0308248688329539 -0.11754525241731927
2 4 0.23647820264410185 0.1783088494014171 0.2755164513749167 5.752881188945482e-22 -0.010582700632332694 0.21139189170740522 0.4240199421735955 -0.09351269284801686 -0.396181983309401 0.285908699916713 0.29181741179270193 0.2821042525751755 -0.08383429428009397 -0.31593737523001286 0.23892729703952698 9.210795765761669e-06 -0.07024427194489632 0.0034599209427930515 0.02153312866242154 0.10271265631123754 0.025975990009469933
2 4 -0.037240352984572726 -0.01974387202378606 0.12829067972992914 -1.9831251532478406e-27 0.17082145731179169 -0.22125957622828643 -0.10103777735000988 -0.23889098282169796 -0.13448911884794632 0.2813309470829763 0.23958412022400594 -1.0323062729909688e-21 0.2938922897629989 -0.19424565110137645 0.30420222199149155 2.620905524882097e-76 -0.057870784629930345 -0.4739190771760575 -0.113335643054658 0.22614285736243803 -0.125278606768754
2 4 0.1610222990302919 0.07607684651863565 -0.15034309453283756 -2.7778697870218722e-61 0.33937616461034587 -0.22115488350190074 0.15435415457080123 -0.3325994136594163 -0.48860330689053705 -0.2818757701773663 -0.11188994696191468 -0.18628329145278427 -0.5636436652294884 0.3486000818431642 -0.0006471360885061896 0.0004774651929535038 -0.08307797913900146 0.047225306494251766 0.2258778161565435 -0.15622454356806215 0.11290413455504959
2 5 -0.20381860043362962 -0.12878594764998827 2.3485068827037506e-57 -0.2931299106185254 -0.37785691015277295 -0.04282487611735864 0.12463748586746887 0.02202048808873524 -0.03774114774153646 0.12902886006036957 -0.14065614498798068 -0.3649241377109856 -0.4059745857381977 1.485520388694987e-41 -0.13560140381829947 -8.067922977780555e-44 -0.33085454542704557 0.05449508239710714 0.37869546113384245 0.19227110477641005 0.3126693578236324
2 5 9.7784349034883e-07 0.10769950602524021 -1.5698178236794913e-30 0.013976740499952777 0.18852997040158312 -0.1627288271082056 -0.02164158908002194 1.6041553623811596e-26 -0.02483671771077508 0.0008028975371492727 0.15588852381883767 -0.041364791095298 -2.0721047587163543e-05 9.492724077748552e-60 -0.20320004629996055 8.096897290330024e-79 -0.004316701266975405 0.22329230944447145 -0.010834553358078355 -9.442102999223524e-07 -0.1956304137064322
2 5 -3.1531068453435454e-51 7.995676027157289e-83 -4.895191091169127e-35 -8.374737582781641e-37 -1.2397890098821254e-23 -8.098205805260754e-80 1.9056681490211614e-78 -2.3255564763864756e-21 3.414473490907738e-51 4.863104445215771e-78 3.7976662151441434e-82 -7.166815375340858e-28 8.61576793759795e-66 -3.4509007669065304e-75 -1.536645821644318e-77 -3.996528814951725e-37 -1.713860441204641e-34 7.413158076764172e-63 5.050300250572905e-59 -6.122651893263809e-59 -0.31449622068550603
2 5 0.2917412591859664 -0.07140897602309297 1.0490446922305445e-60 0.19453748787623798 0.1827762892657428 0.08554165980025853 -0.0032452627033705316 -0.35259709945373785 -0.16717672645203374 0.2738400758240511 0.0064913200754225225 -0.37001147265929785 0.02485942699567344 -3.3262961163348524e-46 0.17103325370761072 8.131077957007287e-27 -0.28719192973016167 -0.2937776497399088 -0.012184574299723989 0.06550950221052362 -0.06810746630082133
2 5 3.667202370829149e-25 2.7839453671521926e-45 -3.85197399305998e-24 -2.4779960731631897e-30 2.29232776694082e-83 1.6015316161522075e-25 -1.0421142604224077e-27 -5.607147811253678e-43 2.6179292466713584e-76 -2.879606183919842e-25 -2.4637050650105122e-52 -3.0532233754399237e-21 -2.0840788143404736e-66 -1.9739444180165813e-31 3.635555984674128e-79 -5.0100975819821404e-37 -1.9494252588822424e-69 -7.7157821365009995e-25 -3.753126328966778e-31 -3.0074848678740348e-59 -0.20706721279712215
2 5 -0.1877740405250506 -0.26114875039494606 2.5403666196960785e-45 -0.34897943871812415 0.026581711705174097 0.11486748026260638 -0.08576878976531518 0.1471259184944177 0.268091344314942 0.3440251881738711 0.05487842848371524 -0.04483225637880401 -0.2251480699903591 4.485670632148035e-71 0.22949630021281986 1.0394660483728287e-24 0.1478418692167388 0.3124545980268572 -0.002391004926985426 -0.029174968863505617 0.2175349153607051
2 5 -0.3202842301180772 -0.07687682423064862 -9.715951178701239e-37 0.2724546606175511 -0.17093520064080447 0.16520921314124787 -0.023315184182844746 -0.4055114234923135 -0.22729215980921336 0.18244391026893064 -0.36795441646122873 -0.14957612663736025 0.17426150752033134 2.1344863159750335e-51 0.14031365161259557 1.0147496899154695e-77 -0.2686123586468547 -0.24062243999496954 0.2097554099441275 -0.13273798346727325 0.08052851516486681
2 5 0.0962715951810498 -0.0555167345047438 -3.57107656051329e-51 0.27324305516441416 -0.24369688825472594 0.04516830671907918 0.23715419805712562 0.13063409146354668 0.386803657348642 -0.3263483121064905 0.16800824652350804 -0.19615991865995605 0.1367940823013702 4.1487378740458796e-23 -0.08646645290918821 -1.1694984379238027e-37 0.12544942170379997 0.3066843146458504 0.035826010871695936 0.16881139045623406 0.29303396959463823
2 5 -0.18988594926558855 0.2183016355783336 -2.782566939374941e-71 -0.08500042487489992 -0.11586726322795582 0.11933864950947635 -0.17678559875323982 0.4136370733871434 0.3649075174063992 0.028928156998271445 0.10028920719936402 -0.21223396167070865 0.06339835059134813 -1.4588937376219695e-56 0.04018126574562512 -1.5038603405198922e-82 0.21287473610761407 -0.24309059098889643 0.19001781172632423 -0.31901346557565 0.2638145938574381
2 5 0.289573105980933 -0.17344302113044566 2.022430425892208e-40 0.07965108247424418 0.11421926943647039 0.19526155551017893 -0.433151761161888 -0.0993779184773922 0.3528567569756639 -0.29733653930017534 0.4432094508230733 0.008723951502581265 -0.0004415087301555707 -2.301228188386577e-43 0.19463805854107724 1.0752112895888226e-28 0.3700376367572913 0.3872944335710259 -0.16854955971540206 0.25039543182126306 0.39098035704121475
2 5 0.40435863719694215 -0.10972084201336474 3.566045834909224e-72 -0.3880161514092953 0.5889571530585047 -0.25171262558528346 -0.00011256987702130954 0.6131692168892098 0.2965878751459522 0.08456706886753525 0.046001009992003176 0.08774928423822052 -0.12682814965041983 2.4984345438493927e-25 0.08121106136933458 6.252362605571915e-32 -0.14994100117340872 0.18859823020932512 -0.2300149953221651 0.15512206533360495 -0.2651920635118895
2 5 0.12501869444064093 -0.3127805250346528 -2.6213741582333028e-21 -0.24983425250879954 -0.20821562206054825 0.05071942555407073 0.07677782603388483 0.07055148626563032 0.4090689570706926 -0.3258687133417925 0.16550470042663634 0.050528580351468545 0.35149297060608614 2.1386030205011373e-80 0.37753868450876255 -6.651967679460896e-81 0.044159922604123665 0.08876040330614154 -0.21948358081798236 -0.25974911579142224 0.06628528885651601
2 5 0.5012007313154556 0.11142561422329442 2.7557679350492367e-55 -0.057018441087745925 0.27995542488129393 0.2867090933817432 0.023111743713713186 0.3847618078077688 -0.13389634335201048 -0.4346691780614434 0.09049245210317945 -0.3411483634703872 -0.4074237952877088 -2.606863132447421e-32 0.46581325951297065 -6.039537890601301e-74 0.058480192428329046 0.08562644296143002 -0.510467265891708 -0.3188770394070697 -0.012512264515232649
2 5 -1.8306522563086208e-66 -1.5804429996815432e-28 1.8312820157718796e-27 -4.8289984456655315e-37 1.2210760778564309e-29 2.625166320137919e-81 9.043931426362403e-29 3.4605857498094327e-72 1.076862520987597e-66 -4.82961248336538e-36 -1.552547319844112e-48 6.320617427054889e-84 -4.1332187982054464e-26 -1.996263219698002e-22 6.091011760268311e-43 -2.1808912831769346e-83 1.7943296562661316e-51 -5.182800339471512e-33 -3.9804373088580376e-29 7.607560246684931e-38 -0.26392531206077124
2 5 -0.031812596450520286 0.05297359150982613 5.373490561190719e-38 0.372930354457184 -0.41033848312084076 0.1789999022463279 0.27891915005020346 -0.3102858572990388 -0.20508587694260533 0.3407507761366184 -0.17120385572805336 0.30387193280734887 -0.09316527633152442 4.295074661308351e-26 -0.25361335470196994 2.2533463441085605e-62 0.13492227184619782 -0.0444837450889211 0.4016064568829373 -0.2227792271224235 0.2862973198429749
2 5 -0.2288192714063662 0.3346259204544433 -4.017083772670975e-59 -0.15881798556771076 0.11247405242077228 -0.2914122921652112 0.3469370649889868 0.18203917075425857 0.11126086644983106 -0.08329921891272825 -0.09114346111479195 0.26761289379349856 -0.3998480841490404 2.1761201863947886e-69 0.1972638274054268 2.7982343200378885e-22 -0.42635983714283443 -0.05833206884092631 0.3165642794720528 -0.35809040726697133 0.3528155842731576
2 5 -0.013443204760532785 0.3779333876293578 -3.055174499434963e-26 0.13742916153208826 -0.2997213232022723 0.311423491928931 0.3216976495163037 0.0983499310607262 0.14501796193078836 0.2745579219005306 0.22982497581781036 0.1018892244250352 0.2700739876986292 1.2090051727017828e-49 -0.3379044157763407 -6.578435575114963e-22 -0.17796002182309006 0.07778785728732387 0.2762199474868464 0.0045377109556035255 0.011924466874077454
2 5 -5.586999744695232e-84 1.6675240056618195e-74 1.6105760550271284e-35 -1.3269124334466532e-79 -3.573284786551778e-40 -7.180080399074766e-62 -1.4963478741060539e-55 1.7772529977882013e-74 2.756978078273084e-46 -3.41839760094764e-40 -8.069341177499785e-59 3.0912115110630415e-21 1.553249343102876e-67 -2.2687133573610493e-49 1.7170447937546606e-54 -7.621755708333826e-27 7.068102764158805e-55 1.191135407648583e-78 1.7092059060686e-68 -1.4297269307617055e-67 -0.0762685218891066
2 5 0.42666299709656874 0.19695988750405297 7.06342568223163e-48 0.003947673326899067 0.22708419783048162 0.0798845264565537 -0.06612406288071844 -0.045158826479495005 0.15198780328076367 -0.28007533277690994 -0.06431722881354228 0.09200021049232161 -0.3333987713994399 -2.4298542824210587e-22 0.33841476388012043 1.7108176332264542e-23 -0.5784647888065324 -0.22883647124549159 0.3281664242384237 -0.26248950740440236 0.17153619905139597
2 5 0.027842270565761985 0.3611516282044049 5.692828431778719e-39 -0.2909309680281028 -0.8125574334159168 -0.20541677450980958 0.0016602070757413862 -0.03804446652184637 -0.21157800622438694 0.26605096617568175 -0.012186586934294374 0.2505408679497095 0.22587419758801563 1.0792963507794809e-48 0.02575040398408964 6.224650199178217e-27 0.0009943283979871613 0.02751515356016529 0.2573031568114058 -0.7761733454000538 -0.14786325363376226
2 6 -0.26801446713143107 -0.00011206527927208433 2.414035750443597e-46 0.45469334941937495 -7.477069776580688e-16 0.4559066948212543 -0.4861722106494338 0.1384589338660598 0.12986501342568124 0.2903806049599393 1.0274506647339217 0.354576374342753 0.5497085745478654 1.4684305390330471e-23 -0.480449153035602 -0.19124952632503459 -0.45349417135090586 -2.7165603074550296e-30 -0.0722729409327522 -0.5668920182920015 -0.023590255883272515
3 2 0.29001559679655037 0.2566442609049411 0.016763004553566708 0.003993010327633442 0.07935525725894715 0.04615363411020073
3 2 -0.24330763118209686 -0.016311191037668232 0.19575319318184076 -0.47248607606954734 -0.3368461431629959 0.27690311108412374
3 2 0.14432619645828926 -0.16354182867905784 -0.05431295946948117 0.39426251495188563 0.35838799675943556 0.29357487009198535
3 2 -0.4053593098789426 0.1157866339795989 -0.3141852867078969 0.5402069754943988 0.5259509347176979 0.32542028121295585
3 2 0.02944985278932559 0.3301448332548683 0.2815609467975011 -0.41729166489466457 0.3133431767885654 -0.2048976147100124
3 2 -0.31238461933094674 0.27685203627063226 0.36054137542757625 -0.2018696237413988 0.2035037425655867 -0.031009452221136893
3 2 0.13398439820739508 0.16508874408084873 0.1699323572511139 0.3337405424494929 0.14003349376180885 -0.013097457974662842
3 2 0.42927567826276736 0.41243796370847585 -0.1460846240604733 -0.15108849235674235 0.02840580468918677 -0.05088695337283767
3 2 -0.4021270523819459 -0.2288802677170375 0.2035068450419684 0.4826097905847276 -0.05648490146280049 -0.5167151881175959
3 2 0.4862816595664679 -0.4913384441727434 -0.0897201496531184 -0.3513174614169758 0.06513334741373071 0.42890544829842786
3 2 0.42409350046408345 0.0066734583674386274 -0.3386827422060767 0.40527971157737863 -0.38927380833272957 0.11587143558603476
3 2 -0.28930466650508474 -0.11088322623020082 -0.36423159487060525 0.05950241920016897 -0.30648273370342105 0.33602406084911945
3 2 -0.0019176838203257738 0.24586228512631528 0.015730147250141113 0.07698463219653148 -0.39253719898692807 -0.17956402621939016
3 2 -0.19973564139453348 -0.29655915876244854 -0.40701361594082774 -0.383055631961732 -0.36256556269469276 -0.0941822757039948
3 2 0.3339730982999226 -0.3127088750480129 0.020355972496441513 0.4020236307678767 0.14086689420560836 -0.2649398768137442
3 2 -0.30651913354284804 -0.1639535420006094 -0.29694943479775654 -0.36994524651800614 -0.11217370743711923 0.1605327786814043
3 2 -0.05525088703793297 -0.3169855451295962 -0.004097055817321798 -0.011804086530988533 -0.586859893204122 0.08436367284042934
3 2 -0.4249492858560352 -0.27402561966101213 0.2598393171219147 0.295182778244735 0.02947585534596893 -0.21528553010315227
3 2 -0.1347496697475719 -0.16234800735952923 -0.2656542754040484 -0.4312072915491262 0.48503077719234977 0.31758708470461605
3 2 0.399101527712161 0.3734785662577738 0.40102520578302925 -0.23335889976734212 0.37645102707401545 0.305378679382252
3 3 0.2304294104192342 -0.16318311986490833 -0.025506680235417037 0.24033824729852518 0.253012513878782 -0.1489318111716238 -0.16382121475494768 0.24309599251943503 -0.053154017230414165 -0.13162563079200454 0.32237269253031625 0.35240073308234243 -0.19833551007134975 0.10932566355212882 -0.09616828973740013 -0.2564971322084196 -0.1376988170742936 0.15029421116330666 0.15953917442299353 -0.37608762422759157 0.19186336483415448
3 3 -0.050052481696364254 0.09751311295751106 0.2543476269499387 0.07036433479412887 -0.07524281374474805 0.4631033934853668 -0.2962576723547505 -0.13970354257106443 -0.044471912373594526 -0.1602152205576944 0.09425751855058738 -0.06864614101674503 0.07444379571933245 0.1554145032290633 0.034790216014141 0.2347073455544024 0.2532703744101368 0.28296700037519096 -0.08345684964433359 0.09638382266075017 -0.0920580802714982
3 3 -5.593929563003991e-33 -2.199920707648865e-26 -1.097292823448602e-10 -1.6748600267471905e-54 6.787755972965478e-44 -3.8674918346998656e-12 1.783455267901312e-56 -1.2704300557637144e-12 -9.868492085101312e-42 -4.56393054230916e-19 1.4019107110150456e-53 -1.107234743843243e-54 2.1590843665505982e-10 1.7126303796353629e-18 1.5623907657228072e-54 -1.853810287266783e-10 -3.1117869595273732e-43 8.200396143939865e-17 -4.732036161707046e-15 1.3063754136869476e-53 -0.3729265108231974
3 3 0.11655255236405075 -0.1107255649845227 -0.1288603905634579 -0.4812225446314761 -0.21143976764531675 0.1340051249307898 -0.2580908450316087 -0.01608476322312138 0.08510947033829813 -0.04139127735293419 -0.13489520940784677 -0.31915116476403066 0.04137984081851888 -0.22018080923073577 -0.10498894361001657 -0.09122202018945191 -0.2979487972883084 -0.49720261213405254 0.16614291379455115 -0.1492755330150187 0.35478816297990845
3 3 -0.12292143640243579 0.39839069956935125 0.06380054427061595 0.1502780066585222 0.37378230587226163 0.050400942920493956 0.13348321305142824 0.18752782772553606 0.4289190760473261 0.10189641989790803 -0.3497816023194898 0.3978403207589495 0.1261824003082133 -0.29574343566274985 -0.04485875937455187 0.08155058062081989 -0.03339572947483931 0.2829750821084584 0.03714798238687043 0.20257964451740162 -0.03131219180466585
3 3 -0.04504287747976864 -0.09803131601586412 0.0436675771150591 -0.37050265930734916 -0.104982137594095 -0.31304731167228916 0.2899856187909958 -0.005044697866458615 0.14440736036080065 -0.16250930771921482 -0.01209187636444573 0.32827668038926694 -0.4798914665900836 -0.03338818501682693 -0.1429522311150192 -0.3702110258129914 0.1148061198119836 -0.0848014691567225 0.22832929551603046 0.009766417653502682 0.2790093926556371
3 3 -0.18627884706610517 -0.2542699341694762 -0.13206694488643556 -0.27999669512663705 -0.0884554490631302 -0.015902703762293212 0.15003491862784962 0.4175691049425773 -0.6323051964777168 0.39290892953444356 -0.0659819919613265 -0.05216375961185742 0.14841852571800107 -0.32776252570533093 0.08113082056435532 0.12605456729887202 0.14293105207326637 0.2690903000421717 0.3720915926066536 0.3920457654688349 -0.31446492731298564
3 3 0.06915644343074596 -0.018145443846311973 0.24051893692567952 0.09375615395155548 0.12626925888046098 -0.4374895060200232 -0.405647550714854 0.11197501380586104 0.30209696691131455 0.01057461917032802 -0.3345478839020291 0.06239537718191468 0.14818932365499993 0.12346018052742888 0.01756892651014827 0.28360924035180585 -0.28954888560176256 -0.08908856612866174 -0.03958615992534161 -0.20871669904079945 -0.05439519175203937
3 3 -0.05529454411411836 0.22999380080861326 -0.3153919971021088 0.09057215342262147 0.22861998030520578 -0.07247252275741826 -0.17901376263405583 0.07982972341089321 -0.10792983502981399 0.10391970867021576 -0.07572393685556644 -0.2428061127618281 -0.026595507903542193 -0.45137965293150084 -0.09422270413320319 0.18085580875439286 0.13776060901453968 -0.06040638500862539 -0.18776825404607622 0.008835936716953301 0.05301200682992999
3 3 0.0012989354496428368 -0.14059902539022068 -0.04624420854736341 -0.2107310061573392 -7.325477235816542e-22 -0.05159114155255493 -0.01706636139901823 -0.05603343815281726 0.006391312383479611 0.2116490437103414 -0.2917127603670599 0.1774048084918823 0.18379294131129142 -0.2876859777259324 1.4448439161811636e-25 0.22557527018903548 0.20953778889825042 0.09755541164123699 -0.08305163924917928 -0.11437512839341749 -0.34868455623832684
3 3 -0.20556466049951724 0.18282764202738844 0.18591776455167625 0.304374156441459 -0.08676187650690441 -0.08850041273861832 0.29762174435910105 -0.3413972316506675 0.1671276214580905 0.2898602054225342 -0.20926747463055959 0.17499694576965488 -0.04785613534779681 -0.307436871264687 -0.24904041808544375 -0.1739054241452879 -0.28242300721565283 0.329335528403445 -0.2938684701752857 0.36373721357672867 0.21168665922279498
3 3 -0.12716362410273488 -0.16501881366433432 -0.16002234970103224 0.16599543391278546 -0.021397308278734636 0.22706126427969692 0.09844652274840891 0.06355376217481815 0.030698213180364024 -0.0602787090784409 0.29900000598768695 -0.43600837222560174 -0.019619241487169366 -0.45562309452930394 0.06073588909587158 -0.2644333572707829 0.0067872687934621215 -0.08326369208191246 -0.051554490835252625 0.2334156211667781 0.17611824078815205
3 3 -0.14750133694559614 -0.15733777445304728 -0.11495306851977898 0.4812974917021706 0.12787848803712973 0.12039302133102271 -0.08646895106202815 0.3996126771114185 0.02633814306705845 0.09739336769257155 -0.05101746448078668 0.2432970109385399 -0.13933239542753392 -0.28229993754779115 0.225301713351697 -0.2701942685851601 -0.14975093868031647 -0.2358109920358525 -0.06931481595369206 -0.05209048492855169 0.12801126566115778
3 3 -0.393736583931422 -0.019410822303845696 -0.26554199725864497 -0.2786235308691547 0.0014077855074912718 -0.31829321106855746 0.2832707458597412 0.2657885375500123 -0.3057431367595162 -0.027509383586549127 0.2060092195140545 0.39524351060503476 -0.03553850862147777 -0.33736611002433065 0.2474937430469836 0.25168599723465457 -0.077970065958998 -0.19114759838095477 -0.08958836040467691 -0.11592759222250672 0.4136847064106474
3 3 -1.6004837197825425e-55 0.024416897865684288 -0.2740716326479791 -0.042418141336509924 -0.08894892534499833 -0.0109292074981867 5.075998503895098e-32 0.07640645624893387 7.762398249648872e-12 -0.020719310172871187 -0.2389671172046794 -0.05095821413629171 0.04047441041207539 0.25832759539806666 1.5681733146100763e-11 0.08441853967625942 -0.09424031670216965 -0.044516327656041875 0.00319876643625228 -0.037816889949687675 -0.26482166038273225
3 3 0.13691692894730725 -0.35078527116753183 0.4924422712046076 -0.16863993566979468 0.5108654540602924 -0.15794387612798225 0.011140563685727333 0.08037268796447765 0.1441904038941466 -0.35690430080925634 -0.09338538427875484 0.1540609316987794 0.1262757229888385 -0.14626439714073355 -0.005260929234710781 -0.07555429642005781 0.28734775830082654 0.19461806790503589 -0.42506150838999235 0.07080769784251768 0.016487176441439794
3 3 -0.34884168512951885 0.41995591187344344 0.07847292159780167 0.1052092383502817 -0.0714702452732609 -0.20432324290481851 0.04993890690816436 -0.045366464541218114 0.22599668756992486 0.5394556635460176 -0.09838122765171695 -0.09053358005412818 -0.05927016135661711 0.425168225293689 0.136128888355493 -0.0956764092695558 -0.02613091225352101 0.18447008893088895 0.19026681883398808 -0.3626404564279322 0.3264233242272974
3 3 0.17056376735333748 -0.2008099206918396 -0.21518493806467734 -0.18644231010007264 0.24469680939458327 0.25869791589387514 -0.12331024751823684 0.4760574889107861 0.6894093644088324 -0.12914587173090614 -0.3267391477834753 0.19745575105305077 0.30701214393187715 0.411390866916616 0.0396021325357862 0.22899581601730673 -0.06222253063371103 0.13162332072540617 -0.3097190065143704 -0.1272730449189419 0.07335231141912002
3 3 0.022597657414823245 -0.08247860241249932 0.3556107433661608 -0.08349963517277675 -5.255116420725467e-18 -0.5471146834338517 -0.41142652933135343 -0.1040097844129895 0.18722736887963157 -0.029337299583546323 0.030640275263975184 0.13399645092356288 -0.06599232942075976 -0.22972770998466074 -0.28707610261576405 0.3274289544141977 0.5271024183266907 0.11993345535505946 -0.020169014903840706 -0.38742010583488323 -0.2726758576364708
3 3 0.4124001953327567 -0.04602058547941005 0.3686357326147547 0.23565918018804746 -0.028468373674084686 0.17799516998395318 -0.062126248411172605 0.3549292507360057 0.20008827093103831 0.24608436087463365 -0.22675934332394487 -0.349461662034634 -0.6304350805653203 -0.09935634739641869 -0.38384002718023225 0.23926557436622914 -0.0781244809355365 -0.22724778893562572 0.022866890134857487 -0.08033313127383591 0.21137025818437322
3 4 0.09692013557731086 -0.011053937807354208 2.965097426928289e-10 0.07071188133440298 0.17814953067105802 0.07230565936261839 -0.15774189680612222 -0.017308730765003083 0.39117876318953476 -0.1412813306392218 0.12152680716274902 0.07867787373635259 -0.12741203104108603 -0.32941921056794504 -0.1258322727523315 0.007230072445797842 -0.3410759758516968 -0.05231973641858116 0.0935236435733315 -0.3420645175649459 0.18355824489494013
3 4 -0.1931504881892304 -0.36991511022978235 -1.036763209202818e-48 0.022268290956189547 0.09907131152288003 0.27290936648616254 0.2448282172966289 -0.038582687543258415 0.35951398016220726 0.17155542265057352 -0.14651818344769602 0.3052961400927373 -0.06912842697415597 0.17198204910505313 -0.1980897589332532 0.11357439881142989 -0.3223367569813473 -0.2750031506908279 -0.048759106990610514 -0.06572113787355265 0.23490909750113517
3 4 0.286548878429804 -0.0675761448068305 -1.9687319878817768e-14 0.09563079621703131 -0.07715843192563356 0.31357588504559875 0.22531539948821516 -0.2458524551953778 0.28788223706496957 1.3669516741763885e-51 0.08369247005806767 -0.4037193328483914 0.06471781843495747 -0.2651871138781911 9.23788778120873e-28 0.0430290454892826 -0.38620699776682754 0.2882171176853795 -1.6187511298996176e-38 0.22347060238002914 -0.18850232406247064
3 4 0.058047728514659946 -0.2581394210246485 6.269516478198079e-12 0.04374891463289671 -0.4251328787471668 -0.0001249324379040614 -0.43358688002406803 0.30465659700617026 0.22837451659778094 0.28948614828880276 0.22131252106462024 0.29035873615787383 -0.36161244512451246 0.17109569849985312 0.3109826079189026 0.2515974299299711 0.17766252500548935 0.34173023108675626 0.10042898864557082 0.1638097220538581 0.3079339183852259
3 4 0.07837223614569445 0.2330694954692912 6.689896266010927e-23 -0.008340958235741028 -0.09681741072550029 0.10518989067796242 0.18155736430050023 -0.036885306221902364 0.09432633481213733 7.622819728645352e-37 0.3414467072135138 0.17866615692612695 0.3690960510126405 0.2704436992414755 4.021780630093166e-12 0.0379635937461551 -0.16356373368428015 -0.1400954297555577 0.219213876043589 -0.37049685811272215 -0.2871431510266734
3 4 -1.4001603810214796e-12 -3.9391749501193116e-55 4.011863183388298e-10 -6.76744086115452e-47 -1.74293891339554e-16 2.997774947814664e-21 1.3740779673192422e-30 1.2660763465763225e-10 8.084235598177529e-17 -4.12189699514404e-50 -1.9521199328533724e-38 -2.0827946179439855e-12 -3.443766799887296e-11 1.0705746762386958e-21 4.821523636693001e-34 -5.1148177190237385e-45 1.3496139341630317e-30 -7.439599852829626e-36 -3.37138133578433e-23 -2.943059191870398e-41 -0.19661800905441174
3 4 0.12866908910250685 0.48354123316156744 7.085177392299846e-14 -0.020901418741720985 0.288651068326528 -0.21103277385452732 0.2112062922420414 0.36334382749702143 0.06633308214548334 0.18400736492787612 -0.2092617812519972 -0.11908844201590321 0.2820041156993373 -0.2426419258918459 -0.07872544596702946 0.21799325743342574 0.42275407995194747 0.1751743351109341 0.383886310775559 -0.11625225930046997 -0.2698663763112887
3 4 0.26227014278552485 -0.1412422937132381 -2.118284082589359e-56 0.2388299823398441 0.17570045006192864 0.019910834004298394 -0.28341199009578133 0.1818127318775967 -0.19021008033435496 -0.09175329579372586 -0.325017126360197 0.009095833235736383 0.01526846770980063 0.2816591889148744 0.07549253367756914 0.17689637635543667 -0.12994018056048937 -0.35511470004536333 -0.13966926534389762 0.14869304722038298 0.3098325278980914
3 4 0.0879640876831984 0.3050192863803986 6.726966373771778e-21 0.3445890556656343 -0.14175944401202145 -0.05513177341726315 0.02291928622578291 -0.011448640710703162 -0.4504354801256586 0.31845238902948775 0.07626859861235008 -0.06500869866390534 0.197875484340906 0.22913898985808412 0.15052980580068426 -0.012650253304082754 -0.28596443685942136 -0.17322437362099274 -0.10874316646572042 0.412111437615554 0.3279441132400646
3 4 -0.16315643252865197 0.30609680358414587 4.445599261218573e-12 0.07357306190045605 0.24714903475494335 0.3598537180085175 -0.022579250048372614 -0.26219377600616195 -0.49973139204809863 -0.17922562281330456 0.19236040497854942 0.34756230512454234 0.26673263392160745 -0.25217625558908163 -0.04713391919833485 0.2418844770370315 0.014833896803755523 0.20016892488935925 -0.4594386208178789 0.3167011566070251 0.32849274456818534
3 4 0.02887075460394842 -0.1688067644898765 3.1935061553335043e-10 -0.011444696793654521 -0.14132099174536852 -0.1349561898556223 0.028875810240862266 0.2958992946814709 -0.20703603820783106 0.10710638378017649 0.28966832209264826 0.3947223774028735 -0.0013871655936469158 -0.2463096945271111 -0.025563280132410937 -0.27817588713579133 -0.3573669570498818 -0.3159868331418419 0.24535681057149625 -0.2617606302912339 0.40620398168983807
3 4 0.04336630929816958 0.2488900151763782 -5.369805774870751e-52 -0.24133118526959188 -0.19068534457106182 -0.1979747333132372 0.3228507600480139 -0.12868592880086807 -0.07962499728395014 -0.08786774806951457 -0.215259019499276 -0.19262472301022654 -0.3617559439028849 0.19351550232981965 -0.18887215281431766 -0.23093304966376238 0.1199917937504963 0.30277424413480086 0.06979449435183986 0.07569579319046064 0.1402046286889133
3 4 0.35101556014166474 -0.006250154619760027 -4.593528407383537e-56 -0.2759345775232368 0.06815738989609472 0.042979496317597204 -0.4068790587934804 0.20260800985807026 -0.15726454721088828 0.11046316142235162 -0.022745288844926298 0.2503206382849526 0.018273147437765435 0.2181735546667818 0.3639826106483267 0.15551432262217 -0.1888065871170115 0.140258675064793 -0.26638649203029763 -0.1954402107895045 0.3280259105767584
3 4 0.006423254635157719 0.2945418051481231 -9.565811237580321e-11 -0.1184070693903679 -0.1828635362692981 -0.2354130922974551 0.03835944201705272 0.29176633979580724 -0.03890635539558955 3.723741526670781e-24 -0.058560711437390854 -0.17768287070266522 0.031358971311409564 -0.02363235230883511 -2.558465690467117e-13 -0.18561696108951817 0.15722578707482365 0.23585147285576702 0.18645964406225196 0.035476017309073474 -0.15160438068804302
3 4 0.3051934577701707 -0.09910055238004212 -2.251279956056123e-16 0.16502792286682366 0.22697696126427813 -0.0499978233085067 -0.13368671122938225 0.018732009380741956 0.11748838528919281 0.003059679079710049 -0.30941045255728744 0.04821143772592609 0.29745280335084306 0.37249846159705674 1.380005959188673e-07 -0.31908099512250904 -0.22490963160599403 0.1872202521378331 -0.13654464264223112 0.03627844993071432 -0.04941516220175437
3 4 -2.773220126344821e-24 -8.353065919961691e-23 1.1621214600548073e-49 -8.074507158707903e-53 1.199801563128891e-23 7.653766389101511e-35 -2.4785719236302444e-10 -1.1585276554846935e-12 -3.739295054988943e-45 7.21491273984815e-26 -1.3801911182443425e-17 -2.4712323298649216e-50 -3.906299805096232e-33 8.190930919906222e-18 1.1972203587865555e-30 4.0643945181047843e-57 2.545606765622686e-56 -4.098216418115095e-12 -1.93586149177632e-10 4.638610856036167e-11 -0.33492636863300346
3 4 5.617953073542685e-35 8.94872346996767e-14 -6.643186022801692e-17 -1.6277078689565777e-13 -1.653344533651075e-10 7.775054750613806e-12 -4.658099126768104e-15 -1.2909781086070042e-42 3.311669790485399e-32 5.921042256965595e-54 3.466150963798432e-31 -4.442957921324687e-29 5.093138148143341e-45 -1.0665344812369725e-33 -1.72415573239143e-36 8.573575727992279e-23 6.13633356742951e-53 3.2567526987020005e-16 6.606423224040232e-45 -1.6161093165264666e-54 -0.2007792687664951
3 4 0.2324241208093421 -0.4718840449557678 -3.0907384121039533e-17 -0.16104273125043903 -0.20990896770537143 -0.17442988530453946 0.027625981742047702 0.36436711070712585 -0.06407372886855958 -1.0197255571905836e-32 0.2962473764543226 0.3327062852580741 0.11888684009867395 -0.29857558839111975 -1.7713451430588085e-39 0.25438179237286435 0.07507764053987809 0.7066792340234879 -0.48759251913334206 -0.029092280757879577 -0.23080054190449387
3 4 -0.08936107321159277 1.3539433368462069e-11 5.62917815106611e-12 -4.6136935296518145e-11 -0.20623563445775422 -0.055646278710358904 0.056713738302163516 -1.819968731186814e-12 9.439242414945631e-20 -5.589305537797245e-45 -0.07689483761194936 0.31002106820837577 0.008513295903408252 -0.03235267296449283 3.862301565931974e-10 -0.027657022227007888 -0.14098319992873254 -3.8701397791020923e-10 1.2911487140069333e-10 -0.14359355804820823 -0.08486041840948556
3 4 -0.13376697172600452 -0.09237523393196267 -1.7977325935598615e-16 0.2378512897973942 0.01660048801340739 0.3455182437922012 0.0941118542131462 -0.18154649695776867 -0.11033248768872103 -0.05438999245379688 0.1803563961010876 -0.310142124352017 0.16459797052102218 0.09595318169617192 0.05692348571138099 0.39910043254095795 -0.11232646278814519 0.36134595557751775 -0.41574669281017146 -0.0851813347602168 0.3826060416182317
3 5 -2.7373142599589304e-25 -1.1217093069507222e-17 5.570614406262088e-12 -1.852283687266974e-14 9.404710081386013e-17 -2.382807986529591e-15 2.39965797318924e-38 4.0307555316196907e-13 -5.361542038097216e-15 2.0460747653340517e-27 -7.188381609097297e-24 -8.288567716746698e-56 -3.125099131990565e-12 5.947963620342352e-24 -1.3651903627433027e-46 -1.3757230757840477e-29 -7.800342802922025e-16 -3.4010761486562152e-50 -1.6035735301737242e-55 1.241441483634102e-48 -0.1113241163957378
3 5 -0.2964623042925807 -0.10422792127421918 0.18218581758887556 0.08948127852433993 0.09860984468680821 1.924656308638871e-18 0.4706949750796383 -0.3364730968764816 -0.3113596357136148 0.14266544585070598 0.09099579885735108 0.24190621035654236 -0.19936207757271823 0.541738722692424 0.16437637563283544 1.3873302296360075e-12 -6.784100250580952e-57 0.22885881938992816 -1.3083837716978284e-12 0.2922983472166346 -0.09421333104575001
3 5 0.04966050471767951 -0.3552835931878485 0.21912615284590597 -0.06977924957325862 0.19350735829380086 -1.5936274161030566e-55 0.4694792930967897 -0.05013853798300977 -0.1787503431500872 0.19664491326473885 -0.2407929376466034 0.2717726269395553 0.23754296695240654 0.5226408130321559 0.3840455174993499 4.3503772003448514e-57 2.1782998526774755e-55 -0.42152462492101145 0.11341653465253125 -0.3191846332541294 0.2577521322219355
3 5 -0.12735861016898886 0.20946214739779867 0.22449001580015604 0.15104862073430547 -0.2463483288485711 -1.0518425537227147e-13 0.2024939825474927 0.29824090924266017 -0.39086057818468034 0.18934210734907914 -0.19694702888909665 -0.045769450681086614 0.1890173952595755 0.23259045224494934 -0.13064140608858407 1.0885900862690562e-45 1.8078333428134943e-40 -0.22258058091004398 -0.0548148760659715 -0.02918580461375037 0.059856275607354154
3 5 -0.17586197172569118 -0.0036190792252029074 -0.21304948599822646 0.2413017660809704 -0.4262805683805521 5.9136660983931416e-18 -0.25153154526230087 -0.01587937668817604 0.005765410066323442 0.268300961378716 0.23141918313259055 0.06841681418683188 0.33298735698860776 0.01328071827279926 -0.02117489423945132 8.664547313845137e-27 2.741093302896484e-43 -0.12455387127626133 0.2262759081972446 0.2518845743211303 0.05283392893969453
3 5 -0.23164292322203622 -0.2886947458413433 0.2709690729092494 -0.1839423407781709 -0.4108077142803743 2.1715641451811138e-28 0.1992737019193429 0.12316300429585673 0.1369666457881178 -0.21904445711565698 0.1065981214484716 -0.3476324279410696 -0.0018237367691424232 -0.4130110224418933 -0.31195524173271083 -2.910543440385645e-21 -6.724895048011123e-38 0.446268283823857 0.03781072268094405 0.28530051989207733 0.4077735226987036
3 5 -0.10869224743211849 -0.07879611010584107 -0.4798849359005881 0.35395501380553446 -0.19629687400062476 3.5557156407058334e-15 -0.2583303125691151 0.38618299920920224 0.14392257753512872 0.11902601008690533 0.3213885595373376 -0.14927093300632413 0.10330674498474943 -0.19677362578116503 0.04648012268119394 -2.2525677806660635e-47 2.3969767928860633e-19 0.14176595569704853 0.02081170768981686 -0.032548099704568616 -0.3195347410344312
3 5 0.15611677353540945 0.1139537303357174 0.1487798159619023 -0.17183551418442986 -0.27227774949763267 4.806293312741841e-56 0.034173794764793264 0.3758387669269565 0.29153430956166 0.42495853525882615 0.32291503890782386 0.23286610509307273 -0.20205617523921707 -0.06189182195625719 -0.4066247253018181 -4.2341630323556363e-22 -1.6527301599661597e-15 -0.13447624075416573 -0.043032141501293766 0.30582521393523787 -0.2146645639041289
3 5 -0.29832073945799614 0.19753341263018137 -0.15236555423579945 -0.24349647487665735 0.4187491417701391 1.9481559753222137e-12 -0.11019069884242119 0.1396897891339641 0.3530488720283866 -0.32553429032592557 0.006301541423022873 0.27026618348610265 0.28537248949538124 -0.27139702626484846 0.25124134435353146 9.071151731107657e-50 -1.6027935861821964e-18 0.35832171533250157 1.2428045270982325e-11 -0.22737556792611102 0.15629388524694895
3 5 0.002519694035855891 -0.023920545525073895 -3.818464262697577e-15 -0.10043138476239714 1.595647170001803e-30 8.985194276821734e-20 -0.037117651415605676 -0.05809534535217918 -0.03404204625680478 -0.10776954793627865 5.424158405257759e-06 0.11605913742107864 0.00032106069460472104 -0.0021269603607393015 -0.009085389818468133 1.65012119811169e-17 1.1430001817926823e-35 -1.1655738809360998e-17 9.108652675538167e-13 0.06791810612436106 0.04311484551977032
3 5 0.04420066689814003 0.02213541849315405 -2.8134823909311927e-14 -0.11219351804451186 -0.06399874551488376 1.8472490612374788e-23 -0.06434168492037272 -0.008252318053854138 -0.12472159505852555 0.0933362808213491 -0.02272120870786967 -0.013493931343569542 0.14190932990887276 0.011212426691667061 -0.0218123734164716 -1.736455931287287e-15 1.19188210481591e-15 0.017867876545615287 1.3743338592470933e-13 -0.29627443236743617 0.03683046040920575
3 5 2.1401743693393698e-35 -3.0271504970458746e-46 4.810849051671384e-38 -4.1780546127083234e-55 -5.226026512429473e-54 5.739595113416357e-20 -1.870455763519944e-38 1.3355294352724103e-13 4.873181339263603e-50 -1.1871084826559336e-37 -2.81051309986823e-11 -4.614532344013045e-50 -5.10790223191532e-20 -2.001739217759509e-16 -4.146470644581806e-10 2.0794466058070968e-19 -4.074527923284502e-11 2.9980758717051323e-30 -2.8825816797113394e-54 -7.016365406856775e-18 -0.09673060040011894
3 5 -0.036294248705793286 0.1812788563963433 0.030296439612751958 0.288516167182055 0.21793346080903556 -2.373746457725782e-16 0.45864822995332866 0.1550849808788299 0.13464607405527287 -0.2488199334618216 0.1861211427648525 0.2410661888048019 -0.36271877291970933 0.2917803660491018 -0.17994430101562778 1.680375282473992e-12 1.8607925784418863e-18 -0.2554101944069574 -0.10170903109118656 0.31330440840704965 0.05376033107179745
3 5 0.3088819444551362 -0.24014708725216855 0.010711638368253259 0.08122258294824716 0.29428858401806485 -8.067506339031127e-45 0.2335956593607884 0.3751982564214113 0.2562388513555828 0.3178261076810178 -0.2768612343121787 0.4465882589375191 -0.03145270261728404 0.45479375711191933 0.3321179260135812 -1.2001443396063727e-20 1.9129066569969384e-34 0.2867880001977584 0.021915489311471064 -0.3215022856434751 -0.33323951065475826
3 5 0.12395669901352302 0.26901053298068905 0.0782732938373297 0.3074406300079251 0.2042134804725106 -3.614478473242052e-18 -0.24261171108927573 0.2418621478760575 0.2751391439643846 0.16489745529653146 0.08238609849626002 0.3347650063340436 0.34534364141631785 0.27573494472413107 -0.2420663705851743 -2.34409285170205e-21 2.773671732302434e-12 -0.15221383487146536 0.010105035244004466 -0.2096217811710686 -0.33106330212401947
3 5 2.072793786549408e-55 1.8943356491272872e-20 -2.971815862634982e-52 -8.314264834119945e-13 -2.2575989667780156e-12 4.224343912042098e-28 5.381237908381192e-21 1.139343647840727e-54 -2.364711347727621e-20 -7.252635620702456e-49 -1.2665555399375795e-10 -6.639354057153185e-51 5.231743209756791e-55 -4.2893337548797314e-48 1.3897750345187934e-26 6.27994608210693e-14 2.7321178257726173e-11 -7.773814735178084e-49 -8.68461313559515e-37 -1.77463578125365e-34 -0.043694143832922194
3 5 -0.10749655942755612 0.15655685130660868 0.0286090216004943 0.39372697964241393 0.1863991780901667 -4.196943213607069e-33 0.23177325780167662 0.34151750949345583 0.4190513369593614 -0.026458376721527344 0.31147020172274836 0.07624930292967234 -0.3339201570797183 -0.1989459175583179 -0.05946885941542074 -2.95584715740424e-51 -3.4073200839559706e-12 -0.05806538412234963 0.22757984597185194 0.10857288184014835 0.052035614024058416
3 5 0.1607014984954801 0.2960185833707579 -0.14493340534784901 -0.014248212061605337 -0.2529368226008136 2.7689655357114774e-18 0.23275801350436234 0.08188976502311746 -0.26853415920318524 0.3226322659541582 -0.20992479146619386 -0.32244667593101595 -0.15784675915603436 -0.2243572116734841 -0.05984273768558699 -3.3720842843813603e-10 7.505987040561361e-20 0.40976445981381765 -0.04277400226746242 0.2118098264890926 0.18168018586464363
3 5 0.5384107979313534 -0.3730673493963418 -0.10945005922172646 0.03405397340132936 0.36939558415215906 -2.7621303837307475e-12 0.40116105702020993 0.10295866804178955 -0.30455379923381665 0.06473429396015293 -0.017646214937167955 -0.18725857511221797 -0.373013882019797 0.3037081262620064 0.3419115428179708 8.071936349272151e-12 -3.954014487864136e-18 0.16615137911815803 7.436372843042247e-05 0.16694244666617428 0.06334978950164738
3 5 0.45923590247737206 0.025455743275103495 -0.4838740357167037 -0.08575714487495988 0.07949755734072264 -1.2843237393058406e-42 -0.43561241552728264 0.06587397028275695 -0.04302283381926856 -0.21106368987302004 0.07692735005938635 0.10455572259678296 0.15366473701309452 -0.8103320529171584 0.205564763227135 -7.955847706600331e-36 1.3420621706444197e-18 0.014582533941966248 4.3876449085742084e-35 -0.07553862833577515 0.11873987756494166
3 6 -6.2320603229798616e-46 0.15380226688950485 0.5272146594900134 0.39601631606312243 -0.5468791693309749 -0.14288639334106387 -0.31880184924688737 -0.1575189487238397 0.18754311971360663 0.006696790104728548 -0.07295958132844448 -4.706779154767107e-13 0.361715024407152 0.5073482973445504 0.12061198357098789 3.384796031756227e-10 -0.5594486859076041 -0.4670339533709654 0.2555222710770103 -0.46492731377385477 0.3039100888735189
