Number of NNs: 1
NN configuration 1: 5 50 50 1
NN Layer Weights Bias
1 2 -0.11966930097607871 -0.17109599055316704 -0.20572751527206576 -0.18326461593441967 -0.2569471966015613 -0.1710026269100319
1 2 -0.020396032627277082 0.13899554696595542 -0.15402887486574474 -0.19321057978862569 0.16449794668058512 0.02208020055176087
1 2 -0.22952403536333962 0.16671567325821024 -0.10724753853582704 0.04698281128791767 0.059746823903649576 0.15003789497526632
1 2 -0.09078261052808848 0.10067692031563782 -0.09871049930335572 -0.2527895158104547 -0.04435170517924673 0.27487399222688097
1 2 0.10068302627163334 0.13529830201760154 -0.004979693671986167 0.07538258387291567 0.14503707614150585 0.1590380257217513
1 2 -0.08073060117120093 -0.22269348260187097 -0.05634281443565787 -0.17013031906311857 0.028064452491092583 -0.1485595236972753
1 2 0.1626994491607694 0.12148797499521326 0.2516579246733815 0.25278809911728106 -0.22015513353876728 0.26910465764464564
1 2 -0.02358819713570546 -0.07478490961371587 -0.3244514827756886 0.19917526412489384 0.19231401116705488 0.11567911629161191
1 2 0.13929600249149768 0.3071139708297021 -0.27561545375049873 -0.18645815189651732 0.21208658054941726 -0.17200477439411527
1 2 0.06904816564948624 -0.21735683349886523 -0.2415715624637811 0.0010660924319002788 0.026408035747519876 0.0567579609046345
1 2 -0.29974998784288953 0.2192087720118795 -0.13745540436269507 -0.038141128266795506 0.11381592472438035 0.046959808483753376
1 2 0.18494881155093193 0.17947540467707482 -0.1722065509244904 0.17526756217684114 0.22704988300506543 -0.09862674738080983
1 2 -0.025973916125468614 -0.18269769876526884 -0.1424406985584208 -0.18002287185862612 0.03345922276460046 -0.2898270118169089
1 2 0.039675853167996065 -0.26090630207713467 -0.03873382931158298 0.28296763836586675 -0.3406468163859555 0.22658629984158485
1 2 0.027307813521002384 -0.26662248454871973 -0.08662356529985982 0.024699579965649254 -0.08495445689330618 0.004277724633241014
1 2 -0.36107814078619854 -0.2518832353444828 -0.10824908165563789 -0.2725314152306774 0.03384556565197086 0.02907296097752106
1 2 0.2604096120546011 0.0018247849128546932 0.10147058893646613 -0.07848891263816567 -0.004797421909588182 0.012112229914166989
1 2 -0.3201693059414315 0.055365504976581485 -0.01796352478051193 0.26826115743180623 -0.015794949578199432 -0.19444086303289723
1 2 -0.03409860177144993 -0.15623250906937955 -0.25302419154891 -0.1021485217346369 0.3455741541247797 -0.17509348728505372
1 2 0.1303432484139111 0.09948718832592228 -0.1826180172823559 -0.02721601801341883 -0.2930709309127161 -0.28700503838149627
1 2 -0.003502690580319473 0.10374259914808702 0.04588547823805633 0.067300537107538 -0.017711928439232392 0.20035396733006805
1 2 0.211404673864375 0.1059193753787932 0.2303673492145559 -0.02285102347976799 0.13245498047424636 0.32028102058596586
1 2 1.2916547878404807e-10 -3.993365932514979e-16 1.1145600283074746e-13 -3.336428583936201e-07 -7.447834974186942e-12 -0.2670938835120293
1 2 -0.14958225036543585 0.027312048277541898 0.23347802498424144 0.18126907812851772 0.04049691934766537 -0.2844651184806467
1 2 -0.007442089930334799 0.2854565539743046 -0.04328629271729325 0.20593747167796314 0.3206148056442194 -0.14870784618837687
1 2 0.07646955015912614 -0.2209151959638161 0.07363430164474902 -0.19738468333952444 0.17040857783128951 0.1104345551404162
1 2 0.1989260421044994 -0.21986264904852287 0.02517177515453555 -0.19503451361831844 -0.09834841577292605 0.35218917607935396
1 2 0.005069824928919631 -0.25690551139734136 0.25740912241620095 0.14089957934728642 0.2561921424914016 0.2709870957466916
1 2 -0.06780726527796237 0.23295916816826295 -0.10540392395295867 0.12275643984072859 0.17923899120201447 -0.00017002950410184608
1 2 0.1972583656069349 0.2224206135550363 -0.15289248396692434 -0.06302495909748175 0.06855062261270964 -0.25759416953115166
1 2 -0.3215450814323335 0.01958708150125511 0.031084047309844938 0.27772496637969596 -0.051423646103318434 0.15735886947714292
1 2 0.05087151775602606 -0.2595137230606974 0.3270650698704963 -0.27576832750085306 -0.2949340472050906 -0.06898102603445304
1 2 -0.11798724002774467 0.24230497453643907 0.016346060225349207 -0.19198851070444695 -0.24002077418667944 0.019943976365375333
1 2 -0.1529059677807076 -0.17920112612197497 -0.19661879259847972 0.17195325646496917 -0.41294579377557494 -0.1480577381209958
1 2 -0.015743303683460032 -0.05320493535624732 -0.18247579410828682 -0.08988079607760317 -0.24569906661036692 0.02225093363567749
1 2 0.03473792549875997 0.06348440613791773 -0.00010517747276598256 0.06260614504434128 -0.01051176172843987 0.28364337321830774
1 2 0.03442562891019145 0.22067651315571304 -0.16427130619493074 0.27078506852178524 -0.24331990862856148 -0.07488890028538311
1 2 0.07786178622883302 0.19927278638429077 -0.019153975478728297 -0.17511122910348276 0.3265164419072595 0.2188814171465174
1 2 0.281246285319282 0.12744759101168082 -0.0027826593982744727 -0.049354403569075486 -0.09090532347289709 -0.024016594872036546
1 2 0.01947331628085059 -0.3701989215759097 -0.12008558417990074 0.1344127117315233 0.15556193270376037 -0.261668740304223
1 2 -0.07666342015669185 0.10791446750987568 0.2305804751758625 -0.30179393100646557 0.14673935812331698 -0.2766479939306886
1 2 -0.14870274246494047 -0.06141595206386226 0.19232735115366614 -0.16413117818583553 0.2510819568863136 0.2838283539919722
1 2 0.3113364652725738 0.19607572807376442 0.05187904260984047 -0.24949535815026688 0.12647847041674543 0.3519561679888137
1 2 0.17659496359054772 -0.34834775686199076 -0.15067690361624816 -0.2233121050502816 -0.12150818417932817 -0.005054853931701462
1 2 -0.2830173934705274 -0.010119583275765872 -0.2598107690493471 -0.20166975359902373 0.03642717678640747 -0.22344316113635992
1 2 0.09687300945798356 0.0001295682938079587 0.12196411252967812 0.21171957576430303 0.13842464180927963 0.1409221196488977
1 2 -0.19089133948899195 -0.08767063609282794 0.2675537233966894 -0.2980891826095599 0.07203437400904995 0.010330551150563921
1 2 0.09152128575079861 -0.2395247087203444 -0.12547173752958599 -0.05424851453176173 -0.007186507282764788 0.09672692118880236
1 2 0.11013817875595025 -0.21891839379948355 -0.29374634778263653 -0.28745274861789233 0.045917894741487 0.2827429149524841
1 2 0.0058755350241378925 0.09181476039027273 0.19824038824303872 -0.20225450109803572 -0.19409772108082549 -0.1819606659266647
1 3 -0.039596703449631045 -0.24253898702678822 -0.04710501944069137 0.19273309226428714 -0.2014669899376983 -0.06307216265525453 -0.18852439212200856 0.20137447063303646 0.17103057486125176 0.13387084039922278 0.11561819323216045 -0.09589649304536745 0.00083060717292255 0.15056404678595542 -0.11709222637398534 0.01945094360478846 -0.18771839423911796 -0.21451407137338063 0.1982729959887374 -0.027032484444597438 -0.2424506629692781 -0.15962936091870422 -3.4213389611773595e-05 -0.08101584232819148 -0.23386663737194194 0.10208008783141961 -0.04123969605349673 0.08080554867781564 -0.05228744842391617 -0.029992065596141575 -0.2135042228685446 -0.03265566946858827 0.027228915681008915 0.1241833083522321 -0.23284867007402085 -0.13579330689435076 -0.11531836156050192 -0.17641414670081512 0.1976150965334297 0.024376284977526353 0.13437056804167338 0.08080851209598347 -0.06697479043328483 -0.11554239335263544 0.0872268353091223 0.077097547223653 -0.14162294819585255 -0.032543322504143934 -0.11557861993471844 0.07794215926628793 0.07542406623072523
1 3 0.03834946931131278 -0.20206031380222725 0.13522638906582954 0.05305691653150524 0.08520395688684514 0.2356259568017479 0.1327854309487147 0.08907902495110968 0.0759385027871878 0.19540961128662745 -0.008323830484252037 -0.23124856396145668 0.1264650694486421 0.2003039832138707 0.10763221419575013 0.2665347788084897 0.07768029308983271 0.13848499288690466 -0.1681930636784682 0.04169550095473627 -0.15862709941601952 0.16507087797373715 1.6439719724323678e-06 0.2789002592705887 0.024500468266186848 0.02401856481711198 0.25534710706304303 0.19060619826826763 -0.09460839492223094 -0.11001564955718277 -0.10416850719045587 0.012798710874217951 0.15170890877584747 0.09030242658772754 -0.12414043310880084 -0.10323043668195399 -0.13509614173131068 0.025529820492437717 0.022002164103402565 0.10211744473409515 -0.09525415048275962 -0.1125176735558965 -0.07043553367366678 -0.12624990620228022 0.08207469686529231 0.12078945090367221 0.2403949820266508 -0.06481982290564128 -0.13314615020659196 0.25609800495841134 0.08361622812816244
1 3 0.09971113717790966 0.05195677384236146 -0.20030498781847003 -0.0655869996158368 -0.22802942108931273 0.2786607782575497 0.14763785749947295 0.1486472356548561 0.020919919643923663 0.12864985569643733 -0.09835762808787021 -0.12485211673594593 0.046120423485726696 -0.1346515134658737 0.007319377672432459 0.12999569271819378 0.12411617839002416 0.19879420507277665 -0.13066002276111574 0.12361099043396813 -0.025890038061754123 0.08228406369684217 2.279460774751575e-08 -0.06976592838841546 -0.24061488341267215 0.17519413691502056 -0.07051080139983676 -0.21485064930216743 -0.0765133996646169 0.15875501589734944 0.17862987171817735 -0.09215929701539738 0.2855103876023441 -0.06081460654170629 -0.20741377870307748 0.1774381096340562 -0.17998302904251293 0.23782930277671055 -0.07732081524097947 -0.0440517196013308 -0.08531837292089607 0.16311582694228552 -0.01531834210624863 0.23611811010151637 0.0343083874221459 0.03269789863583439 0.05213155094176621 -0.005697973999822478 -0.1623152517133193 0.17977088063514485 0.15886110729129752
1 3 0.15363660263934234 0.12409801276441007 0.07767713805520929 0.0031551971901351713 0.12420977019738802 -0.15344784396621872 -0.20216124258482604 -0.03844851248410261 0.1331683257672668 -0.04434478004196931 -0.1517776298695822 0.17442561895377023 0.256682875490436 -0.012672895982233477 0.2776524635958209 -0.07922591994955801 -0.1647539817162917 -0.08799449555106903 0.09757603229651765 0.12132239821436977 -0.040433732536328516 0.026385546101851662 5.650021239740078e-05 0.06946571616865374 -0.1988197274269562 -0.03331357284735323 0.10445312402715265 -0.12035045236578405 0.07628448812049216 0.03291039968157257 0.26128308822379337 0.1691306506947097 0.18002153212153688 -0.013097529500190285 0.28505781034182986 -0.04469081701715602 0.2068946753878647 0.11787116545408827 0.0715121599795289 0.11778272916138828 -0.3204984897333989 -0.20029779878160828 0.09050584762439934 0.043094324462198116 -0.16829205063857475 0.013996407208654058 -0.019761671526080077 -0.016090960636719803 0.10836171385622023 0.27267403846848903 -0.14641250597586866
1 3 0.1855603760861879 -0.08383007577804978 -0.06019195393413974 -0.1995429786035297 -0.22734083538318078 0.3270934741243758 -0.13984625929807085 -0.07730661917586984 0.054731232025872975 -0.07361835391709648 0.07083284734621023 0.020654681955674162 0.11263441380883324 0.17519524686833704 -0.0317365975471634 -0.14622228466733386 -0.17784988161577833 -0.026358839811331997 0.10189923868799942 -0.18661275833413363 0.07107897439121656 -0.2103230426371696 -3.3367357098962667e-06 0.21096219987833464 -0.0173947658787451 -0.08738872165136632 -0.1654102355724379 0.22874488608094048 0.04907818633740683 0.1341052275636887 0.13769815269569333 0.09250164076980769 -0.1161233512609506 0.012677036468386034 0.13094222272511677 -0.07496959650570137 -0.0892842965896917 0.11182526599980738 -0.022338524914714945 0.2956086087002134 -0.06588344726005475 0.12008324955922779 -0.1927458668818469 -0.03995170223627312 0.16306199645985558 0.18131575986694318 0.2307780248359899 -0.18107885202350063 -0.11613458485755494 -0.14197345136252745 0.0635018888412551
1 3 -0.090285227117414 -0.18486080388747575 -0.14532440513110353 0.033343288480019884 -0.23777896626342887 -0.14790068466380268 -0.07206081885168714 0.10607439041031812 -0.08404753755074777 -0.004226041784450103 0.0609138375560375 0.18820447100412652 0.15108325330966485 0.08388707094674754 -0.07482500520027292 0.04911737582183389 -0.14820973895866996 0.11855206444440841 0.04886518363281475 -0.0007841982981517222 0.1615934353709986 -0.18537124326773255 -4.160777368263361e-08 -0.13853673360561936 -0.13840433496652285 0.2274887860544038 -0.14783484228802965 0.15102434448638255 -0.1639575475014629 0.19202961886679965 -0.1972186632501699 -0.10547910230513466 0.12466153530757458 -0.00039966705832728314 0.13190269713830263 0.18080786483932232 0.08616812177563969 -0.10580949821921996 -0.17849382255370216 -0.23182775401545389 -0.20773723683930886 -0.11505632693244043 -0.08379730294527733 -0.1037321887142652 -0.2643232380012315 -0.2415517572243056 0.14591074306384277 0.1315797200771397 0.13290953900248187 0.04639898441561465 0.14198200911006686
1 3 0.028297475673740517 0.1453713772736095 0.0026057548439090738 -0.04047079607093599 0.1597143525334345 0.26421923779332757 -0.10049851793709709 -0.18771156743263875 -0.01847975454185286 0.15992957609284242 -0.1428947932317732 -0.026888479602384656 -0.09736717059204077 -0.042020303090589003 0.052113403397545985 0.25072662790298245 0.12043052811260826 -0.12320613026848921 -0.13233856323628054 0.20113263613749688 0.13302484647730028 -0.08460353115181092 -0.00016759740344495687 -0.14868236754548397 -0.0016316279524796098 -0.10233324201675288 -0.012978962195092602 -0.1162814299701467 0.04169341464413876 -0.03497097577899827 -0.22611863686077455 -0.16635121979589146 -0.10333868821148408 -0.03517295195959123 -0.038996903691343315 0.13679128362456752 -0.006606529667008974 -0.19009669694765682 0.18980839078577108 0.22700228712509168 -0.18011179510068337 -0.023533963575616778 0.23755780351723244 0.009753203368199737 -0.1576795277442234 -0.07607833057501412 0.15758833815366613 0.20740218793815676 0.224790818292268 -0.07463065215144483 0.24257024486723236
1 3 -0.2810952427068426 -0.07559461733608903 0.131110198521219 -0.17998281848490538 0.10130114359034557 -0.0008735436461101752 -0.00825409328439691 0.16205996136822917 0.1631667076628127 0.015485021508271956 0.1307495648074723 -0.20421652869608328 0.13099572836234033 -0.1626759133837885 -0.03186914851394742 -0.18102589359368323 -0.1864631961032933 -0.026758917998177846 -0.18165228332469313 0.2849086103859519 0.07328378667766101 0.2655874734642319 7.5156208632367665e-06 0.03245379477011359 0.1278155714055362 0.052980346880308976 0.06426047669309046 0.22266618949121442 -0.175417870289527 0.039564096157095205 -0.11405764013206011 -0.02148097183628162 -0.04794952339343503 -0.19497179287656086 0.026257899969993056 -0.18396419150008808 0.1916521370045134 0.07294052817451231 0.10922887672477845 -0.1488086624565867 -0.14677404009404618 -0.06487624325128838 -0.14896218798310376 -0.08219073077929262 -0.12952144237605975 -0.0315617621281487 -0.03431300050915917 -0.12484230526044049 -0.07623994247034743 -0.09461345812963173 0.1933432936328725
1 3 0.10868568246817505 -0.08081760695013136 0.17804602458712035 0.07520608853852488 0.1943998455585935 -0.007597457845185896 -0.04090591933464337 0.1679900671449462 0.21284065326614235 0.09054314687098164 -0.03633269796351141 -0.1338719563685339 0.04274609091337564 -0.16073572414646653 -0.1883309276508335 0.17644686431322384 -0.2770298760732501 0.1128932752091799 0.1664886593084407 -0.09023691460073514 -0.16111001778489356 0.20171220387073593 2.2161060812935e-05 -4.3355896669463314e-16 -0.03700861881201973 0.11856364134688989 0.08460496964660509 -0.023299256879971416 -0.16502575865347496 -0.18474156036698172 -0.0925329320912526 -0.15346684998897817 0.08792686629866225 0.12094985147873501 -0.037122163717069515 -0.12592048465615047 0.07052730236960467 0.027124166466427412 0.12508521954524696 0.1943347602354535 -0.21262029141022873 -0.2585795808252221 -0.09171331952790975 -0.26863082915316094 -0.09279304209439139 -0.03002903233051311 0.020959325086543634 -0.27213615011266257 0.14427727958328176 -0.28287350705902814 -0.062316743484495694
1 3 -0.177492924819579 0.09046172455916156 -0.002614530010383193 -0.02383777237963552 0.15515142286522093 -0.0006896535161501548 0.1177311724395079 0.1505385930915058 -0.040356324123536874 -0.04827869843560544 0.1303659612739836 -0.1255266755989709 5.28659750503795e-14 -0.09059323967564241 -0.19864498362163235 -0.2081897208613766 -0.12226006584638176 -0.04287828939542689 -0.11712650702613625 -0.05183962957941544 0.164179051864386 -0.079147754467252 2.48963429163843e-07 0.0004326506443416171 -0.09709576881874933 0.03005240942538577 -0.16458560415633192 -0.0940500133677668 -0.24526512865234687 0.019456523965180095 0.13505999065096289 -7.227082820007465e-05 -0.19359704226789187 0.006784422605219242 0.1382706664184306 0.23228099104964373 -0.23001763960726193 0.07328574426532494 0.17348353326520297 6.119990516786713e-08 -0.0007177532547788009 -0.178119246886365 0.0477722398548427 -0.041513423246166546 0.11206438255709925 0.009101624727572758 -7.1512927141049746e-06 0.13881661943657161 0.024211843517517775 0.06022829175323049 -0.20200778971643965
1 3 0.06822904980622604 -0.08905309827540561 0.1720871797791023 0.05593333838375429 0.08618799728209842 -0.08592347861798363 0.1598485625385799 0.09494923260972916 0.198987546808119 -0.18149029974440348 0.07834455854898673 -0.05596903258640378 0.19519310495180825 -0.16811399092513202 0.1742401597568134 -0.1365598626392121 -0.23335169218334723 0.18916172798727932 0.10067944098972127 0.21562197221402543 -0.09881540807921434 -0.03808061482860394 -1.6575334887555746e-08 0.036143643092153836 0.19102045075657317 -0.019352219514398063 0.137164785059014 -0.13679553544630796 0.15632147602897156 -0.20998804658937034 0.1571470607976363 -3.561254749062864e-08 -0.10541599866324868 -0.2954880255014464 -0.13687432552947867 -0.07753003176805578 -0.06034674821810393 0.2444642391417434 -0.13071428621557632 -0.07736329118854855 -0.17002671930613397 -0.1998791112117258 -0.047667705542778306 0.13036995014970862 0.22180269413620263 -0.06788106311891715 0.10609999380932686 -0.2082865944597725 -0.004290548956755174 0.04748740098817962 -0.14236346620414503
1 3 -0.1789052398920797 -0.19765987728150364 -0.16930959668366344 -0.00682444980057791 0.12430381188409377 -0.00021644829763829435 0.18064672678781335 0.18423312929311617 -0.1891564078142948 -0.09471691870456002 0.14594022691561792 0.11872514089377818 -3.2455486288443504e-11 -0.09014924149019002 -0.13407172846510013 -0.1850028925488084 -0.24917284909975007 -0.1891950770198234 -0.21156102487541162 -0.01767868756001644 0.1706011644066009 0.10674694749803926 0.0007573424205365966 0.20375847396792576 -0.06163995540927664 0.03719293203583052 -0.24727053583032632 -0.14351209410299215 -0.10038644150939102 0.06066970172273297 -0.03272617241190469 -0.15631844558219132 -0.10085026927250225 0.18262071999209312 -0.20512751335471188 -0.014064985193590134 -0.05369270280743573 0.006800288674553819 -0.18626786887684968 0.023225529649584884 -9.46479894747285e-07 -0.15597248522288473 -0.06911561148183361 -0.1315282886550048 -0.04055967546690625 0.06412233774755657 -0.10590570477082567 -0.05441748059269282 0.08275127268369362 0.12192608771344225 0.013654635375150768
1 3 -0.16633958977636032 0.1586104100296839 0.16949089244418458 -0.19580810826818926 0.15550066734084206 -0.2058603004082724 0.08562589928404682 -0.16405224953757 0.1372184880859151 0.1648465075332147 -0.006761141352203409 0.22187382675788983 -0.21854561744567177 -0.21092616321044638 0.17888489358672865 0.16702140378934055 0.2619326451378689 0.06972032690230581 -0.10932232253456531 -0.16122945511260053 -0.14082005649131527 0.18984268721982647 4.005544509061034e-14 0.0865742352120245 -0.09092860534677069 -0.17380174276018814 0.08575734004491928 0.09254347148388499 -0.02302376432218441 -0.09436815948645462 -0.021514311933040025 -0.18626024737348257 -0.25146877881740776 -0.10802060507987167 0.16570881106287821 0.15704986332265536 0.19701546588823785 -0.04065868737311686 0.003136747410126611 -0.10216843066914144 0.048882833340626444 0.06526287297278846 -0.2516252087922677 -0.1464359121558214 -0.09361107224532898 -0.08315194724103767 0.1691524928918909 0.20236661645583673 0.034990044615167734 0.1320601900794525 -0.2386470345574271
1 3 -0.0577039915563673 -0.25617452693436166 -0.04597889613084338 0.23310458935465847 0.07886577121536187 -0.12735871034863988 0.034947538647173516 -0.17831845507718905 0.0033303797228785683 0.02470816356676042 -0.20611298299810452 0.2082495134062041 -0.05181155458910017 -0.10343701268041046 -0.19923441034504702 -0.06803450013052233 -0.17068172729712855 -0.17227735696629629 -0.23460183893503944 -0.07105174158980108 0.031760996771659764 0.16630791516641893 -3.968027917311529e-11 0.06197230725319257 -0.045642296708112776 -0.03081809046996932 -0.03948428457510676 0.2067150979114388 0.23912249157183132 -5.736114648470339e-05 -0.0068580070433966675 -0.09889330195666299 0.06374281913176641 -0.0777273438037355 -0.05534316870382753 0.08360699399107699 0.0668435286753957 0.15594397367017915 0.22379035187881888 0.03692667984499731 0.039125287400889615 0.18094560485071812 -0.14831811970622136 0.2114204975547347 -0.12425447788137699 0.15746835193001227 -0.27621460701200184 0.007226500415707911 -0.06502225850112385 -0.05919409868336264 0.08060520844366852
1 3 -0.13977791223038985 0.02243787743101372 0.12631403486341802 0.13539499911722117 0.14718158433555206 0.10208068937495599 0.15091795294144777 -0.11139834472944374 -0.2381146662561219 0.18728061895774362 0.18135363452736447 -0.23239161060758617 0.11662304704012588 0.1225256377862445 -0.14546108333624191 -0.23715035126580522 0.03883935926266137 0.010074973725418145 -0.025960930665808808 -0.25488538128320287 0.18911705873841445 0.1515754931044518 2.400026395336371e-12 -0.04105393228867734 0.16278067525764575 -0.19207968117823487 0.22966539747194903 0.16645244175819926 -0.06596176956449748 0.09981798600535191 0.03714819170876347 0.05204616320557425 -0.2394911587143041 -0.24933829648267497 0.15791550484489833 0.19845374598641624 -0.06831267713508392 0.17084340592143177 -0.0388956475307539 -0.08651930242587118 -0.24195467167687842 -0.02802138498625791 0.12804207930396116 -0.21070779912825346 0.1663416556295685 -0.08227679462132259 0.18095400810694925 0.007899395621703465 0.08409018591321926 -0.15952366948266794 -0.14121869086340652
1 3 -0.182322761187914 -0.11465686806049676 -0.16557169668905108 0.18366236316595033 -0.2242297300708356 -0.1926600479761481 0.15308109283564392 0.10064299863894642 0.09423700022831888 0.0594200690188386 -0.16810088868161807 0.2536729164675866 0.022436100090157913 0.17484436108992896 -0.09314832572236506 0.04113240894971139 -0.2231291988808828 0.06837160409261157 0.0383070190384607 -0.1438563934272316 0.1234141200588213 -0.19253233415223273 -0.00010316270279858445 0.07979952469592842 -0.16246965577860442 -0.24918808970832165 -0.1197299054173916 0.07004662188904758 0.01972707195837069 0.009312068390497882 0.19056714734739927 -0.08034584099424648 0.09717113389724716 -0.06840270232680665 0.08857457366113737 0.19749562778180596 0.23346906410556573 -0.10049644158672982 -0.10639761870684114 -0.094657627859615 -0.15229030895577605 -0.2000856418796522 -0.07938096758299021 0.21307811063960874 0.13054533982633415 -0.18308561003545964 0.22136428827216764 -0.00846215633740377 0.045328914789476545 0.15731251004678978 0.05485426095036614
1 3 -0.06898770032764681 -0.2507098022006406 -0.005530121778479265 0.08151733562544788 0.0229206615203209 -0.18133622920514517 -0.1820227806196841 -0.24284051827535227 0.01936667840492683 -0.013847125919706113 0.1894768795105436 -0.19834011299403195 0.2126948989774654 -0.13642320681035539 -0.10939033913943202 -0.1910100892045215 0.07150765616982559 0.1459401366243399 0.20014064270256507 -0.07850443056745063 0.11895350341088619 -0.20341139162797786 1.6574487050289038e-07 -0.22156187698101742 0.08913606296123058 -0.2380334940552902 -0.1914680112475121 0.08349664904811667 -0.2228622044190914 0.08108487036791101 0.19887052395131752 -0.06800803131703625 0.14537584663779773 0.020038990597638605 0.20990157332762913 -0.11813681978529797 -0.10025395198088762 0.13571668773113685 0.011541799209881088 0.15383885816307022 0.17311957216653012 0.20267054526794828 -0.195997865271651 0.09569611491929043 0.04187377664762599 -0.11851315000621057 0.07438070951713543 -0.13923254836186072 0.21951373394704263 0.0389948938950063 -0.2335824646270643
1 3 0.3200111915306551 -0.003303308047500424 -0.05347947965980791 -0.13648232493064155 0.02489421870907949 0.3470003661274564 0.25985362986297444 -0.20507769739251855 0.19819801147455263 -0.09287276608264258 0.018371632433000943 -0.10915610397220415 0.28440674284498624 -0.1000198787536823 0.26447499809257885 -0.007210483773019409 -0.06413353415096977 0.013989298828316224 0.10912966273874412 0.0049490167637255686 0.09449271524898506 -0.09845306894959426 -4.109258154287785e-06 0.1616999331033123 0.20907499650232983 -0.07637558817806488 -0.24968356590532848 0.11433775955895428 -0.022030286752242556 0.10627490617146963 0.13670709077364582 0.1519884383169173 -0.03644887548208068 0.23026547621128376 0.21483098593716915 0.00029104872065811925 -0.02281315557557308 -0.16278900265219937 0.014842653726454188 0.07282258816305238 0.18950511507608947 -0.06880895366104949 0.16409497136180734 -0.16661744284093075 0.39597152425573223 -0.16782070511520294 0.36928863617800234 -0.154378744742497 0.06328064995927457 0.09283976805698899 -0.03992738825541106
1 3 0.18021849948078003 0.11435545103108741 -0.14032543683644938 0.14838684895012547 -0.2744319926740098 -0.12746712222291345 -0.14104039646233485 0.09488112594651536 0.023277320712985307 0.12930681192303742 0.18534253975716414 0.14313893933864066 -0.03597136704707778 0.08634292003914468 0.12645455135277067 0.1321059664670787 -0.13849405077151877 0.06907315330115495 -0.1817438408550472 0.10770213820216296 0.2085774069081506 0.0019181375400689651 2.8941606308303116e-07 0.22864381951368423 0.086269527228257 -0.03960819914400513 0.1722414382601494 0.09731545903458777 0.02912795143454625 -0.07921567954303384 0.23071093072970647 -0.025666917299027422 0.020093899078845106 -0.058807105898697976 -0.08801650217520259 -0.09719839770731467 0.004546574141508357 -0.10313335564426354 -0.011750147202586544 -0.1677116442198778 -0.01135598431514439 0.26925400350734024 -0.14006010720596912 0.2598728955964663 0.16540722029046911 0.10140580186042658 -0.00517743079811678 0.1997596400474647 -0.035539920449591644 0.1288736412681053 -0.1111337689199023
1 3 0.05888674815295656 -0.008674122216660453 0.16960040956144792 -0.0876585558194573 0.0984099174026258 -0.04142044034971697 -0.20443666748720832 0.12258089918505993 -0.21553459508346284 -0.19802864916777055 -0.2525833278985195 -0.21443754481430558 -0.08838790023905305 -0.20140730623496078 0.016862081376094264 -0.15938954164774363 0.12908564830790556 -0.20469109713962544 0.03410468286564498 0.18654339731124872 0.17271066400267984 0.15325990303303608 -2.9003380187532054e-05 0.054203643704024855 0.15885850209021407 -0.161557590231193 -0.07284727701638066 -0.22887433849291194 0.020913939419446685 -0.22392704090905052 -0.15921463693393226 0.1968779451372268 0.08219031245857018 -0.0005267357209626934 -0.029780187453474893 0.013013058370449332 0.10641871233129739 0.12420677768538173 0.12521596071153857 -0.11880712039983563 -0.18330566644015628 -0.22606712559682776 -0.04168513797781872 0.06042916703563135 -0.0469975412697269 0.18098315186460245 0.23847596925815429 0.186435612919103 0.14330044363295297 -0.022035223713401175 0.06335322291737203
1 3 -0.03575811958189231 -0.22255828462787422 -0.14203169883883027 -0.25348997404369744 -0.07267508505671014 0.0893522856912648 -0.000797813300237098 0.06240307100041733 -0.0771075647284959 -0.06806763916836461 -0.12372692426689141 -0.08695934753370252 0.22172160034587685 -0.21401255125941634 0.218110896074867 0.04648590534270005 -0.0017314728699877602 -3.660498888225762e-11 -0.08095017022071181 1.1571425898449133e-15 -0.14568200084647986 -0.0550989767565595 -0.00012250203690416776 -8.34004124733403e-07 -0.12951484498290572 -0.20493190832536584 -0.1690255885311547 -0.10453510554304454 0.05035430913078699 7.346570339190859e-05 0.09585872925599231 8.632667971574781e-05 -1.4627936175047154e-06 -0.0013059638896604155 -0.021924109655609637 0.044036557252158486 0.0006691392225057511 0.15104749502409104 -4.788785607111753e-08 0.21849997048305358 -2.055550953393928e-15 0.1945312882287956 -0.2333157031508121 0.15085392712226794 0.16302977055168438 0.1351735492462161 -0.22654957082532498 0.17785482092811675 0.08249216706032789 -0.0015328646486538779 -0.10922172159703121
1 3 0.2509611237293779 0.06471970307534644 0.07838347450516762 0.10818185478912785 0.0061499259892381876 0.1567608803119483 -0.05250631811129792 0.2340735258728679 0.24597541299483852 -0.12670898179611173 -0.10683644746282614 0.19293460140313995 0.25573095392457507 0.2567641204501208 -0.11010469461274003 -0.12020630146800786 0.07206302504001247 -0.036047618536454266 0.13770617091125945 0.0387586580974555 -0.20383317952887048 0.16847266649973774 -0.0003196479455117989 0.16575328459850552 0.18130029091902475 0.20523805787732927 0.09065518100199668 -0.12924701946214315 -0.2191309047673145 -0.02449342498959198 0.013291255723771492 -0.1384137259323822 -0.3327155718603038 0.2914806185005699 -0.07125656842872158 -0.23645693649679586 -0.16913878715817002 0.16235547321280283 0.08389251675313758 -7.664564864279934e-05 0.10919161716830321 0.04518256269286446 -0.16698808096388634 0.2684128926897226 -0.1594772526293602 0.008682910924387477 -0.12956896088737146 0.2317740707526013 -0.17925001996208936 -0.08255314419790087 0.06092103476938448
1 3 -0.11810000671740695 0.23235303684425485 -0.1411061070815339 -0.04887781274702433 -0.07341981745992045 0.004251116526091891 -0.059229518370967044 -0.23072653742397006 -0.17720779740577114 -0.2202689754683578 0.19280551360781045 -0.22905974791237588 0.026342295914112565 0.1359574077421661 0.06702924510068965 0.16919163848570518 0.03897152993081246 -0.1794254471951012 0.2727031101893197 -0.1292094501297148 0.04356854447237525 0.09134469824723188 1.0713902294667985e-05 0.2307605288284826 -0.09882834120542437 0.1634502745958996 0.0953507103037468 -0.07215434181862683 0.02044889425101417 0.1901324209213686 -0.017932010607461593 0.059669257578688684 0.1698161261133247 -0.12020228609425385 -0.04115819377683732 0.22927625849205666 -0.11110137557362669 0.22212797164464604 -0.14222222803020199 -0.038257649325654244 0.11937059191389407 0.11552912202217545 -0.2121312730858984 0.04396563605242767 0.19579575480053127 -0.01675054541032167 -0.0273978146243062 -0.1077962743295271 0.17099353266163467 -0.13505747739199628 0.012895916282820687
1 3 -0.13836677724271643 0.04351188216471962 0.2351116726497036 -0.03304863972542623 -0.17899863120474294 -0.1574754045603571 0.20703163117926537 0.19780681567063163 0.16965302272878674 -0.07513443096172219 0.07242052855158175 -0.03248442438676056 0.0431667277621359 -0.12747805180959243 0.15039499273442955 -0.26577020404721696 -0.26436673366091 -0.11098610035350132 -0.21420881573657258 0.22479936688556326 0.2567224994800172 0.09564691188179489 -0.0007982286319601436 0.12880415517484808 -0.09178472436381355 -0.23440565595847218 0.08396018827499509 -0.2761232119239611 0.21914297385407722 -0.0042174805485555855 -0.005726718037426103 0.00010224951143735728 0.16701754224273843 -0.2910208126898972 -0.020785133087448327 -0.1301239760078209 -0.16241325866351408 0.20252118503934716 -0.21497013496431033 -0.027212755211931776 -0.0759206426049519 0.0704249629201111 -0.13208322278177023 -0.025761326803931544 -0.0799262790942244 -0.1829284362321496 0.03894601398980299 -0.007891925670145726 0.20711694386743526 -0.06449847128021828 -0.01045253585826315
1 3 0.1541541986700688 0.0026739022419048093 -0.07379596948906235 0.01619812116163478 6.233402933171961e-15 -0.21986893109361944 -7.350742518158552e-14 0.019816567534722756 4.7816493761552875e-05 -0.020161362798908452 -0.19964818343792853 -5.414968381536466e-08 -0.03875646033101194 -0.15475003205032353 -0.09477543703555187 0.19596818053722817 1.2681869007116753e-16 -2.579247164383663e-06 2.682414019998371e-16 -0.00039455311145346626 -0.08765277000765825 2.78302724692938e-06 1.7639157450288948e-06 1.9976390285981134e-17 -0.0017071939766956329 -0.10090178116345369 0.01698547137589557 -2.3495177412401436e-06 -1.1418105152731087e-08 -1.5491285790415846e-06 0.0765397706084365 -0.14859622821384563 0.013088911474598147 0.10106982661443155 0.11379388285539316 -0.05813914118117943 -3.633054582264575e-05 -9.696375026605149e-05 3.985236613771006e-07 0.00022076111577594166 1.0985213665657669e-10 -0.035060249907069296 -0.03235862562227457 -0.023860460465100104 -0.14380447280552502 1.1117855448016032e-10 -0.13788622263809674 -0.1175231793333777 0.11289355305561018 -1.4695592349160378e-11 -0.09579612767746844
1 3 -0.1295202062811967 -0.01567474347265338 0.21124238655835761 0.024844387898078007 -0.12863091921917594 -0.1959538303628106 0.011179197822055927 0.14577389401270127 0.033334435545259083 0.20433345762735686 0.11012122796524394 0.1549134978595927 -0.036239640508846 0.24477144589291785 0.1415010987605662 0.074003435587056 -0.18609606064952652 0.1572597804130197 0.06423779574646545 0.2235439440444717 -0.14059077737918588 -0.2248195046732827 2.278929503300317e-05 0.19367942702648167 0.008694268510226581 -0.2172836807824303 0.16976423815642458 0.06334531970713804 -0.09908205649820882 0.10225598241431058 -0.027216876027090015 0.010018542961076063 0.27845246151985614 0.15836316137195683 -0.062260843074291354 -0.17375478432875097 0.22263341157703548 -0.17757364543174053 -0.10798846079373672 0.005015882145597275 -0.016630579748296834 -0.04848382944830444 0.13899713843450862 0.22610900071660608 -0.09138658813326792 0.010072500537425463 -0.05266544414055373 0.25279623273669366 -0.10162935844244603 0.3301889936785263 0.04641404324125929
1 3 0.08752937745208299 -0.06897990968009408 0.24585284660196158 -0.010938366005608493 -0.0580830566997311 0.081932031562551 0.20787339515681325 -0.22627601221010454 0.2921080546388098 -0.1257275899688833 -0.013857900910283045 0.0070932711902415915 -0.010893329218136676 0.26622956830796074 0.055404951196977234 -0.16815868787159405 0.11844631994657767 0.020341269848542398 0.10451260513372619 0.23412954126901978 -0.22125358582706353 0.09427968455127717 0.0010153183136452427 0.08273676684494825 0.16821165673865746 0.12708917638077336 0.16320921725958715 0.04249219390218006 -0.021853781058027506 -0.18214280140981587 -0.08389889515584682 0.18717309503520377 -0.05860511044609884 0.14407091136448663 -0.18651454259165187 -0.23404349336676264 0.0860731124163801 0.23207438019584645 -0.22173300909059293 0.08720170701690354 0.24150115501753164 -0.17224756908256117 -0.23015151792669766 0.014131699039919147 0.15870542979956326 -0.18272549068767632 0.10601247616281811 0.11918917011364936 0.12502362806458936 0.027217316163344604 0.21315406130682277
1 3 0.058396908663907364 -0.04290617396924462 -0.006341916886268712 -0.24449836524828544 0.0625349880606484 -0.3240491559301764 0.17521658249642696 -0.0736703055489347 -0.1913781093474736 -0.23148297641682394 -0.15433738520941417 -0.09901229350792161 -0.056359800083623596 0.05839092432677394 -0.28013864887677814 -0.039790354537146674 0.09407725446843558 -0.20432392846206762 -0.13385448617272763 -0.015611385913136547 0.19824163237521877 0.1281931862266435 3.4243997201198387e-07 0.16063843508899242 0.02560013770682092 -0.20028086638128023 -0.020672100697163003 0.21038407909942847 0.11300538341421602 0.054225336186993 0.14492838471166924 0.169495821817114 0.10554315963555522 -0.44337765370946597 -0.1322224723881536 0.2622713830396702 -0.1379117250338944 0.027346355289357614 0.028420523241131066 -0.12129021887947726 0.14698477833592435 0.2237172602149737 0.14356561617348126 -0.1196017921972109 -0.1636526659308701 0.22502010720929155 -0.06154818376806244 0.09752351558242779 0.09218078048039363 0.16797520175612107 -0.14920668076414695
1 3 -0.08197168397975138 0.1838942262740704 0.24043663614432534 0.06704859621662076 -0.22940493945828613 -0.023857503372676465 -0.060101260824910824 0.018797372467171492 0.23387759805261604 -0.14938864523151724 -0.0968079966720899 0.22478747552837808 0.2449161278127545 -0.20916816327643428 0.02953838438790013 0.19892390377175964 -0.012794387718202212 0.14094909522624863 0.06294653169955994 0.04949276527970977 -0.22027709354452862 0.013001176119787548 3.574777428751915e-05 -0.15400077145088534 -0.19718400151796808 0.16293836985520743 -0.10707132230260312 0.07390504503666033 0.09031752754358999 -0.21285153916987057 0.04929938156226498 0.20921504569445773 -0.08902842646558133 0.30591813366378723 0.11687171786699795 0.1605046440992507 -0.20683698444326856 -0.12117198043434937 -0.00614434198326078 0.2884266275259787 -0.08602621851884275 0.22643154040504918 -0.25801199180739554 -0.17309545408571955 0.24022994423724617 -0.19009786697761197 -0.13248554736320536 -0.11000516700596626 -0.17324864378499355 0.2624283639521785 0.1140948297164653
1 3 0.1461369365617356 -0.18620752838276977 0.1169868432537425 -0.17350477698548977 0.10041858382446345 -0.00346362432457224 0.22122938901182573 0.06110897661598876 0.1894095756972688 0.11439284053919868 0.0069534705257186715 -0.1155929254655864 -0.2279970743649383 -0.02279648892485322 0.06875653529494954 -0.18806835033834207 -0.1358522300951844 -0.13092866165654432 -0.24762493875637007 0.02869074052596491 0.04909831832564067 -0.07265731210906375 -2.0636983247327552e-05 0.0029356789730369606 0.10263960816805848 -0.23761919669328163 0.11648166236859117 0.08079454786127536 0.11040021699321197 -0.07180196058950748 0.029437976972659007 0.1453428616303309 0.15827960876426167 -0.27492944879089837 0.023411381893765893 0.16547965314778207 -0.21526429640203934 0.08342196272821173 -0.21597766799240486 -0.012853545826761589 0.19400530853373604 -0.12892809113091913 -0.07406037477068211 -0.25230384025441654 0.05983348884627729 0.16171183127331307 0.1792965921941954 0.17357414955935402 0.07531229030607106 -0.17923656411750716 0.20811474903500118
1 3 -0.09771634636097169 0.13446543286032336 -0.1867769381937569 -0.007159987896326771 -0.0006615409626547888 0.1211365151311419 0.27002700831511395 0.12514576977311867 -0.1641217407907947 0.07769504166511308 -0.23795160440721777 0.08200584622006198 -0.24216895782897144 0.1202375599381427 -0.1575438354392283 -0.13603673035927627 0.19524517640475583 -0.2325798553535113 -0.13708789143511063 -0.05325992761693382 0.20169396708902135 -0.09033869840904235 -9.184326236232727e-18 0.11699482577409903 -0.22011239419036271 -0.14838737872641405 -0.1059772108411326 -0.06203970870425704 0.09593640738238206 0.03211943667642696 0.08083082506246765 0.08519460478463066 0.04670605574388355 0.12735796903784402 -0.14678458604131855 -0.08500476347622823 0.03464162699782894 0.12991885155439148 0.1471324462281124 0.06283014729091277 0.013269519331551472 0.24000691720197542 0.16771091129721966 0.1879918952485116 -0.07603966720658775 -0.030019946217178125 -0.04262654531036227 -0.23998163726939312 0.22090069125148534 -0.14243066737649693 0.022633933757882682
1 3 -0.21191694321466048 -0.23907071398879154 -0.05080666166950791 -0.04875041861058922 -0.16519670518789267 0.011069670014753088 -0.24625604456722808 0.03232384183652239 -0.2179251469815247 0.13318942989154683 0.12720994869066557 0.17923158954797447 -0.13882782722519132 0.12015160513241809 0.18952517016260545 0.0405270497422832 0.10518174210006719 0.17134366187182562 0.04447979242546743 -0.1823410077598664 0.14596616040576474 -0.05209897143048691 -2.66160368797224e-15 -0.06544124574930112 -0.030114554435563587 0.07076679261955926 -0.17817947820333563 0.14772239129467615 -0.18786852491964504 0.05259460443765215 0.0704402405585495 0.029082828882934505 -0.11747454015965059 0.03617014337193605 0.1464911189608266 -0.1347470916688538 -0.1874047189081191 0.07305435224610511 -0.19642744182926236 -0.20663826882943997 0.1839543439641906 -0.24958632383717064 -0.1272081493703943 0.21743009815037292 -0.019524712918764616 0.1782934485177954 0.08145892016139218 -0.13403760784056387 -0.1259806317667908 0.04358477560843855 0.051558085357503274
1 3 -0.20825845868852147 -0.06699548110565849 -0.18401690611710605 -0.19475784886573413 -0.09809588956108523 0.16420288095830696 -0.08911274962834287 -0.026421629204317256 0.10167536068332139 0.05611472101550113 0.22157691607108654 -0.2088761367528179 0.11714611844308974 0.08043002900379716 -0.005055653183007257 -0.19931778843998943 -0.19350816984515964 0.020138232900594067 0.195978270583302 -0.16982689045941396 -0.0993860475278642 0.042442990787845504 -2.535349032849448e-09 -0.3029050691337575 -0.03335022508239441 0.15858684978745488 0.1892461933192854 -0.012645135014081018 -0.07550376793816006 -0.03318285400524089 0.13309201366021262 0.11292424687010953 -0.0030100027257051257 0.003962223555573252 0.1682820977073451 0.22341024910973997 0.17754477983878436 -0.2310981364340291 -0.2527803217206872 -0.162970377526018 -0.09901694568360847 -0.2419844539882276 -0.026748575514507347 0.034242060480998225 -0.20257710421645542 -0.017142487339880705 0.19713306849092813 0.2153528241538411 0.12497285767935103 -0.26858408130193423 -0.051270084459864536
1 3 -0.05472636372363029 0.27190907261269065 0.1598614988069331 0.17947640949273233 0.1100569583395594 0.14533776735151005 0.06920806286168031 -0.03819133595258898 0.19633185161710093 -0.14290835723786924 -0.12787564691369002 0.20135748058721367 0.045904526088718194 0.16881855800202242 -0.18389777397000553 -0.05651462336577747 -0.20230391355533886 0.1106747181475934 -0.21002676138000953 -0.14100540026986286 -0.17326328721837206 0.07437433258477917 5.688989785587121e-08 0.07446137272700008 0.20434505040109413 -0.20570228139866328 0.18388895800872007 -0.06004781538833241 -0.158714855408026 -0.14691922759564716 0.001680093219254529 0.23960776127093947 0.2668899271710704 -0.029784145862973677 0.25637648743741254 -0.011776823056687678 0.12003038114061233 0.07094927076149272 0.18677264656743908 0.16552968138282184 -0.11470016482038378 -0.10180135635855739 0.13542895618630188 0.1624878877377857 -0.07234240310256657 0.16339629125699498 0.002694041623364533 0.1879638201176103 -0.1566014565273075 0.25315075115501356 0.19091542001660763
1 3 0.18829923947390495 0.13650052022161993 0.03717653885263802 0.20651649884307918 0.15343341630321372 -0.07181159499347468 0.20375117449213279 0.039988318522888984 0.05557083638578552 -0.11194265882003179 0.25517460020101096 0.12459900055580692 -0.016045577832418317 0.06494531699325945 0.2277091536981746 -0.11907900468995734 0.059987078523411806 0.23573048342866434 0.17292019003986936 0.05092846150412247 0.16018583806623737 0.08924209690025582 0.0019458152969194697 0.001972654611560113 -0.07558783963559813 -0.03518500513335906 0.17529153389378507 -0.12887309672607486 0.04568700079021126 -0.11503399809607953 0.17073356455382613 -0.1334640726638339 -0.0589351558572448 -0.1678402940800681 0.13237218754844424 -0.1449406535299382 -0.24878120070101925 -0.057419743114725606 0.22477717271858602 -0.01662458757384306 -0.009696605486962571 0.09996362296763667 -0.0656115124369239 -0.1453833633825361 0.1778706499048533 0.10275162435954308 -0.1936293895071006 0.03322118318708462 0.18414860806539657 -0.02517870086892883 0.24934169719719848
1 3 -0.1893886641324996 -0.11550074552292548 -0.0814931854915606 0.20445408544265614 0.2872377325301911 -0.21497285230313776 0.03222605587556679 -0.06829943661017168 0.010330942219625262 -0.1143710438081237 -0.24717607281109094 0.09953959675417552 -0.19679619479959162 0.004042579890316863 0.018936661634706694 0.23197656048110069 0.06116484253483606 0.09155099469671311 0.025439116367891826 -0.051027533369952804 0.2090700999581391 -0.08167546055853864 0.000102076186113884 0.13538710402198775 -0.2015303877224098 -0.22494096842449815 -0.15738305134622238 -0.045239955943861404 0.19916557227114223 -0.08891690138980222 -0.04623168648635997 -0.13642075086737826 -0.13811917361695705 0.1543753258006785 -0.27588558636495575 -0.06578186568482243 0.0747087453288094 -0.03510964299039299 -0.05602501775621329 -0.12062194135691896 -0.12925469551710886 0.24363056589135082 0.1247166636410253 0.2660789239087112 -0.14030845535152672 0.16716453382971697 -0.1012877839452634 -0.17665631561751513 -0.07242874012487278 0.10228517641301066 0.20306597002593474
1 3 0.16420191451177107 -0.08214228062438524 0.2450425172618899 0.08023568158503118 -0.16683863348517294 0.2923577931281101 0.1599967838062307 -0.06071855343324606 -0.10723294258690064 -0.19244500904399744 0.22188897232392207 0.034148429199161986 -0.033128594886272525 -0.056763475259883595 -0.17151848848168624 -0.20511818564104595 0.16403919014811555 0.05370054777483479 0.1265750805491002 0.2778928399839775 0.06969266441351196 0.02785331564726 3.537096318490758e-06 0.04377936778361742 -0.1952828765106944 -0.1393989351580782 0.2605684505797699 -0.18279770344397694 0.1420451282440453 -0.07548769610751625 0.11336426191319947 0.10010443586745875 -0.09604491850095583 0.2609160563544341 -0.023468941082978666 -0.028301784084016048 0.21125527250190598 -0.2079069735801972 0.1368842164353399 -0.013093821886510267 -0.10724224557091402 0.16798077724525526 -0.09662029994040902 -0.18343566217796234 -0.08639776524077468 -0.26977828489426453 0.12396476258573577 0.21484784791183872 0.25279146927673257 -0.023018350435577716 0.09059093311015094
1 3 -0.06072413560293191 0.16903368296164878 -0.15088335989058532 -0.0985976230190169 -0.03205033477980003 0.13558772591831117 -0.18021514403052943 0.09117306761380055 -0.17660472904537958 -0.1185000606541581 -0.07326002197108504 -0.17474278267275536 0.09189583769844907 -0.07583035440823035 0.03346123788876205 0.01864282415402232 -0.17324432153444586 0.1613768435361936 -0.05889486251022919 -0.0808861619395342 0.14639851974209192 -0.19664085369306478 -5.041859262606137e-08 0.20017432618531703 -0.05225556974363052 0.03196020582399984 -0.11090119881515985 0.26022835420055135 0.21607810122293009 -0.18268460318782537 0.14430468017306639 0.2720628177855422 0.24884193988910705 0.1531744004774173 0.2633356583051129 0.12591828530132065 -0.06609200534012825 -0.050740145872419866 -0.07979756054958066 -0.0938287255748912 0.20105960716715496 0.05768720753120753 0.20342900934990704 0.154861297927687 0.15146309203347905 -0.02766119589302843 -0.11860799304822203 -0.0005386897189548642 0.016239350382626385 -0.17586400137526598 0.02987036870414639
1 3 -5.471612750942217e-06 -1.2557324417168663e-08 -2.7907895765489807e-08 -3.50012925916697e-07 4.1931258577679114e-05 -1.4925335654039379e-05 3.2819343870250186e-15 -0.0005783425482930016 0.0015059150319507246 2.2051927708367063e-13 -1.434023039929427e-12 -0.00021135695728316195 2.5086840311820423e-11 1.1133151861250137e-08 2.839311658156869e-11 1.7523484834012667e-08 -0.0003900235577703995 -1.477785576969864e-07 -6.211021524492216e-05 7.115463135055817e-05 -4.034280592959605e-05 -4.982482388282084e-05 3.204429959921871e-08 4.143378118296678e-08 4.25059807996731e-05 -1.8672245403883258e-08 -8.541783068059397e-07 -8.404099275799768e-05 1.593758248644369e-05 -2.1213449302768595e-08 3.154894465789522e-09 5.668882939756534e-09 -1.0701892024817337e-05 1.003813650800592e-05 -2.7162176114834666e-05 -2.2579087659498708e-07 5.578444220378283e-06 -0.0009429601289977491 3.791728777889024e-07 -0.0013154758895264286 -8.410640857268668e-05 -3.9500170246921085e-05 0.0005248433225593668 6.044656563675593e-09 -5.707019758356485e-07 4.289885487221884e-06 -8.047646431931271e-05 -3.419774339920431e-06 -0.0006808331236227386 1.7293165753558352e-09 -0.17989097029726536
1 3 0.15022529086419723 -0.2879414430070471 -0.09588902804688107 -0.06532173729783763 0.05181676195940018 -0.04388316024648277 0.2785283180174091 0.23509064423914344 -0.11588707780959667 -0.07107656914474025 -0.05506171109096877 0.1244254333797151 -0.03349111562039674 -0.05554131291455075 0.09463084657115707 -0.15132992677593154 -0.16522754687776792 -0.13371567124644385 0.13376766279559701 -0.07633048452291473 0.14865525870730995 0.15338397110997612 1.2317681887511436e-05 0.07963467139107935 -0.10372042185028237 -0.06134498867748507 0.15268352629825271 0.07349825611895881 -0.062476159673353175 -0.12476361699534527 0.12910265669641935 -0.19935713307402494 0.1745869620071644 -0.18496953751107612 -0.008719584829910297 -0.0017245836319682603 -0.11952168645738229 0.029488710653142874 -0.06259483050370641 0.07811574530516778 -0.06253425235047927 -0.11371785983482188 0.039720401583957406 -0.2616099258789268 -0.08758035348382466 0.06697248828815203 0.10979315614273434 -0.0350110862509936 0.12794347835661432 -0.008297043022760006 -0.029005005772048092
1 3 -0.0016026060967737554 -0.000102542082775151 -2.680171605555442e-16 1.2029262047395825e-08 -1.646137936744711e-05 0.001391438655693393 -6.218639526926359e-15 0.0002318452137701538 -0.0007085964276209786 -8.332210757855328e-05 1.7933416024251861e-12 3.4817346521194603e-10 0.00016556301052737715 -1.1502861507190892e-06 3.686222612017134e-05 -2.6884562127849254e-16 2.8051606903080845e-09 -3.1926719400831323e-12 -5.948603442868138e-11 -0.00043478216060344367 0.0008882655391744223 -4.3248195709093986e-07 -6.880807522243355e-19 4.062821624282098e-05 -0.00038142769686778656 -0.0004751966524432209 -2.486760167130458e-13 0.0013558434066732546 -2.7534270779236994e-07 0.001045997004282487 -5.867091866176335e-17 6.8386147931650145e-06 3.683994712466066e-05 2.1185331346332436e-18 -1.197652017791686e-15 -0.0005424312420362029 4.6153773982706136e-05 -0.0001004429176441403 0.0008708075910210303 -7.54834167741441e-08 -5.8799875886578565e-15 -4.1421667849038586e-10 -0.0007956262923409618 0.0001170266300175569 0.0005595780004815287 -5.139258595677155e-08 -0.00012393179245361982 -1.6999675274559442e-05 6.291480801083691e-09 0.00017621524302163208 -0.16044239009224454
1 3 -0.05279745522050552 0.051718661421439195 0.13207656216934066 -0.048345785042171574 0.22378966888724897 0.010517356203652956 -0.025733170101365995 -0.22720655189152172 0.1834602640158401 0.18572429073929064 0.04246609906019673 0.051925157862558954 -0.11286918293188013 0.22662459643964827 0.1628580341072418 -0.03844000919758372 -0.1586625723553621 0.0992711416298532 -0.18602272245382828 -0.2236546549192025 0.012318480043441948 0.19746684412104507 -0.0015185030049091094 0.10361123910337472 0.2216431274854471 0.14279113360997533 0.24381740953399744 -0.02582631330734306 0.09129255361394721 -0.17402690301859575 -0.03466712179669511 -0.24947041065850947 0.13901478707742027 -0.03440427646716155 -0.2005399777817644 0.24774582223820912 -0.18826987731863754 0.14160671706776912 0.15119243296479123 -0.11825005425184845 0.0036016364725852718 0.1985447447561743 -0.16858885825026182 0.029373357714970818 -0.0919143747127951 0.18280800274102274 -0.2375884894208447 -0.0312226049833428 0.05438863316872881 0.07903623675777512 -0.14006594286705049
1 3 -0.23641370881632187 0.06444744301521803 -0.12802601372667594 0.09048960389448064 -0.02327554798677976 0.13276444463493006 -0.23527265120183355 -0.036633521906205696 -0.15502974335078867 -0.2048529302452191 -0.25209021373123164 -0.12919987255587329 0.20984791783982423 0.02378126019068288 0.14811382751528657 -0.0017111354034003328 0.10924926112656913 -0.13001060154417615 -0.09909531491624024 0.001017379755482203 -0.11925186970181809 -0.1874796726577199 -0.0010158196685032398 0.0005467451650774075 0.08644266444183055 -0.018202038737453012 0.12787087895689953 0.058579143348738254 0.10683849237878418 -0.0757475076679778 -0.14198438013600084 -0.019489762945652588 -0.0996609258621204 0.10458071485752417 0.025750299370444867 -0.20995739569810531 4.252099153710436e-08 0.07923649727032495 0.01343793355375601 -0.09043597998021648 0.00893631777484563 -0.009002121233559712 0.07544269548153874 -0.19616633546123569 -0.06801129014129874 -0.1326143488962413 0.11925859212718748 -0.12161433903131585 -0.17464799335265044 -0.09703133276500087 -0.001977815326541435
1 3 -0.07778006918596964 -0.14835919375189116 0.1663662259136015 -0.02399678438765929 0.16053771470826228 0.07008446551389795 0.045939791341891134 -0.08228628032820452 0.17821391095385786 0.05751395927075273 -0.14029798917885977 -0.030704549146504848 0.12731079309564913 0.09191472501994388 0.09924980598652337 0.24244109643222983 -0.17167562528044084 0.2633820653586185 -0.12928616921555525 0.15753624167812633 -0.1515283085442521 -0.02226351052369239 5.355846287036323e-06 -0.08213241621062231 0.008354510634790573 -0.11091342583175767 -0.03125919915550575 -0.05735176165378788 -0.2741375174553236 0.22877580698965316 0.24927761884563868 -0.2706316808690987 0.15308957811625998 0.10673193217373778 0.15551942536742558 0.028334368830774625 0.15884745491623803 0.1271988370554586 -0.04309748088027567 0.029967597131074362 0.04163634949646128 -0.17968485179892496 0.15833950606206806 0.1977610972912304 0.20567184136896616 0.0354540993976017 0.016835703143060352 0.17198816515701656 0.044649873865145955 -0.02477892005244035 -0.13375060062014554
1 3 0.17622106405851326 -0.1122014058747586 0.12157636808107015 -0.012393185103484248 -0.031341794143471643 -0.05788634073486812 -0.24667747011895458 0.20585381383712117 -0.15680750178233596 0.02912092172775868 -0.25385147078823467 0.022159536056508423 -0.07471050588685613 0.07120636163087879 -0.04795685384220899 0.12101784355912687 -0.16090479585033088 0.051673212835856644 -0.12562437750334224 1.338963468254488e-06 -0.07339794864082635 0.13006713142452891 -2.6855629497913396e-09 -0.010166784636503175 -0.15593710691879806 0.06322495533436093 -0.23568441500519854 -0.06394411747551369 0.013050100461871123 -3.030526933391261e-07 -0.1766650269755809 0.12324051331632112 -0.041496541524197794 -0.10656930046205745 0.013620510335047714 0.07453284042776122 -1.9106210001981542e-13 0.19181834394019273 -0.004977001972140131 -0.0001666293452890827 -0.20393025915858967 0.17550863355396745 -0.032224937570195365 0.0764321299945714 -0.15226381177658554 -0.24730339643020036 -0.04684065684310013 -0.029458719087437742 -0.23109556062447628 -0.14774465667145678 -0.08190814148928988
1 3 0.09383542413574945 -0.12447007705621048 -0.06405821568093242 0.0998134754005181 -0.18685709139180748 0.11756756024678033 -0.05286609059632897 -0.17090638892450216 0.15041423200896797 0.06804666874111076 -0.05512687970673903 -0.13757914434702856 -0.04931995462464365 -0.08403220533297932 0.13912134470331228 -0.12022048602245032 -0.05074426663739584 0.010026844762233682 0.16787178405677922 -0.1590859192418159 0.09358922618379693 -0.2200223753817243 1.635042789887308e-10 1.4209426710260519e-06 0.0462654024539095 -0.10537573578904817 -0.12921480479667447 -0.08884749445412803 -0.04318130116739503 0.07086451540580119 -0.02037975124838954 -0.20479318397952853 -0.17221699590740505 0.01044178704895595 0.0029560229817760272 0.15233054383494665 -0.21847973412707103 0.06560397829618542 -0.25874197922384784 0.17988527844272584 -0.17574798267370878 -0.03522795265660553 0.16274077036451517 0.11873652505837416 0.0031024254282310836 -0.021402183891196226 0.13670593128788844 0.10583976493713067 0.12151453289080939 -0.09693853781402191 -0.15076007618813178
1 3 0.013592310280129723 0.19775976065205322 0.2312733419990237 -0.09815542712887282 -0.13848749259860194 0.0967579044555337 -0.024026877265665377 0.059559958848908745 0.06360834591804658 -0.2773100918584842 0.2190938992404322 -0.015292400741462358 0.07314049443544479 -0.1572597066340217 -0.22906275044824795 -0.0725740483511075 -0.15935486306260035 0.10906669710370095 -0.10700132596465142 0.017801571676007377 -0.09135075728460154 -0.010405459045712951 -0.0016715108091302582 0.17810731339084496 -0.07523931756324158 -0.1929458207961649 0.06786314267963606 -0.20087271740819035 0.08996149902513374 0.2172223370353744 0.24110610075973746 0.028191608593620087 -0.26937128866000587 0.13367007435439107 -0.23790622701787278 0.009774638363583799 0.20871432471013335 0.05318660299445513 0.20808024210726103 0.17458345661231633 -0.052929425901092335 -0.02892229055314783 0.11544467508127383 -0.12473885201607715 -0.23326917787418458 0.22780699227642134 0.1747368378473073 -0.11470172911816766 0.2077873921854503 0.12834459700110326 -0.10679610122773692
1 3 -0.0014504290126057312 0.0012096252350409097 -5.893623765451272e-06 -0.0009560044739839256 1.696935755237919e-16 -0.0014023941915712634 3.785180152300036e-15 0.001213659749705684 -0.0010569433938348782 -4.670345055825585e-05 -6.843554019733072e-05 0.0007610759231923253 -0.0006564517547657214 -5.479444208642619e-05 6.457466236776838e-07 -3.503034320609281e-07 -0.0007005015288024184 4.007784501853354e-06 -1.89256804357814e-05 2.3941777589813027e-15 -1.403689331711344e-18 -1.1803562059101472e-05 -0.0016897170101498368 4.686087760899489e-05 -1.7080429854524055e-09 -7.557139314146941e-08 1.778301613514651e-10 4.921512470816312e-17 -3.774800814289602e-05 2.5400348170158853e-13 -8.326942858132475e-07 -0.0013802727784727028 2.4548942808659086e-06 0.0001728058944194736 -0.0003727037142826505 6.641374792306333e-09 -9.516778895012012e-07 -0.00018571644793103585 -6.1870136351195e-10 6.03853379971946e-06 0.0018573157039536304 -9.374834823125331e-11 1.549865123124484e-07 0.00026144964948051236 -0.001773571420801795 -0.000499143793834027 -3.416752635621146e-05 -0.0016389312862560067 -1.795070037561488e-05 -1.8556283860847816e-07 -0.08779153915253676
1 3 0.2777324580180581 0.20858167154425367 0.15737891982204524 -0.18547796126813074 -0.12636741107958685 0.2377897329022565 -0.1454931798176524 0.2417958611718107 0.22419179649680085 0.09924962507081354 0.14766968106993061 0.14439210666632193 0.3018110408076946 0.10934174167293857 -0.10788647938290695 -0.11971718770089455 -0.042340308691081525 0.12303734814950745 -0.03983306088423455 -0.018902949053399214 -0.12290764678249802 0.03602485401624547 -2.1501612466321496e-06 -0.031629521668325195 0.049722321983073345 0.26942305005453676 0.1444949197957652 -0.09385952702892648 0.0015130659661111753 -0.07748055347530093 0.08531317405802233 0.05431908464402932 -0.21780322550745043 0.23969553218228734 0.11890436829578621 -0.12204368054995456 0.03695652623631397 0.272222892309303 0.10908983100630955 0.08504213119990126 -0.08367335775488992 -0.18095711329945416 -0.12243201274652828 0.0022737603459460666 0.024360333468200813 -0.14529615021585932 0.03871563837602327 0.0716484310471484 -0.09529336644153545 -0.08772720797214187 -0.06156680623782954
1 3 0.001082973900707125 0.03348101378799425 -0.10375757539764412 -0.22239619423449966 -0.23183780124487127 0.00011830901586420469 -0.022679501376230045 0.22126697194923234 -0.06669126942223827 -0.0038366795329380335 0.08012818385585757 -0.11270495072598447 -0.0011424984033997793 -0.18795707114259008 -0.09743440618371126 -0.07261368010455381 -2.1601480181868298e-16 -0.00036599565775535656 -0.06658075240759648 0.0005618880199079356 0.009646801799777721 -0.12517742273571608 -4.0157440494276236e-05 -0.000144066854152231 0.20165505861694463 2.6672635581236233e-05 0.0003801167507530972 -0.08846308133534843 -0.18868222948221675 -8.522559761919512e-08 0.2093634416162484 3.493024683334984e-10 0.04847449118923717 -0.0028013591308833088 -0.007413221122341853 0.15198463156943876 0.13878943542128108 0.08314643143291038 -1.6401065827085716e-17 -0.0005631036676928432 0.00010551239431823186 -0.03358802229753668 0.08780761300827901 -1.0065839227692576e-05 0.011571846115099985 0.10707831933772384 0.0006615156742186577 -0.0016113331614099077 -0.07117946212788394 8.933113161761597e-09 -0.2154169121786362
1 4 -0.06544444561508325 0.25195053528840144 0.08618765892750355 0.4329555040612897 0.3072585582135831 -0.20170648505227667 0.14298721296334505 -0.18259444472944975 -0.07699521942333486 -0.30713890338820293 0.14006799822616353 0.16891529899591567 -0.24468387290819346 -0.2768706117203349 -0.2413198170560933 0.01892467407685127 -0.25143092897984815 0.20407655828228552 0.21867192954521392 -0.004630995233150973 -0.17423145743919935 0.03839880591322244 0.3326352200464651 0.21859996889841957 -0.16275495628852943 0.34297091270742247 0.0700028121650734 -0.08621947249570468 0.14396384242870952 -0.18092615130083722 -0.2866481562674313 -0.25318721640669145 -0.22387647879313355 0.1365865415278286 0.11150394246611163 -0.38030657587821376 0.13902558721415822 0.21577235871179015 -3.3045605451668335e-09 -0.21745067658367834 -0.009888027825493325 -0.27980606290553856 -0.1485762070094729 0.17496002205260405 -0.03972161600450796 -0.21860758491378332 -0.2958344776858831 -4.080308964628108e-06 0.25954979881018536 0.06597628299725644 -0.23061673466748356
