Number of NNs: 5
NN configuration 1: 5 20 20 1
NN configuration 2: 5 20 20 1
NN configuration 3: 5 20 20 1
NN configuration 4: 5 20 20 1
NN configuration 5: 5 20 20 1
NN Layer Weights Bias
1 2 -0.3348472101634276 0.1677615522010016 -0.13346077172141158 -0.5677923695430311 0.028437184474140224 -0.07314473205606178
1 2 0.5445103952453636 -0.12581452235697085 -0.3155706245500934 -0.25785717265061847 -0.4973664777157733 0.014956692289761249
1 2 0.018890764099372712 0.019177537005469893 0.1502777952285725 0.4834084717327887 -0.19757484518280094 -0.2438145082470774
1 2 0.1812770961285358 -0.4500916368736079 0.02714973909176881 -0.3532835972665645 -0.24056948696208014 0.3546205778680609
1 2 0.04842772135108874 0.42937026684621254 0.17702326437858695 0.2703107626500375 0.1857252261969873 -0.016842274386613842
1 2 0.2808036322083275 0.34581493037414124 0.36409561363138465 -0.3333420597775102 0.022569595212389548 0.3261100809237766
1 2 -0.4226917103023641 -0.4239838806224401 0.23370586183017203 -0.12133240573409748 -0.15556282448445216 -0.033506127728944755
1 2 -0.33294844072676255 0.2611436773039944 0.0714826219926029 0.3013017508568065 -0.21790276117667257 0.2240473821616902
1 2 -0.24706569558282196 0.22909893273124537 0.3958579396946899 0.17522096141685803 -0.08288948075573642 0.388733704245447
1 2 0.164320385792576 0.42945455902558044 -0.239052512918756 0.42656741003588233 -0.07189645215060465 0.4125742113781811
1 2 -0.1920436091908151 -0.25819156094102674 -0.552694595469975 0.09787124218059809 -0.29325504672518665 -0.006332713824975586
1 2 -0.02917494882251969 -0.6905087193140219 -0.20267795459186363 0.1574681730509032 0.3319295818112548 0.1822003929344635
1 2 -0.10278656848251058 -0.08358530177129689 -0.2933344464413852 -0.4421937052735037 -0.303920344151405 -0.08520711863671643
1 2 0.06678563160354607 0.33480825740834863 -0.10315893783205503 0.5539302402911706 -0.36519831986499474 0.056240641289556
1 2 0.5119904557930153 -0.04865946325062117 0.08931976155561884 0.39007619967207613 -0.2959990820378143 0.2906687874182679
1 2 -0.2732275400695025 0.6162638584807304 -0.2443698610879896 0.1165709930023572 -0.3015207666994522 -0.2360594573012872
1 2 -0.2547239332318453 -0.30051047347407817 -0.15820462158300472 0.25357678621568586 0.3264071284198298 0.21058018286273408
1 2 -0.5289225099873943 0.0358646989156209 -0.34118490884058184 -0.49853724149792245 0.4033174511019034 0.18457987119974023
1 2 0.2651107494813339 -0.24684648090661218 -0.2905682425690753 -0.1692602711245111 0.320832769110588 0.08568248506153307
1 2 -0.27573259780675025 -0.035146308716072286 0.19816003691067774 0.1299762113928486 -0.319568047162105 0.4213684302667191
1 3 0.08036955930424963 0.1849635414718596 -0.033831030224979686 -0.11075398308139174 0.3148169008528572 0.07790361221896903 0.23068755899747168 -0.1630439684498161 0.19941138239490724 0.2962267803702873 -0.19986324629137167 0.22085614583263904 -0.4491089015070897 -0.22902314672873925 -0.11283308094433032 0.005007367745693416 -0.26800304190841145 -0.026477454559327457 0.3096964513305632 0.06326182182091464 0.2779074225861989
1 3 0.3739067185932892 -0.14436406709505162 -0.16373393936859668 0.3847927049435978 0.1438119652310204 0.06429396251158637 0.08159395386013904 0.25335493701276246 0.0657933883879311 -0.40368685358409984 0.25215713083884017 0.2075933931331757 0.1452407948382373 -0.05800571390123131 -0.10967106444161231 0.42878007809814556 0.24543424590445717 0.24743863326941287 -0.33399927811936203 0.0318190847517556 0.23119047722903951
1 3 -0.16498452100243505 0.24791359121257325 0.030835894452241597 0.027259963058097986 0.002568142318232461 -0.03593570822409083 0.06566802359711653 0.05379793995600812 0.33049950942544165 0.07330893573309405 -0.44760893444458366 0.20905899846631507 0.28752371771020097 0.3583962510713889 0.021370502564457404 -0.10737848573769058 0.0758141425457288 0.06453153866605152 -0.11285548860710858 0.4330917327710727 -0.43702952076520546
1 3 -0.2074735615584042 0.2068795498359615 0.3020843055896827 0.2619178012359473 -0.11526214599365073 0.22489603152359333 0.3756034855553643 -0.27372449692645473 0.06154355166123138 0.19067981117556346 -0.0731434752911915 0.1928917091827219 0.151932774309207 0.43544449733648105 -0.06650019378682535 -0.05375043801461257 -0.16830564161542172 -0.25016957408188556 0.019036829469362575 0.16997946364217772 -0.2730820064111374
1 3 0.2926942010869681 0.22415830886405816 -0.29373359298784857 -0.11079903386992525 -0.22693368452555254 0.3296323533751776 -0.14750039033181372 0.07471718231212393 0.24699129596250077 -0.08955606526267487 -0.31246642482871756 0.07594013814302558 -0.04112316331448683 0.2601611865948763 0.08161695069576552 0.15155641526389224 0.348526961146172 -0.1906918973575519 -0.27533205804227173 0.022103762556755512 0.10276049930674178
1 3 -0.15898465696691277 -0.32034124776158274 -0.03876461607478874 -0.08837891244574876 0.0009688988377893854 -0.26170694487649626 -0.2623933790141057 0.3576511539377748 -0.027083246383675923 -0.2250337010309257 -0.2901512212113469 0.09151050660466432 0.11842150896219601 -0.054744299222712026 -0.10636113936795094 0.09712665533056966 0.07647645414556437 0.2474044603602805 -0.25373128148509505 -0.18343305285827463 0.2749839636128841
1 3 -0.28270022179184023 -0.1471160538871673 0.19774875149169105 0.07087468630102985 0.4871436820632389 -0.16014779140311583 0.15722679472982656 0.23541685474160212 -0.03055036710139019 0.09804043173043575 0.3399688092152507 -0.1211716167126421 -0.33284551880365787 0.26117784414914985 -0.1516408350804298 -0.04346508630660181 -0.26015734142579805 -0.3857717423372527 -0.7004238150017669 0.18780984337874213 -0.0267826694541821
1 3 -0.28254707392527717 -0.08476668845836036 0.31289726140557533 0.30942579274759946 -0.29325656339454037 0.29998000722152146 0.19866566822645237 0.07315812236163638 0.23867657187498037 0.10467232799557286 0.06652352598323746 -0.3475454842858983 -0.07829083462028896 0.42405820071916667 -0.11836292548834547 -0.23532612010104406 0.21526491303153414 -0.3912979650305317 -0.1273836090581121 -0.1541720860630229 -0.09696460837695954
1 3 -0.302173091966996 -0.11324338249279428 0.315666903940986 -0.09744763338364526 0.45230704678347444 0.01400689318878048 -0.32095166658450597 0.25907240314348834 -0.11731191321100948 -0.22385726916136792 -0.16424303885120975 0.2096832619346794 0.013874916755584084 0.12289686109104792 -0.0051277851333601104 0.28998498608178713 -0.03428283939909129 -0.1516301808047175 0.007064602190774935 0.3232017402793627 0.44567472608731273
1 3 -0.11250248653544312 0.43787946117435267 -0.009493526766904709 -0.13587968299156913 0.18879625839379807 0.3057271312994009 0.024566615086307562 0.18641599628659863 0.00027446542315247475 -0.2512411345867244 0.02182400885284987 0.3166729708997363 0.017927199034410413 -0.16569394576153482 0.0965442676576088 0.14239478992190677 0.10553072092263822 0.2560884418197207 0.3858612332610806 0.16168794004441633 0.1972495483280718
1 3 0.15977465277264483 0.17915280828253755 -0.12003827197731322 -0.06816816134359682 -5.495766921924692e-18 -0.3724653751301309 -0.2523184075358486 -0.25943330713630103 -0.2488423865492685 -0.4023918745925238 0.2715738158322635 -0.2245159844441266 0.1284996841192424 0.32192936987507803 -0.1790421951585772 -0.2785664498642914 0.12035326101477632 -0.18777398749469498 -0.24831373391257525 0.2569108910434754 -0.23122468065414628
1 3 -0.1586717547420765 -0.37505430485681823 -0.3264630987905691 0.15916589376857482 -0.3288376894648532 -0.27964371536753635 -0.17571612385711485 0.3496462600247734 0.027698900247757945 0.011806259441870172 0.23538910440295963 0.0756682661507516 0.011950235099281047 0.40124931583080575 0.2638637132668263 0.022391274373336996 -0.03703795354319645 -0.061664957775366354 0.17372794670584107 0.31842906644345054 -0.17572306549598568
1 3 -0.02136943409959548 -0.2592188246166634 0.010948833048195716 0.08117655120198464 -0.027921259613415676 0.12227984805899882 -0.09200142386011811 -0.08024834971201661 0.24151522950631515 -0.16338235841180115 0.13297259732025163 -0.021026438060841146 0.0014569033946473346 0.2576808188945468 0.06508753542780225 -0.1254571742255735 0.1684478825755851 0.018722156843530853 0.13556852597418992 -0.3715146597493293 0.27694319687755964
1 3 -0.4087811922173018 -0.3190750866773538 0.1902571901274997 0.10065783276385117 -0.26616647229103635 -0.0026748261324637227 0.07363494991599365 -0.3570482102997407 -0.13633040235049548 -0.10287166417990964 -0.07758598263137181 0.06797648996645306 0.05099477870664164 -0.09106596403067689 0.14533927585983464 0.20609031884446344 0.15757916536161035 -0.1745922543165825 -0.09692673637678835 0.09567805542050027 0.3843344378009009
1 3 -0.17065952413151508 0.012329545338078726 0.15385385181368993 -0.12334678291133704 0.29830902815514826 0.0019479344345787273 0.06791768579378028 -0.011930753339652236 -0.08236773599601087 -0.2399694423294356 0.191073121909825 -0.12959537479811248 0.13788159942961412 -0.17483063712463054 -0.16793992032569946 0.1472403917305735 0.29801826495332 0.2933061026469447 -0.0411931158362072 -0.18657239021869776 0.275855761820332
1 3 -0.5017535559994676 -0.06601140573904056 0.5088072325093523 -0.2033749599133508 -0.11540841969811728 0.18758268265872652 0.327850607678963 0.2911706917484433 0.08245908690194106 -0.29297266398070915 -0.2749973085193774 0.23587900697018832 0.052432896936037414 -0.07586246018020754 0.39008378451245856 -0.3195890339773868 -0.15780405624298696 0.17213053847396473 0.06440791635613155 -0.2506132963886967 0.2940440615382357
1 3 1.2772738832990566e-20 4.253545362738848e-53 -9.096072197395526e-20 2.958096388973899e-62 5.69955286973162e-19 7.656475624530724e-33 4.6221232441295554e-54 8.483722519744804e-63 2.0166237072322045e-14 -5.14172392014507e-15 -1.4766528590014333e-28 3.5918842334098756e-47 9.142908405877553e-66 -9.398188046850359e-60 -8.956007255536468e-66 4.968220799173102e-33 -1.2786520362815648e-35 -3.71804633233419e-54 1.405471645885992e-22 -3.0536973282349255e-16 -0.3665565368060062
1 3 -0.35792530760643504 -0.30012164399654495 0.39390586503251085 -0.18379243503473444 -0.1763463635382161 0.22639183789473935 -0.023388309985450606 0.24262852965304385 -0.1422435701718188 0.05752737060443304 0.2339249234839187 0.40796433037931434 0.15024936331590824 0.3812578402668765 -0.3181172729333007 0.3498606012885728 0.2990783279456189 0.24584245877925043 0.2209271438857539 -0.010542267662843536 -0.24356622143699788
1 3 -0.2243248343018796 0.04561432381583543 0.03207840801621731 0.2219467044246026 0.28437277716651693 0.14022679205311697 -0.3449308801765501 0.10173987094882463 -0.13142006319452376 0.36964043078376685 0.2363314714627957 0.06121911827891648 -0.3457738065018046 -0.2314010451025371 0.09116776481721156 -0.3976811949783792 -0.13188394032600512 -0.06328170666115693 -0.3126909041256159 0.20109055933646805 0.40484670590876215
1 3 -0.314175939381817 0.1723211355239444 0.05203827082218724 0.20777803648520987 -0.036931775727819784 0.33069185671274925 0.0039573173636074715 -0.3169892135130376 -0.029065337818917982 -0.05824797735208743 -0.04855066849957053 -0.27433417529082516 0.17410592435991445 0.10872140079778095 -0.656810125448634 0.10293125233008878 0.24457464443909077 0.2173780861038201 0.08509474858441958 -0.1914361160411756 -0.11280534306456827
1 4 -0.13225979165308002 0.5010739093344712 0.1375265316973207 0.3667474138297017 -0.43526452166796603 -0.3313752411859486 -0.2249263425616824 0.2762788412558985 -0.37512206487162636 0.5146679683174669 -0.2844443724455789 0.46277836878301926 -0.5115666877367427 -0.3343829137302142 -0.33309431636469466 -0.283941736328371 6.426385216661862e-10 0.23450213256697874 -0.20777845548533483 -0.3196051723676227 -0.06377125360618868
2 2 0.27498508937075805 0.46474374653795025 0.27167439077631095 -0.46971204203960276 -0.32742698633524797 -0.4259856888483577
2 2 0.369162605629245 0.37296586537796195 0.3054275498120699 0.32226906723654486 0.3883289451960602 0.28565118067358836
2 2 -0.5663594071548028 -0.10119161978931326 0.16352123892474227 -0.14719038871857107 0.061027441939537845 0.029794797432743405
2 2 -0.13284298014497728 0.45771971273410855 0.1576415886159783 0.07476423314522036 -0.49957392578243265 -0.31723124275625836
2 2 -0.28715250997616315 0.35450299642212596 0.056353598286134024 0.3955512560892698 0.43662144478646 0.248588827340849
2 2 0.07510772568378275 0.05341937110369656 0.2860183825293054 -0.33678924289118417 -0.06725555620446459 0.36614039901665985
2 2 -0.01385733436170254 -0.27417898916170375 0.2138081328456227 -0.4633338377951404 -0.17963634351918 -0.4191869985326626
2 2 -0.19462114049898235 -0.3093447696023613 -0.30055670550361524 -0.23465423868049107 -0.50842910805594 -0.09173446486719491
2 2 -0.14357194993798109 0.13928229621881047 -0.44429155260242004 -0.5176898189720979 -0.2953824502213627 -0.10224939747747769
2 2 -0.021556520439317658 -0.3292537969664515 -0.29998069081288586 0.056475603177171825 0.22240774618565112 0.3851555320255392
2 2 -0.3032624015690521 0.4550438975388156 -0.17706140646959545 0.16926850816386949 0.14374341041991856 0.0852881053558199
2 2 -0.2700294289217942 0.13284343330002898 -0.12428022481991519 -0.46414572771594736 0.2825742891977529 -0.056738273422972337
2 2 0.014017659718577373 0.10229395411578383 0.17433995016270362 -0.36527499231198746 0.13754125174232257 -0.3097107368937595
2 2 -0.2866757200316429 -0.46366461135550563 0.2903640631962605 0.021582149744229055 -0.4689700061751614 -0.16242845462084177
2 2 -0.29093039227128276 -0.2869985189866491 -0.3375035689245355 -0.3204224627112675 -0.09455598971757827 0.011179623241340414
2 2 -0.1341819497005239 0.3097181592545693 -0.3041241752742976 0.06968548009682042 0.22149925883460264 0.4611984092624365
2 2 -0.18475864421684537 -0.003704712869185766 0.3628298729348164 -0.056924221583335224 0.014011367078241488 0.48666204204038827
2 2 0.08097357729550246 -0.6063453417696639 -0.3019739488310026 -0.1944049705022955 0.40779852180757936 -0.30407593181215936
2 2 -0.31255239880752894 -0.08276437916388939 -0.39396778858958376 0.19756116448311073 -0.20609644868693544 0.18917871650156726
2 2 0.331796866209882 0.12255425741695086 -0.6261232346231559 -0.1582637246525786 -0.16017763506184177 -0.1455415602340754
2 3 -0.2112474273532571 0.33937230958045045 0.34291072106253706 -0.14213585225291003 0.16075664554720148 -0.2239201975940016 0.0049527230641527534 -0.34340239498266356 -0.043514812790533604 -0.24124088937987634 0.056428980295587884 -0.17243816363869197 -0.020979624371965093 -0.2756203905469559 -0.2618567026693181 0.3509355692960593 0.009976477791070457 -0.34088192511202137 -0.21289272937768966 0.021401034292159223 -0.11257373949653486
2 3 0.23317848139923122 0.07698726295644533 -0.1687676719057143 -0.04049943922444067 -0.0025183419841811423 0.18937929257997063 0.2035931731566389 0.4100553619452898 -0.06103654476737887 0.09313761826115449 0.05014619943630295 0.22530047776186216 0.007028470875446367 0.17217019123800126 0.008678310683103499 0.3577096740909556 -0.18429909031041633 0.22278316351165106 0.33842661096823035 0.285775958795279 -0.292949854716772
2 3 0.1025081976405304 0.023935693290855396 0.2409522530659908 0.17268184146215934 0.13243835633327858 -0.1550509629166862 -0.04560007702780057 0.0829243378784135 -0.03748792428835477 0.09991313038807324 0.07283532374542788 0.23226517324330642 0.20705592576430576 0.08876955990720364 -0.030963027654946847 -0.06238720824594109 0.2575204897313343 -0.08347154474335519 0.38716796375808243 -0.27006433489575404 -0.17630102297886413
2 3 -0.2383785089093371 0.18964153502034412 0.2981756884524164 -0.2826983304719772 0.0537150774303993 0.11935729083184435 0.4419553891192481 0.23987488011093927 -0.03598515079934091 0.05063589179755549 0.3057673741801243 0.26733827911063485 -0.3995134924557436 -0.25609244136905973 0.15854601893731415 0.28170317338134354 -0.22500300760733874 0.44248065047056323 0.23681839703389937 0.12577022502163399 0.00038108892220621164
2 3 0.09789478985788783 0.3694416329060123 0.12187907917614656 -0.051329427246748965 0.3691221067591917 -0.19457737716953022 -0.6868621242217318 -0.24595164804213784 0.26626077125385783 0.230673619418306 0.3409948538732536 -0.12142299016203972 -0.053373555605008394 -0.5471840124266494 0.2473207097583796 0.04970247820442082 0.20117314984600287 -0.1452562523940056 -0.10721032053102957 -0.3970863643715817 -0.24896744555908315
2 3 0.08358591431325707 0.17732899851786055 -0.04009840822903638 -0.26768440249979114 -0.2450215059546367 0.1395549486709999 -0.14579559246858034 -0.21972698255698753 -0.3970351216138235 0.27983777604937726 -0.0281619649056636 0.09279634396322824 -0.050117806815649237 0.0036497459819341688 0.22607382979070184 0.26068939040526895 0.1988737155058111 -0.004814790766908996 0.22787543727706835 0.3039891452322714 0.3032106851072878
2 3 0.05192291695063244 -0.13720218039462287 -0.433870933103398 -0.24726550998531033 -0.16294654326614366 0.19031323046621065 0.09483733030803757 0.3619837058016445 -0.2860576930672976 -0.38702584601629236 0.05809899938782446 0.1985508948996444 -0.22047301384844586 0.015124039879704298 -0.1355896723785338 0.09240368955304017 0.08756828210131788 -0.029267847215495572 -0.1644366630177072 -0.025033759654276903 0.05823328429383461
2 3 -0.013278769799442355 0.30496616937433296 0.2620745395582534 0.01943689326582111 0.39393292559957177 0.18994865248105353 -0.22915938472394518 -0.11311754187960447 -0.0901597015197589 0.06338802301559883 0.09940964404980644 -0.5274579805590498 0.1735392442354392 -0.06856234286472085 0.23815195919533613 -0.259550446873603 -0.41806939944924176 0.20599111590455355 0.2955762519177892 -0.19003616051679584 -0.13069850226184754
2 3 -0.4746883886291108 -0.1317829333054163 -0.3278642565268788 0.18317942812221186 -0.15400840052456446 0.05411813714928873 0.37572102516330447 -0.13617063344975894 -0.15904627110901853 -0.020373395322841353 0.1063244465162906 0.1355480739515318 -0.2215340043053204 -0.14723315217127317 0.2331887507694636 -0.035454561583461816 -0.10287858527904019 0.02444494041498714 0.09729467968956684 0.1895503808946793 0.2411925084397522
2 3 0.023973119910294972 0.3687323296112242 -0.24222383682855342 0.20775885076573217 0.19183131475052448 -0.04432054084147116 -0.23238940903394562 -0.3158889238866582 -0.2054556989580583 0.07083092079566888 -0.1064394363725806 0.030854960229090518 0.24236681852246061 -0.2357610931112387 -0.04638890694181592 0.10759994087255084 0.33769058406066615 -0.09139567951444111 -0.23973332229392844 0.26101307269304536 0.39856485180303974
2 3 0.17986067912295492 -0.09995559961231627 0.2602170500474233 0.14165688646982358 -0.3274970425013554 -0.025685414065756668 0.2256998804104847 -0.2607665474938712 0.26036488019124443 -0.42199504964583334 -0.6410592935198863 -0.04307138136631321 -0.1956060889876562 0.33479375638457515 0.18069564680167016 -0.11292467237468533 -0.3077958554338131 -0.986174153652455 0.04081704603232411 0.22304111664070972 0.3870115323668082
2 3 -0.33328131741726214 0.26728049130257814 0.24002648855241715 -0.05040066592021755 0.189383014119562 0.01659470950030264 -0.4037529978700698 0.033877466721211565 -0.19337285189382786 -0.10912631024053206 0.06891484059361631 -0.08584599133383908 0.0578801349498605 0.19701177132554873 -0.03278541568018804 0.08492581907485447 0.06306566535348442 -0.11151757583769858 -0.15397785162181982 -0.6284426226814038 -0.16029533844967275
2 3 -0.21673969885056737 -0.1706267897025333 -0.09077483675196484 0.041224770212595685 0.07857941688851118 0.33303224097207035 -0.275446353881561 0.3872745242448914 0.03337134955816838 -0.07227612075985772 0.2494253361787596 -0.2272737303354652 0.19998820514410565 -0.16853813523799674 0.31323737578233135 0.002766949259796528 0.29739023831651235 -0.3433146336920044 -0.25023000683887103 0.2406188405995262 0.00798052641240442
2 3 0.02816986040973719 -0.13113487267719642 0.04917702482612676 -0.02582311837873104 0.040701057851135876 0.09163944173889638 -0.013094467592348403 0.18809028681850662 -0.12996675629626955 0.26120656427517447 -0.16401447501250044 0.001453701407008365 -0.24942247102093926 0.39565994358436496 0.2379919607601671 -0.34641534809200586 -0.25572329699147217 -0.12260775843510938 0.20177197618618248 0.4475844216693674 0.059122523407631106
2 3 -1.6652313446324477e-62 -2.863329660174786e-33 -8.411556981334833e-17 -5.771351906381409e-16 -2.9871945886871253e-28 7.73382201119994e-43 -4.874842767882821e-21 -4.276306823461376e-19 -5.148452728664689e-51 -3.8259915722258414e-15 8.551350691607315e-18 2.1638879885411498e-46 -8.1692547565140985e-16 6.830032816463668e-64 -3.387344948786291e-26 -6.234707340140387e-43 6.789560621010242e-60 2.7593210291309662e-61 -2.778899881003684e-37 -1.70033909880273e-21 -0.33007863365244067
2 3 0.09508576112743647 -0.17745777401481921 -0.37743565513971783 0.030359370856591347 0.18547012597838675 -0.30063517123623223 -0.43982535087595864 0.2410926469193123 0.11521666878552778 -0.11997374508150845 -0.24419761251854077 -0.23679203156158893 -0.400429503717726 0.1276707014964105 0.30399030052463716 0.1288433530035363 0.26595546920785856 -0.2543955156568533 -0.31248668981751687 0.0698128376027484 0.27631119461866027
2 3 4.936751538873095e-43 9.925305804724367e-65 -8.657047337003719e-17 2.1645982205857135e-50 -6.552395143531412e-31 -5.144139927068678e-15 -2.6054220203669677e-18 1.1926215826877766e-60 -2.6490465902867562e-30 -1.856082552473816e-58 4.685470029558923e-59 5.14497636676864e-57 -4.0350838544224696e-15 -4.735005799992044e-66 8.843170582222674e-20 5.423108733625536e-49 -7.671742323496777e-21 1.1157375119762275e-41 -4.310591251187299e-66 -1.3655136302775896e-17 -0.21375184605049657
2 3 -0.14654562585651695 0.28424873990583904 -0.0013258449340580365 0.05380174992994861 0.009104870774567236 -0.1787359430707344 0.04332746508912492 -0.04827739835241398 -0.41336657110053127 -0.3322695329610564 -0.18285522862275824 0.13377716500315495 -0.10478185589681083 0.08636506703637313 -0.1359020738784105 0.369344454848016 -0.22995529063767217 0.2092510217801169 0.24401816305896074 0.28403854976966375 0.34839126257315367
2 3 -0.2258110169810382 0.0012660072524842774 0.26169268582032446 0.4381415544084629 0.17071128590462692 -0.1927893713572643 0.03455848242138277 0.1641910831801968 -0.34388290538006805 0.11912288394397956 0.11155882836391198 0.36677985010731307 0.32710025914440455 -0.2746950752456608 -0.28157780233527646 -0.007485708623625265 0.2669626127369558 0.08672554457548753 -0.22736952991473927 0.3574841904472843 0.003117310562117162
2 3 -4.917716089310279e-41 -1.622590604377415e-26 -1.1109261918805644e-14 3.499514954100372e-59 -8.347717746947074e-43 -1.4559937295542077e-19 -2.5044039107677635e-19 -5.730548956755038e-20 2.403873151844858e-45 -8.387370036771629e-43 -3.4262035999234274e-33 4.0667141480932996e-26 -6.778597320355725e-64 -1.6120479903496272e-44 -3.7953804796758705e-21 7.572681666075043e-52 3.430257429985439e-33 3.782973949104555e-30 2.7483775102759416e-58 1.2434125028858305e-51 -0.3476501316637079
2 4 -0.06252787753656022 0.4155286571276505 0.4636978339677208 0.4031573270687922 -0.467086090834569 -0.5625908457158222 0.383435837894992 0.28158493322316763 0.2646986870915186 -0.1473142179291958 0.26565948979773374 -0.2828216948983448 -0.2032173097304464 0.4347143295667738 -2.405591500330496e-41 -0.1621603253076093 -1.5908673375696656e-24 -0.578072591261453 0.3689354904551543 2.1423685348072718e-24 0.2424771059976056
3 2 0.12968807727580609 0.2600309344549164 0.4989750470130295 -0.5564739865668188 -0.21549138242441576 -0.33564155199373935
3 2 0.2513485604454126 0.10482636669099532 0.014812504568286734 0.21850140455653855 -0.07468914981126668 0.44788050991091066
3 2 0.16687325030219355 -0.17254954680754156 -0.19601439164211798 -0.29802857878053585 -0.1619560693982954 -0.2612113401138637
3 2 -0.3215841180122046 0.20424373229742127 0.4902633185816148 0.18802522776403982 0.30371921614153125 0.13644667797709464
3 2 0.28482854802738455 -0.07515383830156878 -0.45172997431114453 -0.6135815879222742 -0.18433792791441203 0.19447531568901866
3 2 0.003734804590007634 0.3464169898639475 0.3278552314383329 0.31571390754099227 -0.19226147646608652 -0.1741679284219357
3 2 -0.5607485738359524 0.24071283251525089 -0.27092146947154666 -0.38925911745389646 -0.06773875040195017 0.33899653636934113
3 2 0.11876298865177594 -0.5631152172784275 -0.04069169275280849 0.29687575740884864 -0.3567000088004182 -0.0900741140789095
3 2 0.38435856439324084 -0.16912786591177079 -0.3580462297461964 0.37175148221668 -0.2179851809436651 0.3776316332437733
3 2 0.17978583749241245 0.21577838469498367 0.16896042082161153 -0.044964681218364264 0.12743650517487864 0.6126166049861808
3 2 -0.4217927980803006 -0.4240255289712175 0.2836676362260478 -0.2979537383041784 0.13669122937775482 0.4589871733708308
3 2 -0.319169081948892 -0.21221389747361885 -0.04699329748517536 -0.015331756943024749 0.37190666181671195 0.056577262027458525
3 2 -0.3608097422388007 0.0365607098737221 0.23571897974502434 -0.1462322589402078 -0.5719490455397283 -0.16818897316886042
3 2 -0.09615806724131248 0.42522929551751054 -0.23915475970127684 -0.1606443132930757 -0.11076501654125527 0.26753851375610127
3 2 0.1657752131224702 0.24080410909806357 -0.418506134292644 -0.10604644720455639 0.0059262179881886985 -0.36099500453394734
3 2 0.6176038883381343 -0.4369190068107182 -0.1544269821453427 -0.26077855692031543 0.23008472860502854 -0.3499856732603909
3 2 0.34195330496033716 0.07529891171731352 -0.1251624829404208 0.22900443027722212 -0.3590347255782493 -0.20050745261336253
3 2 -0.36025935660549335 0.14210460271266767 -0.3518434006883107 0.36242011487640335 -0.037750632531935883 -0.1611418575526741
3 2 0.40017389601769177 -0.0026499291852761257 0.30003219447062396 -0.04104832346603469 0.13416790484365418 0.08903974218564223
3 2 0.10478949053712137 0.21672880583238815 0.41382752419102503 0.08982565416289731 -0.4207590898571779 0.11840942732702175
3 3 0.04931431153612973 0.2863247367355426 -0.2906932003952336 0.32913399019229134 0.1476625054165366 -0.18349164016559882 0.3289157098514901 -0.18987271097558314 -0.23253748632853036 0.36958323160556644 -0.083746734725617 0.025170656804298856 0.3117933054337524 0.32148966070526425 0.2225606354985965 -0.22690438974976734 -0.055353579618181284 -0.2594084283545764 0.0250633366688206 -0.06366195953994605 0.21056724114990313
3 3 -0.1053006417299887 0.36552884667797764 -0.03570021550843219 0.37805872088145714 -0.029459556794718466 -0.020794233631122407 -0.07736709575803637 -0.32064856026507915 0.22223740904657843 0.23070032499929535 -0.00047599492389566525 0.07191129926128023 0.31703988105255254 -0.17973054654238269 -0.17079800447140941 0.2590523763217374 0.2832523426761081 -0.21489227626939283 0.33010958673925356 -0.16919438495524464 0.21596167301671024
3 3 -0.006134708727787408 0.3206108555101436 0.18299504228286056 0.13718458366428712 0.0870695429884135 -0.211047602745303 0.2837901038964381 -0.03375536996551934 0.15883242057661057 -0.29528909521667196 0.10947948820945609 0.13324708675205796 -0.03724836680714752 -0.26750217257172687 0.00972301777441316 0.12375009936269273 0.0035540826995364245 -0.23018218859247117 -0.3575020045834609 -0.20560397742427675 -0.07185048865276612
3 3 0.3038867225953205 0.23513603379284745 0.4153391167471774 -0.2925567417277076 0.2431253826053342 0.4770554720637535 -0.07187834009768618 -0.35650050620542073 0.06275971226162709 -0.3500663602934246 0.18597183416212132 0.20242977032750945 -0.01795390946814188 -0.2382532623742699 -0.20738665456005317 0.2620095765473431 -0.19476860550632838 0.304492736668469 -0.09821237868197347 0.33569426289211507 0.1732413694507199
3 3 -0.3244649135840273 0.08723489488921214 -0.07362154851191402 0.3404111654630396 0.22491718846105932 0.2310928123269888 -0.13012633156998618 0.3142094972764324 -0.21126331691362565 0.3444794927773016 -0.12021817337578453 -0.03159530189509707 -0.03543236923775273 -0.40985076197161713 -0.11950091446134162 0.1375555695190895 0.21822201344406675 -0.38908584435436205 -0.38879262742413334 -0.1242557573903886 0.3587331973502475
3 3 0.1787483119267081 -0.014616994954538635 -0.41387258232746715 -0.41358694477843627 0.11463915126920071 -0.17805266410327505 -0.16172273402825504 0.312978827353972 -0.24562950676736356 -0.37609383592851847 0.49306184411339654 0.35693104610091336 -0.10145339295523112 0.053074507973988105 -0.1813106830113869 -0.30749269038069715 0.2903726374928811 0.0936331567899486 0.34946993066392246 0.20432128442658673 -0.2554392034214244
3 3 -0.1865739799804623 -0.2832982500292462 0.25581207631700215 -0.05041844678091057 0.4601979496016431 0.28380148705364244 -0.06629891251438913 0.023189749129293735 0.21384558808188145 0.26844976391975034 0.39652948513336395 0.0022389768964214455 0.4607232062075678 0.15142197653590914 0.4243407310442143 0.13445563215406198 0.3345116614905019 0.20802177485605086 -0.04001264575834095 0.17704646876610747 -0.2959765233751325
3 3 0.22051905073693248 -0.17857946553892276 0.12917368410939586 0.16315486680591068 -0.0030311570877412054 -0.32200379711691346 -0.32392350531579933 -0.10425306058482253 0.07041794329885402 0.01030292252762316 0.31099441683710866 -0.3294312244860957 0.08793091044744313 0.09375288278843344 1.283444890877858e-63 -0.2348439676488222 0.3335658508311781 0.24956958961662656 -0.03680494740347471 0.05432268303286235 -0.34447085705566466
3 3 0.37707764504113717 -0.12070380352761775 -0.1905114109552803 0.10141548481206847 0.19594257127012904 -0.190233894198202 -0.21648550155149307 -0.29756705896534735 0.003128615293967161 0.38442103558306967 -0.14558140204713488 0.2011943071183182 0.042285862420889414 -0.22121793789525246 -0.05314056392008388 -0.19106485252764524 -0.03619503634224691 0.2315749920806478 0.1065042883347589 -0.26067280290549205 0.2553265591371981
3 3 0.10412255550563888 0.023984150132025123 -0.028491683639453973 0.15848305368432555 0.07878426719902805 0.0983107855414949 0.1106334974387739 0.1914768018529056 0.22318570014726594 -0.05333807413557858 0.2001254434398333 0.1604334689001041 0.44160079462277774 0.2108181237396957 0.23287221118920867 0.1580607946215713 0.4132194951794888 0.07645509538843472 0.2979582316945985 0.2474826843126618 -0.27456719673945923
3 3 0.08440974894799641 0.16108061443701502 -0.09171990848842988 0.1006372143752149 -0.15389596513889958 0.3077411029647143 0.03329058172686395 0.37200804706745977 0.2264892603966706 -0.28830644534575156 0.0037560809251752903 0.322563161247213 0.05099017585506606 0.21439078112201948 0.1773804661098648 0.17735383150656903 -0.3544087452177172 -0.13708406790693153 0.2096513322789956 0.14728768749562535 0.11866845372334342
3 3 -0.24217361846931362 -0.27079043404819375 0.15426069278390728 -0.1560225723866733 0.4462915005210205 0.23337781779771088 -0.16616418559456453 -0.07920040647472257 0.1119563425729223 -0.009056534600675053 0.12033127410020267 -0.3169404730307412 -0.05079995340948422 -0.27921691899894346 0.017657743386351895 0.1256749045783294 -0.38595691124799947 -0.44471703909997096 0.0871888742128004 0.235332087911425 -0.034585007910207785
3 3 -0.20139047583486594 -0.3111165309207625 0.1893345708312256 -0.20911499340624617 -0.061432319179381766 -0.31917490664111675 0.3163322528193525 0.18804093610409317 0.09482474081156464 0.1302557104197318 -0.2738228622534931 -0.26846831637947155 -0.04083485907358147 -0.20250548044198985 0.02682024267876759 -0.2963038768368728 -0.09332846015118011 0.27846638705906723 -0.33467086576092175 0.1553853062046262 0.2669702292299536
3 3 -0.24198820606105634 0.16490733444576572 -0.21998824911439419 -0.27687285434979164 -0.20197813433057304 0.1306888820040831 -0.0973505282405954 -0.1361283589501154 -0.13993857924587025 0.48357795590593095 0.1373105592330594 -0.29872151194786134 0.08388691442040219 0.09348011918039513 0.04253317267743134 0.08109263875186928 0.22637032268524568 -0.029279211087774013 -0.36720653550174825 -0.12830406763616953 0.19493947098416856
3 3 0.16010626143924644 0.34790737410893563 -0.1189353194106125 0.2895478401301078 0.2596511844995783 0.18336347586531476 -0.02694618435136613 0.03536957862809116 0.2615233202674259 0.15412540288436632 -0.2885742902140835 0.14896713495016814 0.08240998985913058 -0.23779370929723817 -0.18851636401286695 -0.5565114500204812 0.07113034656826571 0.10400409157470825 -0.4136298809669764 0.3438759471911946 0.13365740262315012
3 3 0.1841162626621009 0.12577066842505633 -0.33348278301872997 0.39931618643927225 -0.3536627320190397 0.20434756004607393 0.2626074573248694 -4.279014157718284e-50 -0.34785622302594327 -0.32911557852163204 -0.35759995698125413 -0.0926437847784263 -0.19177896272417455 0.2490095441810467 0.2699598659343656 -0.2664526776734974 -0.06022657442198252 -0.3775162534606614 0.29971403826710347 -0.3338500457047204 -0.10104348691859719
3 3 0.09346069284947225 0.4519845087192854 -0.4330811476651262 0.19143591207937877 -0.017841140106965053 0.26688170909963477 0.4009443434154023 0.3271499951906965 -0.18000435515207397 -0.19776199382967333 -0.23721589325565334 -0.17332550662781854 0.14740210196352915 0.2748331711063573 -0.05976304161027934 -0.025840311588973833 0.32344070955197607 -0.24102233066789305 0.2988439922446636 -0.35087954471028066 -0.11542188942835635
3 3 -0.04927512863173206 0.29530107016983337 -0.2986886124148808 -0.1037040713801237 0.23921820470756278 0.20280332488198416 0.018333986998714996 -0.04979829491026988 -0.2365286052179848 0.3359813487465601 0.06786947145778481 -0.09513108516745052 -0.37992939776201307 -0.03113515276271574 0.21190210466479356 -0.21684773509474156 0.25868753994837856 0.20588150634817018 0.2764358690885284 0.25722780741603424 -0.07502085380405493
3 3 -0.48270165930371106 0.2771248851504647 0.24836924797093957 0.2638617192159559 -0.13339810623225198 -0.1460870507850848 -0.04795252437919451 -0.21692433444559628 0.35554745923049996 -0.14029006539471403 0.036524032980857664 0.1697542898841159 -0.051574095526517975 -0.6818992326781924 0.25870167514079934 -0.21464374965644806 0.1794153732158238 -1.2174072991870504 0.2637441590910254 0.12445867390308324 -0.30023629732270135
3 3 -7.594470470578223e-48 -2.8558309090113065e-29 -7.240273530742728e-27 -8.334512856477057e-19 -1.2905377954458597e-61 1.1016909738635395e-55 1.1692739351409394e-26 -3.4574094802768245e-52 1.3727292832541934e-69 -5.4568680230808e-42 -3.70766656151127e-30 -1.167712638619057e-23 -3.143126047668826e-40 -2.264970324452062e-16 -2.252513750758004e-19 5.732478585177418e-23 5.218849367296842e-25 1.3782501195451927e-21 4.783419022828211e-65 -1.314138818181412e-18 -0.21829716989098882
3 4 -0.18117346930342787 -0.2797169674688937 0.36940158331324174 0.11383129298373153 -0.052012806618472816 0.35098977084721766 0.4751537534171302 -0.465501031172373 -0.22303887325303537 0.45885766879968265 -0.44935578630318224 -0.23613677385810586 0.4371269326921387 -0.6643847316510995 -0.13971630671461785 -0.4652747863674618 0.19393925248569055 -0.24675943837673037 -0.34477122554960565 -2.665145393284505e-39 0.3613047421927741
4 2 0.013695653919178733 -0.27829865908597884 0.41941624581217496 0.016526296770017435 -0.322955811994155 -0.12362621147131948
4 2 0.3948110500461256 0.23927327975917606 -0.14899896047256184 -0.32208785747388763 0.17176353450093299 0.18669509478961238
4 2 0.042757892929454214 -0.10168273690167821 -0.5991437241742467 0.24292213050343364 0.32344329583726555 -0.3543944238189785
4 2 -0.4942397486125364 0.30130809367365624 0.5167846519201473 0.25041365849173197 0.3595461262134202 -0.5347964322334188
4 2 -0.6322181089177932 -0.23245011277676256 0.016886599881371728 0.40105827818271833 -0.11048552457140058 -0.22400449336697864
4 2 -0.16094647010656307 0.21172373730386707 -0.3373928618843286 -0.34192749722421806 -0.2734653638698979 -0.000733915479368996
4 2 -0.3375179381389949 0.5300162485866676 -0.006929457075673943 -0.06476150115862685 0.17842906080827908 0.15849116543163336
4 2 -0.41246825908616586 -0.19350803532669583 -0.4053212755919613 0.23179233728469292 -0.32689044421876895 -0.04510260338046959
4 2 0.12344510582705732 -0.3812012999654532 -0.21094026906770588 -0.3690090876173604 0.11623482416696969 -0.2829030951699543
4 2 0.10913139978830112 -0.38453764656894995 -0.29537484443101725 -0.18131586091544122 -0.5273509908684836 -0.3736583097506997
4 2 0.038618431569019576 -0.33398934565857813 0.4728558403870689 0.11654366017312841 0.32484552652242094 -0.13603197458003471
4 2 -0.19570047982978922 -0.5312713159275099 0.20392647527734073 0.12812166272487638 0.1828000776559369 -0.22574037064126296
4 2 -0.3624960177720606 0.22309861252906127 -0.48758841306661094 0.15737503529202285 -0.416520448239881 -0.4140049362454874
4 2 -0.03348559749171974 0.5631213026573797 -0.05228850435347479 -0.2554705186874142 0.0504629714130126 -0.21303948535654327
4 2 0.40669517557972557 0.4824539325953773 -0.11971155962984734 -0.2738542258110364 -0.30092364143119926 0.12629244378581023
4 2 0.07737648600630677 0.13108257044472021 0.16271726200040554 0.02916912539439853 -0.41108991004302753 0.029222432968749268
4 2 0.25997336735680787 -0.453126472416331 -0.12493877088132559 -0.48236345587031143 0.04573615404396853 0.23364097148732166
4 2 -0.06043201859611228 0.31366442471744527 -0.4308498647498417 0.07824285397925529 -0.28354426443730524 0.16746140497813453
4 2 -0.37988722753203696 -0.07422449590263301 0.21147953644953774 -0.34221724392886593 0.0538897088150714 0.13614757243986472
4 2 -0.0587450351248919 0.3301674558072118 0.21070947428719858 0.2658020039200069 -0.08222176156069416 0.24234268830713018
4 3 -0.198969338618533 0.2611412756365854 0.04843717170621018 0.045366694686917966 -0.04732742816666887 0.23348368421931973 0.041273780794710814 -1.0732975184168139 -0.796623132694818 -0.22939373064109372 -0.2407783848739081 0.25163484382466883 -0.39686763427465643 -0.2916385862342182 -0.04883643463832782 0.2531857369372654 0.04864446708875942 -0.2748798500311104 -0.1473244768816787 0.15770729764618197 0.15736080348179796
4 3 -0.3630043618752017 0.3256199056099507 0.3116169534195528 0.08802825179325796 -0.070464836606369 -0.2697065644192022 -0.2474571274448525 0.004792088473728838 -0.08823380751757796 0.0557019616201669 0.500341373006135 0.4022886128794531 -0.12402417949104855 -0.45892663965008906 -0.20311375139711602 -0.21750367832056938 -0.12552685058355276 0.027028925383675878 0.006528803621790031 0.04947575680206478 0.01488606885272598
4 3 -0.17961673766400404 -0.21296570794277123 0.13112015596352225 -0.3268600145681137 -0.08109280771692144 -0.01774765996510509 0.3470755091371276 0.15169938828636628 0.15675050502451204 0.16529539746163793 0.14334053009984218 -0.24886081725017486 -0.39509139271886506 -0.2160566131375315 0.22677299344938073 0.12304709460728282 -0.41898039883254 0.22697032576875437 -0.29283951254614926 0.05801775836558492 -0.023313799150841766
4 3 0.2596364696701393 -0.07684192551545731 -0.3357152820960965 -1.1523881534821794 -0.32852253358574707 -0.24043452802646628 0.06249177103532077 0.1864284477680844 0.4054344643795933 -0.08263866131561627 0.3832541256264378 0.30848001063378955 -0.2471623640620607 -0.035585949620815384 -0.5117427428786402 0.06833049607554867 0.1257120026079214 0.09725880164337183 -0.2527768880263749 -0.026678386563883095 -0.08881337439868085
4 3 0.02628686786400196 0.08765864724462206 -0.1344269477801407 -0.19738932300355397 0.15245861832482838 0.25137078460845413 -0.11582695232823341 -0.22520401078305888 -0.31569809544961214 0.3077654954165118 0.3273594875763803 -0.3015645898621217 -0.3520931465799984 0.13023322651160707 -0.24179380615115337 0.07160082727244975 -0.043077558645015 -0.08320271223829041 0.30281049350571615 0.08351107498624794 0.24014004546810358
4 3 0.19041627753278084 -0.13362151915755105 -0.08199011155018027 -0.3603892629502894 0.5011744177581386 -0.2446762305557256 0.38475504757577683 0.23462406430295768 0.27013174267890955 -0.024115434561588482 0.05998714615895641 0.24936160920126305 -0.2230865335485951 0.2624129002352446 0.26271482803804486 0.47707162707499573 0.3774661447038546 0.3147954672295409 -0.16875098567065863 -0.32798753679524356 -0.018716099080597542
4 3 -2.253103606671581e-75 6.15186417070923e-74 -6.696414284065195e-36 -1.4241964681840285e-48 2.65610617935468e-59 3.052680899828037e-76 -6.976696390993589e-53 8.386179135613964e-21 -4.479777601971701e-46 -8.006073653222458e-75 -2.428048712290704e-27 -4.351251228918507e-18 6.064825087153041e-57 -9.39748732286019e-23 -5.9585116021515315e-27 -3.4771904082609044e-29 -9.971956693008587e-28 -2.3589242807655664e-21 -2.3964205835518897e-22 4.1540515387553304e-69 -0.3118976472575453
4 3 0.22962796380393422 -0.0018796795067627086 -0.07164497414539187 0.26655166063510466 -0.015084618957887375 -0.14063935935729105 0.25182984528710955 -0.019351350520805114 0.02012790242183481 0.12471244220521148 0.2736229108949302 0.3147231708185093 0.4744152699845812 0.01270820532508033 -0.22640812012210443 0.18678074989395518 0.35251221022960744 0.3334899455844466 0.30147640742476767 0.11080911856131104 0.02996655316495676
4 3 0.11319397974474651 0.011402793734066547 0.1292641127362404 0.22228510417946087 -0.09931757564846395 0.3826547912433622 -0.018108276306657876 -0.2818966420058027 0.11500991396880637 -0.019968766125100495 -0.22869013217507425 0.0013036986061686598 -0.3240611704584043 0.01261514698764728 -0.06754783873056748 0.417417780301302 -0.021598254898576613 0.380364517975896 0.28774553214968535 -0.14023796225789967 0.009352086394723397
4 3 -0.060141352381999254 0.031908530849160344 0.18679606610554392 -0.5039057003227954 -0.043961354755177894 0.30462741921012637 -0.2375850568031972 0.16468045658985173 -0.21677718634727153 0.030143673840403337 0.08547664871974019 -0.09280463233464874 -0.03736565841728285 0.20295457268088168 -0.023664819663961657 -0.15191545005985707 0.08573361504264053 0.24097928884073763 0.3707809903179562 -0.18202872828348163 0.2630739942812868
4 3 -0.09101421788444455 -0.11514650223533585 0.08805636372690848 0.33952841455200894 -0.2015205109664288 0.159896242829789 -0.09257816682246658 0.3071313775752049 0.6729335331555693 0.08504857915190328 -0.3592519533681715 0.3512606446892797 0.5356784566436635 0.2684849565088948 -0.21587121511818666 0.22554424555490685 0.08470241713430575 -0.20474125025569315 -0.4519501983325183 -0.12983273129280234 0.06512522024525727
4 3 -0.15316982078522332 0.011871791575751148 0.19495568741779937 0.36957181060507205 -0.06860035549041199 0.2831786861329599 -0.18822714348885258 0.045320844970239874 0.48175937232579996 0.2665331964097106 -0.15510556020797087 -0.14119619115814097 -0.08377711972792935 -0.09040585998381503 -0.02159003270566722 0.08331688773444365 -0.15618428034610773 0.1449249467213811 0.44780472294373064 -0.2120943088717278 0.02265697161665283
4 3 0.2825283013200465 -0.16113260029391024 0.26961931962007085 0.2728258423025039 0.03246700603904453 0.26879043304897793 0.1760396007718562 0.13666880192490916 -0.12409144437038772 -0.13036818394259317 0.13764264920367167 0.14570363819887108 -0.032236170734670284 -0.17651744516692244 -0.012757161157969868 -0.09686850601927881 -0.15685742198424674 -0.02875999172415062 -0.15595963785916192 0.10288303125260669 0.4425615712349986
4 3 -0.05331153422321703 -0.2448395730896354 -0.1950827507640116 0.030493610178008907 0.10538370842865741 0.2433758046259665 0.33014516354435575 0.05129543980415459 0.21799800830998722 0.273700673102328 -0.019912094218199332 -0.21787941359796292 -0.44140230707266404 0.09269713881146723 0.12078439962412842 -0.26675760155087264 0.12171011495962239 0.10522288427557079 0.015157992141380874 0.12379196480896444 0.1683650552562296
4 3 -0.2012019198157104 0.21588083655112214 0.16089391863547112 -0.05096845107035858 0.22326486766941628 -0.009767429533866348 -0.04842877057983114 0.21742150245970251 -0.20387736151211958 0.050402398059982235 -0.44683811605219187 -0.2867430132444503 -0.2330472621567236 0.05880678379149234 0.11453795579745324 -0.21532010366338025 0.20802134886617932 -0.40436188693774944 -0.2934639659732005 0.2273922243036478 -0.34719319624019646
4 3 -0.14901302248727505 0.29348267184058036 -0.0019883473428568567 -0.21738424763429473 -0.317995011780925 -0.32821746119591105 -0.09078475620168591 -0.025701814206676624 -0.3094108336605735 -0.22300554825375132 0.3101269898760793 -0.2223593636982513 -0.35273233401223064 0.2936950824496476 -0.17311493489319787 -0.34061845958876263 0.13094332880137016 -0.2558341322689773 0.2139901239664022 0.2698229299405303 0.2516566733607345
4 3 0.05349336172319689 0.10739163048747857 -0.01243566493423557 0.1605497027785388 -0.4719954620892994 -0.17968145896450946 0.19364182393337817 -0.010938271630416144 -0.014819997408686805 -0.11001873326863468 -0.14803362671386622 0.14586995610287565 0.05997132977406089 -0.32141867229003795 0.2021153700874729 0.01640451691498676 0.02217708784771505 0.36848743921346644 -0.23186052577259528 0.394649305846657 0.4221569728815529
4 3 -0.13325649008356613 0.09084453158429004 0.22234737534470866 0.23201502187981277 0.2784471063243663 0.2573990817926824 -0.27738152181771847 -0.28941605845480367 -0.269215563626908 -0.31355705947755935 0.08294219159957249 -0.17666892846549984 0.08359171604102623 -0.37191194231874775 -0.11228249776463183 0.16427222287928828 0.007758822780352775 0.16389060091531213 0.16783124089599208 -0.08967284098565229 0.310050590101041
4 3 -0.38027651423820896 0.04377018921509063 0.3930884189384209 2.7348799638115335e-57 -0.21902869763397287 -0.24645284471003542 -0.3571875762404805 0.3464205157191075 0.21473998727103272 0.03117927584722994 -0.17340413114442085 0.2881772556193965 0.4446341375714837 2.738253363042719e-20 -0.2994382007901862 -0.33431432766883573 0.005541859868470488 0.031571009424875965 -0.10967096603203397 -0.05245586298378529 -0.31032167361041363
4 3 -0.03217428325590253 0.0703665606387871 0.03638377210706897 -0.36460500262420176 -0.11982809471996389 0.017223730522501347 0.28200434897366844 -0.13178703661622287 -0.12422028678460537 0.5301691097596094 -0.1683073912640263 0.461400325146119 -0.688958201587368 -0.42421451908916885 -0.13347546975892666 -0.17742835458815126 -0.15601049338674222 0.27718867754230964 0.5237981678407133 0.22235170251472058 -0.18633129515367225
4 4 -0.2417993051250663 -0.3339304141148303 -0.3034090096951459 -0.2143768173396351 -0.4144687400854149 0.2867702832206752 2.0079754904257418e-12 0.44134775352296063 0.546723154484278 0.34964367876058744 0.37518535234959755 0.4604212855054459 -0.10036699025845253 -0.3077686748391289 -0.42078998574409143 -0.44885752603029616 -0.5729147425351675 -0.1751076592151671 -0.537820381666549 0.3090655613963266 0.14929599342906005
5 2 -0.3362161930751917 0.06690238555323134 0.3542522878987263 0.4624052182273475 -0.2388502660774037 -0.3627240690802577
5 2 0.38022387787945444 0.09530194478593249 -0.16462308277015833 -0.30858030649510854 0.3633371484327517 -0.3461835276883128
5 2 0.125471527327557 -0.2091125217089872 -0.21797585246826204 0.23809915403871446 0.32097251736841004 0.027807257934073414
5 2 -0.2361083995151825 -0.21044138357340528 0.2702858169033638 -0.4771643964441318 0.30551608312183914 0.25539563852228825
5 2 0.285754199619694 -0.2795128621479785 -0.002766006763347056 -0.07852539223808101 0.24512316425469552 0.5627071203982179
5 2 0.2575058153554725 -0.48788524976100267 0.3070520285983047 -0.02324912200627721 -0.045377300327990505 0.037011093012876514
5 2 -0.20489014232741856 -0.29794938635734075 -0.17378695674994327 -0.1537101921848693 0.3705846860670522 0.3381159436425091
5 2 -0.23020234618617386 -0.5955371125058321 -0.028227033026875244 -0.15160024202240802 -0.4410865723448537 0.027919841940511215
5 2 -0.3131879662449194 -0.05647698609357389 -0.38603923825540704 -0.4788851416125621 -0.006144662712457248 -0.02397836513008875
5 2 -0.38352200657113383 0.34132654931631723 -0.17706864258054597 0.411372248604646 -0.14271648048326416 0.10107354091894333
5 2 0.0769790859841424 0.2326986756930644 0.43986576598849103 -0.2963738703993942 0.32993892916354045 0.4237208970371206
5 2 -0.274978774162404 0.26475744599591805 0.2514324765895417 -0.03697930819008911 -0.46244149267894824 0.28470683936316943
5 2 0.4200728090859336 -0.06103615260797204 0.5352238068360441 0.5041428741060728 0.1619440444150607 0.13073550246785803
5 2 0.27043944766906275 -0.09688652648591554 -0.5172515982694854 0.1816462750000693 0.1602708678443147 0.3857162014077687
5 2 -0.05334104998179174 0.3268091257517488 0.1619879141734196 -0.3847065774261207 0.2710595774260246 0.5233711016372213
5 2 -0.1828232106345367 0.18188679558474194 0.4388358726336905 0.1188353568441445 0.0015474983821420069 0.4842929701876187
5 2 0.5756869407696942 -0.19828286950118973 0.09790295225820209 -0.32126908636701157 -0.39854653904714543 -0.07035197528622666
5 2 0.38559981498561524 0.14228829001661192 -0.08118975752634314 0.32911396492214057 0.2681053276979882 0.36484600091806224
5 2 0.365248859616568 0.3015794341083661 0.06675157636199683 0.09666442454602138 -0.09894863425844011 0.3616800460550282
5 2 -0.000317174223437182 -0.27979271247924925 -0.3261255014551036 0.3589973224721072 -0.0919413220803695 -0.4208579337420905
5 3 0.04562653770727964 -0.4763113341129508 0.03706326860938824 -0.10044347505033162 -0.3343319927009292 -0.24604851514222303 -0.19317333021429592 0.182334991185294 -0.020847784739737606 0.2227419892907203 -0.34373562395922286 0.07851251825225716 0.37779596582576164 0.10385464759334591 -0.15726258588297126 -0.29097125901142235 0.12576120598256388 0.4098431157342661 0.3280466839891531 0.19978349156941022 -0.19393377461088876
5 3 -0.34494945735413407 0.3142859663772104 -0.19146664470643063 -0.39355592004814594 0.003926288968890855 -0.23511591945850105 0.05282746198163816 0.15091659466530039 -0.17483164701033874 -0.07621959835199629 0.3365113383692095 -0.25793513785057426 0.3893324904643041 -0.21095441569780313 0.07399220935516274 0.3363533273486145 -0.12516008178974494 -0.2473132439928939 0.06419645415325309 -0.06886693117963004 0.4206288995410536
5 3 -0.007975554139180557 0.6142879128996414 -0.0747544794740396 -0.0336552208876323 0.06269250990456227 -0.09214462975226523 0.009369819156809995 0.21455722734012217 0.5184188873726635 0.3941090097344114 -0.10936869140220148 0.33080901481564434 0.11726701128713395 0.22976042029912433 -0.34133273648848955 -0.03081985202897262 0.05746710257297577 0.07688301255007822 -0.19748867347679536 0.013617895520008414 -0.2084342682870986
5 3 0.4159092035897564 -0.19256459020773162 -0.05654494263253927 0.16244336708616267 -0.07770322677765404 -0.13718684564018774 0.07500270662546096 -0.03311328033121469 0.3750321953693303 -0.1928349696064721 0.12479295938491029 -0.4072511033678388 0.20561752564520736 -0.37543107288502703 -0.027663783755293648 0.3769581151971844 0.36202807081979166 0.17089992715252503 0.03071784767186938 0.027581930601629827 -0.22588240488060896
5 3 2.0598418655838002e-39 -2.4228561188599626e-76 -1.0136151858307702e-48 1.3373712513178145e-95 -1.6738104285151989e-84 -1.2728917864022724e-94 1.0458107507892337e-28 -7.388757066023523e-32 7.04763370765147e-90 -6.486578965930549e-44 4.381943031396741e-55 6.106143350193004e-52 2.8402891437002673e-94 -5.4270567822544026e-89 9.476494185790613e-49 -8.757353441171569e-45 -5.3080705157891734e-80 1.5466797963737512e-72 -2.341332819678557e-35 -2.0348079461779054e-44 -0.24593900567490448
5 3 -1.871404961208373e-63 0.020276040665711176 0.3128099197235539 0.2264700668922975 -0.021250856444136036 -0.2430937150386821 0.27019904930331645 -0.3833557165656895 -0.12021345790221452 -0.3541764278526024 -0.13494294584267336 -0.03406908277888594 -0.5782716430283751 0.012215631264134377 -0.39354881310991974 -0.41619663939909884 0.16641776351412774 -0.042863608119070265 -0.15695092971824273 0.03414405664932025 -0.08430808180343893
5 3 -0.32099648155144056 0.41357525803055345 0.2353242607865395 0.08046760627859333 -0.12520132504858966 0.06873670400778152 0.3945083791878464 0.393982413526094 -0.15437869772350626 0.33732833322888656 0.23962214058358594 0.3419655419423082 0.24730034332189552 -0.09017693576645362 -0.2200361282270524 -0.09087209473167465 -0.0370794320327942 -0.0090932930656556 -0.023507377273939308 0.1942578383691342 -0.21178056463791733
5 3 -0.0001451930932833469 4.216876039672044e-39 -3.290074835654515e-40 -0.04221439013511861 -4.736907354598996e-86 0.1339286608325188 4.653684927987485e-46 -1.9568130143233825e-51 -1.426057816985323e-94 -0.11814056696939422 0.0281091530116021 -0.062361435737754725 -0.09300541762979238 -1.1811085833595988e-30 -0.14085706079259494 0.253759034058856 -0.08575237080865201 -0.010691122673022746 0.21841738980317113 5.552121563661286e-62 -0.26626660178330386
5 3 -4.5355376151719664e-79 5.542903434134675e-40 2.696569796351618e-29 1.881745256767428e-48 1.7997779066878737e-95 -1.4653346473089755e-62 4.3015524291685723e-32 1.7965808619543334e-80 -1.937273877381565e-94 1.2160898867672772e-79 1.8839760367111914e-39 -3.4525666345100676e-43 -3.2571890820491366e-29 -1.3080723119823425e-92 6.295436214170099e-65 -1.9229272708780046e-37 -1.4898026855095295e-63 -9.550787882791135e-33 -4.933657336771947e-97 3.917042130198028e-97 -0.3613793243418343
5 3 0.5905382917135377 0.19856560014244432 0.1455228045922065 -0.11796301912303721 -0.24880700146096782 0.5603233203549176 -0.4761225619448911 -0.09751933495653385 0.041185768760898016 0.11051028647988836 -0.014400994755868752 -0.2536556278057054 -0.3617902725214773 0.2811467886821743 -0.24638577007481904 -0.08782648353022987 0.4368218850972642 -0.07680287279049051 -0.26003047387649164 0.25449615624473904 0.18063081047854906
5 3 0.07569975214685024 0.2874345868428622 -0.13689697414059324 -0.1300252376387625 0.12002571768434402 0.21618657640712288 -0.006227396787402402 -0.24429674874915325 -0.010836802026121833 -0.14389843171780392 0.22901746115412264 0.2515649923705406 -0.006466669825732276 0.33952700143804576 -0.2738451759506357 0.2028053092459456 0.000852040119791341 0.35095408954450824 0.28233755046982534 -0.453161217540602 -0.17351616285102567
5 3 -0.19895147815805708 0.3205028200978675 -0.21017262668474782 -0.031552114392383396 -0.36666722754958486 -0.39075932676830294 0.266349714815897 -0.052733924271438956 0.003678175861269682 0.10516106000775617 -0.17331244801068071 -0.011683709633048545 -0.09490898985691612 -0.08286308218703267 0.003572286193050653 -0.49563379383801454 0.013841783577073344 -0.39353538552984874 0.2105112652653732 0.2688120200593701 0.07977442507068963
5 3 -0.3347378346778558 -0.10939650829252555 0.12316359871021347 -0.3215816201342694 -0.015004263027617771 -0.2417841638123066 0.28848583072128714 0.20500798868996004 -0.2716163643711056 0.0770409077195723 0.17585475925887406 -0.08515057711342465 0.2316161243226906 -0.11582348641981134 0.34019479493425836 -0.14668100361091974 0.020318164678209724 0.2869966504940036 -0.13605897206506207 -0.3193323558286476 0.09620949289355381
5 3 -0.4604857104635488 -0.30955429019349134 0.22573647310108227 -0.48120739780294525 -0.039274007418819354 -0.024815158231421813 -0.3788266912495678 -0.2285750713807427 -0.20561688488571833 -0.0780542671818987 0.027816982477613265 -0.29520256511886256 0.14485040483453956 0.06744130193236757 -0.2457158604827669 0.32105284202335 0.022272140678484383 -0.3640271859592464 0.22057772092071035 -0.26260554292372085 0.14344332107793545
5 3 0.22639410505981405 -0.26840929208963216 -0.07491691713052138 -0.19366213872144453 0.2705694316164917 -0.2728990227946796 0.11356589361758948 -0.0365904819722878 -0.2300255657887989 0.29165858422364577 0.3149559231346028 0.1781450365125765 0.3152085269204125 -0.25539292251154894 -0.2020779497950229 -0.20275454858274855 -0.14081234107580096 0.1677763791056078 -0.22348678666462013 0.23991339867745054 0.3930127482917166
5 3 0.24860796817866407 0.24658382292071937 0.2889201552385308 0.02690169688343175 0.14730072397517643 0.12236273503632475 0.2541935366302957 0.020882857567355004 0.03979799163718411 0.2060873415027597 0.134191881100808 -0.18985101671566204 -0.35992509452181554 -0.3906825098003112 -0.1374791747943167 -0.3304259985981941 0.34593142589705034 -0.1175797050884844 -0.045414136808059564 0.17234134131137757 -0.30626966715332776
5 3 -0.2192844054417408 0.3011414894826854 -0.18696438864060191 -0.008372960940737419 -0.0689404070804635 -0.026571686122325588 -0.5351584640812687 0.003617800042812838 -0.03448658833031017 0.13344621001274784 -0.02908262425465318 0.2692772543744359 -0.3618663600882441 -0.0683584423803811 0.025904983470374312 -0.024231967889088137 0.19461582237381597 -0.2107169252612816 0.2490370670589619 0.7787920399936596 -0.1281325250217644
5 3 -0.6725620017072963 0.04104045188685234 0.00625288020263374 0.04238986584085371 -0.004999532884802152 0.20615901175596096 -0.18459645791106688 -0.00925857629638654 0.035146498797299676 0.30438645384125995 -0.30573356397963397 0.02613977151548408 -0.1343429513088745 0.09901004840307913 -0.19475180631286185 0.4429331164070626 -0.342002600605585 0.08999414119729203 -0.13442753104857794 0.09837071129049554 -0.21935687407186064
5 3 -0.17064728419873113 -0.1762440199597777 -0.10919335454974644 -0.06324353294577884 -0.06916373324504027 0.08365685219100372 0.24298135296713258 0.15108037103438665 -0.41362983904704326 -0.12680036803582645 -0.2763437476309411 0.15458132352411327 0.05514146615906915 0.2430613135048442 0.3378315091017809 -0.23332081196529172 -0.19114128427301671 -0.24291452919355586 0.22636838170009246 0.21342872915959712 -0.3303931364523975
5 3 0.1894142854830594 -0.053191446602534276 -0.20304675131473574 0.14826595814879462 -0.37310714701650494 -0.3477941460801414 0.01839931523475621 0.29170364998660125 0.6169439208723037 -0.12817133563885333 0.33113567954347145 0.07773028686914644 0.24382408128320135 0.18554526849377828 -0.1018377868919583 -0.2632136965585486 0.03352715581632821 -0.00901682079276391 0.30664262759233174 0.3959460934142362 -0.1207359409550317
5 4 -0.30996172687831725 -0.4874327788615365 0.42470954513344594 0.3017420680233639 -2.4484089977564846e-49 -0.21736378479638346 0.6604877289335718 0.0013198032499014377 -6.631651692640271e-36 0.4288760909930771 -0.23034901140209893 -0.27996350167522976 -0.39514439146481173 0.40267183499469567 -0.5289273015061966 -0.39100428806631815 0.47991180883846624 -0.610427176571609 -0.1568726204898635 0.4512912233804604 0.30394190793883663
