Number of NNs: 5
NN configuration 1: 2 20 20 1
NN configuration 2: 2 20 20 1
NN configuration 3: 2 20 20 1
NN configuration 4: 2 20 20 1
NN configuration 5: 2 20 20 1
NN Layer Weights Bias
1 2 0.4739244944681317 0.3137381575481116 0.21122880431708674
1 2 0.5393496900073156 0.4931634559141175 -0.28359080942900033
1 2 0.9068226010214452 -0.13948905822541685 0.06974258084374511
1 2 0.009979332101980095 0.5322112829557215 0.2682361728376556
1 2 -0.20773175544656663 0.9371216380076929 0.20640020678585755
1 2 -0.6276655787885155 -0.5358129268067755 -0.18789553258673833
1 2 2.4095983102923925e-24 -6.449920511077973e-63 -0.4803446534210864
1 2 -0.462521981519104 0.7517490617763534 -0.1468906825022462
1 2 0.8596339857175762 -1.1324598702341517 -0.2326352533258268
1 2 0.42587817395062355 0.3680522259801844 -0.16554713457750797
1 2 -0.2570162832153051 0.6870747531602049 -0.3264338306362452
1 2 0.050407993167234974 -0.42959289631753433 -0.5113772404100724
1 2 -0.0513306020039007 0.7116805629572265 -0.17971804906126435
1 2 0.7577990791778259 -0.13044861958685933 0.34215196944003007
1 2 0.676561941004417 0.025351940860877775 0.27505586434695023
1 2 -0.6680460744822975 -0.3989162536379316 0.368642811223958
1 2 1.0374052216824712 -0.28816746772297214 0.19908107720000756
1 2 -0.3680500715693894 0.5532045198277956 0.340119760422952
1 2 -0.9549773152100741 0.30098934445501857 -0.10769548284116438
1 2 -1.1349079870008968e-24 7.892734836446744e-84 -0.3693647865638596
1 3 0.27431308016918304 -0.04529379569333381 -0.11320835500814473 -0.1866019830884963 -0.029934828924390318 -6.430484075324347e-60 1.3111324440168678e-83 0.022391323196890973 1.99427310411432e-27 -0.02518353945139376 0.1708077929503502 -3.371830305439141e-26 0.33042009141390405 0.04490281951130721 0.14830377286198862 -2.608506737933026e-73 -0.20908459054871664 0.21936875813317439 -0.37919633447212775 -4.238809893699276e-82 -0.4050379325192388
1 3 -0.0175586745217056 0.11858249182701101 0.2803908163409529 -0.05916155578454011 -0.1937368077766529 -5.209895288837676e-22 4.8504469274648703e-57 -0.6851824954849205 -0.28283722156796004 -0.28819818757269383 -0.2620670973925953 5.855892843185558e-09 0.12098159052264934 -0.025791469021397548 0.29606150093244243 -0.5668275450677221 -0.0609225594719163 -0.11375083051247731 -0.07072030404902682 -1.0611599456655249e-73 -0.048011303188593445
1 3 0.10399804441065777 0.330194974256017 -0.12336309920789859 0.07638306566321135 -0.06195888332900703 -0.5422309485151723 -9.785371068883459e-47 -0.25502100082944446 0.33477270378847795 0.0511682185997303 0.44575406946444435 -0.0028769745137087258 -0.2339350998160753 0.027767431770662897 0.17805962564879885 -0.02265883957403029 0.3446233474874981 -0.4096176671983858 0.27558600063160943 -1.0412465523058614e-41 0.2699442134469443
1 3 0.003462258046517343 0.5723371730321412 0.5645779475836764 0.17430855507944001 0.49677360755696365 -0.1786569203167433 2.0931132206309136e-78 -0.24633881637015645 0.22754255860939307 0.5670381306164998 0.6204292875920735 3.3437841018963215e-27 -0.8145688937119677 -0.38563069572713565 -0.01821478690824899 0.10513992807924163 0.37851665810299234 -0.1859101061770027 0.39506013091313347 -3.266949802669055e-58 0.03822078099584824
1 3 -0.42025685241215394 -5.04404669760416e-33 0.1402393865624316 -1.9816949409168312 0.18615498574203276 -0.20150938753599623 -1.546911869129751e-77 2.4818150082755054e-72 -0.47099749607065966 5.477821606256857e-48 -7.145085986620454e-24 -1.261785522102778e-24 -1.6847219483349934e-49 0.07066877471496881 0.26398238201774515 0.04017184452760894 -0.07338019815832271 -0.25154192149517707 -0.21293202098594521 -1.5593253451262513e-54 0.25005710039162193
1 3 0.17413033456857477 -0.33949511321786224 0.36515615221004405 -0.33745310103228143 0.04032204024510638 0.231170242268488 1.4514026231518083e-58 0.27898147885357766 0.35840304802922823 0.4145719818039294 -0.11401576862011155 0.014219629823139443 0.16869658281470676 0.2734017219762595 0.30360608324149396 -0.09861878608434449 -0.2463233531940464 -0.368716237046227 0.27656823201040576 6.519663885633156e-51 0.10347400292269932
1 3 -0.008231056303162213 -0.03609390471859984 -0.02994955905032856 -0.5164904540027684 0.6108927621771699 -0.48610579994679076 -1.2605790792329114e-31 -0.06455314559970912 0.6378382718773485 -0.304430490186711 0.5062244964035172 0.0014641536325371693 -0.8105248240441232 -0.13445547586892478 0.2418060374179245 0.25473609857774565 0.4545501721107482 0.053928630301069015 0.12036177180631365 6.356029182244726e-72 -0.13408886367746084
1 3 0.21418223390050561 -0.285383014565666 -0.09568310691032855 0.13355119245309044 -0.215232500805704 0.41653116882749436 -1.7176847438393637e-71 -0.09595075735007579 0.12440998674229489 0.054247403525792826 -1.3337394070935626 -4.0429824033583296e-14 0.979616770930939 0.5777162737289735 0.22188806057637622 -0.22229657501334296 0.10864061271148892 0.3198082180837184 -1.3251174866545163 1.2871709744955466e-23 0.4094375374344042
1 3 -0.04634070282548821 -0.561683181674687 0.3814969460140568 0.09550607836375978 -0.5084265003028664 -0.20358107310678586 -9.731394359217026e-48 7.962353958685155e-65 -0.04485295244250541 -0.3057842591448381 -2.3904540383295055e-24 -0.0221680626966159 -0.2693393422533619 0.3346904846723362 0.29788170373515344 -1.2153506538097845 0.02080117811215727 -1.0604316576113528 -1.690191377298808e-27 9.861500020797271e-83 -0.08574808889965377
1 3 0.24428823782500098 0.2617447998623184 -0.14347924965263417 -0.3321793328794825 -0.043563647801444304 -0.6157718556769084 -1.4785752215126987e-29 -0.22043228444580124 -0.518341667743336 0.43156909804693405 0.538068122297603 -1.0929282401200617e-43 0.2779945712522191 -0.3824979388837428 -0.5042482371956734 -0.062152329260444325 -0.24272225961427008 0.2113156528480339 0.13863219707946983 -6.005661925374225e-55 0.15631379602305215
1 3 -4.709065983531024e-24 2.7503205792555436e-84 -1.7804490199425219e-31 -6.882813005890637e-38 1.218961601803257e-38 -2.0328110598566705e-77 -2.4770653767642583e-67 -4.968787561089127e-22 -1.4832717768258813e-67 -3.9529719337928995e-21 2.1977142386987254e-27 -8.729748299404761e-72 -6.703618103199626e-48 -1.9490532370781052e-32 3.7317536019988654e-43 2.20548450238951e-84 -9.783085069908954e-43 -9.848205527055783e-55 -2.122422149210344e-41 -3.7715046472217774e-50 -0.319862238645542
1 3 0.3227236488762527 0.5815994710219321 0.3710244365028449 0.2526908293947298 0.08987583035446073 1.0173455981105082 2.846351405869497e-23 0.5644147364314827 0.3178154868646522 0.10928213627471829 0.9501050223716293 0.007493447671896075 -0.029006505915406246 -0.3288518735316307 0.24303928100096692 -0.7060404331854145 0.1606693707904559 0.0808657994420401 -0.05204606461847437 -3.562059406820944e-51 -0.442694281827611
1 3 6.078939678209663e-78 -5.7829780094557035e-21 -1.5497594713288078e-50 1.418870207166178e-51 1.8449197909974357e-31 3.650284384708833e-74 1.197013236112821e-38 1.4812131252255086e-23 -1.4872884273804433e-72 -2.040960551845307e-68 -2.4260143567956405e-71 3.529413896452292e-32 -7.591022800090844e-75 -3.4155637952120394e-22 4.820047283946385e-61 -1.0430391345751269e-47 -9.72718595231314e-79 1.1279132653492624e-66 -7.075381977808949e-35 8.495994623255942e-25 -0.23513862423462079
1 3 -0.3377260660167228 0.22925696385608438 0.4608277305519332 -0.3878405042722565 0.6009373327946542 -0.39049436118792497 -9.60971775215782e-41 -0.5539377985989606 0.4775113813532247 -0.40288486019176567 0.24906436289870768 -3.1254122366513183e-74 -0.7278355762532503 -0.30458038871450305 -0.3347451778663389 -0.03323666784463526 0.06894674468859498 0.038109167016529236 0.14334146880132742 -1.7805372758215893e-35 0.2789740665461089
1 3 0.29804225476972934 0.3882540512782436 0.4194317691173162 -0.006185808377709535 -0.5262141382634269 1.2751326537861702 6.009018239749131e-56 0.3505974569085573 0.6646657799178913 -0.23165959222016871 2.3054887883796447 1.5753550553977587e-05 -0.523017177232177 0.27346987313996846 0.13632001090674575 -0.564477986969065 0.49387740323927276 -0.20442526236426056 -0.09383833151520239 -1.3333536942111473e-79 -0.308001123912715
1 3 0.14863100896020018 0.18135973788512083 -0.5367364753613206 0.3937120034145787 -0.12768220553939497 0.23086257086338308 -2.6285951617205663e-58 0.6462870861107282 -0.9395107144596487 0.13797683618057063 -0.6374383407192383 2.108881305469316e-24 0.3463420427400416 -0.09626001177028973 0.5054550626458463 0.3380238515884655 -0.07828024737296184 0.18215744029948802 0.10670118939042823 -5.146881343172598e-29 0.4948285630198407
1 3 0.20584410616823987 -0.13529303600524736 0.2160445470891969 0.20230660451557797 0.17795103532720982 -3.250147845243514e-25 1.7332959946579178e-34 -0.19546510377890017 5.332992435067286e-23 -0.021260746879803134 0.19559152137205782 -3.073950551267859e-77 0.32297667443415917 -0.0762095335329105 -0.13552736073026614 -0.1935269210089927 -0.15850078123035038 -0.3411444944668902 0.1000489036312731 7.689855875571928e-36 -0.21408096848623054
1 3 0.28400034985272077 0.06515130126961735 -0.028089513245988205 0.2385632349575739 0.06255961835972675 -0.7470457650239987 -9.245844941267792e-53 0.034766863250089264 0.4650130355535565 0.24039230247854737 0.2636452425089192 -0.0002978690965033563 -0.2040921354948515 -0.0879787339558293 -0.13504986803515975 -0.21203938868824232 -0.010045407538911004 -0.2965158221537329 -0.021761629357904717 -3.5668261937659623e-35 0.2073433744684009
1 3 -0.2655662521874563 -0.3119773018400194 0.40658649208983655 0.5501345883538296 0.11529747542875314 0.6244627546589042 -9.745614687257276e-38 -0.012552884203096417 0.7446038163084351 -0.39318959924423946 -0.9609773481404454 -0.05451077542644413 0.4411872376582233 0.31727895446419424 0.3938365596398426 -0.4798838603501027 -0.10438877342092685 0.49063168501153276 0.5859245458936795 3.371107022750364e-72 -0.4334664662634947
1 3 -0.12973026495009815 0.04160553153780334 0.4052513248087154 -0.4954331928021441 0.9666264019466984 -0.1665047258998896 1.1964617126196539e-68 -0.9273506577863129 0.4940650455034065 -0.02609864032944623 0.32864599695894886 2.3005474754066746e-36 -1.5398475115321058 -0.35816610050898745 -0.24586269361009477 0.0641516970665271 0.4044372145268724 -0.38808561755108906 0.6258242116613274 7.726449610429258e-29 0.3891082046114541
1 4 -0.25911801317817684 -0.06025477577567969 -0.46180715988765086 -0.9056387503114335 -1.7656549716981635 -0.4004974719876695 -0.6106918132444075 0.24190528914644216 -1.027485359241685 -0.5108031119458183 -3.834671400606071e-20 -0.851398673575949 -1.557627397224731e-30 -0.6432155339173251 1.4571821919048102 0.21754436072166305 -0.2740357333006331 -0.24355821689143856 1.1437131668972278 -0.6254626792673416 0.28982820760110556
2 2 -0.6751556779783211 -0.18985637241018274 0.4895979318809391
2 2 0.09989635495069454 0.570059184003931 0.4936677138930449
2 2 1.6402574741351708 -0.7769408688186431 -0.02671313836970162
2 2 -1.1091388911830202 0.3638761629266883 -0.19847827026895282
2 2 -0.6890972419576569 -0.4698410515851258 0.5766996688934608
2 2 -0.033666136611757554 0.49379568487398623 0.4756243167873425
2 2 0.11613080057831696 0.4082238629930583 -0.49797079056948224
2 2 7.025009130442491e-45 8.946591331632058e-15 -0.423166603230516
2 2 1.8625156499260458e-56 -2.4183618881696607e-41 -0.41305645493631205
2 2 -0.587551939259706 -0.6149218062905553 0.2757755040052289
2 2 -0.2531483120514232 1.003711441495664 -0.2512387085010669
2 2 -0.2335033067920669 0.4959824814516907 0.49501361270995264
2 2 -1.3502065905308688e-42 4.6769201582246643e-23 -0.3569051826387787
2 2 -0.11373866876828162 -0.2351863738040269 0.23270931892795624
2 2 -0.05163913007358951 -0.01514599023925703 0.4520061208607642
2 2 -0.16434257505594896 0.776913415243127 0.5017985757615447
2 2 -0.6919879221841956 -0.32998944457877105 0.49966595092115407
2 2 0.8110533339864193 -0.1151721278997327 0.4173229775989355
2 2 0.2538206584446503 0.23035646452362665 0.4197564200735392
2 2 -0.5925567914997234 -0.46802433503507423 -0.20082294259422867
2 3 -0.05548965888629483 0.2917890756651581 -0.38675799372588204 0.4285690323780257 0.29739346881810647 0.37257233643113846 0.362345184626013 1.5629689880570784e-12 1.723007126318937e-56 0.43606941054967 -0.26896879800566614 -0.04938296416278305 8.404844590396732e-11 -0.20112816002087167 -0.28473616522255496 0.02017531687801364 0.24015379698580316 0.06195614765925533 0.34849923456702203 -0.4107632480088439 -0.013507350941889954
2 3 0.4390877505339261 0.2189927160827808 0.23438581580361537 -0.05206628209484273 0.3504564235079308 -0.11530793570959968 0.07981018125581804 -6.497777182445802e-18 1.1240900716966276e-48 0.3020119130374507 -2.0254894582650236 0.31790997824802364 -1.2319763559167504e-52 0.44574895623861427 0.003631625712929019 -0.6502119836418316 0.40982228093969664 -0.1739222235941684 0.2410196483789829 -0.9049136432401707 0.22641677262349205
2 3 -1.8736504105776305e-21 -5.741965349944088e-14 -2.0202552490051222e-17 1.1160085067618127e-18 -1.3283583203067694e-55 -1.314609518846091e-15 -5.164141588931473e-54 -3.3267655980716697e-13 1.6411517708075652e-60 6.294781398110078e-47 1.3674222119245618e-58 2.9986750818559653e-31 -8.811755437464667e-35 1.7592808109986383e-11 -3.803319707039766e-56 -3.6217048587501826e-19 -2.3204183372921658e-15 -9.090022923120146e-15 3.624981835487443e-15 -3.127270868411278e-53 -0.060915751494533654
2 3 -0.04654664900247054 -0.45317762968569564 -1.0848608499480823 -1.254460583663049 0.6270927160429309 0.10365240490331218 0.22317873098374066 1.1244396863063813e-15 -6.281905327909515e-17 -0.3752935259615385 0.7881081459501692 -0.031519117974099876 -1.0147531906125518e-49 -0.07863460541986673 -0.02599552182101225 -0.04134971091994482 0.5854125803906146 0.1345374202966186 0.01029981072581004 0.11570260335705766 -0.16307178638817948
2 3 3.6852031866460633e-20 -5.880105038992229e-21 -5.312801231363294e-11 -9.434872111637862e-39 1.18048243451298e-19 -7.157431691595426e-36 1.2654476927552956e-18 -1.3533866551595895e-14 -1.2610579160238578e-16 1.353840131133026e-18 2.0406636568719925e-50 -1.8238319587761126e-28 1.8833337206171448e-29 -4.2240417105322675e-58 2.319605053273728e-56 1.3217985054471218e-42 -6.9025177873175694e-12 -3.014994831335232e-16 1.0678996914652545e-11 -5.131825671874321e-14 -0.2210802895738342
2 3 -0.30065617081868534 0.06087909379555409 0.7501622161982097 0.9339133683216949 0.3732885800834417 -0.15626071133542735 -9.32391866046009e-14 -1.9225845750306752e-29 -2.4262570600051352e-59 0.22617027525285327 0.43258001017296466 0.09988467921050595 3.52693129907882e-14 0.08042560481973228 -0.3957216323822926 -0.33988384793192616 0.44583281346387765 -0.7025215018697085 -0.14386486816310487 0.25179051118482076 -0.4514396893281151
2 3 0.13763329787930217 0.017757024258106012 -1.3350276602977045 -0.4663556279024898 0.28254522093995416 -0.46532585474879445 -1.9952331424083893e-56 2.468033292428184e-54 9.840614420388365e-49 0.19322954964473127 -0.0025862623987446417 -0.3990085459235299 -9.874465065633313e-44 0.006739666426196633 0.08387352386619261 -0.5226499817874243 -0.062035679769716676 -0.08500658518237832 -0.2297807954882309 0.4839974546884195 0.1374748417837554
2 3 2.0043971520565322e-22 -4.497673829501608e-11 3.167835087333403e-30 8.378887840897357e-15 5.239035322856081e-28 2.6059738789983322e-39 -2.021045534449917e-33 1.6550610537481444e-58 1.4014202906612462e-36 6.217585787575379e-48 -6.983650509283833e-31 -2.100293377472091e-11 2.129936260058157e-55 -1.697783648394626e-42 2.280655382231952e-18 -8.273499365452543e-12 3.5703213677600077e-57 2.0970137890337612e-27 -2.023901792920585e-14 1.6378469092718875e-58 -0.3853696041733896
2 3 -0.3804776052533978 0.2578260844003884 0.7024299514308432 0.4771461730059568 -0.22685366562065962 0.2240263896159409 -0.12599214296569514 -6.751813764869723e-60 -4.6890951797188884e-55 -0.7245478173171931 0.2456219538696575 0.013323232098944043 2.9662739091170357e-22 -0.006951577780179953 0.006537741112882115 0.26083382786736664 -0.09908344958057817 0.32403767273801937 0.11587211767902361 0.013631610127514945 -0.14981254905854635
2 3 0.06115086773258126 0.019615147819735175 8.820627371883783e-17 -0.07177831776368561 -0.3234126845685546 0.09714258309047767 -0.3324001672674217 3.497141812668674e-11 1.3414178480675225e-16 -0.08666472700370213 0.09336276367833404 -0.05989424243950129 -4.724705671279366e-58 0.3336481359616982 0.3167879926208101 0.0962431103355618 0.018719105520448066 -0.3011908137089673 -0.28316915107453644 4.3174322648011437e-20 -0.19894544920591828
2 3 -0.020479203290077748 0.21334518727338994 -0.2923142776897079 -0.073657834713311 0.18465998641222883 -0.026028899853251783 0.23566681943042328 -4.76545245668997e-59 -1.594393358802953e-30 -0.5864172051335895 0.4205564498220833 -0.14417040567695738 -3.4247480691300874e-51 0.3479604623952558 -0.11796304576615653 0.4443687297252468 0.05301274457182849 0.3252929216524282 -0.14498623730934937 0.3375446775425914 0.3409805270786916
2 3 9.421013942202058e-49 -8.73592633255253e-19 -5.208029831837334e-24 -6.488970227643794e-19 -6.456561326812689e-14 -3.4913806822832364e-57 -6.870757959527739e-27 -5.540597440819539e-52 6.179886428674588e-12 -7.416845660721189e-16 -1.8151144626694885e-40 -8.926206140193636e-13 8.266688281245422e-45 9.188103682887536e-23 -1.7304691307008356e-58 -5.50213853270015e-20 -1.702599049345416e-45 -3.3972909403937596e-30 1.0778418963783225e-53 -1.5686296110957527e-38 -0.1934756216754456
2 3 0.35700405347450237 0.15126066812897437 0.23604689570399792 -0.20251840369246313 -0.29064914428854777 -0.12934106739821497 0.03273484495385801 2.978420492516518e-14 -3.3647185544040817e-50 -0.48807963204876226 0.4306322045581737 -0.06149536563761386 -7.29304241786951e-11 0.44061780661556943 0.048204246634291265 -0.07422755856216066 0.39477536670378444 0.25833408517147105 0.33832173548717714 0.4894705680693632 -0.26877444668027267
2 3 -0.13489884379034628 0.11003148875025102 -0.04819582028226282 0.2769165223404475 -0.10482917215034127 0.018486159365360334 -0.007949118593166448 9.320425965555207e-49 -1.1996239244029132e-14 0.6278288537141782 0.19309036201236485 0.38500532502494533 2.831130789024537e-15 0.08821903224231283 0.04022748183786414 -0.42372670389242095 0.16484227815544777 -0.20286535101501224 0.3104929703322214 0.03706261833207569 0.23405441070330285
2 3 0.3423569096528126 0.5199233676031033 -0.2093217642634567 -0.3375197031538468 0.14833881181317404 0.5478588357810803 0.24695629099088426 5.1860203330822525e-59 1.0997659528689688e-14 -0.8329171875524836 0.03612602060152761 0.4395340331080803 9.216546569918229e-20 -0.0013096557251485014 -0.11722557943243728 0.1499296844740403 0.37262630566923327 -0.0914092510121465 0.07412954396120015 -0.04008393648370939 -0.03319397224506289
2 3 0.35521774219360247 -0.3161793407930214 0.17508696023768167 -0.611120184401597 0.1660744814617918 -0.3575010784660764 0.11063862728449556 2.1317595960622224e-41 7.149421182453888e-13 -0.05602507530654264 0.16526779953332402 -0.07742580481824132 -5.976995266001269e-11 -0.10570063881268525 -0.19747270227381353 0.27212899040045424 0.2872901401187774 0.47104931394630134 -0.21730165168357818 0.6964921217157677 0.2752309438491968
2 3 0.3072789997436476 -0.0041268601634130535 -0.13050182005028513 0.44728823436200277 0.21324750588208033 0.20802233619075894 -0.1797353236265774 -2.1820460506964308e-13 6.5942236372720976e-59 0.12819142143406073 -0.4462617307103452 0.11435932399438219 7.656252769167901e-40 -0.0328653766927832 0.3677347344952017 -0.38550229121535295 -0.3497835279511946 -0.11048386618665833 0.21889568348065336 -0.2007149316353879 0.2612154541538153
2 3 -0.27338342192300236 0.11141507549333558 0.6895214278514545 0.777317713757679 -0.48884333709040156 0.060439665419206666 -0.088649150076703 1.293692140944945e-33 -7.586483501517599e-13 0.8968612668784866 0.7511887421286502 0.22314988975874037 8.443245425342717e-59 -0.6085817025163242 -0.38329514779419044 0.457908093719013 -0.302441574554713 0.1446370261788709 0.13847408481612786 0.47925054209614926 -0.4971127906590716
2 3 0.3970349342039526 -0.11887058379262928 0.22184032980488733 -0.274113612467797 0.04887869495200508 -0.38626717486121387 0.15554301512509278 7.957575585259337e-60 -7.044430766262091e-24 -0.038228348024216804 0.17435178209002966 -0.00222727458214346 4.495962886823897e-27 -0.0687116489692953 -0.06526960106455125 -0.11878963631655562 0.22151013887434864 0.4373025537179628 -0.17942710681708038 0.711597187129913 0.36390999561119386
2 3 -0.029787672202703813 -0.006726503623254595 -1.1959927956114094 -0.16995150962985883 0.2746382623912225 0.005209002742116931 -0.020290965063971197 -6.163557206548669e-39 -1.1218057347445776e-29 0.11264140142311432 0.07105755484893371 0.2816375110784823 -4.5656639708015097e-23 -0.08671451904196112 0.03610257812299586 -0.25692299659957135 0.25520725971688035 -0.2083317874459437 -0.050606092350081844 -0.29278667685382265 0.175758409083834
2 4 -0.3200166300833315 -0.4624318675394258 -1.270619427600528e-52 1.2952501060559427 4.502073288794374e-31 0.8446467442915749 -1.1957770248976622 -3.2206578604984036e-12 0.3497703850730641 0.37366229589015193 0.5163460964232592 1.4882659203629353e-12 0.5533335684680188 -0.3573736315356518 0.347408157924313 0.5543553878258028 -0.10993268887351655 -1.142723628436355 0.12161475816002958 0.6442011862506662 -0.461774974572483
3 2 0.8089825562023357 -0.7861959836020176 0.026036881960347934
3 2 0.45931425222240646 0.6190500862353656 0.25277406631480703
3 2 0.4382113614143872 -1.0092841883632164 -0.17331715014867186
3 2 -0.8369745877794246 0.3689378428010349 -0.10155668039100764
3 2 -0.4383739583439679 -0.36520324520420644 -0.3329991270473457
3 2 0.0020189213399711458 -0.8305793487319679 0.43565272754768225
3 2 -0.38986115344770594 -0.5137184292604662 -0.1972372552667735
3 2 0.6655604550169084 0.4459532179283929 -0.23352218277525702
3 2 0.16190638449042902 -0.9534655520222535 -0.2618714753990117
3 2 -0.7233740439470521 -0.12396537624676393 -0.14074647654437328
3 2 0.5871799018389273 -0.10985565408953031 0.4208739361686477
3 2 -0.13281109435837715 0.23350016033646911 0.382003901958691
3 2 0.48576039583280206 -0.7183530108053784 -0.41722464698198897
3 2 -1.550283605725388e-21 5.875917143085393e-72 -0.4149022203452444
3 2 0.5777362725108895 -0.01764797735774205 0.08538442050947316
3 2 0.25755682307705036 0.5913924019004743 0.3086420060319778
3 2 -2.0303007430217045e-70 3.962779185887719e-42 -0.3603553430534785
3 2 0.033459521570984745 0.2978943595519879 0.1484896274313453
3 2 0.027207109244197253 0.12943309508227652 0.47574343579832845
3 2 -0.39277342534754367 -0.46462847970750576 -0.4280157719849482
3 3 1.1845859282104005 0.410170885149048 0.7005326724267696 0.10606539668031542 -0.07183816520227955 -1.1357717652163202 0.6132518805838918 -1.9480707385867604 0.5828776228662477 0.7869055831975211 -0.22693618572914512 0.03182035288888609 0.570725701439947 2.6942228760377245e-26 0.11511808946207204 0.1026293521339998 2.6897500322969746e-78 0.3428275505462109 0.14502349486314636 -0.5003135130716659 0.12874750337095853
3 3 1.9074678500211355e-71 6.29392627530335e-74 3.24361820354769e-22 3.712023388654264e-21 -0.29663815349064 -0.28538492995734965 0.2718549692876292 4.7200951856768384e-18 -0.012168544169552853 0.20096361180896877 -0.3501127474491325 -0.3690168703449761 -5.949951809986657e-46 -1.9248433532970882e-69 -5.361300250338634e-22 -0.06348621389918775 -3.87307935912668e-75 0.0077714366479086595 -0.1836137147522088 -0.018075366637608333 0.17777014006860814
3 3 0.014910294920871182 -0.42829106255790933 0.2803570676849292 -0.5845674640023598 0.3060261669958563 0.12042443190600582 0.21515296328588027 -0.45886624267263526 -0.6608537846681302 0.14994653989585896 -0.30631570152166004 0.05227063321011225 0.3499178053751982 -6.222448614247567e-56 -0.010742098864786396 0.2901000304483745 2.927957432139398e-23 0.31850052506811444 0.20855144099711376 -0.131053637497755 0.11829378419040326
3 3 -0.16902884564917156 -0.5595836420282853 -0.45085786724905935 0.8005106000112111 0.09973911171554023 0.5149398448258938 0.38768183658453326 -3.4896858899601636e-20 0.25809743127783125 -0.17602792188360725 -0.3002515790759918 -0.14147703063545744 -0.030162632781547898 -2.218545173220417e-20 -0.39814447832887545 -0.32082021090537 6.653255570277699e-20 0.016741741611600167 -0.28345735564137103 0.12642084955315783 -0.01884651338885962
3 3 -0.42843944013399016 0.20143238579704467 0.36246281215728127 0.6687823803835709 0.009580857206048916 0.4202353429832883 0.110595395418667 0.22708320037323332 0.5518238198353167 0.05254345535049963 -0.026897822058050653 0.3171205671435246 0.24378108611951232 1.2154465780802067e-47 0.2808145489897565 -0.24188415666399785 -1.5731866311635638e-57 0.33825837744064324 0.16031933898608935 -0.22252843846077824 -0.19166465497089105
3 3 -6.729518489049478e-46 -0.3729350326904446 3.564160663493042e-54 -0.2189694304004348 -2.859151194490236e-49 -0.16470153223314765 3.0826925593022513e-26 -2.857502232716344e-66 4.806172530194659e-55 1.2771692233996793e-46 -0.1137503151011989 0.29118527553411916 3.5966390950808e-24 4.2523706148127994e-18 -0.015988201034189367 0.06535077921489918 5.494348299291721e-20 0.1478945196379962 0.17271635867807578 -5.24511373069832e-67 -0.3654249968902628
3 3 0.39958850505078575 0.09929339404156694 -0.3184495312197435 -0.46931311231329154 -0.08432561552351168 -0.325880840788378 -0.2317684118755484 0.11264481869989888 -0.2531762395989858 -0.4170425841740366 0.2471706056817447 0.38322337919805083 -0.10497520336756533 -1.8569035507750383e-72 -0.06952364158570716 -0.022522367335045337 -8.255537588825535e-65 0.334078198324056 -0.06977024179471339 0.0005842671627339074 0.07411408191771901
3 3 -0.0645262734202298 -0.10727506508639471 0.32530789119420517 0.3155982212071519 0.3072641553998613 0.40180938945617595 -0.12052088549099305 0.4091290246796082 0.691136260908212 -0.14886118675739732 -0.2856130874314357 0.2924332902845454 -0.05315585067288204 -4.658532777245298e-21 0.07447561046301905 0.40295586383622944 1.3359724447831104e-69 0.16144976294250404 0.29127042323873764 -0.1855308458950897 -0.002464050326451111
3 3 0.18414799809346977 0.39165912170357925 0.5464347336064355 0.7597358913707776 0.2909556444991663 0.31654916158025187 -0.2945171054605219 -0.10035554805570925 0.16546442147761461 -0.20912018884044292 0.08469448261927386 0.3620943610492979 0.17966625782516138 2.7252394105698004e-22 0.4096141076526904 -0.2086357556571857 -9.345597258358152e-31 0.06289073975772759 -0.1823662897384429 0.2619938360876863 0.33750786746960604
3 3 -0.6136126880808324 -0.7422465577783787 -0.3016230682269941 -1.0988437824789807 -0.5400066237763695 0.3638845122345172 0.17661129782701454 -0.009511520223561672 0.1543360453773652 -0.06745531931791424 -0.25262374229472995 -0.1688190911010217 1.1929009585171229 1.2198273404411826e-19 -0.11355943202395216 -0.19604528460616677 -7.11294951352442e-46 0.4029739053984288 0.1158178008130244 0.1197795014090037 0.270103416836544
3 3 -1.0507093027787066e-53 2.674237026115477e-18 3.071107452716753e-73 5.882244567593478e-41 1.2131078823165665e-50 -3.188548304398859e-69 2.3325490624375533e-72 -1.0115785884288618e-22 -2.0208452002497817e-64 -6.545991513105732e-56 -8.567615848182447e-70 2.385113263854813e-19 3.862414029768711e-24 -2.2087770214395473e-65 1.2020991737164372e-76 -6.641293253998782e-76 -2.2314875092487523e-26 1.1065047338987694e-34 -2.4738009818214526e-29 7.030105901510931e-19 -0.220203996506406
3 3 0.29793575085467755 -0.16842523895715603 -0.4000960324786444 -0.14801713563876503 0.19048753845791985 -0.13537590393347892 0.2313654929187283 -0.7841580507359329 -0.06300797246733351 0.35517539756968414 -0.07850891285109211 0.08918784257775758 0.13727336885057603 -8.428756862338882e-20 0.07710539328498336 0.052004487761341 4.942214898773341e-18 0.00017431654058343358 0.04078149499729842 0.03545069423793088 0.2902792184719593
3 3 0.1634776088549852 0.1626540724852226 0.060564420367408306 0.5316099767503556 0.2938968109449164 0.003393733925040379 -0.2612467407169986 0.07870616717482246 0.5859887632913116 -0.42426217123307236 -0.10266515691112571 -0.10104973083049612 0.22802464839216272 9.303200777174524e-20 0.3219570901070615 -0.20617081954032798 1.5407716746111735e-75 0.302772040014487 0.2607650859570797 -0.23226268330981306 0.30606305014202795
3 3 -0.37399733213027053 -0.29127745021553003 0.676309147978337 0.8272667913670708 -0.3612889391040469 0.20770947097564554 0.024950100796318812 0.1258340585348339 0.6164000754742514 0.1527008019001606 0.30558022228408577 0.2534873250909348 -0.02795057017396208 4.356958034367993e-74 -0.00378143537350668 -0.05660906037836522 1.7086239629378904e-61 -0.13155392955085704 0.040339772682133256 0.301843613920553 -0.03388224178323987
3 3 -3.103471758870361e-73 4.6159439331926545e-60 -9.361434211759806e-77 -9.862735416396887e-28 -6.015918847942973e-30 7.621009639452636e-75 4.3702086822523334e-24 1.445705782132537e-22 1.3170345163057849e-37 1.4790493170152252e-27 6.858418224505105e-41 -1.8391216725826147e-58 3.3414325031782594e-65 -4.175605585037119e-28 -1.6006353915426959e-53 3.9139313392633315e-57 -4.7644753399708965e-20 2.2819822994985936e-53 1.0351223087175487e-19 -1.0480577735940299e-50 -0.18672993552554182
3 3 -3.942485267294765e-18 6.723213367178224e-75 -2.4310688270608613e-58 5.295112298595385e-43 -2.6159123154853862e-30 -1.1931488948081267e-34 -5.0217872793985754e-77 -1.1139348719908019e-59 -3.9524652193521855e-57 7.389472415881586e-41 -2.946116686387605e-55 -9.445270264671077e-31 7.940737963881502e-35 -5.872793320610872e-22 -7.719187872739895e-63 -1.1985319619534963e-56 5.7843703668288576e-40 -1.838275430559091e-21 3.2609439294661067e-48 1.6537873806982327e-72 -0.26606347712229206
3 3 -0.24942044742074326 0.0456811802250899 0.15027461601536846 -0.5958427988667591 0.2310031654438632 -0.3865058112761842 -0.07983249055870108 0.298624041343981 0.04546604592824683 -0.13228257678198702 0.3162286316947912 0.17707839868668412 0.016220796458444917 1.596097488872927e-34 0.05160089375939952 0.2056524979176064 -1.828414782611231e-64 0.2813229072298723 0.2029897170480957 0.3622430584673117 0.2149100974127073
3 3 0.44230200557124866 -0.14187437079132237 -0.058232339388011777 -0.29999561179449236 0.012978108809467044 -0.3913362018487259 0.19566075644922148 -0.7202997486990678 -0.6514886965396502 -0.48169082408588043 0.012586539268594186 -0.31696960469804614 -0.01938780566526071 -4.463609623813232e-76 -0.26965414442618674 0.1275660410849924 6.320179767975371e-79 -0.04863394230434807 0.3899010090689271 -0.2739222660963233 0.24632935551440316
3 3 5.846531387893749e-23 1.3497801858473037e-73 8.384158757242941e-77 -2.910679055871332e-27 -2.0851610712475526e-70 5.442762951077745e-61 -8.426841681092285e-22 -1.0293720336950049e-19 -5.014118132869904e-42 -7.084913345289772e-40 -8.641076644949703e-47 8.153097100419838e-47 -2.7344549144583605e-75 -2.8665968146689534e-65 5.006742423776812e-21 -1.8121587350185663e-34 1.667167396518641e-35 2.0726484162219596e-67 8.467345503290001e-54 4.944534592994194e-44 -0.21726441400653057
3 3 0.33253182424854116 -0.09055960118013541 0.3148608218101017 0.5624267120617472 0.031512285742654834 0.16984746422850652 0.09217417485426627 0.3033520261600953 0.6469515163021997 0.6239691425667763 -0.6438663559316127 -0.4715103856564847 0.47041593231938705 -5.137137268456244e-62 -0.3250942303721096 0.17581935739399976 2.2245231200077393e-26 0.14938971646194027 0.11894194838739551 -0.3141850491900181 -0.1155888647406623
3 4 1.083956350827136 0.1621758105359404 0.45188635439821756 0.6791240702316779 -0.36989850847259886 0.12361319980899887 0.38255967778765576 -0.565805066567218 -0.49611156600481177 1.0841018626394152 2.924770852941921e-68 0.18611872705101123 -0.5444429948191858 -0.38592196875465723 3.964119137348514e-12 -1.412583264890331e-12 0.4546864518736755 0.7628774368693059 1.7115241757435802e-15 0.6419253200343881 0.4410407272797717
4 2 0.7852063253965071 -0.5618762559542841 -0.1775049483462446
4 2 0.5916748017464538 0.28500957332885857 -0.25179353909757474
4 2 -0.028189265635761677 0.7440301322540985 -0.4222229715173898
4 2 -1.2765902304165317 0.11637795836541044 -0.25921561986114783
4 2 0.3685744536754614 0.7685706573794661 -0.12863647068800374
4 2 0.13908063385970676 -0.23483671802546605 0.23084301858944864
4 2 -0.266122289888585 -0.12050316568406952 0.4404728237345493
4 2 -2.7813050376316237e-25 1.9712876542686985e-53 -0.49584895260192413
4 2 0.0863378523804463 0.10737867906063535 0.34674796708873007
4 2 -7.887641742501115e-63 -2.3773535936137092e-27 -0.48884042216404283
4 2 0.30211351224152344 0.4750487694714639 -0.4025456996834969
4 2 -1.5692199521664853e-76 -1.0217198585937157e-78 -0.29277392501935395
4 2 -1.8369639592672266e-66 6.408259883991785e-32 -0.49742954177466914
4 2 0.3254663530504112 -0.5133699251230713 -0.3022086544230555
4 2 0.0957184854071828 -0.6432425821036106 0.35004064201355495
4 2 0.1652037563940454 -0.9447893329813936 -0.25871668265197184
4 2 -0.7377316571670287 0.008977664330630969 0.34101619664825494
4 2 -0.5612561479883331 -0.601900314404437 -0.22254652493628763
4 2 -0.5727529507726037 0.05734438101540796 0.3127288815651167
4 2 0.2619709639829784 -0.5043902704796313 0.32590781295466387
4 3 -0.21012414281276698 0.6877087634987481 0.3214509758281416 -0.028386601964854888 -0.04526830506800932 0.4267031184091798 -0.020818773906621152 -1.596266671278926e-22 -0.022092746725174944 -1.029595721662459e-25 -0.12162471970173952 1.263510499043494e-29 -4.218874018527492e-28 -0.1009824291628674 0.17722023914587978 -0.19102736453263608 0.3417235801662869 -0.7585167941321351 0.050046914113721815 -0.2169841634412229 0.42011665406986376
4 3 0.31993541502698847 0.47978389619056266 0.8410777492126171 0.07211323331305954 -0.11035042794240314 0.3489671550668158 0.12636956085420945 -4.634948990095602e-64 0.24438267442671746 -2.9669386394899897e-25 -0.283905208257898 1.805526434687823e-54 -1.5840779114819512e-22 -0.238281762671151 0.530774333358465 0.49069733955001704 -0.27146497160297484 -1.529736026076159 -0.19671407374475033 0.032122973595153106 0.16552756135467897
4 3 -0.8426888091974146 0.3088620497697683 0.6242697541358768 -0.1281026754840309 0.06494018569974237 -0.019628478099776643 -0.28756942010776215 -1.30794357150969e-22 -0.3696723633330449 -1.1338326876839382e-42 0.5941815041174018 -4.172075753007247e-52 -2.1446952324367996e-33 -0.2977145535397477 1.0113648101687964 -1.2626692229795369 0.08691989574719558 -0.8712183333483287 -0.1410903236522089 0.10095767110111215 0.02804802248616606
4 3 -0.2573617120980373 -0.8185230023386854 -0.36850109224248373 -0.0007560780851202341 0.017399083432401843 -0.3622825703389848 -0.1706292833019706 2.627314336849635e-26 0.20515119125342152 -8.333597858777944e-48 -0.015034032949184465 5.818534334114789e-21 -1.0474046128879268e-41 -0.28930883367012955 -0.33163224109551315 -0.0773051212308986 -0.21628653129593814 -0.09091655873021413 -0.3959447103337611 0.1334573695374012 0.1752313603185626
4 3 0.2502616971905477 -0.3721027111458544 -1.3562317381981606 -0.8895936005104771 0.35001793711415036 0.2761502594601294 0.3509546954261678 -2.7437283823428736e-27 -0.1597245123437778 7.324709530084567e-62 0.7212975335012305 -1.1181668757869291e-31 -7.53997899036117e-73 0.5164640445264707 -0.21247012194774015 -0.6546755546121967 -0.07335621189000889 0.8693554151411301 0.35910315248972796 -0.1137396507256533 0.03589307565039592
4 3 0.19418009949638787 -0.5890691274935039 -0.16134817620509015 -0.2903765545639003 0.4102858696319712 0.18326916226651974 -0.04251334312554766 -6.722854969043531e-22 -0.06189919385919455 -7.198946859025245e-69 0.24980977173307564 -3.215586240183523e-76 2.0504095996140472e-82 0.006276710569181325 -0.013435685685339557 -0.344307189020025 0.2827359737262642 0.501506656404005 0.34321910505737663 -0.3504894790893365 0.04166539955519486
4 3 -1.5894004069029923 0.24517517447548992 0.13897724761562003 -0.21050901149424725 -0.010706054086730659 0.11976026237657894 0.14776260112314346 -6.098344301610298e-83 0.43933779057754263 6.045705997756566e-65 -0.012301603644654265 -3.051109920470297e-27 -5.097116161051157e-29 -1.660970201993359 0.7555216518662781 0.11195922376494388 0.2620017562978246 -0.44630219344297023 0.21106946402262358 0.07951068213354635 -0.13605489012717564
4 3 0.3293013039681895 -0.2835034404280776 -0.43552270819803707 -0.9033460900151979 0.0995997690455591 0.33730623675872534 0.017200504103359236 1.6595255621064517e-43 -0.10435812964059381 1.2186037861157398e-74 0.22735964977473255 -9.937668637902076e-24 3.374588270004956e-23 0.124158341074186 0.21830973903283263 -0.20103957430275854 -0.3150183577568024 0.7307251051880914 0.27194625577923254 0.2585966307128957 0.10948358765130523
4 3 0.39667658779967757 -0.12126508314329652 -0.2652880682152805 -0.12748945059857675 -0.41623657495093597 0.5350340027523182 -0.13874200570576725 -5.095655823353914e-70 0.1951268593664676 -7.620267091379967e-30 -0.9285123829297429 -5.1999385291116096e-68 -2.5873710445020928e-20 0.35319723292709476 0.13049495477363457 0.1977733995430196 -1.3460697329156308 0.17037992806300326 -0.6672229788526779 0.1517486543856528 0.12111018176201453
4 3 0.006424060726066725 0.05397169674302456 0.5603946854909694 0.008476786581994878 0.0373575366542042 -0.18774051587553256 0.32753370662029446 -9.082771680755896e-49 0.10206508553375791 2.689680327011709e-28 0.27920501680224835 9.561602273921915e-39 5.380474722272592e-24 0.4226239842828319 -0.007006729183263101 0.45435392052963064 0.3094431791925078 -0.21120689891420708 0.2479596371209518 0.08189561303744368 0.0037415723277700007
4 3 -1.0595728431202069e-23 -2.972696481121987e-63 3.5087974885968115e-43 -6.034899876538826e-53 -1.1034841381993393e-23 5.491923107440007e-79 -4.2903786487971434e-47 3.082580128557689e-44 1.838410901612308e-38 1.911476656404666e-27 1.3488609072754939e-69 -1.1015640736159539e-23 -6.396627692863794e-21 3.832683018255771e-46 2.44374006280409e-71 2.4494935340978554e-80 9.85051855138703e-25 -1.3429415039669362e-75 -4.345651043810744e-26 -3.417200262087424e-21 -0.17580138474383697
4 3 -0.05141389140595269 -0.30790101974669887 -0.23870830096844017 0.10397755252463937 -0.133394635165865 -0.1980607129219236 -0.30061305683543205 3.782254870281988e-65 0.03823229844487515 -3.233941811268373e-42 -0.013966169558834608 -3.4607054504509806e-43 2.6939757438795243e-73 -0.24824912411217137 0.16400656992845258 0.06862730448736318 -0.5428875813282449 -0.267703089562722 -0.026821090867465303 0.0873448083404643 0.19084538591618885
4 3 -0.17708148327944967 -1.2944176951904254e-73 0.3022743880190596 -0.05341795749272873 -0.24081522199208416 -0.13331434060529374 0.07097400361198256 -2.424178436334068e-20 -0.20157306099978942 -5.673170566748155e-80 -2.6626119037113927e-63 1.3883586824080091e-21 -1.8288735729956018e-23 0.10470758935010303 -0.18479332190700837 -0.361094027832333 0.01578260055513433 8.295851550107965e-20 -0.016395529883127213 0.1184589996854838 -0.013065447268210588
4 3 -0.3123253521727733 -0.7597087894532163 -0.9883166917666927 -0.296455139800612 0.14198122648195943 -0.13065464936463952 -0.13527190685041696 -1.885390043434244e-51 0.1400800841992928 -6.811422400263623e-35 -0.28833486207565956 7.901122513265853e-57 -2.6831681452992798e-80 0.3255876101862511 -0.11584110762315984 -0.3054521680253353 0.08317029495989814 -0.0411873473573143 -0.3293542409383986 -0.03202247572714026 0.3516668965548238
4 3 0.11529812889447542 -0.7749970717890156 0.06789354621213546 0.17439038943764434 -0.1443730637854804 -0.04448169646357337 0.25459512001538065 1.5122092558976943e-79 0.0017236442080670149 6.2445838812130354e-46 0.12815752552134405 5.929633051077754e-27 3.4304412621979387e-25 -0.2932496922203567 0.12887392525374392 -0.6156424177418143 -0.19958476103798267 -0.41828114022333074 -0.213086719371812 -0.4863652524398289 0.33693959347947855
4 3 -0.04081089009046162 -0.9625270676093127 -1.8270816064675874 -1.3139794813077867 0.27487150502319446 -0.20544444849432145 -0.03139328757190422 -1.2753828322020046e-46 0.029801353443332904 1.7550449219165813e-66 -0.008149158800918958 -6.6485079675434215e-77 8.369593592284141e-73 0.7029334694277282 0.36893563925702927 -1.3300789229288206 -0.020661928205986117 0.12424571697782084 0.26799153049685753 -0.33408352609524256 0.106605984748504
4 3 0.35925747620061693 0.36115510111520394 0.46176052732370104 0.003024295772572709 -0.4167670069062253 0.4319879438323958 -0.15120039725041748 -2.0807540737459733e-26 -0.2906651927866067 1.3598709754315155e-24 -0.23412234916907027 -4.228359798227745e-30 -1.1247863707610852e-67 -0.1130414183217144 0.23093385626024374 0.053160977210307075 0.2959681851691175 -0.6646217862219539 -0.25022190767684005 0.42914000497406896 0.38836378425241225
4 3 0.15699916285256238 -1.3193409595283867 -0.14611900566065553 0.08616337908129446 0.3897074830641562 -0.08497840478691089 -0.15874808860906708 -2.135360283583074e-72 0.19386664332700948 8.490170708047213e-20 0.4148419691336867 1.300494816264062e-35 -1.3672290901909753e-22 0.4884261314420089 0.06173509019379046 -0.7439072192131637 0.40483623412396297 -1.1565660992792652 0.048098609492521184 -0.32661928627347286 0.2624898334695647
4 3 0.13450309235829386 -0.14754581577371276 -0.753791418681815 -0.045593336652381654 -1.0724849671966714 0.5129888406822548 0.22304962565172406 -4.0834692646579153e-22 0.13963014665483248 -2.8545527602193213e-21 0.651043292979667 -2.9857654051209554e-80 4.2245651505044976e-58 0.11351241028565434 0.056135823011594276 0.360785593658989 0.3625535795520062 -0.742478217404549 -0.07393216657520624 0.6000796917052071 -0.006140047444379457
4 3 0.061399396607736544 -0.6445862949617659 -0.13048538707915125 0.13173408260217043 0.04053376134600419 0.03367965160550785 -0.22866619023413662 1.2430223029996716e-49 -0.25266787291485326 -2.6630540441774005e-72 0.011908043069694191 -2.2634710887263895e-70 2.0287393862203805e-49 -0.0541138284808634 -0.3363969597673783 -0.22439013443169892 0.2949105618132253 0.42502831607646796 -0.17565529083766748 0.22393605970380273 0.2850832848794496
4 4 -0.4727051799649189 -0.6810753873617078 1.7414123358865035 0.2565889071295919 1.5106929965387839 0.5331238255858609 -0.4297375222277604 0.5196179747885247 1.000006366914819 -0.2132053278303367 -3.9207300990478163e-26 0.48142841534446246 0.3032399461163206 0.3524996062460233 0.2506980771979047 0.6470683641104328 -0.22173586776023108 0.32043072493983976 -0.40971918007249997 0.24780259834869772 0.23822489882533604
5 2 -0.9024049372059877 0.3291847115992303 -0.0766490581022803
5 2 -0.1870562824688531 -0.15300414604290272 0.10325248622751675
5 2 0.2586185109720002 -0.11901241052706658 0.1475929935413081
5 2 -0.4093416130184842 0.5481915886387944 0.34575947204991375
5 2 -0.6490325202957143 -0.625499306068452 -0.2534527907306349
5 2 0.6385337919711261 0.48015418122498366 -0.25134659409796656
5 2 0.24053977027454518 -0.8824753870236791 -0.2283282455084211
5 2 -0.42885998509271683 -0.19874390661607885 0.3220445234956328
5 2 -0.7432929098949905 -0.30547843999483093 -0.19404593995460898
5 2 0.3711352737301696 -0.13224321990608184 0.490923512057568
5 2 0.8686083822860498 -0.33719957392279387 -0.17428106874890129
5 2 0.08941065951857899 -0.6261358036689905 -0.35324169710292774
5 2 -0.4945437779030236 -0.34524767364964964 0.4017360090888892
5 2 0.40815329755220076 0.24538107871590079 0.129213992921945
5 2 -0.20748620610483115 0.09679587102382303 0.3993166268325784
5 2 -0.9090164915196101 0.004152450140176695 -0.13808682727388655
5 2 0.005390380045446742 -0.48552186314752627 0.2929864069690535
5 2 -0.021645070661260105 -0.3843915250631566 0.23081647943958855
5 2 0.04748720486556735 -0.40894998760162854 0.25299554322609147
5 2 0.2551266123384972 0.6635208010908707 -0.40191985319951173
5 3 -0.24127143259587241 -0.3278862796816381 -0.2876774425978694 0.3513824311803575 0.19945503037208215 -0.7585040337613342 0.14062494201591028 0.01873829386024528 0.552417254362513 -0.2857566532658457 0.5719009719399839 0.11000314063495145 0.25962443436656946 0.09609354732148016 -0.29896198825964887 -0.08534174164047567 0.006611593370193136 -0.3526676089114138 -0.018456844436326957 -0.6101308514694094 0.36915716685703015
5 3 0.11134543946245175 -0.26969273488315915 0.3987389444063119 0.3539777562535918 0.3039323347866483 -0.40058877763278933 -0.14956613729811608 0.13047730834787566 0.1529749864007764 0.0014328909759679742 0.5322202321119972 0.393214959298479 0.04025458960525166 0.3694820304146281 0.1803731501888981 -0.4976460764495589 0.21776467284942053 -0.45615370108436754 0.27635703442408877 -0.16575922264091686 0.3304582003568028
5 3 -0.5682718389870265 -0.1903912523263345 -0.29131629770030043 -0.27489081419347744 0.7435407593176562 0.020936926589262845 -0.19515108093205408 0.039488705109042725 0.15546218069318835 0.1402533684286426 0.3868467269434284 0.33277424346711887 0.04769524588255105 -0.050432357410094796 0.13424492802718577 -0.8959256397910229 0.24119172457958404 0.12163958008671537 0.3290922298240036 0.2501557860137787 0.2595316674993177
5 3 7.696498686009978e-12 -3.135930444448224e-11 8.930653832553081e-10 -6.475524822854317e-08 2.9491310569475256e-09 -3.653553855441938e-17 -1.1429786818611783e-09 -2.603148951242004e-30 -1.4427508740908786e-07 -2.4349558276775817e-37 -1.8027331027675386e-34 -6.593314464154272e-09 -8.248157187295318e-10 2.43438359417851e-09 -6.8337558353979996e-18 4.44937709373821e-15 3.6335467413852195e-39 -5.362512825511462e-42 -2.7910119655519855e-14 2.5431620606246677e-32 -0.20293882876684224
5 3 0.6553558354395492 -0.18766423883524017 -0.10306626414485451 -0.3926326067285268 -0.4715331100247279 -0.1693158862256657 0.34239998707021574 -0.3584899465610742 -0.20196284075687712 0.0769526862020222 -1.7568209656016491 -0.8866358261114592 0.28758591291782876 -0.24148520665983578 0.09931335195025652 0.22732271393990186 -0.2414856693465212 0.48457569307769344 0.3665886366434159 0.7232331183891031 0.3089065872179029
5 3 0.11987220176633932 0.045288243475066665 0.3318646449716218 0.15799242391660925 -0.22272379641833223 0.28999771033513283 -0.09621926658406683 0.13756320543848824 0.15985180665876286 0.3527764160534591 0.15179893828958835 0.11247509455324044 0.3561629585925624 0.03123321661585793 -0.2812751455278849 0.46461468370996895 -0.20773722933212413 0.03551067531249534 0.30677416049914386 0.27382259262645886 -0.10454220581853339
5 3 -1.1120202460120155e-27 -1.2151240295039689e-23 -1.3781921570781064e-12 1.3084766843872878e-08 -1.4998817098302116e-07 -1.1446163824972782e-24 1.0724997452134657e-30 -2.2382669960207602e-09 -1.0778598197175257e-07 1.0794511519832019e-07 -6.759024646136596e-21 1.814718151350115e-16 9.780342679171529e-08 -3.33968799948577e-32 -1.0305361782855495e-22 -1.9990398970641295e-12 -9.161711156737845e-10 4.86222462704274e-27 -7.781019702116405e-08 2.6574165865059007e-15 -0.2732855082062836
5 3 0.46739457597043166 -0.019135024503849195 0.17556291806418084 -0.30246033588618426 -0.20847861502334036 0.04635970482517034 0.3950753954749666 0.269932585063219 -0.26064460402020106 -0.014789318259153021 -1.7447562707422681 -0.7827971575511348 0.26768476372568223 -0.2586962479094486 0.24434163248258906 0.26975510865972413 0.21419075120005426 0.12614333317659365 0.4905564515326631 0.5039297336695516 0.04923382645590194
5 3 0.2592252915351516 0.15998985796704482 0.1750061900065191 0.20725217527659473 -0.09513560455491533 -0.42487839418976814 -0.06652181668925183 0.18138089988802583 0.05676551546791164 0.22796082073187132 -0.3507834014676018 -0.0938331637538445 -0.12998125862268758 0.34183252300024003 -0.31164572333030566 0.3199558229007776 0.1994398355685933 -0.03555598449996654 -0.08922072605262096 0.21025837273852144 -0.039209968114495314
5 3 0.03840377017473872 -0.14498696173659228 -0.26298539738948157 -0.2788203576015762 -0.6868904019334111 0.4177665511863833 0.32226113069018597 0.15665414228796357 0.022198813612307137 -0.044294024532439455 -0.6963387063731247 -0.6460137667939717 0.2810742312977009 0.19360273824141402 0.2512583141951265 0.6571126870348879 -0.3627341066079318 0.04416788536412487 0.08328631121294786 0.20864573716382798 0.3997004747845732
5 3 0.5797579476151851 -0.3551243098960288 -0.3274650134886357 0.1752922721994547 2.4660800274598163e-30 -0.17002034343538105 -0.431186477413001 -0.4586398980731719 -0.8217350304340749 0.06829991048473862 0.19314323203717046 -0.41027930638089805 -0.7331687675643419 0.21996989119218704 0.07042134719624414 -0.025056861181238836 0.16336945775315215 -0.09717237424430533 0.1720231797966108 0.1686077794400206 -0.03848451562376266
5 3 -0.17843720135947086 -0.2837391564079367 -0.0880653162489676 0.19044107789215314 0.004612367304019547 -0.8726642466575055 -0.6804975552738959 0.23534530034314496 0.6389079670806327 -0.0861222021132334 0.5721732242002772 -0.6513331777663623 0.46886479437941936 -0.18230641299268063 0.4012258498155499 -0.5232498171474076 -0.32275993646606277 -0.3711853956824865 -0.4343829931767881 -1.1694377710989206 0.3547831490802359
5 3 -0.020364870003307615 -0.022042524184664947 -0.013890383665021861 -0.016027629137944713 -0.000403868854125152 -0.005109886503590407 -0.009111143591641042 -0.02870826849659051 -0.006573748222545399 -0.015082827561873043 -0.013211586189256662 3.4148986173324135e-10 -0.030254363471033344 -0.006545127585159464 -0.03220282166578322 -0.020164626172675115 -0.015831485879743853 0.015926268516540915 -0.02675595623030348 -0.009164324362465557 0.005682796546940372
5 3 -0.13493949561040852 -0.20129014685560326 0.4622580983355772 0.4777223231152914 0.5737173413347361 -0.4807541487627763 -0.715375612652318 0.15796673290055535 0.47715178721078566 -0.3606315575570291 0.1897681155394203 1.0674592911691476 0.43752584943416434 0.07746505288704181 0.18900161449178463 -0.1390333325560336 -0.2222692399451588 -0.02228057613217002 -0.3798233165808185 -0.06492620171787444 0.28117415957288056
5 3 -3.141466844952175e-35 -5.727964636204605e-09 -4.799208087666407e-08 -1.7216589271660865e-09 -5.735964316662484e-14 -2.0025952059999897e-46 -2.6024534592254e-28 4.076240431823361e-09 -9.44761387581098e-12 -1.79846339059911e-15 1.4883799317539076e-12 4.9738170283560446e-11 1.9604428032798773e-11 -6.55688764467128e-35 9.878652863930305e-10 6.672155058195892e-14 -1.3239177886719692e-16 -2.437277470015732e-08 1.5117343482929683e-13 4.707606162801486e-26 -0.3325087844559418
5 3 -8.91652399681274e-11 2.658948365502417e-12 -1.8166406543322783e-39 -2.785339357950087e-09 -3.9314312217146626e-13 -1.2316826818073712e-13 -1.2810079443523458e-07 -3.8656089868352353e-10 9.77495197892196e-12 -4.349318437576395e-14 -7.393650385353532e-13 -2.476468908956171e-32 -2.433771301896937e-28 1.4456349484126745e-13 -5.3619098669240536e-12 -1.6954413129319776e-08 3.5747978736496e-32 2.464552844417186e-31 -2.0343357681820215e-10 -1.3794304249334852e-09 -0.26229326190711566
5 3 0.504240711615337 0.013869442945620257 -0.20372427794931564 -0.21425230408927726 -0.6502792179116708 -0.11993069297726949 0.443222647633487 -0.10776649860758161 0.03098143545869882 0.340715620152449 0.07169277099944936 0.07646311244717498 -0.09716981618053253 -0.03091691638265628 0.16464067193335036 0.2484280425994005 0.2414029403048317 -0.04573586346994283 0.3572850468471903 0.427032830934691 0.18903076397539947
5 3 3.269114015350806e-08 3.1723980621451293e-38 -3.1556022167025434e-47 -6.023178769869989e-23 8.677758147316933e-15 7.892784337712089e-47 -1.736646986374018e-30 -4.637763424292838e-25 -7.602883091438296e-15 -3.4968213114432695e-11 5.409956020037818e-24 5.8904610608688755e-15 3.191110145568175e-11 -8.245652940537157e-15 6.64754071578593e-14 -5.654478668929789e-21 1.4280810045767353e-11 3.115274446759478e-43 8.629984986401652e-13 1.733633755164344e-09 -0.3739001347827385
5 3 -1.1404548569474342 0.31532994929451047 -0.05751743392446069 0.23980633436422466 1.1235234000287035 -0.10849917019174134 -0.494675740805279 0.2044497244782643 -0.5311180241891659 0.22164565866418437 0.07753592279530863 0.3201514666948629 -0.0845277862325929 -0.08873136077441263 -0.09538041226228124 -0.7042669794014829 0.31110555319508626 0.13505358683001326 -0.2231929181156533 0.16967872715396015 0.30362769561347336
5 3 -6.882258846229267e-13 -3.4714379273104994e-14 -5.778881161427157e-41 1.1505041498375516e-28 -1.274469280075816e-16 -6.887595143173816e-16 2.2114107234735668e-38 4.794381812869397e-36 -2.803950211101502e-16 -8.324873659547023e-23 3.7413061126381485e-49 -2.667711145101653e-25 -3.633796807837303e-38 -6.268645677084224e-13 1.335368194593225e-33 -2.0059927968213974e-43 1.0864129542506075e-16 5.561824143276329e-26 3.4779530024849396e-16 -9.060309956192011e-13 -0.3504140635498659
5 4 0.25993315856467086 0.1301258744862873 0.34251900210288383 2.3601392109339088e-46 -0.4571021432196557 -0.10659891605433612 -4.1728496963083435e-39 -0.6854291593520367 -0.04590174802382244 -0.15239700073501738 -0.3321088549238978 0.6380767101270534 0.012019412367607495 0.7472638037288953 3.828293709857594e-12 2.906243561337039e-23 -0.44863814623868126 7.529039233138844e-35 0.6127153930784173 5.6278885328818285e-06 -0.3608813934738988
