Number of NNs: 1
NN configuration 1: 2 50 50 1
NN Layer Weights Bias
1 2 0.32258221733635156 0.2756461500703496 -0.1566666079568499
1 2 0.46058651398735734 0.2863861032438518 0.3472892101819208
1 2 -0.4991901933784514 -0.2792937011100773 0.10255311671214068
1 2 0.34688891551210743 0.2794479271558056 -0.32597697446682505
1 2 -0.2273002737094728 -0.25350783287293444 0.30509750010419096
1 2 -0.4620521715610357 0.17899722369860158 0.059670279955326415
1 2 0.2834411968340042 -0.44237894790629356 -0.2754480359852376
1 2 -0.10674660236491422 -0.2697598490653844 -0.06717064322370188
1 2 -0.16915956005926347 0.4193394333838904 0.2065018476457445
1 2 0.3891336331074709 -0.4421967918373712 -0.24068074161664493
1 2 0.5576974127833617 -0.2785717078382326 0.08368893107334086
1 2 -0.040050871977439735 -0.2181467389725813 0.10753796514636788
1 2 0.08975393027007383 -0.17394809251584303 0.16229470470516777
1 2 0.3845689583631106 0.15797887761016746 -0.004468528137789449
1 2 -0.8930122972786555 0.2767370095941091 -0.12113255291574124
1 2 0.20332291653560727 -0.017131153645769597 0.15564776990723314
1 2 -0.23448161142442397 0.2544828042746974 0.2796215482694549
1 2 0.10157995366722931 -0.4370605502133218 -0.2188680353851615
1 2 -0.24416154703329557 0.5418575344213296 -0.1019141666313187
1 2 0.2923251185899861 -0.2348597436012952 0.10757369602173317
1 2 -0.041301277264742725 0.2565170379157526 0.2907807155305986
1 2 -0.22355845130066862 -0.2721674941778692 0.10659974222834727
1 2 -0.15297298558908376 0.0045123533530504285 0.18861283270959267
1 2 -0.20730900262612983 0.4051364997924186 0.08296701403747828
1 2 -0.2822209081345459 -0.39779519870621866 0.24217055234601853
1 2 -0.013179994828140251 0.5210758371272486 -0.264563525691042
1 2 -0.5111998121231118 -0.25608192538476804 -0.16817322587955913
1 2 -0.46932364120670433 -0.4012631423310747 0.06852740798985335
1 2 0.34615686396130224 -0.05272194702588742 0.022338434109762474
1 2 -0.018450995370595434 -0.53510923462346 -0.14141892740316292
1 2 -0.18984834303062811 0.45505035679945927 -0.24768221466702056
1 2 -0.011158975973227712 0.5721416719602336 -0.1185803204302644
1 2 0.36417089350549514 0.08895470143274667 0.11437972193359272
1 2 -0.47686542665750287 -0.14120961473952096 0.1748487737919872
1 2 0.1468322526819462 0.38581256580600376 -0.19948527796198587
1 2 -0.06656803521648536 0.5230303310857269 0.13931005270510535
1 2 0.0937906041426334 -0.1352680387547912 0.08166673466197578
1 2 0.399986285834334 -0.10697561566167335 0.17876473181078212
1 2 0.4774630381703857 0.08118243704130118 -0.043281074080863395
1 2 -0.15461329249699735 -0.4412670739273523 -0.2349578244432729
1 2 -0.532749196324639 0.10931830721521421 0.0822342623562088
1 2 -0.11265067598598005 0.06996453588413565 -0.17542424527606496
1 2 -0.45724579996909415 -0.26319049211817575 0.24840708280928944
1 2 1.8755415348238074e-43 1.5843115741299997e-32 -0.3291623142491493
1 2 0.1900672035136327 0.36931952065620316 -0.18863253601928728
1 2 0.04045403057434174 0.40078554298802094 0.20506307231835924
1 2 0.31619255321398615 -0.36157141120525693 -0.0318842373937872
1 2 -1.0769968502082197e-48 -9.15858597585757e-36 -0.2010550753218345
1 2 0.5483031689392975 -0.12122398668405938 0.24470708274587977
1 2 0.32240070844631247 0.19399258626092336 -0.12646636463638683
1 3 0.12219491199118504 0.19752333627482976 0.198210853101548 -0.503443685908367 0.2319565597884761 -0.17678137403341296 0.0542530691078517 -0.11234289137946685 -0.13293628599803733 -0.020917552196294167 0.22786946537030292 -0.05856637714315651 -0.07341044189736033 0.023096369501645928 0.17934926679938656 0.19665371290737776 -0.18252122141711422 -0.24023711655613075 -0.5649815255224739 -0.10574878094605726 0.14923125423760722 -0.20439299895657134 -0.01685240588573264 0.2947862600786818 0.1603596593354687 0.2847263999589753 -0.21008216034997704 0.05294411363263672 0.14450271389406238 0.4085657873824812 0.4089380233863792 -0.3741777844885468 -0.09715378615592579 0.14302166831565508 -0.04661296481375619 0.15226761025630864 -0.032070662413061016 0.16779775439225242 0.02618205477396822 -0.2001527015221922 0.00269031773699516 -0.08404257717421186 0.09295314975771579 -9.407702589610023e-40 0.23932339756471002 -0.13038217275950936 0.13696826061896206 1.3419427365132346e-18 -0.09033122942493427 -0.06446713955512562 0.050848371104633916
1 3 -2.5393147243042916e-37 6.883311272802474e-41 1.4769890542301274e-27 8.049961825680136e-53 -2.737426811696238e-19 1.130281890650441e-20 -1.810419075692858e-19 3.2043023251770567e-19 1.9390331838213324e-28 -6.681639736065263e-27 -2.159104376973688e-19 5.505930923842851e-46 1.7563623728816154e-22 -1.851835020768941e-15 1.3610425258115508e-48 6.643915458323946e-18 -6.780549588394751e-24 -1.5625302048356495e-38 -1.746976712174252e-17 -1.6062544390695383e-55 1.6149839581108782e-51 -1.1437364084676336e-51 -3.358935814857699e-51 5.6715379773176715e-52 -6.273662549728878e-36 9.76196338814088e-50 -1.937151540443773e-50 4.87680350476762e-52 -2.0349770694008454e-38 2.236841413858606e-30 -1.151057356524552e-43 -1.3754382203551825e-48 4.503155041198727e-53 6.842741915364871e-18 -1.0709353605913927e-15 -1.6563310266395515e-48 5.473289442464855e-47 -4.629048568047321e-28 2.8408248884626975e-32 -1.0055007296202119e-19 -1.1282716407138337e-24 1.594025539434268e-38 -8.758101782111763e-23 -1.0627224813185064e-15 -1.9124296017943715e-29 7.089778741196262e-17 4.584859244050748e-31 -5.844122809312711e-48 -3.641256147698867e-16 -2.4633987465251317e-44 -0.1863777483332343
1 3 0.023032850624918038 0.0384910907391766 -0.15182490853724775 -0.46648770623586966 0.1312958654849866 -0.21751318050158125 0.00689559143553259 -0.20287515134155742 -0.16139178520404732 -0.08959347778576027 -0.10681721051389759 -0.02155680633906607 -0.15678705697750928 -0.07020514678523725 0.16584671563227318 -0.19587573277695783 0.06408179428682378 -0.4890502880588689 -0.3427377835786474 -0.06296477016704677 0.04328930693433231 -0.09112553016513891 0.23852206308848387 0.02737061623614326 -0.04632588541362369 0.3169460980902259 -0.1869034406341053 0.12275427132429514 0.1911032813825867 -0.10465160985722231 0.29098700005834816 -0.3409125127404041 -0.09443898148094827 -0.2130492012729724 0.2825783025875343 -0.10945684839800462 -0.04445101682672011 0.15023146768097728 -0.2527181272355905 0.006132092101378079 0.09898682961633855 -0.13397630280454242 0.044698860508802174 -4.9505912361915496e-48 0.20379641232440912 -0.06397462813539488 -0.1885306175549285 -1.0555286983676058e-49 0.16718582499084572 0.1271742322597503 0.220684451635826
1 3 -0.2139016252275434 0.11389063942202066 0.026350726763828426 -0.5595888091411002 0.16448584356571416 0.08063379951668861 -0.5268536268996982 0.09742601115410957 0.2564666712050889 -0.39753458902150296 0.24147187146478077 0.21984098570076663 -0.20453730838919987 -0.16164449662372618 0.18401999460498392 -0.05703693985567842 0.09846052104876417 -0.5775506188584947 -0.6330605596227677 0.047610861486345246 -0.1610145651920389 0.2447652167945409 -0.03811382681063059 0.13345497418973296 -0.11571919583646986 0.3857896395554144 -0.34956895881771155 0.14418592557054305 0.3210495636210343 0.2076770599588118 0.6239005091943778 -0.6142483639551328 -0.12799845737301369 0.19195691930190556 0.17310382474216574 0.4608078106577455 0.09295699840902405 -0.17250475161163203 -0.5033812296108512 -0.3987596154617429 -0.1728183846453193 -0.1417875545192438 0.25559071201117645 1.718238529453557e-27 0.449770034259882 0.19740502505623658 0.05093336431138233 3.2146726855388974e-38 -0.1213309162308309 -0.4157249416776971 -0.06325036346313001
1 3 0.0400111233581296 0.03087639004235452 -0.22243936209537374 0.26807070751033835 -0.23064348792490563 0.24932160055635183 0.019534424990021077 -0.38123972848992715 -0.0625906877137063 0.2169953481798274 0.2787431146800045 -0.29878406585065487 0.18715221686841343 0.2985954378919378 0.1775957245042344 -0.24285651974854816 0.015760857141611618 0.47117619534431854 0.5850498692363401 0.04412306559357897 0.22374626773585596 -0.10922264006279309 -0.13941725411073183 0.022775367823364187 -0.2634434496859931 -0.13883792283433724 1.2660439384519884 -0.06104242395128591 0.3453041578567918 -0.17905781647900612 -0.29496014576942753 0.24174007293627484 0.11051275082407028 -0.2749123784482062 -0.1196633712117986 -0.12127283240069542 -0.2759471566105759 0.05197051852571516 -0.04714067106654636 0.046742793174903915 0.2558934442989515 0.13659668854330487 -0.10030351891853838 -1.6079401277748762e-15 -0.2727013521102084 -0.17770017257461124 -0.10795716806610237 6.8677952969298e-44 0.27635926227794455 -0.1620604642220155 0.23759155370647034
1 3 1.9000979915897182e-51 1.3842794815756096e-48 -3.8246755311247965e-51 -3.632219751479172e-37 2.1659972473673807e-53 -6.022537215331225e-54 -6.386460670581588e-52 -7.979663740214412e-16 1.9766840142183415e-17 -1.5085816306410576e-18 5.850162384379488e-16 9.702081788357681e-19 -1.228013176013061e-49 1.2078327949525954e-24 -5.313016695968419e-46 1.9836785104420874e-52 -1.0894005107011055e-35 2.3006194927310965e-32 -1.2489124447702169e-20 -4.914720620591453e-41 1.49096973965048e-48 -1.047113904098695e-19 6.807772580059444e-54 -4.3699078589930486e-43 1.2261515401001136e-17 1.258187688886256e-48 -4.472645422100078e-26 -4.3910707891226665e-21 -6.572117899531284e-37 -3.9369995603981985e-23 2.051132032531199e-45 -9.649739890995898e-20 -4.090913209051719e-51 -3.694712193786604e-30 2.0204808656513436e-38 2.2242463109463246e-52 -9.712662977066503e-29 6.794177756208507e-21 2.216788128427003e-47 3.6628265938105017e-50 2.2267021081898224e-32 2.739079621490018e-20 -2.410349847822349e-47 1.24686592639477e-33 5.509590082332391e-54 -9.162420978873761e-42 -8.351062962628024e-17 1.6325981191570184e-49 2.6874327381481335e-32 -1.3476902187769337e-47 -0.20926132046616058
1 3 0.3096368978152964 0.14409663092536834 0.052745613991039164 -0.2998380729343432 -0.09646277759331894 -0.09913705436705854 -0.19912729723620368 0.030633237460378816 0.2234536048551628 -0.0602011428085326 0.01988565901102815 0.07685362586091404 -0.027238158052819976 -0.2960313763314793 0.26896684671962307 0.15286362936451803 -0.05554956208519918 -0.15957047492668794 -0.49764839476901507 -0.2317599270395345 0.11103721860348 -0.03571184201516515 0.14740412587688156 0.23227775834240155 -0.0108627282685184 0.06582865767255856 -0.35973811978605635 0.08329390393354111 0.2678592697721643 0.17617534730485718 0.3276418899632328 -0.3481184696714629 0.21207538547282823 0.07932447683624112 0.09580880043927252 0.18219718174621072 0.13153346986786527 0.012468195568423119 -0.19408688423657056 0.17161211041351437 -0.05688067962798074 0.11894478903627939 -0.027662775465079958 8.17501999074201e-53 0.27666451399225134 -0.0859659318232582 0.15406890882741012 -3.402873399176514e-34 -0.1828569972134598 -0.039779354614693015 0.17193990338049714
1 3 0.012901066042556888 0.09631443092447706 -0.09589104741273158 0.5172742017912817 0.2539029350535254 0.2792246524714718 0.018754187069736458 -0.329027704814129 -0.0633719202815063 0.07938736666553409 -0.14196123062197238 -0.24791197177769125 -0.06157385663152015 0.22478564685843863 -0.4088959516543488 0.23811607761583078 -0.1779171229541304 -0.11963724716527904 0.1353818371431414 -0.06260799264544889 0.251837922531478 -0.022223602923646214 -0.16521814657466538 -0.0130007556557329 0.04110690889456792 -0.5400025222763094 0.3914949854482595 -0.09429078084753786 0.10978196676613061 -0.29761135815666817 -1.1086742711571325 0.5269138478721959 0.17196955496609775 -0.15415074924423172 -0.26939243137031255 -0.1402093342810067 0.15484716156617173 0.00949831534800884 -0.04627880875531408 -0.24686324166985874 0.02674141902820697 -3.902578062605242e-26 -0.1019926486967942 5.95409718712903e-52 -0.1542427844545678 0.14043480179705192 0.1493377848000572 1.1397434451762176e-17 0.11688204515089182 -0.2524604254229393 0.07003315130489936
1 3 -0.16034474735510437 0.18319987247562514 0.08217660844100459 0.07339349145711205 0.04375261210338024 0.06531271505735395 -0.3624623800760874 0.10674233378995333 0.23181947611584464 -0.6435331325587016 0.0625065320916551 -0.06578846305314212 -0.14241222591476552 0.25810211008648526 -0.27626199863205525 0.21049641602945285 0.02799304257933095 -0.14905613062430156 0.3745251748363102 0.13828749368039456 0.2495168241681037 0.07554153251700894 -0.07891317798340772 -0.16276806912532427 0.18497750467729224 -0.35592710231476027 0.09235072693388693 -0.19778333959054048 -0.35537976244422004 -0.6639023009125667 -0.14539948216890022 0.4255130305642412 0.2817845525791102 0.0018455675640913687 -0.10307348786176435 -0.03730119735173555 0.13604763368820402 0.17337130928576358 0.3119843469473129 -0.14508699098495492 -0.20998603196812327 -0.17843443434065598 0.11110137223834443 3.388599070977889e-30 0.11567405177306085 0.25590327333378904 -0.45076317277486355 7.809305067001632e-33 0.0798788198159596 -0.08966420478309116 -0.1352981009412555
1 3 -0.0040915184967648 0.1568044157351066 0.17019201666142875 0.43701624895831365 -0.20781160285610556 0.12142383951977419 0.017382932096852016 -0.13794196696231936 -0.1512128882844815 0.08022254188989132 -0.23295525606019268 0.03218095770349787 -0.1807808036086707 0.2916878238397175 -0.3238182022577672 0.027093337478314605 0.08876540108767819 0.3690712667841596 0.5066086941217587 -0.10966122715840998 -0.02965269516781145 0.20800451499900963 -0.20830520108879103 -0.25183095347357826 0.05764248264012594 -0.32093715635015246 0.3936568521278799 0.005904715238913145 -0.10733360527382177 -0.22733845724063606 -0.15118640955485588 0.5248377828661442 0.03627786468836745 -0.1616021288013575 0.12447348027330361 0.17211833559073234 -0.20763169361270836 0.13723715624104357 -0.04825585626976828 0.24002703077159604 -0.027887876780824803 0.11110049501068897 0.14630309964669558 2.0455947623674226e-35 -0.2305460758102903 0.05360813470888003 0.12637675260499437 1.7998831464934366e-39 0.1619816899875916 -0.2652085462094964 0.1717548120501744
1 3 0.23883241146116405 0.28452264910886305 -0.41485696535725186 -0.4518130262513804 -0.39621366367283845 -0.059461135000556636 0.3680368636550089 0.2886250098401586 0.2053684749609186 0.1720697430688064 0.23625906387595838 0.3307976002315633 -0.03548855004249157 0.3564294976984396 0.012549884435753968 0.14583653281371514 -0.10027634767905921 0.033121781804195796 0.14520089355364812 0.0992465732829708 0.17911722701749797 -0.09269189758833554 -0.12958004113549051 0.2617463945183638 -0.33127777160902483 0.4736992599588391 -0.6449998655226061 -0.47638412154973914 0.284062619356279 0.2775613490619774 0.29349711568245146 0.030355360321888975 -0.1282022024577416 0.03458704345556061 0.33377983903190933 -0.01854425311022038 0.3516534941306366 0.06017714107799464 0.14274040550633774 0.612624937075506 0.16136004405683033 0.0006026555132191519 -0.5749512044838085 -1.6672184166168412e-52 0.5127444998845564 -0.0520789413938339 0.37374368065270197 -4.4059396465180664e-34 -0.38305730549859185 -0.05121558165770421 -0.1666494509874017
1 3 0.0621323399312899 -0.24554487980035736 0.2013053635438877 -6.492804843164467e-05 0.0007279685863559051 0.11160160728088298 0.2129821801354468 0.09323664700281431 -0.12271033168379376 0.1358207469100526 -0.3173139393209138 -0.08605536836525934 0.19577356090491774 0.0801037364007012 -0.2546741428599199 -0.027374786809816892 0.11086418116728841 0.024020701389911744 -0.17820852622136907 0.04970009003096336 -0.0038779518416507484 -0.08086000536012264 0.12419485889952032 -0.17782875455355787 0.23067024963291627 0.13976034195089523 0.46015726873348767 -0.1784888741904953 -0.448294224050561 -0.142475795217658 -0.3831914697036448 -0.258891866627559 -0.027996527775241666 0.17487877085296802 0.009069714494051358 -0.04268753475092258 -0.16993830060121784 0.1658765177864165 0.07399367817880455 -0.1717022346885967 0.05898112234657448 0.16874274593410468 0.18367069573147593 1.7973032157933831e-34 -0.017084742904572438 -0.12148966286694307 -0.027883973801675174 1.0912004038928557e-22 -0.06375453438203324 0.11740835949728175 0.029879317414817502
1 3 0.2127916300717083 -0.2400573532724027 0.16842260175388737 -0.3086604135659596 0.2450295634599476 0.22424100301606512 -0.23802931866380234 -0.20450300747560216 0.09513036434891875 -0.10029663790199204 0.2817779187545836 -0.1949576377985881 -0.09804222037671434 -0.25899857784590397 -0.05910300289287764 -0.005502096436124312 -0.04180809568887538 -0.40003125974703885 -0.3853152772009488 0.1313377579834628 0.17477261693805826 -0.217155235960009 -0.003953971023665545 0.2587534004571996 0.03541972877040916 0.1862670442469765 -0.03416228495772441 0.21555659250562123 0.3720543741430208 -0.0426596789271179 0.2174586984794604 -0.5206047317733244 0.2165328904762487 0.021068612736521167 -0.04953596052650143 -0.013310934237419391 0.1852867064729168 -0.11037066950123457 -0.13012002976071854 -0.1370238268636977 -0.0739390899467342 -0.19060363586735354 0.19898728799514892 -2.570949982597506e-16 -0.0014452516879964038 -0.1249551588656096 -0.05441548363639529 2.538460865701577e-22 -0.20812948831709951 0.03864680898979746 0.10768269456813762
1 3 0.06727895992134421 -0.0005273991413351217 0.2634666001149137 -0.31833990919151367 -0.40235905121990667 0.14650039555350314 0.24960762435910996 0.5264897494324022 0.061500960546789635 0.07522455452097504 -0.05685316687528016 -0.050030549607918834 0.12916766049183298 0.15538134685581884 -0.02659795263049478 -0.13337923795957277 0.03422869781329756 0.2037853374743658 0.20717072637513162 -0.048076345989803385 0.004604493333987273 0.11153060352694626 -0.14893565647365223 0.033964546109095495 -0.030863318246462153 -0.1702204446587549 0.311258766451109 0.031979388547841714 0.09607729251605514 0.4074608286601102 -0.039776259570370176 0.09602143506761665 0.025203617962485183 -0.4066036869232275 0.031849797902568915 -0.07465455196914017 0.026683697277474636 0.10372518343975791 0.1554745588992528 1.0033638639551974 0.16039168717298724 3.1687337964737853e-16 -0.49897466638592125 4.703592611823444e-20 0.06449886679332514 -0.05520608306507171 -0.006888398969358699 2.8752671008918726e-17 0.07762217281980513 0.20252061785160072 0.002285007807096668
1 3 0.14461126692262508 0.12141073992637384 -0.026231874216150163 -0.2254538517057564 0.12562729776466647 -0.11303683237388425 0.13925181926096522 0.06806078231598191 -0.1079871066121475 -0.18655870217498985 -0.18869664728732086 -0.2416787587890261 -0.06657061324005133 -0.2660132337227685 0.28666262346773913 -0.11180310889324813 0.24756829736327457 -0.048779524602193224 -0.06655003722744056 0.13870136749363837 -0.00827490216124592 0.2485888225578789 0.17769680662911475 0.03444622183994923 0.2449083641864625 0.16775123061515926 -0.12434179557801296 -0.1992216591734182 -0.06355880340314259 0.2708715588588106 0.48882052370399787 -0.39047084562391393 0.03816445997080736 0.08633604040854544 0.35935480304882284 0.0720673244991413 -0.21671829330235898 -0.09051150298655042 0.09877923613992944 -0.27032396396917036 0.029344274896802688 0.032105835281172945 -0.1001139825070427 -1.6692330787487173e-32 0.35665889819975827 -0.18679464764826403 -0.15366440605869286 4.877569353436975e-16 0.09058380801174686 0.12572277793348188 -0.014405382163972576
1 3 0.02310569590632804 0.15627997639103733 -0.17700286593011194 0.13338790852437904 -0.0642951469832337 0.2123266499967123 -0.17909325814806798 0.15343187866344957 0.2461716865135529 0.15388011844695795 -0.2298092142511695 0.10112050484635447 0.1864565368066305 0.3031907553610444 0.038207258749417744 -0.060423745580212115 0.13362459520247932 0.05250164463860396 0.15963742146465715 0.18419243055023207 -0.1531007169629398 0.14054436635194198 -0.22352353858153487 0.08351686966747834 0.010251294298373043 -0.35482293001772763 0.24622461550394747 0.18109192628617407 -0.29844139291239086 -0.0009129969013987672 -0.1808436603062128 0.32293736884040347 0.15392705588470385 0.18086271969144663 -0.12864653978648508 0.13759969149836837 -0.012553227970507098 0.07708297257656307 0.13279055614022728 0.015104384293246776 0.06837270722293401 -0.16274762852376345 -0.08110736161422279 -4.866565639541965e-30 -0.0014782679506380502 0.21566236731925845 0.17272997868541684 1.9551030282050626e-15 -0.09086864601239167 -0.05725625637251173 0.02590862205221943
1 3 -0.4631764741568734 -0.052544009424200476 0.41036363319404934 -0.3961729599329717 -0.05878944233668371 -0.632058043230214 -0.14304106861893853 0.14220805066200976 -0.9567552419822939 -0.23302017438666953 0.36525041120492524 0.2519220966771148 0.16405067716590976 -0.2048335818925684 0.5301510162021281 -0.06719422694917301 -0.27597511241928147 -0.6590912788232579 0.45034145014551924 -0.04482371575647832 -0.36685769940143 0.16198665563715606 -0.11614208199013201 0.645157558449325 0.20123818796821524 -0.20184346085342564 -0.033444236109400505 0.29644637076639657 0.14769447847519362 0.337349239300628 -0.08089603332356947 -0.15364249492861917 0.22161554247720175 0.2396512714802346 -0.0039413898905299085 -0.5296755162756904 0.42022927163614093 0.17367629728762218 -0.2550652366160942 -0.03792166815850406 -0.5086728846378215 5.312054125356189e-28 0.10739322744721189 -1.3775858544892677e-52 -0.15877336704883743 -0.9532467647463563 0.4214874134262302 -2.3395364156586857e-35 0.1826148816423527 0.18021800280470238 0.003280961900780307
1 3 0.07624788006908838 0.12281061010666675 -0.17560143169479397 -0.5217746764715792 -0.19441513776299066 -0.5098872757784179 -0.8407369006588826 0.16059324391194965 -0.34597283246379196 -0.42891262157839954 0.21552861648158356 -0.10329891897628438 -0.12481277155922807 0.1791958920751415 -0.3585309709388664 0.2714464224436059 0.16780024715535308 -1.0753934050021545 -0.3094177255881125 0.2013980513850122 0.2346370602780159 0.06125294110633023 0.2736376379120472 0.348235457326716 0.15229604273195516 0.14606485582949738 -0.5854006136426174 -0.4133395053885093 -0.020931049209185752 0.5442873519711404 0.13921146479511062 -0.17431425708293966 0.21934863753032355 -0.07293118313691549 0.02342219706241839 0.2347133221032757 0.3150488757562277 0.342043199450126 -0.019069387061042997 -0.34291427333101515 -0.3863804497203785 5.912601435170754e-20 -0.09737837591984466 1.1602385304494054e-24 0.3660038736823725 -0.06513833923796171 -0.11529298198236618 -1.6854304848372997e-27 0.41968180576197106 0.09632748156873888 -0.045009517900735894
1 3 -0.16595152322861872 -0.08102085766256013 -0.21988021713247813 0.5097104172482945 0.13924767241855557 -0.07602789843208704 -0.046571683181704134 0.11204898381117911 0.22065974480619924 -0.09870900810583659 0.054413231978049675 -0.23819536499475216 0.2357915065995476 -0.10543309868722654 -0.03730337291345484 -0.1573932703434113 -0.22637849659383896 0.2590572432507195 0.24633313028232198 0.010233750888280949 0.03713075698583383 -0.09336291519676969 0.03641998588950134 -0.2536063652656374 -0.07579849713054884 -0.0478258312679169 0.44269074285629956 -0.11140451793888645 0.06768941414372753 -0.23977241780922467 -0.2784620608494741 0.23273692497138382 -0.026124873080370387 0.14265439757816734 0.10197087368513455 -0.12404447889032977 0.007319979693877509 0.19384270322473707 0.17211165542564907 0.18265583572552638 0.22017240341691888 0.2029904814785649 0.1528169987157475 -3.963286711496725e-39 -0.24108273996886165 0.21023649392478624 0.003620643079245969 -1.6258183780690947e-25 0.1707121967150143 0.0881543323547569 0.09025284750081142
1 3 0.08927631960903402 0.0599950418703541 -0.12229415484537319 0.39363036771475834 -0.13616059654480225 0.021080430864398637 -0.1780074297204132 0.06562098050271911 0.032720807224326465 0.15330366859924713 0.07285112943288118 -0.16042554593694125 0.05893922563255009 0.23953077074792778 0.003654882419086132 0.12166629258047573 0.08085502393041588 0.07851165452120612 0.3528122311481145 0.062166198423183966 0.13485615499748294 -0.052574566249311255 0.07740273535330865 0.04368009404959821 0.16391276495541465 -0.01826472235737272 0.3432953934175067 0.1597192881191108 -0.22041352062843578 -0.29155964720595345 -0.47139729340400366 0.12951437697762783 -0.20235688002265464 0.04274732104181207 -0.1305482609413557 -0.1786287228392429 -0.031087035903446993 -0.09734086408067529 0.2938344456202886 0.1536481310424124 0.1582178434802825 -0.10359588626873514 -0.02950905477283187 6.83073510907444e-17 0.13266970308370685 0.09322483222180306 0.008342688310469235 3.958573744411873e-17 0.06084999497708049 -0.13958555675331777 0.17053083268116143
1 3 0.19728408142695256 -0.07299471235201352 -0.18678273232784537 0.11372573284636751 0.20185280124336083 0.2064706764167911 0.12421027533076273 -0.01504456568138309 0.040488141757098514 -0.056337218263999955 -0.11936578621256148 0.041657088908860884 0.11608222145363763 -0.2724306755305221 0.2551046680128052 -0.1310337161407619 -0.20328185667784207 -0.4540921407994079 -0.5250629250531524 0.2130123431630736 0.24855336529699262 -0.21801764168754537 0.0544582103110122 0.15164467166606424 0.21089058238271682 0.32718734541732075 -0.10771291917979227 0.003634319385261521 0.007666264149374324 0.35450250638007713 0.3403884890714339 -0.19365479919263529 0.013991558990109608 -0.13857280248976905 0.18946720502628586 0.2937644418352236 0.16890863664943379 -0.17187626666706257 -0.21943709655872157 -0.4168959049756055 -0.007088814572560316 -0.055162730746000664 -0.21062319908109536 -4.972489834259795e-18 0.25961999393429086 0.031496884596773855 -0.16504307975687837 2.1634521957189498e-16 -0.2213960123684852 0.1293735284163382 0.13386990817432246
1 3 9.860032839692931e-21 -4.905296479381857e-46 1.7162062127544159e-44 -1.8299572326835825e-18 -1.2522682547870433e-27 -6.25893963347567e-17 -2.622338485188801e-20 -8.530798224112687e-42 -1.6928680604679121e-44 4.644312526962746e-40 -1.376258840550525e-36 -2.619880152772377e-45 -2.09845504175069e-52 -7.381301328979099e-48 -2.4953672984656712e-24 -2.9537098313290246e-25 1.4207132226061746e-41 -1.0238073427294334e-39 7.660004310535766e-53 1.5369357778871173e-17 -5.586219107146904e-22 4.541760956535946e-17 5.620620882724898e-17 -9.178289294936066e-20 -2.116182086072245e-30 2.5205361791946573e-52 -1.0768130141654762e-48 1.9767124303617459e-25 2.316761942461178e-31 2.308847596648805e-22 9.485527246850232e-38 -4.469039997223716e-42 -8.59582703650652e-40 -9.877019252405078e-51 4.1067788036923585e-34 -1.058120287573302e-15 8.5052119085973e-56 -1.1647926412172306e-39 8.700934714671238e-18 1.3189728641549962e-48 -4.29856961803435e-34 -3.766206723357688e-18 3.4132803589778726e-24 4.360233608946372e-23 1.1678013993032556e-43 -8.322794396942863e-38 1.5908517705122122e-32 9.836981837431728e-25 -6.247663527514587e-49 9.174741694679927e-17 -0.20640268146756113
1 3 -0.12536429068626184 -0.2130617832551442 0.1498289833094829 -0.3548174694553955 -0.20909590417743532 0.0174265147374963 -0.20674542823043823 0.13908116400876963 0.1885886022010472 -0.032537900754732244 -0.062464332869994595 0.14510595687157687 0.009366595637597168 0.08509040241084047 0.11910049185979624 -0.005628820564629566 -0.12636506073892892 -0.10235782715145056 -0.20261656318349863 0.07538162353101077 0.23779741370588875 -0.1306001170476306 0.0569395378904582 0.23173252391121993 -0.20294312787828683 0.3518207069422427 -0.15489856324355897 0.014926642867704506 0.06048554931679855 0.15972188678933655 0.28708723721920176 -0.3331876043617142 0.19740325929597877 0.14107556447642272 0.0010802735289996437 -0.08386597666883563 -0.0036653128522020416 0.12945099614763775 -0.1508951602026499 -0.2954926867708326 -0.054961346351670715 0.16556717769481508 0.2353230309886285 -1.008400599691947e-39 0.18354908991210558 0.1244424853527848 -0.14475094415424117 -3.781433043824949e-54 0.1477930232738585 0.05661286477952291 -0.004349545706357547
1 3 -0.22809271209655535 0.2655058818927255 -0.18445432971422107 0.042641419441615105 -0.2009977421673114 0.03326258807311618 0.23786383645564782 0.19893551555790645 -0.36491963441107195 0.12132501422150194 0.10601983034371186 0.25175526689283195 0.15446164088085876 0.3256337085533786 -0.16176442628756804 0.11186038092033071 -0.34862704424209934 0.7939308547341 -9.134841237980016e-05 0.19766677657989137 0.017426675202054397 -0.039057367821788744 -0.13887636776048062 -0.15609081634847907 0.040109454223279876 -0.2650307997200351 0.04739629103437583 -0.12920481190054475 0.23062083617630993 -0.04497986885212589 -0.049060811164089516 -0.356363220551816 0.09670490549864481 -0.21161393832948971 -0.05604973015185473 0.086427126263872 0.03062740002326577 0.27572561811078056 -0.10658906448608066 0.2866755680896668 -0.13660001964799734 -1.2695845991140952e-22 -0.16799219857538444 -1.3410982437737495e-22 0.040070873452766845 -0.08587792454025858 0.28960035097367753 2.262909803045357e-40 -0.1122022590484227 -0.05196767707921603 -0.018926938916157016
1 3 8.403178289881383e-51 -0.21345167876262952 -0.13890887788518044 2.0435696887772689e-38 0.12703775161481637 -0.07914034814677505 0.4895928694392616 -0.0487669662134748 -0.08367640188067184 0.39839833851401707 -0.10893774140838845 0.19782894413212876 -0.12155340494288608 3.8009239826305527e-48 -0.1037406731131018 0.30319454522735306 -0.09738414531918453 -0.20199755445179005 -0.22563170327296164 -0.26898456082190425 -0.06319175580511133 0.04397271580872136 0.0433936897794261 0.04140332630528425 -0.11190534038029043 3.0368518535079196e-45 0.052544954369265186 0.2220638665745899 -0.1632887550820091 0.010308147676274576 -0.2034444855473691 -0.1816844837969545 -0.6574530700132579 -0.1646005923540986 -9.53214778743565e-50 -0.07205822885540179 -0.059368089547427394 -0.356304478345831 -3.903117929835425e-08 -0.04497085440214684 0.21884064839813744 -1.8830059570068427e-52 0.11034392531124779 -7.041018212565566e-16 -1.793917085297236e-15 -0.25211610102310855 0.20270489707063938 -7.983069842647025e-19 -0.2305702360142377 6.151111716037997e-24 0.18133396818075878
1 3 0.10831858071851559 0.17467533434276375 0.16609829536405463 -0.5176285271049026 0.17243545859320003 -0.37060076934133246 -0.15182256138143527 0.014792550796857684 -0.17198481002005098 -0.11108794134031917 0.352182119798292 0.294789396483095 0.04474016339787935 -0.04068203964885634 -0.08052515207178515 -0.03188005378716581 0.0510723137547474 -0.44059111893789316 -0.12461887989129997 0.162775490479362 0.1398469789663548 -0.015517289727311293 -0.16047478151136998 0.27210772676670625 0.1979641009131957 -0.003408402210146946 -0.15682986626596232 -0.20870271942333168 0.1282425215182596 0.34145000249936586 0.2848346149217998 0.023935728617094785 0.13648041604646652 0.071291500179472 0.20357135704297383 0.24382093054706228 -0.11756340467391765 -0.12814400074936397 0.08616529005681925 -0.2731981773302179 -0.3717061276013381 -0.08746368355275969 -0.16398520138701658 -1.82976718418188e-16 0.15244219450498295 0.18797319889045186 0.2245597819049204 -5.077681983665025e-48 0.2973517474697093 0.18976920093863717 -0.20488113472685432
1 3 -0.32194812884552115 -0.09576913173072166 -0.012695735138981154 -0.7380947989440206 0.08148790432238158 -0.22030658713865478 0.14686058566215446 0.024445119971891548 0.20363704882745903 0.07016374227569716 -0.09715695818253474 0.2058493604017737 0.17858722656328133 0.16612815306336234 -0.10995612266767102 0.12733083151965463 -0.0879398394244669 0.035163421407432706 0.350611007013566 0.1714784042624002 -0.03734473387073731 0.19160180125519444 0.21806721144798397 -0.030039582083570566 0.1085908890545103 -0.5380886579167516 0.23023908141145286 0.14570227792802512 0.00662336074859668 -0.2508371732008216 -0.13171040604654208 0.1354372540286284 0.16016616696317942 -0.004275279579918958 -0.14777528742473042 -0.14996125882961175 -0.21203254049907932 0.07506602225916456 -0.0014836594866650043 -0.18562231479805189 0.11278967217832742 0.21081255707122595 -0.08320036890011075 2.403597444806567e-55 -0.13589842633890387 -0.01904574923986266 0.17032884701518874 3.1472781865914085e-37 -0.16300629656661506 -0.16144792531433802 0.1738272514458213
1 3 0.023472991912939868 0.18454392483911133 -0.09000918683922536 -0.055645497020321066 0.14946490896384387 -0.16124944097784455 0.004087670493695171 0.10757906789449762 0.04626416072057015 -0.17941341076915843 -0.14293247055757352 0.07876765494266386 0.048262926182310026 -0.28201280944250773 -0.05898516159795753 -0.032927028160683665 0.09169339088619646 -0.06833273591611008 -0.3949243112168178 0.018992512489583654 0.012844581239644439 0.10825408802859257 -0.011495272579179788 0.1686274283223928 -0.01690114800811876 0.38012736943747916 -0.5272665536421294 0.12000571784800022 0.21454664785819982 0.355883835535163 0.11253863447646385 -0.27093923057397584 -0.14967607817968856 0.12376580310690102 0.029272645022410226 -0.03577215329011776 0.2173682975929847 0.07128605666424652 -0.1645762836319868 -0.24733603797302944 -0.13784167274462208 0.00781636268777972 -0.15614273864523326 1.93109615658001e-34 0.15952302563718906 0.041489646219713586 -0.13641341709719337 4.2064959670947955e-48 -0.044716437185392234 0.051192656497959566 0.11193470646039197
1 3 0.3855281928211221 -0.06270251879967258 0.045384842118100586 0.2084909763520138 -0.03499922163814002 0.09920727915284022 0.13265653974692912 -0.19596356886724964 -0.24178663563006136 0.8496960032981468 -0.04741148852406873 -0.09666828030177882 -0.04900869811065826 0.3314400529221249 0.26099716157861164 -0.24470441585301295 -0.03700888965271633 0.005696119174620822 0.03511601269786329 0.24018962039038552 0.178220710861216 0.17186879567661315 -0.13583539709593717 0.2086181100939928 0.2068821166937423 0.5835541173952392 0.3125708620548268 0.0645762462446612 -0.013051409849992346 0.3781150023108792 0.3544930208389957 0.0025285214132727413 0.09075746932144343 -0.19468759903774585 0.4863236148399834 -0.11442395924449039 0.1509642949972582 0.00354744432008383 -0.08630600703729856 0.1370472607690813 -0.0011585043046282583 0.046364404995951694 0.1021520045640788 1.6104899398223487e-52 0.15780558450936022 0.010995681559880377 0.006174011312022259 3.5046134310170904e-30 -0.1592186042451409 0.12449514336100985 -0.153544784413009
1 3 -2.9681897659588033e-46 1.0831277758877344e-35 -1.4119381728346912e-44 -7.077451578484853e-45 2.3080784068834734e-49 2.821755421896647e-19 4.737928406351942e-28 1.5253286145186593e-44 1.7709455886059137e-33 -3.572481062414445e-16 -1.9241381507870773e-32 7.135844334791765e-32 5.003262287613078e-47 1.791495929024204e-28 1.0997264916847363e-46 -1.1425241732909422e-21 -1.6305437478804815e-20 2.5633261446096265e-37 -1.8408657422678128e-49 3.502933932613641e-21 -1.543610921870484e-17 2.900783895602986e-17 1.9216501342286546e-34 -1.1278907700323811e-35 1.453661371152338e-28 -1.7775271673635518e-38 -9.440658743061017e-29 -2.4743635194735867e-53 2.501862626212535e-32 -1.278656177761807e-21 3.0273890071577817e-21 1.137678233754426e-19 6.953686559657033e-19 6.317908183971341e-33 9.023471493408085e-42 1.2804838298921535e-43 7.8406886936624e-51 -1.0231263414549488e-45 -1.6026811041700838e-34 2.2104919383884218e-52 -1.0500374392465558e-46 5.187164205338577e-25 -9.204718726665114e-16 3.63327124310534e-49 -1.4139183332794637e-42 9.455733246257077e-43 -2.9495763907289033e-18 -5.1975918417888195e-23 -5.219144913407052e-23 2.895772986263307e-30 -0.18001602619543042
1 3 0.42258650021279937 0.25456207417945304 0.19757418097102203 0.01998857615640114 -0.07017575855796866 0.2338051344525263 -0.025926371291284122 0.06914013470139857 -0.1862815006737771 -0.08199653446516081 0.08233100785053064 0.15133944936561056 0.13882476617071218 -0.2951096689148198 0.12452587208541047 -0.18225771290304138 0.19235034988448563 -0.10173690926008264 -0.5154749491087541 -0.09169445246881984 -0.07579989042471832 0.2504559635606014 -0.09012734072074723 0.10747479369317135 -0.12920458066626056 0.16626861185184058 -0.24800120728787903 0.005548783867508573 0.2554278952463422 0.38573040803845826 0.226494049116012 -0.53818392004742 -0.1209817277867679 -0.13541413278039638 -0.0685800308572879 0.16140746083275836 0.1584645279388277 0.23337916663204142 -0.17004989074713583 -0.16564861279257148 0.09852916045406636 0.011107894812364934 0.2098680783727388 -1.2019062243231528e-34 0.1162386218238989 0.03209615470700984 -0.030320069513512547 4.118352083500967e-40 -0.005846317750541783 0.26296687832492815 -0.03546885897403842
1 3 -0.2754726907912644 0.09817477046085128 -0.026362398859794786 0.5006161562223376 0.19309162399933305 -0.171853492649233 0.21541323351854244 0.03927724968967388 0.18745977574752618 -0.14791020590379253 0.11197645142932446 -0.18561659331453506 0.2046971798106127 0.280986944900477 -0.2597232481807384 0.15234978720376358 -0.032814294764248436 0.3556932546339695 -0.043001837045241714 -0.08867692007738576 0.1103891764301937 0.14492711687950205 -0.0941110439615186 -0.15898684622218023 -0.1661940920738904 -0.3455546086154043 -0.3324387610986775 0.01340141132092417 -0.18434316640430906 -0.26119749691178135 -0.7103931313266437 0.20716828464585652 -0.16755390479737536 -0.0677575258814038 -0.2960931761981621 0.07504103673316356 -0.16021062843904943 0.1897048420828276 0.26658783013461473 0.1356946138035998 -0.08667726989523908 -0.006703121186570873 -0.054607398240389245 -3.9736956820970145e-20 -0.17809365661489493 -0.03272880088422902 -0.01788216484104975 2.538181909414923e-49 -0.017748350924229127 -0.15858136127702893 0.12525547272644516
1 3 0.07582372719535005 0.186108618909414 0.06654480114684341 -0.05185742507767178 -0.09441129026306073 -0.11523705002631017 -0.15012189572353554 -0.26012185504148205 0.07893485687497177 -1.771510082872532e-22 -0.07810750420519469 0.12235062956538176 -0.029338563842206122 0.029872707100751128 -0.09819266543088961 -0.030325465430758612 -0.09733007239241115 -0.07337759816211689 0.09413151158908661 -0.01751864314798074 0.02890255759917133 -0.034864648165658825 -0.22930935166155175 0.1044749992489056 0.22212841886639997 0.10868340867417571 -0.13159238395604578 0.21758674190529823 0.004737435898458013 0.10930148148437709 -0.007192118556098441 -0.02022787557821986 -0.12562507531857 0.04153138375192884 -0.04607591394963851 0.1888699905822281 -0.06269562330058702 0.037638861271084595 -0.1783784357523807 -0.10565732529295022 -0.09481108412350951 0.00046299822594199444 -0.020833421290412466 7.121180501549275e-38 0.05871280051841783 -0.2519215797913905 -0.22623644561726486 6.02656834471782e-52 -0.06694099405522153 -0.004624784039650055 -0.11045540034668988
1 3 -4.1125337190870745e-16 -0.20218998305462038 -0.17183367656518034 -3.900504226044211e-37 -0.08464479951903695 -0.2584212242462993 -0.23751409087136613 -0.1899130748964571 0.055468849462082685 0.16921730463226267 0.18863919746727373 0.20058915067282523 -0.04173521151249696 -0.033222533073452354 -0.04060499128749203 -0.04300301990173711 -0.20138247695987857 -0.024419779628892184 -4.329289644596822e-17 -0.18634729491060117 0.21732608408949283 0.16402170662838944 -0.1001004176537444 -0.21384451336328475 0.12272292885979616 4.429396985410268e-34 -0.1342134271581808 0.06168488164932472 -0.20619502038086474 0.21047040931792102 -1.3127772715232472e-16 -0.13728323708364118 -0.10974680881816107 -0.0820447172218925 1.1178961875264034e-37 0.04957726567490707 -0.26499586725473645 0.15723490432846582 -0.11933938179347113 -0.12611904071264737 0.08115317485992964 -0.1790416837662012 0.07260878797149696 -7.1312569966354645e-25 7.728881795741234e-28 -0.10795527506080453 -0.018132418580192183 5.1718730245916066e-36 -0.08668958759473759 1.410677057872664e-16 0.02785539950351813
1 3 1.2425193901228355e-19 -4.962728714617983e-17 3.7635866214687316e-30 9.85116335450343e-46 8.54012446967769e-33 5.855289127368621e-43 6.64456538060226e-31 5.505939574892419e-46 5.96203089900912e-25 7.188731931338497e-18 3.726634397238249e-49 -2.4117502588803923e-47 8.244058535561716e-22 5.758148258278978e-42 4.573303615419482e-22 -6.791209325490388e-18 -1.4825525157004413e-48 -3.1439879670266615e-21 -3.7171124304701755e-16 -1.161315355761378e-48 2.5937932265234944e-39 6.852547158839136e-49 -7.547956345096006e-46 -1.4454238037810284e-53 -2.416131166388516e-47 1.2619146992169134e-19 -5.0411647040202106e-17 -6.723345309826826e-41 9.301043471495587e-16 -2.5294576661080473e-45 -1.4319071589013857e-20 3.185975384444863e-20 2.515495217203821e-30 -1.7852291264046313e-16 1.0860652832865178e-35 -1.819726116569144e-15 -2.0023772029073305e-50 -5.512994360018315e-17 -1.177419504609191e-49 -1.0200770357477245e-16 -5.932545891103137e-38 1.5695530822377243e-22 3.477961585497102e-53 6.853213502864533e-36 4.116853093381394e-29 -4.3911426910156925e-41 1.631484163913683e-28 4.8680380787085564e-21 2.1317330655127277e-32 4.386553930663312e-51 -0.05883715574642073
1 3 -0.051267177484229716 0.1762639372582157 -0.08681590795641915 0.4922402994711343 0.2090223864916645 -0.05597830399752651 0.24297482307231216 0.053915298263334924 0.2521379454724233 0.08518754994292753 0.1870719475799032 -0.23855384829000534 0.20273042957721904 0.03392122014128061 -0.2465668553073231 -0.19991707588290286 -0.23478683942769868 0.24420147452928764 0.32383123592349655 0.18646741019889773 -0.15176616980230734 0.040605881010454835 0.10116742300025876 -0.1888887632831126 0.1772515348465754 -0.20310261081666706 0.45735247132011736 0.22484050358861596 -0.27723684881600225 -0.035145508308303264 -0.4831798321756481 0.32893249471539887 0.011999765782010062 0.20331102313229124 -0.05021634914829121 0.08273425541845165 0.138202475711569 0.24056641460154954 0.11138908999128781 -0.20409368810899797 -0.12272408054747108 -0.23153260271345685 -0.15146681292395442 -2.510733150962091e-54 0.11030082199049276 0.21193204521314582 0.09543296545732788 3.030773451729471e-45 -0.019678604771491824 -0.032864407518087405 0.19008448780378187
1 3 7.182293245330101e-36 7.111695804523058e-19 -7.507756568410933e-40 3.680368764210679e-33 5.405529351537512e-54 1.825074084395959e-34 1.3555405725045515e-45 1.5231459286644152e-27 2.3317116672609505e-47 -4.115390208888975e-53 5.270543193096967e-54 4.368398359556591e-20 1.6680778595905352e-44 2.3070444753046704e-15 -7.189348375723796e-33 -1.916321433739356e-18 5.3790098906686817e-39 3.676928957414235e-30 2.0515556309538533e-47 1.6198816422875127e-17 -1.5729260279921532e-19 4.730441134060136e-18 -1.6868228245974378e-38 -2.280950023777247e-52 4.375882319236303e-28 5.2845473783483075e-23 1.0991582965602326e-16 2.4646707530004007e-44 -3.4614238595308085e-30 -4.2745625364973486e-40 -2.1682518255412957e-20 3.265975304987579e-49 4.236030087223876e-51 -2.5449425521917602e-17 1.772899631009113e-21 -1.144183742094915e-15 -1.5441745468110068e-16 -1.506059803361686e-45 -1.2286109712958267e-23 6.9815644078041334e-43 -2.3981288102470918e-32 -1.2250674940934353e-34 -2.4927043323314907e-41 1.133945678271613e-49 -1.611336276225683e-53 2.1249086441162837e-17 8.710370621473615e-44 2.0193561596013482e-16 2.2426615429591603e-45 -1.3368214700665552e-23 -0.20977018012406187
1 3 0.2990949005835887 0.027920108167180963 -0.22335497322905326 -0.2957332810930879 -0.05228175310334004 -0.16185140357289593 -0.21926129643814565 0.05648316542868156 -0.13410550753952538 -0.7375799105332352 0.1518747702043073 0.13579686811947972 -0.16700236773244131 -0.02718178246198829 0.4880360907293523 0.2375343706021428 0.2128011691983673 -0.36023804246630414 -0.4616750916440343 -0.2270630027438471 -0.07334493125503024 0.18541960970478366 0.047315716371348064 0.2876956936742192 0.28064745380770206 0.3862728130138452 -0.24492495043428206 -0.1886830978762244 0.16501236005557376 0.622257157020571 0.5745239455212985 -0.5021283022326738 -0.1277739014993239 -0.19534273524348542 0.36530825277305173 0.4334272486470371 0.30931629570327396 -0.22512810978822906 -0.2579204902512265 -0.2079576587674498 0.017028612335250062 -0.02682002191048582 -0.020140107569950855 6.149733467110912e-23 0.38938285202039336 -0.21278283957284042 0.22828576649233892 8.640261214689862e-36 -0.38705720670908955 0.18105653344210346 0.14716727301601962
1 3 -0.037893564653367004 0.004548922349390787 0.18236744671610577 8.668253475929889e-17 0.007334974154483694 -0.039578372673431596 -0.14801222716409995 0.16920744747235772 0.15779832096432353 -0.46783210605517495 -0.009736384903337095 0.09459139224055721 -0.18945828909944717 -0.3869084961219991 0.25937673597172217 -0.14657611150313193 -0.06552407848446268 -0.11699283428599312 -1.0801919655872905 -0.12608869640935652 -0.15217714057788834 0.2212691093609118 0.1257800086844672 0.3059261060827824 0.1711131651258754 -0.04295341080784022 -0.4269212386971272 -0.07269694129855445 0.4429129803054491 0.35365761943138846 0.32607016121474447 -0.7112644561652753 0.03854284372329621 0.14969862058782057 -0.07701931125900294 0.4389871341589945 -0.1702718352283321 -0.10893241727639819 -0.6521295342912694 0.037297142309267124 -0.1348006178444276 0.0027366016485165824 0.013192791260881983 4.52251817537114e-46 -0.040837153450122295 0.04449108883397353 0.22794346756027895 -1.611509596903867e-49 -0.2418863730100854 -0.23523669310459552 0.24393234706527167
1 3 -0.028410713486849072 0.21345673597191359 0.05357138714114905 0.3571128985436333 0.0493946275056764 0.12851422192434875 0.2250599828174629 -0.16339656724054358 0.10390588861504477 -0.015406635520506761 -0.05073278985518032 -0.11005109584559618 0.157765219294784 -0.009956035854482705 -0.4368520478776077 -0.014167180121674372 0.13144782109768177 -0.21693571151839056 0.5995647679096986 0.036936216066704775 0.19289463711977345 0.1995866963978259 0.09421826186410283 -0.18692056930017298 0.13103730301293323 -0.40049461288420213 -0.9520479202336516 -0.08783436057779373 -0.3355802071513444 -0.8256097722565543 -0.38409865664422826 0.686058495804024 0.25497135356528333 -0.13081466769197955 -0.08741917736783525 -0.14180621865395143 0.13026069441130886 0.17494312453926986 0.32157043993758017 0.18942031114308655 0.19118739069824534 0.006601985892340045 -0.230632369376193 -1.3838243756469074e-27 -0.26779876427582927 0.10531413066606503 0.06889811804782835 1.3820735259049839e-42 -0.008148658149696003 0.1319384059783425 -0.05140104424997621
1 3 -0.003452741781314356 0.13575511272330165 0.1336317489156094 -0.2706315521268905 -0.06885262696296193 -0.14481331103901035 0.05933808702936213 0.15784709670627772 0.07888331782818366 -0.2292199672866766 0.11847160638048569 -0.11580551234720095 -0.0893947952965894 0.07898185766864266 -0.024969841901496672 -0.017531562975068516 -0.2384355578288382 -0.03545697721204677 -0.40168329193304914 0.07391671810281425 -0.08526179416084652 0.00319161724554461 0.077018096304513 0.3033655550122587 0.244775590758903 0.49805814161772544 -0.4830552289601673 0.05177632654768292 -0.05323843920083141 -0.0747650722540401 0.2726589567003333 -0.26847302625204034 0.10029198734982078 -0.2166489233625346 -0.05455836086277269 0.2755542545943523 0.1630079126595007 0.016644514248634463 0.12043824326441696 -0.2093847275093158 -0.10999990991240016 0.16138615948281432 0.03035547251097189 5.2991144790332563e-42 -0.06374549417461392 -0.24310124418102724 -0.06894666237041122 -3.8626090871681495e-37 -0.19551183702833466 0.24480133219544511 0.2104331905798441
1 3 0.1281491941981633 0.012908260127886496 0.14452226841013688 0.3873413342636587 0.23811852711651268 0.21737950571876513 0.030093262058938395 0.09156855415346969 0.2614079137669739 0.03714542985999937 0.12859784584108333 -0.09002474702924289 0.011846593062265562 0.010521768055213543 -0.1163029357411717 0.04902683914646659 -0.19879427864723725 0.208085872588765 0.5030177124702041 -0.2423131050163215 0.08217481276218215 -0.02093559483711302 -0.13476602018269931 -0.14880233227860928 0.08314851472129509 -0.05613135256323012 -0.5494354891103475 -0.14975765769449506 0.10660817380062043 -0.3589945100742035 -0.14358094231307164 0.24040685945495865 0.05707134226971556 -0.13733224589422408 -0.2947667518840433 -0.2702210560753621 0.056514326830883095 0.20232232951441723 0.17684130172867712 -0.21932748236746802 -0.1605319144314534 -0.16033854641903963 0.034230833478344845 -4.1354280009395375e-32 0.13352580428282787 0.17782842900776796 0.13728509703398178 -3.956836134071728e-40 0.053940965322639436 -0.22868181758145228 0.014654524760784143
1 3 0.37039594194112163 0.12192106149649036 0.07501435802060824 -0.4508123078425453 0.16898483202738657 -0.05729395445990155 -0.3532311045857185 0.4386295307166044 -0.12332573799371219 -0.16644482613922237 0.3557887646746797 0.19247961794188473 -0.17983122976869453 0.2619728057515582 0.23886953562122942 0.1666614383369295 -0.11500303557980929 -0.4082717342376113 0.07821084837293067 0.34961682886496726 -0.20836660681380695 -0.2195820781966301 -0.0567827715728337 0.5362427022750624 0.1435070326983118 0.3750406293809145 -0.41862655381160635 0.16292710135790237 0.17625899279017807 0.6046622025068252 0.32083647808455856 0.17504241308491522 0.2058954374439475 0.08767210680873995 0.43298821290974654 0.2579052305488428 0.31524044182268884 0.23558838984910724 -0.22306618885615376 -0.29408947418231496 -0.2569893279902987 0.004692312064431911 -0.1337976707895552 1.2246380891886751e-18 0.14821791156004732 -0.2073049710447992 0.10223459441475721 3.0551522208545363e-37 0.14786301044218716 0.36474980139180657 -0.1545052489260337
1 3 -8.117420186449959e-43 -2.0502632593610115e-16 -2.765170031010833e-51 -2.604453037401081e-30 2.860422501509878e-30 -4.2082842809359105e-44 -7.700516935060546e-38 -2.815253422004214e-32 -2.484753372861017e-55 -2.0349959483410102e-41 1.3595018762268658e-44 -2.051237493419727e-32 -3.408695104926756e-48 1.0123333312433859e-42 -2.9374209958748346e-17 -2.227186975703871e-52 -8.063343231001587e-18 -3.7167803024857974e-50 4.322504673744942e-37 2.4065136747181057e-22 1.1385684701586985e-39 5.6385803974879275e-52 8.215557305723914e-16 -3.67213064791553e-20 3.0016724004158465e-49 7.524013538097962e-16 -2.3583889686503653e-15 -1.6749808806735282e-45 -2.6139588243729546e-28 9.114869418043092e-41 4.772629983774425e-51 -5.394616701334529e-49 3.33945420999376e-30 1.9535445247212155e-46 -1.1867541409783976e-22 6.708907155993127e-36 9.90374894943206e-47 1.232447232105599e-37 -5.780106541406893e-30 -5.558322422019082e-21 3.477073989419805e-24 -1.730314711551351e-20 -1.1641991958909222e-15 6.58093151118826e-36 1.4214292825174152e-51 8.629038749671152e-47 1.7630166037424868e-47 6.024774913112902e-41 7.685797186861203e-45 -2.9201755585911435e-19 -0.18048458715739388
1 3 0.10621844805463036 0.1825241497615844 0.07882787391029712 -0.14215385886764645 -0.2244828863464652 -0.1651433689970805 0.08599319829018272 0.11809298884550821 0.04541915586148716 0.09620243044696589 0.1389027596609232 -0.10576740489072899 0.009211153679923301 -0.14932843321633718 0.162687860914341 -0.028194334282687267 0.17952564723851439 -0.09965640138629257 -0.4986614801791463 0.1869254195460719 -0.08507177379771935 -0.06778887420938311 0.07469438722573045 0.13586406261743864 -0.11279186488071556 0.11732039328709554 -0.464795787800172 -0.007888999337728382 0.309114951717052 0.03150618876397524 0.2924744931541197 -0.16708926760097673 0.031553721907427855 0.23671098049798572 -0.04228610486446341 -0.08169575762760954 0.2445060795359106 0.10837259949900394 -0.07414006026014684 -0.0821216793509864 0.13759053503266386 0.047636469983408064 0.21111458276307613 5.510202412138223e-43 -0.022040317702299816 0.07029975553952172 -0.06667649494844084 -3.488165538920388e-16 0.1826660781502006 -0.12367628970697832 0.07715776858744317
1 3 -0.014230298286497429 -0.00857538048674816 0.06721798600797081 -3.8138245095384527e-20 0.13741906077253968 -0.10026804677433321 -8.144529754115914e-33 0.08601491400120484 0.11679044177605163 2.600535266845424e-22 -0.18903769544118784 -0.12217391257872202 -0.15329271982817394 -0.092514870300976 -0.01689587634755934 0.05659366450130891 0.14125797908130996 0.18630377266915044 0.024273761464361943 -0.15043806474280438 -0.04182554044896326 0.01914283685871094 0.08362269254111918 -0.14657089589482164 -0.14352744699522765 0.07371662787430089 0.026232943370475246 0.010469193345366716 -5.632514536277336e-20 -0.18905330009296428 -0.09402234025027977 -0.13796321091947603 -0.14868564667635692 -0.0942377615823817 0.13808698659207697 -0.16392829534872658 0.20188680459322395 -0.22740388354821828 -0.22386243696276184 0.12293887652420785 0.010466122747267744 -0.004475303985370822 -0.20460126658539934 1.0692175304570312e-17 0.06902408666703243 -0.03249257933226971 4.1448338294155926e-47 8.442171684161315e-28 -0.20070086865251074 0.0011609927223285284 0.07298779277149336
1 3 -1.4609239158447363e-36 4.063102356603141e-50 -2.6686946111299447e-39 -2.6771053691677793e-32 -4.25926665924666e-27 3.920500079532106e-29 8.889190476472236e-28 -4.423543387349614e-33 5.32522500741997e-46 2.70766002557343e-41 -2.126649776513005e-53 -4.3852217213248175e-34 1.5242346579959293e-48 -1.6779441217783617e-22 -1.5638712873440647e-50 4.9940145608695305e-48 -2.1195131804608034e-42 3.7951980974147537e-50 1.3170658681328608e-22 -5.047293899688983e-22 4.0873824850024214e-22 1.183325808413555e-47 -2.142067550174978e-52 -1.825418479268917e-16 1.8381396857850816e-34 5.852436408699133e-28 2.0712385123074625e-48 -1.5651910379375787e-15 7.514189207100474e-49 -9.143833352298782e-26 3.440352512058172e-19 -2.0296905100350045e-33 -1.026899127664405e-42 1.492335505603697e-31 -4.9299736903438543e-32 -1.7777071747515956e-16 -1.870580222954294e-44 5.423488935542884e-29 3.8430123970696275e-16 -2.5664038210526617e-53 -1.7051682269662469e-34 1.138679530830007e-47 -1.3947413387836797e-29 -1.1546426931703995e-44 2.987910962062425e-45 -3.0580906358457696e-30 -5.504855935775929e-16 -1.1087868694042805e-21 -1.3459119679114822e-48 1.279087376959594e-22 -0.11031970053628773
1 3 -0.06351595576665461 0.15166875036134417 -0.0465288286193353 0.37560320565686167 -0.18850843734279032 0.04890486695260117 0.18889535747240124 -0.17168607236551772 0.15501083765548493 0.2999047296216896 0.17778249270393529 0.11085902463114128 -0.16646193215235028 0.003091624690505165 0.013489972363921441 -0.18867953681326124 0.15508844832854024 0.3520413934235528 0.5939173849098293 0.07816677886327617 -0.1451061635478193 0.13670330153639557 0.018582013439743073 -0.23399886136945572 -0.1352052976765503 -0.13590750228400506 0.4698165539209121 -0.02346513823390486 -0.1281105590547261 -0.05235725978281517 -0.19831505538868044 0.35971878059811735 0.21467539221114507 0.053787372157348655 -0.09206958911091058 0.1063884703908682 -0.17956194504524725 0.09812234719215346 0.1602994502827545 -0.014868524323225043 0.1228516352669552 -0.025783086134799144 -0.07369540527171264 7.35426931529667e-43 -0.07558891584706558 0.12785285579708702 0.12492121687820605 -1.1769473473644688e-27 0.2670656756196579 -0.17192282570415351 0.16280172942824436
1 3 0.5192060914834128 -0.19714111651664068 0.17605467917343764 0.0484618705928699 0.22860508388475448 -0.15514189886451327 0.6174328431254239 0.23619026469163984 -0.06587287846501767 0.7528727285356551 -0.4089352866527511 0.22559567679110865 -0.11100370957083305 0.06493790952742916 -0.02581403464587169 -0.20286942271708064 0.02418671828754888 0.254665952797284 0.5213145999631253 -0.03738933830591445 0.07848779160207782 0.07020163114800489 0.15911528073585718 -0.390102134633079 0.020589812094630427 1.028930694611796 0.13772719186022625 0.11341586247415394 -0.620254053249569 -0.14439566284892133 0.5376159278301645 -0.07549943668483627 -0.23732812797643665 -0.0045039787231014854 0.6666781625202719 -0.53685189364376 0.32306645389050326 -0.055827123016765574 -0.25092414255379164 0.11442600602044954 0.2374388740217158 -0.2053777145499531 0.23688389894261436 1.6868749095266116e-34 0.6165941750328424 -0.13630999761781296 -0.8058618875223724 1.0558277240163468e-16 0.40173460308744524 0.48238187906745567 0.03365798521265703
1 3 -0.21851863506000235 0.13303181252454666 -0.01728019727576011 -0.5941528526663917 0.24147829578995642 -0.17847260662881365 -0.4872673787430095 0.06043050608794571 -0.032047976811957035 -0.7102321534159681 -0.0811473638987945 0.18649023102202936 -0.05129995348214764 -0.21641839392367293 0.17285805497336218 -0.07298743173167588 0.23839295967347027 -0.5118092551639082 -0.366605647672648 -0.21100643669669117 0.2011304277044472 0.030357308773966602 -0.11941161008760055 0.2019519147996183 0.23690678228634127 0.21535082100363004 -0.18562628489344468 0.07684456874747635 0.36723558028256764 0.31240834124845 0.338054816882297 -0.4005441069491252 0.14852911029714114 0.2679882057521352 0.2667002533445647 0.07853150572801089 0.08898088314340857 -0.12787579210852107 -0.5634929298877903 0.09963912683278144 -0.09555714903643102 -0.04913447417668917 0.18136382477147447 -8.072015693975958e-41 0.4884554098577159 0.043576084062823935 -0.11830591392306562 -1.472034411831071e-21 0.016973896063301217 -0.37867364189790287 -0.13266421095712283
1 4 -0.1442328574916645 -6.602053803099648e-11 -0.13392263913697627 -0.5515356880486204 0.4954739932515091 5.0741371687991225e-12 -0.3067762052297748 0.5547955699559837 0.43925246415417685 0.25450036446197144 -0.4912935398857178 0.11246776620759101 -0.1833980136834762 -0.5267517914918157 -0.19691760463550212 0.05652573211859875 -0.4764887849318849 -0.9022190919593339 0.2773000741610878 0.19165147731338808 -0.2903299338314927 2.389929763190949e-23 -0.0803901952250054 0.47256117733234426 -0.42093666803437135 -0.5036091184057195 0.32362424003594914 -0.03532355790697029 0.2168681323834008 1.8728121257983865e-47 -0.2591373436921286 0.3518744891021511 0.05906988823317878 0.26939284483586584 5.450501632793345e-15 0.3040044493180441 -6.985261732715183e-54 -0.7306376153921356 -0.23250300727527057 0.4160490559276184 -0.33953810264393497 0.1482123139297769 -0.544336285723411 1.8288675226913913e-27 -0.04146036549940349 0.25293092584954924 1.2912654025270212e-39 0.054183833341125705 0.769562724522565 -0.31526499319293794 0.19437433896817674
