Number of NNs: 3
NN configuration 1: 2 20 20 1
NN configuration 2: 2 20 20 1
NN configuration 3: 2 20 20 1
NN Layer Weights Bias
1 2 0.3133217613998149 0.8902178899271386 0.3249347068083554
1 2 -0.04518817148949667 0.4334496004048016 -0.45593587494296395
1 2 0.5146481183724659 -0.2649035897053363 0.3641503458709648
1 2 -0.9200029296728324 0.11210620099023892 0.1229989164548906
1 2 -0.4439821063096233 -0.11011048737389177 -0.5340197221791482
1 2 -0.9892785692365926 -0.016872585708874233 -0.1552529239452563
1 2 0.7320764966159286 0.34098097169720476 0.10727497450062107
1 2 -0.9771486121106219 0.32538019919626876 0.12231652930173727
1 2 -0.08850545497212635 -0.6333750969803039 0.12211041642644689
1 2 -3.427682691843308e-47 5.667938480596727e-84 -0.37464769062271425
1 2 -0.7704892352613527 0.33167333224016843 -0.09510202567400734
1 2 -0.25914646349997483 0.5485795766703531 0.2926513296558636
1 2 -0.4297755498776244 1.0166055684740536 -0.19418625564242925
1 2 -0.6688295099588736 -0.5315786703422111 0.2966877071703004
1 2 0.18591735169369128 -0.9249689823125199 -0.1853131526297464
1 2 -0.64521248078198 0.3342879111692748 0.4742404721468079
1 2 0.8740371680610578 0.39132286131030775 -0.310650515744882
1 2 -0.2343459669159792 0.865806559819622 -0.45861560888448033
1 2 -0.20320201976525823 0.37272029781610583 0.21155466568709227
1 2 -0.29712944034954303 0.13083027115009882 0.03902732569384853
1 3 -0.415180072922754 -0.015183411607478424 0.03348816331111036 -0.26349775868256675 -0.030664769671325722 0.6431217158777107 -0.26069427702327835 0.2695953724811083 0.2462222766871754 1.6428258736755118e-31 0.5870729788960004 0.16426874904177488 0.5199906861367811 0.2777516078940732 0.9070759927681479 -0.2602519351429384 -0.28017416649286975 0.2680899558306046 0.3018652163718618 0.3856328451828613 -0.4763167448521073
1 3 0.12416069865944332 -2.4113288062321445e-07 -0.055799401210711926 -0.36147758620958903 -2.6137525806266017e-05 0.5189768257311987 -0.3517547596283861 -0.5766598022865193 -0.46135382862091306 -3.9056655484809846e-68 0.5901746387443221 -0.1830739412718584 -0.6813800188674163 0.43662361732520044 0.5301660126549161 0.47666657329131046 0.7169603508752432 -1.2586762844487183 -0.3344504020095728 -0.34663641156461894 0.549355167930432
1 3 -0.09745619883241095 0.005570209551664397 -0.4717552225151873 -0.2530956598183386 0.053109766928989006 0.5514180178252835 0.2946968908824135 0.20807857995704374 0.39613493796580734 -1.9839163488841903e-36 0.5635302923479243 -0.017363221256951025 0.2552430151450215 0.34246544558693354 0.7298787081147247 -0.706203727429061 0.8187579764953986 0.9164144968841108 0.2479280757680863 0.3598298978876066 -0.14551060094689652
1 3 -0.23688520360334359 0.33143408658253615 -0.11889644279302976 -0.2527886543324149 0.23615502915473274 0.5056354291057787 -0.5813509308975329 0.1857070240612273 0.044537571952793155 -1.7718957546185183e-86 0.6787307924186027 -0.18538229206935986 0.38625232454496206 0.14986515940447195 0.5855114204860186 0.0011303623104233027 -0.12050699470096596 1.0356093698527937 -0.6361248456427973 0.3868060677183583 0.16424336862759334
1 3 -0.24836733471659408 -6.186560607683006e-09 0.36538367399033705 -0.10170257539042529 0.09035604420581865 -0.3370859949604647 0.336902357958843 0.44782555184911754 0.43193651326841465 -1.782611130640501e-25 -0.23685322290268393 0.3352902328736303 0.3287996211783081 -0.1245903089960022 0.06662936627836996 -0.20919908598081277 0.04070799988774799 -0.1845257918486241 0.2666477225408994 0.4854150857604711 0.0956791288170417
1 3 0.4271044294592443 -0.09328318272269225 -0.37128509520427794 0.009464166867846804 -4.456614400528709e-24 0.3797016379336699 -0.0593321545790192 0.39732041207395324 -0.3549634269386889 2.9748866388952887e-87 0.13540898926293982 0.075211833225756 -0.06166723522372459 0.5888284911136608 0.23745855764718474 0.06852904221600371 0.2210377694368144 0.13063026017598167 -0.23168665869633728 -0.16095058747063065 -0.19909869415697498
1 3 0.3337642969238137 -0.12920158001318074 0.18270862970708954 0.21338467939961434 0.12767152456131026 0.4316271480272412 -0.30129108017324935 0.4638305369208816 -0.37925359725254576 -1.336076165212158e-63 0.1722809489023826 0.06893943835112543 -0.3987486364514241 0.2820466032676255 0.3002753305238337 0.18480950593548442 0.6396166012427738 0.33917214123172706 0.19087660857271443 -0.015107005527002424 -0.40566691352520284
1 3 -0.6808119012859897 7.879324553551071e-72 -0.43975563050989885 0.24020385577861603 -0.013819912446115851 -0.2061546995481862 0.14402104457338902 0.22861468911865535 0.5753256703011895 1.0983779964496656e-63 -0.013273869631910296 -0.0483914934995503 0.2812283640456313 0.255176564811603 -0.48816335546826567 0.2574719246485288 -0.3332624859198539 0.2797102044434182 0.31643802362655643 0.31589653746765034 -0.09122673844358219
1 3 -6.263107872009124e-72 9.207694260571267e-33 7.334155042869093e-77 -6.539817021328867e-87 -3.0147186104056354e-56 4.48245170834657e-28 -7.592679227760709e-87 -1.3915610133838997e-42 -1.0379355023015176e-52 -2.514574334236147e-26 3.094092150329535e-71 -1.2512480102001953e-82 -5.580753281886398e-34 -5.880675749939251e-43 2.5311834355432883e-48 3.558859329494463e-55 1.0431009262877521e-49 -3.490673245015311e-51 5.963231714779795e-45 2.7870785128542985e-88 -0.18611580620101634
1 3 0.15727107301477983 -0.0604727640689373 -0.09841608948443589 0.20074593638390834 -1.9657074954459594e-82 -0.7419530886018015 0.43408549647865147 -0.44821895521203947 4.095854048923436e-66 -5.8339638192290855e-77 -0.08667589834198264 0.08645958525260361 0.6730880024553207 -0.6102657067195782 -1.2927095192555104e-73 0.10389491903195988 -0.17419290857454206 0.3623625628028561 0.05778214520407299 -0.26385080618569345 -0.4521014543822516
1 3 -0.13080943789280217 -4.6119135935324926e-70 -0.49834561013430795 -0.3030629098565766 0.13484644579096564 0.3248752078175661 -0.07064724797974806 0.4125939423293831 0.46459052417418406 -6.365206271467019e-63 -0.33808174863404145 0.26655037923358865 0.11343456459645232 0.4130443080649749 0.39759856055904425 -0.16777422184783936 -1.950526753551835e-26 0.2538880209761132 -0.233340576780434 0.5337036140891629 -0.2504987110517078
1 3 0.03953699242579138 -0.002261165305685691 0.4452875642840135 -0.32563197922725695 0.05623452704337473 0.2894898570026563 0.048619138122013 -0.2429131256350738 0.11940338741271038 -1.9298776195847284e-27 0.6835477818177167 -0.08230511694843162 0.7527369136265193 0.3182000674506676 0.8002361140659907 0.21435995747769 0.7881264624479563 0.7842771713866362 -0.5803779792551598 0.06872782924202282 -0.3239837566216168
1 3 0.37231525804481036 -0.0879254606274719 -0.16688509139345964 0.44833903252938173 0.004890392422718205 -0.25859138241903146 -0.1377941101574904 0.4835853425524612 0.440005162236694 -6.740162223452446e-30 -0.2499748221729983 0.4524768742094825 -0.01881038885721362 0.37176652597439613 0.24439255468005647 0.0911251991244354 -0.7751677897938077 -0.9288227745542009 -0.14073130994539354 0.3914513274670781 -0.3860189925920681
1 3 -4.0314026789751394e-78 9.79882174107534e-66 -7.13342053597517e-53 1.2042012893467582e-67 -1.3575749346818465e-33 1.4674928611185332e-42 2.3173706102269234e-80 2.9141945888258637e-88 -2.0553513997568642e-24 5.643844186907487e-29 -4.0201959870677376e-68 -2.2341077283171403e-80 -3.67227632274835e-28 2.0044149613876577e-61 8.292499841447084e-66 2.333153109303044e-49 -1.8707915117109768e-24 -2.6437457417587974e-31 -1.0231801679250358e-78 7.938035899974301e-41 -0.35438441963055944
1 3 0.37836056828986897 0.2638706626128094 0.34028486757582593 0.33832026061317194 0.17554016231859865 -0.43478960333357247 0.04409360120883238 -0.08293964652395457 0.5160732976337118 -4.240147738047374e-59 -0.6095479482010632 0.48335650278674647 0.69182811603424 -0.016098701197522717 -0.34755814446113015 -0.16644402742841508 -0.047101321125806256 -0.6998971157018625 -0.10463912565488274 0.3525201650479088 0.3327802109740291
1 3 0.1405126910162875 -0.20513886673511766 -0.2064618518475183 0.11204596597734828 0.178832988846126 0.34652707584813586 -0.3988696210958966 -0.3586047261356763 -0.44378249129738484 1.2296027263915788e-36 0.3330640089706964 -0.17974213430041883 -0.4812088507081539 0.33438694031021204 0.5938837129951389 0.4676885126299748 0.5025333371720387 0.3407379118213119 -0.1758513093218405 -0.27668458741165847 0.39476580165513936
1 3 -0.017217451640538745 5.7083701362013614e-05 0.24459873785303013 -0.19671715359702044 -0.017637694625712172 -0.03279384276211007 -0.06858788418836619 -0.1708421473501768 -0.08441751766741766 -8.65364700611468e-59 0.1604453643809811 0.14604696569903794 0.15271825291230287 0.05906555893900642 -0.12500801183967952 0.20399250186856102 -0.011206617965160709 -0.0029719267275341793 -0.1928353320418808 -0.059625523837831394 -0.24020302430496157
1 3 -0.3446690806698119 -0.1788441755291515 0.19511352024427533 0.3219812128973639 -0.08794185612467953 -0.0818829315010558 0.1679648474227584 0.19001699598638963 0.007889827615481175 9.039645528938676e-90 -0.3223470404723672 0.19215265387064015 -0.15068743284170427 0.19181073247448444 -0.254375935271536 0.22826746875590953 -0.5113772321028413 -1.401720618170542 0.010740670982031226 -0.10865765218974761 0.28087285326536066
1 3 -0.3675024605251781 -0.05379984369836533 0.15711909407342395 -0.08363782542449319 0.08076730941456486 0.6560223763936945 -0.45861828991515685 -0.6444236152600049 -0.29761387000595924 -2.8453122378329285e-71 0.2948782745433861 -0.03558751490921814 -0.5379381096845387 0.11413631374285683 0.6008107677402603 0.4743248023838734 0.8888538054835678 0.037687483229639704 0.0008652446949360935 0.12494499243066466 0.42135846299650953
1 3 -0.14597318989890756 0.26632288755272043 -0.08760886201819393 0.2815856447792973 -0.09899143151255829 -0.5822775212791936 0.4556910716643766 0.2550015029477449 0.11668390580392242 -3.8623902872345795e-72 -0.057595111602712315 -0.08262350116186849 0.6530633418432861 0.2626502991596007 0.028112223840189687 -0.17586652369926098 -0.04575760081787767 -0.6017561252530381 0.33194816917212416 0.31706524457143576 0.18124314547552758
1 4 0.876471978305549 -0.4290857101166383 1.0613767063994755 -0.83193861223987 0.34495972762432187 -0.7217415896195426 -0.942502484459104 0.7899503721380805 3.5274168466691967e-65 -0.8906211788414602 0.7262326521317223 -0.7441893734182984 0.6184246666203568 5.353100247526096e-65 0.5586154678056878 -0.5456880668063084 -0.09700266196881634 0.33665838397322584 -0.5179540945674144 0.5737779243296739 -0.10617905958774077
2 2 -0.13835825438943183 0.009349819335328989 0.3703528935493302
2 2 0.08100569640647405 0.09710778824205439 0.2926227843043297
2 2 0.3978774288847712 -1.2024093163850575 0.21860673607498787
2 2 -0.7269570839319727 0.09982580259594764 -0.12270509603815324
2 2 -0.8777608119995322 -0.4837146905741305 0.321145182447853
2 2 0.8503405619658292 -0.2181860060187504 0.33595176335482396
2 2 -0.40683917831656924 0.5592998916035267 0.36011432281100364
2 2 0.3755106085177007 -0.27241052885314504 -0.1342725850898465
2 2 -0.40233232502852323 0.5945546176184198 -0.5657046181847197
2 2 3.054352248782257e-95 5.983846569067684e-80 -0.4638615630939235
2 2 -0.6865620643565626 -0.3771765140410892 0.5901266233784402
2 2 -0.24220581210348086 -0.6946818874308763 0.3642402072570745
2 2 -0.15716471985905492 0.6877957807062569 -0.3592889112755879
2 2 -0.08612626799657377 -0.7771079361436786 0.40765174495522494
2 2 0.1559108886465137 -0.1203064772016643 -0.3595775534250017
2 2 0.11511330853944064 -0.8327540066881015 -0.20672839942782326
2 2 0.6733493115202646 0.03300917888669118 0.13852516872397458
2 2 -0.3711024904787554 0.7823421275128453 0.4329719380848271
2 2 -0.6896919457111633 -0.5527382400018727 -0.00471116078878611
2 2 0.9170284506944614 -0.12657465325126518 0.40578387143374023
2 3 -0.0755808492353459 -0.23709294769522923 -0.05025579224501038 -0.3244057521145382 0.08121431860194422 0.36230824650212207 -0.02897398895779709 0.8392555825990498 0.30209551198505274 -4.256324987260949e-59 0.38046252835833216 -0.020025124252486728 -0.18383488711028484 0.25363109308614656 0.013828642383481428 -0.33284456123029676 -0.14380815716749085 0.3478300544088188 0.7187171441201942 0.16687227420555364 0.19463142320729376
2 3 0.14557860099443082 -0.11144378666944661 0.3719086465406737 -0.08347466029531324 0.2377471230435855 -0.8105316150144625 0.5338303725086234 -0.33459543819578513 0.05576830284944591 1.0286216493600222e-99 0.44044549044267345 -0.27902193445637524 -1.4461973092671612 0.0017190591699293592 -3.669178677343102e-46 -0.5187176286137909 -1.2725299149765448 0.61725679271129 0.8143116019332993 -0.48893138477144793 0.22585666975859345
2 3 3.2869399344364345e-93 -9.010645410541482e-36 1.6777393043900311e-34 9.815174833251814e-62 -9.971059997180126e-34 -5.570404684406967e-97 2.514001381175558e-97 -7.554316719052199e-62 1.7625221265585296e-53 -1.0076555612984599e-53 -5.967160900317463e-33 4.237746444958148e-98 3.625197065720467e-43 3.573335157983139e-56 3.575096255522567e-71 -2.5284567221709695e-87 -1.2774649813751427e-31 -6.945610599618301e-54 5.8922834800593854e-58 5.600797546630734e-96 -0.3086266559057852
2 3 0.15901581679901292 -0.1427502899877722 -0.34152216442434785 0.3064768041011316 0.1439736254440887 -0.13765907611810915 -0.31721593403636894 1.1502671532121687 -0.6676140027189165 -7.907910973002413e-34 0.05581332918624148 0.2871695818579306 0.2417664923353818 0.29985553133137954 -1.1517076558700933e-90 0.6258399803214524 -0.23608857227293525 0.2970534687141315 0.3639216782725377 0.1618057077848224 -0.516733629461364
2 3 0.15016706070018349 -0.12416686848458891 0.6111033498130629 -0.7557693816247756 -0.40961827339747764 -0.2944001018145168 0.305779158311304 0.3551188788003452 0.5280325896458429 -2.9078183049798344e-44 0.20405901133909207 -0.38717699377450865 0.08380571874418773 -0.29788976484209273 0.017143906261334642 -1.1535709871115771 -0.1895165877182815 0.3468551265562563 -0.2958633170617074 0.4090904998907814 0.36268160806109084
2 3 -0.2991658107337793 0.10055234789254586 0.21458879478977957 -0.40165398454475143 -0.2316715771530703 0.28932709117952177 0.07554021971065127 0.8013857471092805 0.6876619386014496 1.6070918377217612e-99 0.018859167917005332 -0.225828919876395 -0.128513584534666 0.08646303462398841 -0.05145521792975099 -0.8703634167780416 -0.18082362203950653 0.39395217500954716 0.3416613622468456 0.3232311165446459 -0.03978362031823618
2 3 0.3095971261393311 0.3145877199897954 -0.1872941832682425 -0.35616302863465454 -0.19992298331918373 -0.24074017118882624 -0.3444447196842007 -0.7814162738620053 -0.058898036451519094 -6.754004684147162e-92 -0.03684183683255569 0.3237070106134906 0.08251098402478542 0.410580254307022 -0.05946215568271795 -0.22857753565809483 0.30267522481136594 -0.08677458610673977 -0.5383422462437208 -0.051071083083071865 0.4266675195169916
2 3 0.22807152196182853 -0.03905412962789612 0.27535403111799683 0.34396821008060857 -0.3546304491670616 0.33677743396392906 0.2870206494771422 0.13167732354441108 0.4930160016680817 6.145942663973456e-95 0.4894635620547491 -0.49767641098282395 0.27229771572551004 -0.3066260798914186 5.599749762189675e-10 -0.6776316031779807 0.23966006689118416 0.4514178531260401 0.28503576825410915 0.23302203850005807 -0.141252801328224
2 3 0.1359247911309941 -0.029883937822591047 -0.5078079876396491 0.592741083843887 -0.24937704428018898 0.11104789052929744 -0.045864200347315455 -0.8491783495838746 -0.2140638356975762 -5.2790608372385355e-52 -0.36600752640304185 0.5574107901713794 0.2057832892406894 0.30674092435318834 -0.001368372515043131 0.36434815838505985 0.26089071228015215 0.2687499351785094 -0.40314630045335037 0.0006141386906252669 0.36002085336617007
2 3 3.7704737393778e-45 -4.1698034806373173e-48 5.392838155114788e-97 -9.414385279016496e-93 1.3137669845162189e-42 -1.0070576131752287e-93 7.790896696887764e-62 -5.503011225063604e-57 1.2670641635555402e-93 6.238226394908705e-31 4.0315719766269816e-50 -2.0322675878736396e-51 -1.707967423140305e-73 4.545303522952148e-71 3.0750906331934014e-95 -6.708749451789584e-85 -4.953931936350316e-36 9.510379924253354e-54 1.6664954588147456e-44 9.00971124869526e-93 -0.3051274211751433
2 3 0.4310675847883938 -0.05457154503653904 0.1285458564437189 -0.31725756588182125 0.06534683090187765 -0.17709832783459048 -0.12014273466898273 0.8863150533429559 0.08153812076913898 2.050089209797447e-53 0.2831262002826096 0.09551249699742259 -1.4701374490439174 -0.42778518703917123 0.004850335935300529 -0.41476372283626634 -0.6743392377076993 -0.1101109477430186 0.10485828149117976 0.30461351656466734 0.35447017306505446
2 3 0.5071260558803182 -0.0474075160925403 -0.3142594045395377 0.31482755186914574 0.627063485884958 0.39745005780348325 -0.7895008844296411 -0.8899573994094564 1.6977636879728755e-44 1.6086261001193069e-99 0.19085922917229092 0.04230670050708873 0.020078840507405323 -0.16371272706466505 0.020864509172315925 0.39357518209013886 0.4008747465130946 -1.1528995292140718 0.37097872011084554 0.2061702980559786 -0.15582698125514222
2 3 0.34354966665194897 0.019981931212399783 -0.1028158739442931 -0.09215603035660204 0.14515469708249806 -0.1762721828178684 0.3041928153636667 -0.8051946434668046 0.10272844040034255 -5.547379639881597e-72 -0.0415505459050495 0.1337068843749352 0.08767574876363632 0.39006100201059923 -0.03333221367978274 0.2887075646415857 0.2352598037163413 -0.19042025871295531 -0.4896640740006417 0.0948584072365823 0.21832235373165404
2 3 2.7187904406456986e-55 8.338035007650398e-69 -1.2318547451797996e-58 -1.0526405465813757e-75 -1.2783905837409765e-68 1.1240944053815883e-47 1.7605071536611112e-87 -7.428909183473241e-62 1.2978922010382027e-44 2.010256967864469e-91 -9.442338482099751e-36 -2.4978670672121772e-73 1.5771202007983598e-63 -7.002273609857808e-33 2.7771382647985815e-75 1.022112386017444e-45 -3.0999340014086925e-53 -7.393437609167003e-95 -1.4382803016133452e-67 1.0226640322106991e-57 -0.3062456595054013
2 3 -0.13019015667177095 0.19894707938273623 -0.7591202968163837 0.5938506209404785 -0.03508665201144857 -1.0200340588199583 -0.08549037811573117 -2.6474949921896138e-58 -0.5521623901258748 5.595916425155783e-78 0.3282194803118481 0.3427856747924606 0.8213894248728725 0.18346303728981964 -5.440859834997307e-101 -0.5208748082665611 0.563311072819234 0.43793701397672075 0.10354370436311297 -1.0809545695676652 0.10956660162574632
2 3 -0.06164218590269087 -0.17371461675081543 -0.7412354165495538 0.1023313987100271 -0.02450411234891396 -0.4034872828939184 0.20941386300762974 -0.9412014398724826 -0.2922761937272269 -6.363537009731115e-91 0.4205976156026446 0.34746884811214657 1.2995494168315171 0.6816724672137682 -9.796630516775952e-90 0.27419489436442723 -0.1832254096753996 -0.28822947585697994 -0.688076523785493 -0.016103924470824944 0.2823025053609194
2 3 0.11139142693442462 0.25507747444544937 -0.24237504901907417 0.4188331283238156 0.09945105148592175 0.2539860244272725 0.09957131169227126 -0.14821726725001982 -0.1374477521220518 -5.133794101302138e-47 -0.30283790279743644 0.019194986077667675 -0.027073836812016937 0.012074054677018458 0.10574369554782014 0.4060872524826028 0.05261581695648641 -0.12304184748894821 -0.35042471012444865 -0.19440088859789803 0.42812365875009656
2 3 -0.26390002010050484 0.07526390230620564 0.5560576194283314 0.8597865443513579 -0.7699242971190261 0.04941188199894469 -0.008344533132486393 1.3655325534529916 -0.7899503688157077 1.5060691309773572e-54 -1.1117278557799044 -0.2939793781829625 1.153969777609202 -0.4220397204060548 -3.7767337332888275e-74 0.39126107260035875 0.27173589946422155 0.4750976760203434 1.1710845403874912 0.11197220206501599 -0.03725169009623068
2 3 0.35560272901972634 -0.12872897429269364 -0.6654354656995493 0.7620724470583711 0.04465058600431305 0.3057023438839209 0.48216791904831563 0.5114581475763599 -0.3423166760526743 -1.2320804603313744e-58 -0.43130977042964935 0.08756233078442228 -0.2366786975230978 0.01670603109097244 3.7449100413791314e-66 -0.6884784159701396 0.22400483653035747 0.27827549518989114 0.3411188008863129 0.01904638124095106 0.21113100490296197
2 3 0.4386438467499892 0.48845178476039086 -0.3903069770985134 0.5812629800005783 0.3119459892497795 -0.09645200575151389 -0.014286946132631853 -0.6221780247355769 -0.5091326274809443 -3.86173542068714e-77 -0.05347138162193356 0.07720477235226222 0.27702417976127763 -0.10867485622881005 0.0004122545586668328 0.176065083886144 -0.023100763339808445 -0.383866566826631 -0.5005414857223539 0.3496975602290404 0.13729724306298727
2 4 0.2660047442420765 0.5143058724771137 -3.578082658187833e-24 1.0410854122958442 0.7754204438053284 0.6739525228328617 -0.5146512242526422 0.29570255000906875 -0.2817415361913744 5.097148096089842e-47 0.39012130522013555 -1.22570663673237 -0.5954631481674899 5.267112296028147e-32 -0.7827269418988468 -0.7174558961333494 -0.5744824342082884 -0.6307729052571011 -0.3389358114275039 -0.3446927660323308 0.3164611644652462
3 2 0.29935843096375664 -0.6910828502063256 0.40221094384372474
3 2 -0.008885888357276333 -0.29651198707483933 -0.3060326522508778
3 2 0.5861641421929787 0.49211720567324396 0.3106386221781141
3 2 1.1967263947907006e-38 -8.122412195329666e-72 -0.5098192798659936
3 2 0.5063497469584411 0.27218439582982623 0.32826713889806763
3 2 0.22143769726187773 1.1594394677629525 -0.17226316215105142
3 2 -0.816943336862268 0.06185356907589017 -0.10826912221589371
3 2 3.0825264273169156e-37 -2.223479877806854e-67 -0.32894154611705584
3 2 0.8356990026732075 -0.28815462043070855 0.08179545753651174
3 2 -0.6235846488110194 0.022474774238795216 0.6292893324501048
3 2 -0.6569744368752878 0.4629781894584794 -0.09029957291715592
3 2 0.836117646718817 -0.36891124586600477 -0.16501574993088813
3 2 0.334372766284949 0.4708553866401592 0.5486748360970535
3 2 -0.7803321864669208 -0.5371494734097921 0.6515216476041583
3 2 0.41610209356306616 -1.0280850860966861 0.24469856504136156
3 2 0.6633844231386022 -0.30395396029718186 0.29428054644700335
3 2 -0.3821026939232292 -0.47590395999781226 -0.19821039613383953
3 2 0.48678103702595205 -0.07597335350087497 0.48632599036953367
3 2 0.506988140522974 -1.0642542771841776 -0.24908805093715822
3 2 0.038675497846186145 -1.021873706325972 -0.23381829828677209
3 3 0.04269564847820126 -0.0024464875049742788 0.14316988799676061 -2.0581556560813892e-51 -0.19631934202442136 0.1687515475936271 -1.0593367276521881 5.556446435696409e-74 -1.3383212762376258 0.26372792722249483 -0.39843618510318524 1.0939487305982378 -0.3930703204538254 -0.036088921482590554 0.3815485042918465 -0.13098440653703014 0.7305572506353326 0.11745974397494621 -0.6332981142084123 -0.041610814563438354 0.22907280662444474
3 3 -0.2219140146525961 1.5890993923355293e-66 -0.0338972533097905 4.4280704306459316e-18 -0.45620107595146636 -0.2951202081092618 0.7639550011595413 1.8366810439011252e-32 0.31092516962932815 0.3173397982136557 0.2808737757357332 0.48631137101409155 -0.36901419287373444 0.16334551648702908 0.14992857032821968 0.1702959856788504 0.9224449325166043 -0.5043492210464791 0.6880551290985646 0.3057596770990028 -0.3701560087675478
3 3 0.4382647909910798 0.08270931703919068 -0.18758192656698647 9.50206423850205e-28 -0.28701738772495033 -0.17759033061297413 0.3073856275893176 2.240818080467586e-75 0.21388029748287407 0.41908020457910894 -0.5400646044541966 -0.39480989952044093 0.16364346825115236 0.4429663425164092 -0.5950566056036469 0.16820839891967984 -0.7723299881489885 -0.3578752556015145 0.4279630510682675 0.42039607798265893 0.008148978953630847
3 3 0.20038140335859853 -0.04649670962537477 -0.03612946613357709 -4.4426610529785444e-52 0.1922566821930885 -0.248733687431825 0.05747808355598383 -2.137860729803953e-21 0.11693275914256325 0.042850170184697965 0.13530002118432244 -0.8953344207360624 0.23509750313213884 -0.23835051434886498 0.11699426783777231 0.099469272842616 -0.3337680111521263 0.1250824640416989 0.19622262022300593 0.6154416509495548 0.3334190755439957
3 3 -0.21213128146866086 0.0013546820548091185 -0.3580330353635373 -2.892624999603795e-42 0.13649419276467142 0.4962160323748797 -0.09785225733393256 -4.2348948110613415e-35 0.044156516588696806 0.37898425645150124 -0.22279451242921944 0.060216493851543734 -0.035571881948037905 0.491960430721562 -0.03465084164179993 0.29146590365039876 -0.2221944162412737 -0.18484154884373188 -1.0077785997773656 -0.8389726782401093 0.12107630554907156
3 3 -4.816697144167092e-59 2.1591252439727046e-22 4.469831950224666e-30 4.877248393937461e-50 1.894265808225179e-37 3.2488015041301165e-76 -2.9535022659544773e-69 -5.6578577437528295e-42 8.013265316360278e-57 -1.2218210195813886e-72 -4.480485812905221e-44 -1.4563883335050572e-37 -3.249510079809084e-25 -8.2303161444296905e-25 8.616835001676241e-46 -2.7654153338187918e-25 -2.232500261980425e-21 1.2915939260979093e-47 -2.801936740834375e-35 -1.8860792093593464e-73 -0.36451702899336136
3 3 0.017651681889649853 0.0960300248985107 -0.28485669283778914 2.838910047689262e-23 0.14873352813118684 -0.8011728489974193 0.08417634842020665 -2.748519584183532e-56 -0.1796987859573716 0.3384010344881649 -0.005266807588712565 -0.5196194807243574 -0.3276790614568855 0.41019474416394086 -0.1660190087530847 0.27097996651678596 -0.62626072498902 -0.17318368722456873 0.15773478028855784 0.7690483584187984 0.43541050048699326
3 3 0.15182051361571633 0.06574095903800128 0.2958267116275408 1.49651321679646e-22 0.3224994102589267 0.702191855303243 0.28597247990550456 -2.4673059033339054e-30 0.3228187005931781 -0.13661047199290627 0.650913678922413 -0.5682922210613833 -0.4349297934158291 0.23929806167360843 0.2268716499080311 0.3222700010746851 -0.3053002623104542 -0.12194723156087241 -0.03833781120592295 0.23208709173235584 -0.3759828723896137
3 3 -9.96723101702133e-60 1.014776501978527e-20 2.330606557031133e-37 -5.222110633638394e-61 4.9545900395932846e-64 5.522067587428394e-20 -1.8235532034894477e-64 -2.5414704521254754e-24 1.6285383385799105e-34 6.5381379903843294e-59 1.7307668586218606e-65 -3.289365085832826e-23 -1.8669501144234567e-28 8.5588480090719e-21 -1.031486390255934e-46 5.337574983072226e-22 2.55633221406388e-24 -3.2528326556059354e-27 7.585051235795526e-66 -1.397542154194129e-62 -0.27321589662146417
3 3 2.532597697150681e-50 2.5656474690154216e-23 3.4790330074787245e-56 -5.090999237719169e-40 6.234454091644806e-56 2.8610676802544933e-24 -1.9032931252184196e-77 -1.437980525163604e-47 4.319656181773444e-63 4.4158990239377896e-35 -6.708653296237549e-24 -4.4909609370483904e-23 -3.491249720365027e-49 7.79216013628201e-40 -5.7939844202383855e-55 7.993889005494689e-77 -3.158052374450515e-24 1.9303324144663816e-22 -5.0790829391614925e-78 1.6707867842363452e-27 -0.29853133822197536
3 3 -8.409976959078466e-28 8.272622930612728e-40 -6.136937805008815e-40 3.4488388232191698e-74 -9.553877436427628e-28 5.469562093335105e-74 3.749043148453612e-40 2.761132938776481e-68 9.579079850814442e-77 1.6896708738363133e-68 8.124189861958929e-46 8.773627573772618e-30 -1.7310720397463874e-37 4.4375129661776914e-18 -4.050856160573045e-76 -4.308511687234895e-18 -5.06514498163012e-42 -5.36780812931911e-61 1.7300830213720917e-74 9.824001237833358e-73 -0.22262081399784386
3 3 -0.20216423119900734 -0.11815448678989075 -0.17594511515288527 -3.4417874009013567e-34 -0.16844300994784822 0.6356041310081173 -0.3951292085069755 1.4601648888332342e-19 0.035268906016895 0.1704326042319124 -0.20108278668545226 0.97280746591262 0.0879250039686918 -0.16617153702251997 0.3149132097764378 0.19790513234457596 0.6648306773477186 0.34776016730926435 -0.03474352498893211 -0.7013289965288851 -0.0006999658993344149
3 3 -0.29000879899901016 -0.00028137460286326396 0.0431293945122062 -4.9543965060636655e-73 0.30434228823737564 0.3809029413151912 -0.46453861241365685 -1.0921383786354361e-72 -0.43996217528514364 0.46802798654845357 -0.3118453649526626 0.06175005409996629 -0.09330147885444239 0.036087307082181705 0.2939515906773876 -0.1601085702214794 -0.6878152423862791 -0.24235275460851535 -0.5892905624765886 -1.707557780295233 0.5818154500218963
3 3 -0.2745226520032333 0.2736876008550615 0.03757757327167124 7.378021692496435e-38 0.1719505168180735 0.3701897432983507 -1.0863323707117933 -2.659418879155145e-26 -0.18980460692200762 -0.36879578440523325 -0.3564121743250433 0.35748141362648256 -0.06834684043807478 0.3231898916304747 0.39934093006968685 0.08485306326112453 0.41993165999199966 0.2668310893109668 -0.11822265429666397 0.09023827414174904 0.19259249707924866
3 3 0.1401847414556894 6.433828935761535e-59 -0.16422104923223982 2.533944480982184e-28 -0.046661487407829626 0.26600722519071746 0.27220549276509864 3.81128084020741e-72 -0.6836830843120629 0.04988088403024242 0.09160025601620311 0.3735816372023598 -0.4650127804805154 0.11745955962817446 0.06246542225225658 -0.2709096491316068 0.5066203247199721 -0.46286261140361706 -0.07631491757895185 -0.022187942685452593 -0.0008421045976682282
3 3 -2.783760167431726e-23 6.5946987031680685e-40 5.050653541113384e-62 6.436738504221208e-58 6.725096282307441e-34 -1.7779185205557635e-33 -1.1109371305219676e-30 9.215772399349868e-63 -8.191510820207797e-54 -4.4190553290329983e-29 -9.843590823092534e-18 1.7127868358641618e-75 -6.075814066055981e-70 1.1365936826788248e-62 5.910760955258484e-42 -1.733571388366911e-21 -1.9236901032321183e-74 8.566055119532407e-76 -4.2271263506231367e-26 2.4286756644183915e-38 -0.007556810955768434
3 3 -1.345642514779816e-27 1.1986608377198804e-19 4.962763584314577e-29 1.128741026110997e-22 1.544387293602351e-50 2.964708158256345e-45 4.379832203977038e-78 -9.0921471098414e-52 -3.839102381281813e-72 3.891121366753815e-42 -4.7432167740571814e-49 2.0768958297545184e-29 -4.066646312537486e-20 3.478059918398396e-71 9.409757209070997e-27 -6.4269087968644954e-46 1.6470258278995989e-65 1.377193788115583e-54 -1.360567590693107e-32 3.3215982316754654e-72 -0.08489093552847332
3 3 -0.48224720756009093 -0.056983500030344955 -0.019167139179604675 1.0398851991386272e-42 0.303550699228031 0.48179868800662495 -0.2503718955504018 -1.127570615541951e-62 -0.0654469121102929 0.14306315308226994 -0.22524116722473192 0.8926775205596534 -0.08512007873289676 0.33935657031318045 0.40763756838308735 0.38554857548070237 0.7211314956735038 0.37347126528918817 0.02750715923542764 -0.3036443303897173 0.13324614341433505
3 3 0.1812199215903132 4.984918777699053e-46 0.36648567796794235 -3.262501304466915e-34 0.2856660128980289 0.6137186110358505 0.08820526082391525 -5.284749454633816e-78 0.1543079399045517 -0.29792841208072046 0.9638713912097263 0.31933396119049906 0.1784312630359642 -1.0512023024532828 0.5139968559560769 -0.3615757587405447 1.9636562120642052 -0.14502984034129102 0.0006882710994582316 0.44183270367414185 -0.25064748525318364
3 3 -0.5586564341942585 -0.156850019858496 -0.21828660035825564 2.8818030008974014e-46 -0.16192420485693873 0.3766372395133796 -0.38994469595028874 6.904915786726288e-48 -0.34005570654020467 0.24855513895046524 -0.13541108889676795 0.934191320289278 0.04715208496658004 0.013484947507884336 0.0020782689268993492 0.3142721667342013 -0.43934633487368663 0.25273822328571527 0.0077048258356362045 -0.3858831720527444 0.18353519242368632
3 4 1.1381038454042993 1.0272270122936502 -0.6045854196140492 -0.34887206186111075 0.5462585195014328 -2.6180564558901027e-20 -0.3980747493401615 -0.604504850386454 2.908291170938781e-12 2.288278161123047e-17 -1.3580486325984263e-44 0.5039766180759909 0.3620868220038829 0.3289349056872953 -0.6625864468190241 -3.2744703029163396e-22 8.347747813925375e-31 0.36267222855639286 -1.0469744633418583 0.38064630774550157 -0.39662791489984406
