Number of NNs: 1
NN configuration 1: 2 50 50 1
NN Layer Weights Bias
1 2 -6.676390844220894e-45 2.7188313013435292e-18 -0.2199572023843162
1 2 -0.015011327458463203 0.45597155890881874 0.23521929139529665
1 2 2.7124902291672606e-13 -3.8385402106773174e-41 -0.23341834528830613
1 2 -0.11175280517890257 0.04728837851859524 0.3451819920677211
1 2 -0.3823233992220529 -0.06472509061417724 -0.07872646617314855
1 2 0.30082316261618286 -0.5499889670181292 -0.0904734672674337
1 2 -0.43883774499055467 0.17047027405132528 -0.2071995989193576
1 2 2.492236792869745e-38 -5.030638131951895e-11 -0.2791331520977809
1 2 0.38193918906022845 0.2983660138866319 -0.19120785160838438
1 2 0.3095945244872823 -0.17134797085716083 0.4112326630419415
1 2 -0.4558256903086365 -0.45990426776749876 0.2209701667001458
1 2 0.09625802766776934 -0.4002357170460105 -0.07781378427497078
1 2 3.2997803422224157e-15 1.154358015307272e-37 -0.2970165469433771
1 2 -0.40685364551428577 0.0144491366781964 0.3086448705382125
1 2 -0.25893109893000793 -0.012711430227284493 0.2764644566881309
1 2 0.18203344904072746 0.3438910950939392 0.19223056943958766
1 2 -0.09713130196000207 0.5792041850508599 -0.27457844680955457
1 2 0.025381397434210674 0.4675281547548041 0.13236519540795044
1 2 -0.11740966790840793 0.3209885429631008 0.3191367734938806
1 2 0.5955706537068544 -0.19959586786549968 0.08203994818046303
1 2 -0.3523410835494223 0.050183944247556844 -0.08902109457414811
1 2 -0.36870015155198715 0.4158833914200719 0.22985726045010849
1 2 -0.135401682442472 -0.5265222203541708 -0.16449228602985794
1 2 0.06268517910452905 0.3854268426515334 -0.19643420611050275
1 2 -0.40270386415609505 0.2041783184708836 0.25799447281334753
1 2 -0.257593101549807 0.46099445128894556 -0.25576403473291387
1 2 -0.3875954114395024 -0.021256475637280822 -0.1508873323415071
1 2 1.3737042496500418e-38 -8.11713351030941e-24 -0.19535444804065238
1 2 0.5151088451667278 0.254239357497617 0.04158159093042706
1 2 -0.3887644534845721 0.18338743719655567 -0.07424028027682637
1 2 -0.11603084740221974 0.5777910841631254 -0.12567429278642012
1 2 2.1835910777917484e-34 -1.2727895795803965e-16 -0.28720304697852944
1 2 0.05358861780993715 -0.31123027804845005 0.2441360336470217
1 2 -0.04270722156589517 -0.497614252293483 0.3772882192020339
1 2 3.8213153466087785e-36 -1.7335351892553149e-34 -0.2178972534602831
1 2 0.47674389556936886 0.06433583501655633 -0.03344472982138902
1 2 -0.1816876727842034 0.20506447389434562 0.12827718104318508
1 2 0.4523565663319851 0.20921037424626088 -0.15453705413325736
1 2 -0.5346538419535976 -0.060444408092430874 0.07283857083710499
1 2 0.5790043859549223 -0.10550699917435781 -0.06819833293919271
1 2 0.05640787455807963 0.5856580911529494 -0.1333741903532751
1 2 0.2521507880631924 -0.36403819734990206 0.2214272241747381
1 2 0.1793040457548824 -0.5303325857884246 -0.269330973375492
1 2 -0.5581441279763427 0.008218504734019982 -0.07980673378493484
1 2 -0.03982655821676141 0.1867858510835845 0.3776382624142841
1 2 -0.42242416720571885 -0.29969064714151744 -0.08844339906379717
1 2 -0.36585730732363037 0.07203203333191767 -0.1629745986420459
1 2 0.32854095621394536 -0.7019790829195115 0.15537759116545274
1 2 0.03671147825091894 0.4455094878861639 0.09527646200351891
1 2 -0.11510504581831751 0.06651826755965978 0.17045229490600927
1 3 -6.651663461479784e-20 0.12397176038669994 3.0030743966976836e-41 -0.316798452433987 0.17754311545219034 0.027747292126477936 -0.36859852680516797 -1.2919345859420875e-16 -0.3095701499875147 -0.06391382376139877 -0.06747359565024386 -0.10351839812244847 -1.3422753290165569e-13 -0.27723366861983917 -0.2703862702022446 -0.0676815914773201 3.670628356403929e-42 -0.14396921686177733 -0.07697106825960294 0.21046889779075012 -0.12671156593171304 -0.118778181967958 0.33427138416433094 -3.001362900490325e-13 0.2732554797494929 6.54872940850624e-42 -0.12246670040295397 2.9797893259286025e-26 0.19144882463737764 -0.26610937420348835 -4.091729143665001e-37 4.446575671669745e-28 -0.0801117733165081 0.18802715094327227 3.9660056240872217e-41 0.167202843878393 -0.08780995425993304 -0.09134728094189994 0.3653404122307091 -0.10750325296779918 -2.2782438521908464e-34 0.06729969343177765 0.25686868401744856 0.13982651355997652 -0.04083080837000314 0.6152670108129522 -0.3544010845541408 0.2385474366547013 -0.07196746351909114 -0.26699225840356866 -0.28465539171959603
1 3 -1.6176977572824937e-30 0.10575721934002809 -2.859782754747154e-22 0.22541787379172715 0.2019149771420396 -0.17639467626932845 -0.20505091889353244 7.155943760874901e-27 0.1930740675964201 -0.1205443661331129 0.3555559016746605 -0.15672563456334504 -1.5742762388907566e-33 0.04272486532831856 0.13957892551720832 0.13336416765093234 0.206502543167562 0.014418221013187581 -0.13258437442841498 0.1097096949451841 0.28956364031593207 0.16044017721882073 -0.2406691102580294 0.10595398832039239 -0.2138510111170236 0.17586854939352362 -0.31073551826848883 -3.1322119330777825e-30 -0.10237806306440837 0.367885758105481 -0.18142419147489802 5.547742147638523e-37 -0.27163526421145767 -0.2680753192733783 8.031676982578525e-11 0.3041304074711178 -0.21505040800690894 -0.05094537625812755 0.32191587786722 0.22389942401205545 0.09738218240999752 0.07020150884149594 0.14710378651944428 0.4085494037782026 -0.08112401910820051 -0.31857424537924756 -0.284632465032152 -0.3417417630275086 -0.17261831298347236 0.25672936095703375 0.04202492273444075
1 3 6.330730910611167e-17 0.22919862223070941 1.4958189860442868e-14 0.011145096347976531 0.38728976441002055 -0.17782187694337742 -0.3713877599392029 2.754958598701683e-24 0.2564125765404391 0.005002242313941183 0.2124252745785177 -0.19219877979892472 -2.2922813955275578e-11 0.2495275311916564 0.14771432425859762 0.10070388271131082 0.2622054629109169 -0.09473944991974925 0.01065981858176294 -0.07095383997411658 0.11586761385296189 0.12432284889770034 -0.3041829430522189 0.16318484943952932 0.04654721398203073 0.4939091381920351 -0.19964150488834412 -1.0022992438405512e-21 -0.3519149837008182 0.22303832713450947 -0.01318357621944365 -2.2703547198550687e-37 -0.008256038267980999 -0.11450055567878983 5.89489833695453e-13 0.012112057237445571 0.21154578967232746 -0.11867471962514128 0.35905175688060476 -0.3433377412979443 -0.2782021561353251 -0.1300405883476952 0.13958102942342482 0.429726267799815 -0.03364787481647283 -0.040579027866485186 -0.0434676756350917 -0.4097316390100803 -0.006240062342859922 0.007655875825785884 -0.16753357938433555
1 3 9.910290102996923e-38 0.26804152931847014 -8.059369464625935e-12 -0.09566732657847414 0.16327675312057308 -8.204854761553651e-17 0.34245515995192466 -4.939309618867952e-12 -0.31977409987753885 -0.2342897298819816 -0.39310017309841916 4.488059327200587e-36 3.54318786587243e-11 0.2122293016475677 0.2543986997949223 -0.07627367240037072 -0.5369093762202343 0.2600498265505733 0.2402140419350315 -0.5019718673540957 0.07784596156298472 0.23724105975652526 -0.5713717333736897 -0.4510732710128211 0.04759036730386072 -0.2757501325438897 0.46929648606683066 -8.19160843599337e-24 0.22469082900349607 0.09124735347920186 0.03977427450163157 -2.271152983491329e-35 -0.1769685594845944 0.06270418640150575 -6.676947231510361e-16 -0.1971945173539314 -0.029588501057761753 -0.361950255063244 -0.18058904734374642 -0.25573294234062494 0.15691871172247202 -0.44382580523094234 -3.860848147839092e-30 -0.12151557145929648 0.06541568322047259 0.187286863011978 0.4360106717899557 -0.2676794882648661 0.3045604810567389 0.026368548471314562 -0.14503733727743914
1 3 1.3502664180229035e-32 -0.26793082941836094 -1.4641978691639295e-31 0.03819577723570019 0.10821939304048822 0.07291012303502234 -0.28082300466148463 1.0157638270436856e-15 0.05643062831330421 -0.08398136167890105 0.13905699429974314 0.14915677359281346 -1.710818940664768e-26 0.18229852712517994 -0.23106406278225483 0.13929014379354834 0.07410591076131567 0.0823317301709787 -0.10564149292467806 0.27792942605281035 0.28503687003065253 0.17488064116671528 0.04375026461276322 0.293034662633854 0.030542180609542023 0.44617738858610667 0.17675702452657127 4.096615063829005e-12 -0.004166151561778061 0.07148379947333862 -0.19311975619304753 -2.0053196642250683e-20 -0.12583995370899165 0.13010887401636692 5.597561751831674e-39 0.1909836381378403 -0.10112109874245243 0.25389765300249284 -0.12480317273324054 -0.16671916984587692 -0.1244958735067688 0.04761639072266056 -0.2747850511407846 0.3936814562013523 0.09684701197050978 -0.1594687299933832 -0.2485562832620403 0.13451435873474388 -0.1679092928494453 0.04497434784492237 0.14652341787482664
1 3 1.9645072686056847e-20 -1.2443368322280456e-42 -1.393447613045964e-37 -2.557875233420797e-41 -5.945680941434538e-39 4.608214058318423e-39 -9.930996757886815e-27 2.9817143187935916e-32 2.6333184108810436e-43 -7.222263276355089e-26 1.2846614232651756e-12 -2.4375571666696045e-43 8.434003528249617e-11 1.5738283811562668e-28 3.687398190170788e-11 1.2193355991863261e-40 -2.6317140057411936e-13 -3.086658511839064e-41 -9.216516367179414e-15 -2.1915070787353786e-11 -4.181800915299962e-27 -1.3294955248910746e-16 -3.654722875816209e-19 -1.7695462564009122e-38 -1.0217041047394023e-37 -1.0456588074798053e-13 4.838690804737527e-40 9.869146931353496e-22 3.72958592688614e-13 4.990266043966777e-32 -6.192203760832411e-15 9.842954925858991e-30 2.479455783030332e-15 -3.4874508645295276e-36 1.2596628322772072e-28 -1.3070547855322087e-42 3.567309490527991e-13 2.640254751284773e-26 5.5221672644768584e-39 -4.263626464405781e-34 -3.665225611960672e-11 1.6363789978360027e-26 2.5585862300978426e-38 5.804277647642194e-18 -1.7234727012166898e-34 -1.0031942213582367e-12 -1.2670890373054073e-33 -3.581779219460177e-11 2.607508583094295e-28 2.3015744287739432e-26 -0.21981181541176503
1 3 -7.940751941711933e-15 0.19015429216851693 3.7894843596586307e-41 -0.12882785728459697 -0.07574292455432736 -0.3278304224359969 0.08335066104998685 9.417107913826037e-12 0.010029846113766913 0.09525058315997116 0.14382459268734163 -0.3282696361696295 1.452370072124937e-11 0.19565497134917026 0.15404854801477705 -0.14269215379809636 -0.07284462035415529 0.04026175013265855 -0.10068980959794513 -0.27730135109290804 -0.1805840565016813 -0.011605417700070411 0.08156299459801754 -0.2569524113867887 0.05462577467788049 -0.44558912462746764 -0.09508019768961049 -8.536637457068995e-12 0.23405501160496248 -0.1990673541233021 0.18566260669183748 3.4592408587259044e-41 0.04324390098749398 0.14850214698410513 2.365941127293915e-38 0.03040305440462698 0.12256741180085982 -0.3225090020400227 0.10088240618121634 0.44602852692034584 0.3983387524163435 -0.22079218548861454 0.200306439570239 -0.04029946212264452 -0.15607940048365057 0.28774257899146394 -0.03447259179622403 0.20196464949155615 -0.10729235920254539 -0.1463559558013567 0.15301991425371947
1 3 -3.209205754697489e-41 -0.07794130795864349 -3.2750162408084745e-21 0.15957545542105453 0.2710502110351778 0.16166187989900782 -0.21540629637784425 -2.232520342380016e-18 0.01646820284397114 0.09328368469546337 0.24522467973254186 -0.1373871823307956 4.261440008815108e-12 -0.05057218871628322 0.038296264185793544 -0.16586595569622054 -0.10084685367542222 -0.4987737091684102 -0.08413494458515816 0.07685023106246827 -0.22760870285848062 0.10931246932781342 0.2171515152275389 -7.57828874528322e-14 -0.003950872274044815 -0.40843499671301997 -0.0723017919839733 6.385385172561474e-37 0.03523119506312723 -0.31456189348136576 0.07687149856329392 6.749388706916757e-21 0.005475436850596493 0.2197223200103747 6.104195963516483e-43 0.1496338967929113 0.16939286267604786 0.1556592590845542 0.27098819658605205 0.15865781595203937 0.05655320801390812 -0.08382501427771125 0.2532763925526773 0.2039757826670186 0.06269110789019385 0.2605402459935918 -0.2631881268459154 -0.21332662265093497 -0.2795812415856146 -0.2447716327565343 -0.28523921754709863
1 3 -3.5422862330355487e-28 0.07708333545705572 2.393402285467325e-18 0.10139241658891915 -0.10502865589184593 0.08081500547142641 -0.6502682190011448 1.1281801557651886e-29 0.12209589446301644 0.28249800338527153 0.17087172934909944 0.17727129312358317 -1.203964534051567e-29 -0.04103992113519088 -0.009714771459922387 -0.02203717710123675 -0.6036976676165877 0.42185046735407367 -0.03164196463892811 0.2411799959867158 0.21295650884751388 -0.1626342890480941 -0.25450436481972954 0.17844480169041588 -0.035696477563536215 -0.6216619748791944 -0.5192476483719677 1.7740722225791407e-18 0.20055156144281702 0.09552706028604167 -0.8592743133661377 -5.8109256764497084e-39 -0.2018259759881472 0.07207732668360733 4.560186759602197e-30 -0.12140382198853117 0.22216587085266612 0.14902813590855854 -0.06453412654214502 -0.22625052028986237 -0.7759102591221281 0.11687061405189966 0.004833180180233494 0.2233756294568059 0.22259322527358968 -0.3545508618372464 -0.9136729060526003 0.006576204455035836 -0.03796004514330584 -0.16248529897582994 0.03737610827854958
1 3 -9.780948999805557e-25 -0.01189918736941989 3.0921876940308978e-27 -0.015074701832590794 -0.06256704378462016 0.22570683953779105 -0.1036191706415188 1.973968872230255e-33 0.12819683816819288 0.02946294200982308 -0.021581994864308056 0.14959078002529663 -3.905770958495342e-40 -0.005233657775045836 0.2248879814981204 0.11182325707471093 0.26746025569945253 0.15091260153579122 0.21155743602565896 -0.0858334785807705 0.06419819180208716 0.03321659809369451 0.2197349253480781 0.12916110202238051 0.057560096275054734 0.08855573025600864 -0.11779434140847914 -9.276249953400629e-14 0.09159743533232198 -0.10944948598457913 -0.2910543544983662 5.755174961619854e-11 -0.09709568510154623 0.15447291541142233 -5.9559602886623655e-25 -0.01628025492210832 0.12277988906836383 -0.06782531710844991 0.005394680937172397 -0.2668725409082617 -0.21403297267722055 0.27072539845532423 -0.0270796091614814 0.11516991667698563 -0.18244858052457955 -0.298903823183616 0.04251513763124495 0.16998216356193152 -0.027971280429921194 -0.2082888356040481 0.1972169243436349
1 3 -8.604346007155592e-12 4.826364620560337e-15 -1.5392801815420961e-12 -8.222191906987629e-30 -1.1023183086564756e-10 -7.921113481318882e-34 -2.111010675553298e-26 -2.464344637396565e-38 7.093683913029492e-14 -1.0133808174958281e-11 -3.006811232494872e-40 9.147710994106746e-16 -3.505448644050637e-44 -9.527360046159758e-30 5.2401633579433815e-37 -2.16371753782371e-40 3.4387740610307846e-15 -2.726362975969952e-19 -5.5311602417228555e-39 -6.926349831274673e-29 -5.758241967261445e-20 -1.1286831408938803e-37 -1.0579461295760071e-29 3.326875980642001e-13 -2.2803817495280574e-30 -1.1528750239792045e-40 1.0100659950899093e-28 1.757297044941891e-11 1.3115359713914773e-28 4.371895124524077e-12 -5.153460157005488e-19 -6.856414580778735e-34 -3.3115865764945767e-38 -1.629860645158126e-12 -1.0430019237563606e-11 -1.9470048300560645e-27 2.76814209328827e-35 3.872717273086909e-36 -3.037265193194657e-28 4.117733517735321e-19 -2.2385824831886723e-33 -5.9201827634307106e-12 -2.2419289130425024e-26 8.317514118870376e-24 7.51082142309883e-34 -6.347955015938164e-16 -2.8944805736988666e-32 -2.047818463822223e-17 1.4606214664682435e-32 4.63939102610988e-16 -0.11064195916328223
1 3 1.2672692099259028e-40 0.017794112081197078 -3.3194296165858742e-18 0.22367073160622775 -0.45242819233521187 -0.6416854029583101 -0.28308648619845994 1.1558359986719319e-35 -0.21387820508714472 0.1298714172586045 -0.28975267056332715 -0.34036262964187153 5.588465797744202e-16 0.029551752291755103 -0.032372752727552176 0.14780595779157582 -0.552498416660837 0.057753740140832885 0.12240031433006686 -0.2510420220409924 -0.10980305367196731 -0.06505000181706062 -0.5598964746763564 -0.17141747771080285 -0.1269276884777686 -0.4101517223152482 -0.28451691425186665 2.4342048962636032e-12 0.20587121414160306 -0.43529030168708704 0.08818875956319093 1.8500749713285595e-41 -0.0406411695134563 0.1918312223697456 -9.728715117980928e-43 -0.11422150025524919 0.03705467128840971 -0.2535573066364388 0.11881812204398795 0.03338521254645897 0.3313642462722552 0.01156964478082358 -0.4106901172631291 -0.48993455978752876 -0.13151646451135263 -0.5136510583584198 -0.05947376379189099 0.10956389649442386 0.133652261819573 -0.15343472484845783 0.14753702826211018
1 3 5.552207782992899e-39 -0.14079839417944612 2.6935017742872084e-24 0.1456061946622635 0.059725044968652156 0.16876087312452406 0.08114319134918273 -2.061717850447497e-12 0.30943882286675434 0.06384407277558277 0.06919966960406786 0.2628458096450372 -4.95902755258157e-16 0.18688906039897915 0.14951058012603732 -0.22462272320639523 -0.05801541596434889 0.24952784267168562 -0.07900844513703018 0.18536644776134656 0.25234647492860085 0.015218432461241563 0.13376434047097477 0.059155808728457895 0.03553960669486597 -0.08920932013171519 0.053989910415028534 -1.7890123372486043e-14 -0.12954233540496096 0.1592012603236288 -0.4309402600778588 4.079105688651604e-18 -0.11363426722458679 0.21908016301969452 -4.547654524479957e-28 -0.02152793691006158 -0.11694393821676026 0.4388066210042934 -0.17803053959501128 0.08162189093382927 -0.45007671613695377 0.2537251418233767 -0.469692613450373 0.16418653866051808 -0.08639094644411785 -0.1500596736567264 0.2578206861809535 -0.1911117494151945 -0.2335583852458851 0.058881237250161915 0.150917837454075
1 3 9.972700181273712e-14 -0.24957225458841922 -1.6267493620865646e-32 0.1809340311822759 0.08898136485055229 0.32866386765072986 0.04503706266226124 1.4504906107735053e-19 0.15806678368708627 -0.1651326117603642 -0.04385553629780201 0.15978996927044253 -1.4386291191332613e-32 0.022968203451239573 0.16281980786132205 0.19560066986500563 0.17434420337979775 0.10800755388854913 0.051991777180781414 0.26233924451796 0.30478291450316064 -0.08045142607799909 -0.05247713912585445 0.2611535972185025 0.06384283560003297 0.059297256521565374 -0.09586803175529922 -3.5302053328387937e-16 0.034690494796348725 0.3170372771839284 -0.4531033089933736 -4.949133456678977e-14 -0.16263921566520326 0.22858407789409085 2.7321516116254987e-21 0.12051205252680054 0.04581437429212824 0.05512011950571743 -0.022962923167886905 -0.19531494123834148 -0.45906486147458314 -0.19900843154205783 -0.40118247335659407 0.08210608704110796 0.03336909896031236 -0.33865367713884253 -0.2104039815494277 0.14403875730280968 -0.1524708302688431 -0.10507963611628121 0.08377908323161722
1 3 1.4946350080350682e-24 0.049678008854626844 3.207584065212971e-26 0.13746827746425072 -0.15705574570383096 -0.6589939282756346 0.3400704027900845 7.612462612900716e-42 -0.5337054091296347 0.2615666537037563 -0.16015097360355937 -0.6042115929102377 -4.4791659778695845e-28 0.2625324781069491 0.11203673052320759 0.01895583028205216 -0.6344233886546193 -0.23790415853450717 0.23468720382372493 -0.12845968379886466 -0.12223436254849417 -0.17216240016320844 -0.4960662764810849 -0.4505140842979738 0.17023045289571176 -0.14921689547147704 0.12316526862638491 8.877068521758345e-16 0.050206789708107484 -0.10434837490339906 0.26167243289790126 -6.193377091955539e-36 -0.036976951889452866 0.1097434532527686 7.287225277205752e-17 -0.21914502772806474 0.1664943874162242 -0.5820035046960793 0.010667625179925448 0.17240627119899068 -0.08881552840398702 -0.21154072644564217 0.024287660597196385 -0.23798629027308116 0.24270956814444908 0.4612704246658203 0.376128890685441 0.14515010539052586 -0.09942537485750551 0.04330568102087564 -0.020981294901183715
1 3 1.2205857328682164e-40 0.14519634154094094 6.297995944873685e-37 0.021683733864305478 0.14720751462098458 -0.16701982960241069 0.0635936111837632 -3.023058886707862e-13 0.077379936397312 -0.11607332301289207 0.1665905691139897 -0.19320637056261322 2.577054716712382e-43 0.09415478654774534 -0.13757996925139754 -0.07993576479095012 -0.6601630098729879 -0.22139190582571214 0.2400636274656488 -0.3637713745713354 0.056801066344711854 0.1943406222706047 0.16794696157965394 -0.4699994072928398 0.20517031453265888 -0.62173597750847 -0.07069894948226249 -1.4606761507711968e-37 0.05458089136967593 -0.407136015256001 0.2599864879342052 1.9830047139523408e-20 0.20683553851908681 0.2015241855748655 -2.6159082554575613e-11 -0.16975665484918684 0.02851508734921584 -0.15204098253170928 0.22269200282938992 -0.0613614888907811 0.15193396102929957 -0.1850082279136729 0.4544548666291434 -0.13395088851406672 0.03155843940143107 0.07029629606790024 0.11287644577080144 0.05509027284037626 -0.07879622223635606 0.18574359263521784 -0.17055083632519766
1 3 -7.152770460968734e-11 -0.1356917189255114 -9.207538129861153e-35 0.16437758087005747 0.17713690174999214 -0.11321343627199844 -0.01890031690619911 2.60926795432143e-13 0.21261792978272331 0.0331283978835811 -0.05832071682370361 0.2706282626880191 -2.1121714614347993e-12 0.09500295705398931 0.2162676724314301 0.11572998703017859 0.09692047306343951 -0.15958702554365484 0.19706782022745653 0.21073901740748618 0.09164378305735413 0.01573396481104837 0.2589711818132139 0.09289387598439192 0.2019671427943258 0.4290246532954945 0.04661548298034943 -1.0272875785977275e-39 0.12745638577015667 0.0019959928162314408 -0.013518255411703551 -1.5337212484500812e-35 -0.1828767077935528 -0.153523056572547 4.86325603034448e-12 -0.21063341973856234 0.1949667198196578 0.28917524310389875 -0.21763330022939575 -0.001966491939080012 -0.2038239425350676 0.27269176143041646 -0.08064013153301516 0.21258830833560488 0.21924947713378976 -0.048688045345460486 -0.2844437112625705 -0.16706361387292834 -0.02898407767508492 -0.004235025968222284 -0.04399784033065003
1 3 -1.0910212001927681e-24 0.07534348853516967 3.4199737753674766e-15 -0.023341473070101718 -0.2455365712419284 -0.16204229220245434 -0.09448918010263158 2.0230056277493094e-12 -0.2009781948022708 0.00961250016872844 -0.20123578457490415 -0.4277400575184043 9.520869165651592e-29 -0.17388989054799678 -0.1444627361013635 0.3249641732478151 -0.4797448498308522 -0.19969617699652642 -0.044363731900847914 -0.12232883226544532 -0.10520117462634042 0.16891693963175655 -0.3553316398045111 -0.25642296357068717 -0.19808707910062268 -0.630705962849992 -0.021180643920628715 -3.322213372524509e-11 0.11431743175905884 -0.09547674446560979 0.27130782037634077 -2.609785963784541e-16 0.26431610308243353 -0.11246556688398505 -6.532663598482155e-13 0.127095857020514 0.19174403773474838 -0.016682151294777417 0.2619505407881546 0.48424633109534343 0.27154710480701205 0.08624800613770361 0.6415966658748571 -0.17761073180916895 -0.06507745522694353 0.14349626094375958 0.08461139843369449 0.27667120024272934 0.04724479032404306 0.25299632148955337 0.10148503723955457
1 3 -6.253930417596373e-37 0.05898345536275141 -1.5955176551869337e-34 -0.31414555458660093 -0.15909171820044435 0.2970713630972115 -0.0018909986745058534 -1.4182006751366817e-13 0.45020133044605876 0.16647130149089848 -0.06394478065212966 0.38893962346481176 -1.2617230003221536e-15 0.05206706961037386 -0.17248790634709946 -0.31734674783601746 0.458439033026896 0.5380166176141084 -0.536430933297248 -0.032288502326327094 -0.5547918626187097 -0.14890524347929548 0.1605168478338771 0.32993897978273373 -0.19405742686130883 0.6357723378435255 -0.6092086214338513 -6.233061682679425e-20 -0.08671758903517388 0.13205642155419753 0.28265186419580085 7.492562326693542e-17 -0.09138970722906538 0.09063381665278211 1.4622460377796316e-15 0.09433647949918049 0.06626838233401898 0.17057311543021136 -0.008809949551789339 0.2874665257979678 0.31003619322259185 -0.04022601490913507 0.564302910573578 -0.3621021994907204 -0.34796380420991696 0.22404555791864908 -0.0008129625775359974 0.11371443315827266 0.05895663315248108 -0.12687286767534944 0.048874701170767254
1 3 2.5611514853987336e-32 0.10617017915635363 2.623546197251068e-19 0.28733886693467897 0.2975642643019726 0.29672068331163837 -0.2277900909597965 1.0056046691761707e-38 0.1155990696572028 -0.029485044738674568 0.013151705202200067 0.30560153020173764 8.146563194330068e-12 0.13509478311118628 0.3220696637836169 -0.25450052014996843 0.18234630743734334 -0.14753662364544226 0.22343150983748564 -0.0560655282655808 -0.008536479003361238 0.03697581986203556 0.23621938798161157 0.013799121052955615 0.27913191442989266 -0.07089697157874075 -0.14167487746670662 1.0408779773446555e-31 -0.11466610933858615 0.04857596141623183 -0.23165588694214345 1.208357542713984e-29 0.04728686447779807 0.04966702898019191 -2.5817391105268806e-17 -0.20139042482051506 -0.1711717876513131 -0.0054143692017008605 -0.0159513561567381 -0.18304315547539918 -0.601671145896245 0.19889278974525706 -0.06132953563506034 -0.024175345434248034 0.09340543213000504 -0.1604722288852155 0.02876941754675992 -0.22636548828980096 -0.2559008218551108 0.12093366023180115 -0.08682541167352233
1 3 4.116641114245894e-37 -0.07636965938414542 2.917765704307875e-17 -0.15787483507089808 0.05314466620737572 -0.048492516753762295 -0.2418804488070884 7.488147741614383e-20 -0.0062262309728144255 -0.01176542814489648 0.005112007738491593 -0.264137464323016 1.831951829789496e-14 0.1541520500465108 0.17681670100022376 -0.11444604486862969 -0.027185121853161878 -0.8918837264656045 -0.17307120127040415 -0.22896682428374462 -0.14161558487097087 0.12676535309085415 -0.04845276325393087 2.1505776527104033e-35 0.19921814928964712 -0.49850433393136 0.08159028102687652 -4.706045983541474e-39 -0.6936855256240234 -0.21637436817625863 -0.036261549447761186 1.0919510331383617e-18 0.15923083077155686 0.19856359802516113 2.904488098953754e-43 -0.07136659451774714 0.18205526442593398 -0.19720894649782517 0.2662477684534979 0.2104225878493553 -0.04181659266457323 -0.09931561356398048 0.5419565046298407 -0.0990107070104843 0.06029322877462858 0.01690513206435484 -0.15571167572701095 0.1144720833948006 -0.7694124100124581 0.0651812964425429 0.18067807947300796
1 3 7.662819527866766e-25 -0.20068944838240385 -1.1484172691023191e-29 -0.1914633635833358 0.0097684496255911 0.3046393951372205 0.4321752940202118 -1.8970279250319985e-42 0.07509484721597624 -0.1685558243037598 0.3004825485425567 0.11736020847412573 -4.265449423421744e-40 -0.012943707038749688 -0.08363487950250942 0.025327109878443374 0.21038619497092462 -0.22732454824834072 -0.15783070991009934 -0.1949357804421422 0.05466220632256976 0.1833467370069246 0.1993406362767303 0.5835800596566032 0.08123765121515432 0.3933617602067954 0.22521379517126516 -3.147419071513012e-11 -0.3606212573427569 0.13673958670169903 0.25164425727022016 -7.43914053986149e-15 0.15230009903927555 0.11273388627098122 -3.839930663611941e-13 -0.35596096519814063 0.28385518221203826 -0.33029522150022667 0.023481442067492288 0.2831043244210721 0.2108101186560996 0.18985285669420107 0.24395096011469808 0.12671378156336321 0.025253571598553286 0.41166645441414257 0.36526938698300404 -0.1879196721973173 0.06233201644032859 -0.2342995249849942 -0.15904174805455976
1 3 -4.244272366677889e-16 -0.04605935433927243 -3.4245357464674673e-12 -0.23412078074762496 -0.21551848932821024 0.06654830157606874 -0.4228044706794122 -1.0731158231909794e-29 -0.10772751005592995 -0.07596209890183156 -0.02192486313803225 0.19444197348155978 -1.0713610876486762e-41 -0.2154605661726986 -0.1484102486196541 0.12408387013706412 0.19963334991829382 0.22901786985600364 -0.18842004295336987 0.03814285549800104 -0.10766541204649126 0.13166268154579067 0.056598379264482045 0.3735169526144493 0.1091681063684084 0.3858599435311604 0.11028785299662099 -4.224906917542688e-40 -0.0648948628243424 0.3323352504947564 -0.2629403834296622 4.4514079172083445e-14 -0.008953930869045855 0.07197613672361448 1.1312787967361877e-40 0.06384703608318776 -0.08816246621837855 0.18948857854380813 -0.1887706557351444 -0.05919580881794156 -0.06834070638736911 0.017623197822898864 -0.2880218618987721 0.16680606826511687 0.23278636933097885 -0.10346887477378702 -0.3562066814759199 -0.1293494106031829 0.1627004190306751 0.20555453972908844 0.2178202009144123
1 3 1.0558805971750602e-40 -0.00799367325091102 -2.8015117412529808e-43 -0.004085978580724395 2.3441279252818372e-33 -9.67973649428062e-34 -6.405610767063659e-13 -1.7039722634562383e-42 -0.03217682143024002 -0.019467009339378713 2.1352866814866357e-35 -3.8136868742402674e-20 -3.1798628348582705e-42 -1.5611746416627584e-08 9.895407987732466e-42 -0.04150117767685868 -1.876578746210813e-06 -0.03194515372558362 -0.003396392765668344 -0.011251042586477505 -5.3901905168136725e-12 -0.004089064217058477 -1.180905270691645e-33 0.007927058841519993 -1.0883026867724062e-09 -1.3067017063551782e-15 9.160445203591617e-12 -2.1310850664507985e-34 0.03894361202586051 -2.0721902551255118e-14 -0.0027280968283147668 5.045170418151454e-24 -0.0015499429364367015 -6.835659220234056e-11 -5.2431246606470287e-11 -0.007698498618600392 -0.0007285138025054063 -0.005044044803356158 1.9972008733522305e-11 -0.014841321151326062 0.022249153030324927 -0.0027566412321788558 -4.3313744387384263e-13 -9.748982299786474e-41 -0.011636743553963684 4.59607605850171e-11 -3.9726885229451424e-24 2.04511922849046e-40 -0.005455744392252078 -0.0018517106712386542 0.003986367663945115
1 3 -1.914871740125763e-11 1.9302600809824737e-38 1.1048370218228349e-11 1.7640857622009047e-14 -1.1538458780203374e-40 -6.249009548502438e-12 4.2054806546931586e-22 2.3924952623019667e-11 -1.581221108452307e-17 -1.5301127145169854e-14 -2.9054045662430053e-43 1.1401584724400294e-11 -6.533724073421314e-13 2.8982189833224616e-32 -2.2689781891875414e-33 4.3882037011222984e-39 1.1112384073592692e-33 -2.3199997468341274e-34 -4.200362260007516e-25 -2.233976135063858e-32 1.0320598297135567e-13 -2.9117109379585037e-22 -1.76307956172643e-38 -6.147135306750233e-34 1.1080353301073995e-41 -1.0123115899697304e-11 8.647736633810448e-35 2.4027810358967e-26 5.304105942601881e-30 1.8243318196100277e-15 1.1681653009446087e-37 5.185640578432144e-31 -4.508975212042721e-14 1.1190099758152023e-14 1.2978308106171135e-16 -2.2895294380754585e-20 -3.2052290635214415e-21 -8.625720724252866e-29 -2.9896812433716625e-32 -2.284477114008698e-11 -8.226485524912168e-16 -1.2607282337298442e-40 -4.265415845803901e-40 -4.36501825928896e-42 3.0843154644587936e-28 -3.583317162146511e-39 -2.571360811928581e-43 -4.308642940718884e-14 -6.118543909845191e-14 1.8409506931040007e-36 -0.23179083544410406
1 3 -9.097074904909869e-17 -0.2065803998742786 -3.3341401733249123e-18 0.20832817984723181 -0.31066903562951004 -0.08070904427238669 -0.26496202502555827 7.263174289348691e-22 -0.2156144439053541 -0.11949211897134251 0.14030004220237008 -0.13964699504948158 -3.574789865084794e-15 -0.05988697845557978 0.0940205960504082 0.05941958468309343 -0.3980740776287002 -0.0025718481061109025 -0.12622326803364484 -0.36146335696106124 -0.07272430588236807 -0.21312252520393127 0.06910154243949554 -0.5375090674046078 -0.1548240549171841 -0.7025357567971172 -0.06515108673050417 5.514756724422078e-23 0.12211027282149385 -0.3201568422907038 0.24951873543909864 3.8370875387186334e-36 -0.2337406590096184 0.060463535542377225 1.9412251714562986e-14 0.207188695218686 0.05150917039133193 -0.1911095990056345 0.1110332450877709 0.39117934305716057 0.35374395461824415 -0.1411436009676326 0.5193699739550837 -0.33921527707327576 0.09361769393737686 0.03562805668928405 -0.06070728802612077 0.32890397146690825 0.31452581571204496 0.13001676541315868 0.1651277689264856
1 3 9.080769222424438e-44 -2.0650013192529035e-12 -3.545426566251016e-41 1.0311315946933934e-12 3.953843523487704e-11 -2.6383366381854047e-12 1.1385503703186144e-39 -4.053031231039682e-21 1.6705038182881032e-13 -2.3053740888854415e-34 1.1647577129756697e-29 -3.1151031939877444e-13 -5.3872332881421565e-43 -4.586365285240372e-30 -9.380850386506313e-16 6.4407986626971695e-22 3.174949492561237e-26 -3.304518571516897e-18 -6.165589751557405e-43 8.827625436530823e-13 -5.442584776519583e-39 -1.1598356993499312e-21 -1.4421881707667465e-19 -7.695399092717091e-22 1.9024537901190323e-32 2.4265798425781893e-35 -2.1736438997586966e-35 3.6708677248662177e-13 -1.5257746626333454e-42 -2.5046881381924795e-38 -1.0088418774925689e-25 -8.010247727939852e-16 4.2090628916658665e-34 1.0859823612770349e-16 -4.558691426683576e-28 2.770145165234046e-40 6.448504568238168e-37 -3.405271906253284e-17 -3.123943880891537e-39 3.5293553649775117e-25 -8.017095733298254e-27 -9.696130287794282e-40 2.232983523313701e-34 2.3855790320965018e-32 -3.531156847378722e-13 1.2532724988267467e-17 4.099681748952587e-14 -2.2437257592196085e-13 1.1753628689260158e-29 3.1716826235501515e-12 -0.1281962225483177
1 3 -2.371143058549895e-41 -0.2278222712999855 -3.828867459099071e-14 0.0919836940128416 0.1696206109082043 -0.12625019361327372 0.034919549363696206 -3.6221831714562197e-40 -0.3081955742505645 0.07385293120256203 0.30740137558318376 0.10390546894013032 -3.9650246674913453e-28 0.1972395819836311 0.3327372619571692 0.0490744991728211 -0.2624340140678103 0.12681759217782848 -0.10906829276963396 0.11663142057684077 0.2379184082559451 -0.04136581773250855 -0.07722632892158332 -0.0697097013762151 0.08613294808636922 0.09900872962584455 0.042886566003048514 1.083583046669719e-42 -0.11600789214118284 -0.12539434977933933 -0.5560960081298576 4.384310605812257e-18 0.1883556579930523 0.2686436439420893 -4.833616130920929e-12 -0.15182064762428968 -0.24752884990339596 -0.4413620745992606 0.13903347119079612 -0.8256997639229277 -0.3464718547191908 -0.09482294573641332 -0.23832732824981476 0.1345766641693505 0.2104336320168793 -0.395172643706308 -0.10234158489199895 -0.3554880741015451 0.10074802932854653 -0.09701571699705906 -0.01648567130303333
1 3 -1.5059169324828905e-37 -0.043098253959657364 -4.728859662180194e-22 0.21674514278505172 0.2440659468056385 0.1387510321064976 -0.043419281246793076 -2.3571213974384106e-33 0.22479962455653488 0.25310844936508886 0.3214002598306714 0.3755839689406992 5.0634390131893345e-31 0.0017332276447993126 0.10538564912289078 0.16510092415842836 0.2982646074831398 -0.02524040064345529 0.1346754749187953 0.24518522490618258 -0.13618242258265348 0.023095856409629665 0.11575503311747805 0.1500058845393572 -0.049372195943926035 0.16924252419758362 -0.27740044597812974 5.3585813689068404e-30 -0.043790617746821914 0.06654760966208965 -0.04005202367843423 -1.1841977965443015e-41 -0.16546279129605002 0.12847222383698512 1.5877807595028313e-35 0.1933359244060823 0.1635782619806045 -0.07539729146480373 -0.21588116488344633 -0.3840256816494242 -0.10307022661584829 -0.005411849232121508 -0.39592851564503595 0.18117761357637374 -0.13066040658553063 -0.2400045400257145 0.00363162299960379 -0.17477894640262565 0.13265346492268432 -0.07797277503360463 -0.19835458750479723
1 3 -7.838685571773234e-30 -0.0059116853608581175 -2.9410664483312963e-40 -0.018438570350335103 -7.705824278860564e-09 -2.602803418706621e-34 -4.6437179226951873e-14 3.5273152847880047e-39 -3.809163550812815e-40 -0.00024809844696464616 -6.327842403888472e-05 4.518510312748891e-31 1.2119161738821382e-20 -0.005853290061713389 -0.0028889878632761402 -0.005899063979332388 -2.4483872038574174e-11 -0.0037956666937532125 -0.007275295252213611 -5.0197961823506864e-21 -7.836366007104952e-05 -0.007614493182796284 1.360977738824204e-41 2.871561783979323e-36 -0.0047952065527746114 -4.26633183634773e-40 8.899660209592325e-10 -3.4034040890561876e-11 -0.0004820733974175982 -0.000956837852876684 0.003757703663134841 -4.7083465899320126e-24 -0.0006654241256978128 -0.004841068722328895 5.0890677768878856e-20 3.653755624578713e-24 0.005969765357918139 4.105229749131197e-11 -0.0003581763518807935 5.977288158431463e-31 -0.004500006879375178 -5.82259780466827e-11 -1.1955225657120996e-10 -3.6065785833824365e-06 -0.01621104770746685 4.222340289927112e-11 -8.09679756299366e-12 7.52593677361729e-33 -0.009965410084719665 0.0025203191682545496 -0.004016249569076336
1 3 2.170224648229367e-12 -0.007014007641482816 5.716805157604129e-24 -0.033197660176822644 -0.0033041870712801433 0.05165041617031026 8.819621877845573e-05 -5.478564361729566e-18 -1.1901855780884785e-13 -0.13652855505419084 -0.021999857065874172 -0.039056708493231215 -5.993902826168207e-39 -0.03822650599924766 0.08893490181756573 -0.003336397008654773 0.0006171767019903574 -0.004301741397200382 -0.02082736333260859 -0.0030863139067252 -0.0011221990904610336 -0.007753572838531873 0.048269866171575186 0.0001279542972536637 0.02140343691382687 0.00015147639838576911 -0.005913650301939818 1.6502184697152809e-34 -1.3387790496996038e-06 -0.0020340375819339 -0.001745199519303577 2.97227554094122e-17 0.0184348597869296 -0.12946156622489638 2.6888240924118237e-11 -2.1821954626229277e-24 -0.013616709115420348 3.643795908063758e-38 -0.004913416139702343 2.8488123732745206e-13 -0.0002190763212223958 -0.039075420943536145 0.009922312544655785 -0.0040666950659114685 -0.07817652494468032 0.05181682381224558 -0.00033624681807353047 0.026707446664640644 -0.0032958073576675605 0.039869484370983206 0.06282810433295952
1 3 5.560722073897947e-35 -0.20171602707100214 -4.257540469755077e-28 -0.0033043005648050326 0.11829406089019347 -0.1530730562386257 -0.14571621280737412 -9.61769811454119e-17 0.1112770159042455 0.2809589691200557 0.3279130330669056 0.2799909551534466 6.693925358480174e-19 0.07678768969271968 0.12595765109649887 -0.017104824455859997 0.4275761661383476 0.20242527097736696 0.25116190434608804 0.10146206711299413 0.3537701005790794 -0.03610694277355729 -0.2088145347824952 0.395870134907708 0.06910990016516042 0.11865612984587595 0.03794307025805481 -1.2777286795635632e-19 -0.2809608808495299 0.08437335781032602 -0.49084633354619395 1.0879162484231901e-37 0.12229044039356676 0.1468057502916418 7.067254642131213e-24 -0.5100306648974072 0.16340929844677407 -0.37994612198097855 0.13339480426269043 -0.4157572605744115 -0.18093991669935564 -0.09080219906525287 -0.7489723792283007 0.2997676112873293 0.20140523924759163 -0.40553904553228554 -0.2525540456850777 -0.3074344099633708 -0.20354866664751198 0.30099791062802156 -0.15687464568484957
1 3 -1.6058093754512232e-12 -2.3754811036123727e-15 1.0832533411314638e-13 -2.1924958878212283e-39 7.392655173012722e-13 3.3082239533494245e-14 4.3838525220709656e-14 -3.931005916337568e-19 1.279314633713554e-41 -1.24677597767496e-15 -5.00028287286998e-42 5.158326333390618e-35 -1.2183344014365784e-13 -1.2064567614260944e-40 1.020637225537484e-24 1.0367312109332762e-16 1.533186667152952e-38 -3.756443433998779e-11 -1.6515859927195862e-15 5.609190390940886e-39 -3.028029303148923e-12 1.2084395310874523e-29 -2.0917095479676568e-42 -5.95655689460445e-11 2.1513767877862697e-17 4.882106757933363e-34 -2.7921149749579486e-14 -6.654864046856593e-11 1.2859969633227844e-12 -1.2155076779339824e-40 -3.381061546682591e-26 -1.3039606435994608e-10 -3.746975567501418e-28 7.565631205131837e-42 -9.606747513132067e-22 8.578253323118599e-42 -1.5117790710220676e-32 2.9580256559217496e-17 -2.6463158104258927e-13 3.333420943412388e-26 2.1206323070179597e-11 -5.293258235492683e-38 -8.742486334941309e-14 -2.9054224209524543e-43 2.833985651231159e-25 2.32130839740614e-33 8.858814613249015e-43 3.643252184178314e-27 6.871979326751757e-13 -3.4010701337426484e-41 -0.14354457777731888
1 3 2.4308870979284172e-36 -0.7625344037023755 6.168806794417444e-41 -0.0497570450322995 -0.3094433386889203 -0.1782424218283045 -8.208999357530664e-12 -6.943901781523198e-24 -0.1618516320864833 -0.09473894407996541 -0.0277273738293328 -0.01575763897204822 1.5749452595698556e-14 0.22578003811078748 -0.13526578793587696 -0.5902864900482 -9.5179074906147e-30 0.1008650013379325 0.1116817466425829 -0.03903907950706026 0.007394093449219143 -0.6183708690994059 -0.15942301311886842 -2.7852984065861996e-12 0.2391168619052579 2.542917645099876e-28 0.12629350496579955 2.2083179996792368e-11 -0.22065722684122158 -4.058522367472709e-11 3.770038131446642e-40 2.133050936909424e-34 0.034002369045343685 -0.021874418803963798 -2.2146252252115562e-11 -0.5151617341077196 -0.6058833795857848 0.09612389289624733 -0.5978836228680068 -0.30166875195874693 -0.0002175132196944248 0.21128010020715576 -0.814517725674279 -0.228463144227191 -0.09630339860966482 -0.35480908304240133 -0.00017071189919572766 0.20693171062889903 -0.3108244657275896 0.23025854728082387 0.16798044877348497
1 3 1.1102186020914399e-40 0.28865141079711476 5.7958571198427114e-33 0.12784345958145757 0.1656759459051645 -0.135162764337665 0.3122919085722061 8.152728619229859e-20 -0.3318238375160816 0.050717580228539054 0.027987082836624325 -0.1845113015786997 7.879256307199776e-30 -0.11206338920268703 -0.2325935209550547 0.21967258499451842 -0.14491406041827307 -0.01918319110173954 0.21948083348639744 0.06669733279888704 -0.2919043407796437 -0.03831652727626546 -0.25104882302574555 -0.05967793890062252 -0.09429728481840097 -0.414720431041345 0.023345272363983472 4.781193223899597e-31 0.23889219354495142 0.07684655970835139 0.40956018573567027 2.1627499766643331e-19 -0.14404615687908148 0.011236748415976217 -5.67503233898848e-40 0.06272237147807876 0.1691601728308366 0.0886718790085219 0.19722295761995828 0.4616880903576937 0.28165219040643924 -0.2253046204422722 0.36495773899817663 -0.11935344627907804 0.017762522814242912 0.36395600477265133 0.13148185927793604 0.21250303628822467 0.05984599631794387 -0.013214814295329792 0.16981344043754523
1 3 -8.98902497428858e-16 5.933806939013726e-39 4.964674788760715e-11 -3.06544877450431e-11 -2.815589544111726e-40 4.881189489252957e-21 -4.3513521836317035e-16 2.313299539408575e-12 3.3233314431881844e-26 -3.027114853158063e-12 -1.9212219715043378e-14 5.928359307858756e-24 8.84259213789884e-39 -1.1222128730893884e-11 4.610688711922866e-30 1.4044146494444026e-36 -3.960558156993109e-12 1.2029335839654257e-37 1.843985902496724e-28 1.676027330126211e-19 1.0553558075573789e-10 -1.7691846570912399e-12 1.5887630729082472e-32 2.0550982406962516e-17 1.514353522156545e-26 9.684216859445975e-43 -4.352689420547693e-11 -7.269296780856474e-13 -7.982662043262741e-24 4.036294512569651e-21 3.363177159114309e-26 -5.229115828569309e-18 9.826452546634862e-11 1.8329467475666304e-42 -1.5469034246497975e-33 2.454578177108327e-26 3.355023142339835e-26 -1.9643182658570974e-28 1.4707863170862634e-39 -1.0916624015694869e-11 3.334005123204979e-41 -1.536518297644819e-32 -1.11820965885694e-42 -1.9609698209607896e-33 2.8192439008824355e-37 -1.4723647613720298e-27 -5.962380687499199e-12 -8.763485852384047e-15 2.729482534527697e-36 4.047284366979345e-28 -0.1292312021487112
1 3 7.952441357103374e-45 -0.12817844018254151 1.0623171954643721e-11 0.17695278487482277 -0.30347150245376064 0.1398609298325111 -0.195193584957638 -2.3559198217284602e-35 0.1375426272863877 0.26353076948456994 -0.1735081898449329 -0.12860543299218188 -4.354962613715899e-28 -0.1407567178684897 -0.2789307598281558 -0.05741876357802475 0.48728083002659844 0.21491501333144655 -0.05572270756692091 0.1347638624262331 -0.22273544820722438 -0.18699492423376332 0.23114675051969188 0.34423126007468935 -0.0870785893554112 0.3775671945553541 -0.01628533220127089 5.933363604971275e-23 0.25524250776695745 0.2628621948759694 0.04291872647063935 -2.7380699306449014e-40 0.11515937349637034 0.08575428756800593 5.8910307485546695e-21 -0.20828449569022406 -0.19995109854553517 0.251168904587099 -0.6504384970268529 -0.013759643064453176 0.04225084977699131 0.06886556579410107 -0.40228500578970994 -0.166887826278289 0.21144275605457175 -0.2731272944353537 -0.5329340450107468 0.12192760341636318 -0.008909734656137366 -0.008030824696130937 0.06087792805760905
1 3 2.5374005580000817e-37 -0.7040856788224762 6.026036606474898e-18 -0.17092051722985618 -0.05879925165227594 0.2829039632565565 -0.0193241190412919 -4.304132351229871e-39 0.0005474669151756917 -0.03521591835961234 0.263071295097587 0.19149910457152702 3.4210188357514404e-12 -0.17437497819753492 -0.1829257433626473 -0.486655063407904 -1.1951987686069854e-37 0.07186856553438094 0.019578378438965625 0.2729468557523314 -0.17988954265754262 -0.4769635550018059 0.081102721982114 8.250970765893434e-40 0.08313206616947923 8.68445571120106e-30 -0.023396515324934544 -1.567599003059135e-25 -0.20830055821577165 0.002201000302186455 1.4253001605642415e-39 -1.5840156103961624e-14 -0.007594463604069352 0.20871996064919102 9.013155706779036e-39 -0.1915679016193658 -0.4910652108495052 0.009936765695037084 -0.29828468116642987 -0.37126360612820347 -0.0031290261826789584 0.029079129110845474 -0.43385851719707774 -0.11035842149315017 -0.06256226307928715 -0.21194984225054228 -0.006421427846198378 0.20146919712874006 0.06597775735317193 -0.0015116421954508518 0.15051514525663665
1 3 -2.1887467009339247e-15 0.23571998932193577 -7.839305420196515e-11 -0.10481303397957115 -0.06264051025755185 -0.405281205783747 0.23374619668315288 -5.143454436074259e-12 0.05923931529349914 -0.0035010326080415163 -0.09176782730313586 -0.2968490149639445 -3.927825529683349e-13 0.1988989941541403 0.04063484165503816 -0.12375415441877359 -0.2371981097956426 -0.23094613595677857 0.0719171253389829 -0.0023362033064636845 0.17735677101991718 0.19492324691463675 -0.4108104410068723 -0.1830847764335154 -0.11606615071839191 -0.4198867573091735 0.134600416472619 -3.63443624877884e-11 0.13386323807270403 0.10023651996177046 0.21849582145803173 1.5127365920049814e-32 0.10850258165656243 -0.17562510116264782 2.4371433091174325e-26 0.2608797438171469 0.13401013976433662 -0.20337592247889813 -0.020161822476499978 0.3194413243817512 0.2851829828571083 0.05229268612165061 0.08339177156720887 -0.35437575947507716 0.23329710910300622 0.07110738214111549 0.010929877787101127 -0.1835506339365922 -0.015623084449135105 -0.20087102921338723 0.21203342029663066
1 3 -3.299026161231285e-37 1.4371908048731796e-33 2.2387258389044978e-22 -2.7617463821719847e-40 -3.954851936545587e-43 -8.331028867839842e-24 -2.636313259902799e-43 -2.0475123507862297e-26 5.8537218869083995e-37 -1.7537437723056791e-38 -5.363340602820583e-17 1.2157974914813245e-41 6.308179340538213e-12 -7.2329214197707e-30 4.020650424894523e-38 3.330501965546871e-28 -3.099767105493639e-24 2.3008506515681353e-33 -4.620932279161793e-17 -8.74809874856092e-27 6.194239435526006e-13 -2.332940360654244e-33 8.020178512079648e-40 -6.635088328956333e-12 7.941238567043712e-14 5.733814191270995e-37 -1.5235534113363278e-13 1.0642797442763108e-29 -3.15271410248156e-36 -1.2725937210759235e-18 1.2647412670951689e-14 2.2249398509491986e-12 1.1516966001201359e-42 8.604874488428765e-35 1.384742541262564e-18 8.735330467844048e-25 -9.446159575159729e-26 -3.3262715059464347e-15 -3.613389060726997e-21 3.005961025285069e-32 5.590588232520284e-14 1.6084566585293633e-35 -1.2620197658425198e-11 -2.093038588360984e-15 3.1048380466734426e-26 3.93162515164208e-22 -7.289126358481246e-16 -1.169908409835719e-29 -2.4427459838196734e-32 1.0328661777339517e-30 -0.12087926035709272
1 3 5.993197896545608e-18 0.12126967363251367 -3.4277862199634465e-37 0.08804958813596286 -0.08892319063587775 0.4295246881402183 -0.003779805854156558 -1.6033545052666207e-16 0.41995442379357695 -0.025680261439024875 -0.11632145658238635 0.31588547214247814 2.3110644252383807e-33 0.030487765045728712 -0.006653262866336945 0.22241709367161994 0.5029233261131071 0.22960076158341733 -0.1840508992000781 0.14162746062173773 -0.07521523541067165 -0.16720116373108013 0.18020623384779316 0.1706804869719615 0.12765957074348497 0.25590453872893004 -0.4068657913666139 3.2945491766556037e-26 0.3206293688858821 0.3939132033576068 0.1273231877608881 -2.2070037521749324e-34 -0.3780026743985377 -0.14983702937788776 -1.3495601409282167e-18 0.22173829179518748 -0.2131747759188668 0.15551445352811172 0.026858770020331935 0.2186277391975961 0.02328521048982632 -0.011980418413889702 0.42048106725241985 0.43129146910487454 0.016512338456871035 0.5618232414184432 -0.0517242883434125 0.11257966352468199 0.10564099124893245 -0.089195363074499 -0.2016239942493417
1 3 -3.1564458468893405e-18 -3.242174616531528e-12 -7.331122541867748e-35 -2.843909042120915e-12 -1.1922030042002287e-29 -7.308042765253808e-30 -1.5136364477316486e-43 6.2966034545891375e-15 3.8854258732098987e-13 -2.9942159738941944e-29 2.628245546484977e-12 -6.606196444831818e-38 8.901423008590707e-27 2.6474750306093317e-20 5.118818913440813e-24 -8.67647947142231e-34 2.6680596288642165e-35 1.7179437148945894e-26 1.3892861994836466e-34 1.736440225560225e-19 4.111855215237937e-28 5.7117488785864566e-39 3.049640123331266e-26 -2.405318239828137e-28 4.026579704256274e-16 5.56615619744686e-15 -6.4415645703523634e-24 -2.979447208410184e-42 8.856864613827506e-36 1.5882076791706843e-33 -3.715931150674821e-17 8.361399669243482e-17 -2.2549132913939828e-11 -3.49303471876471e-17 8.355671046438252e-14 -6.923804590306039e-17 -1.303003221318818e-19 -2.1454207337362387e-32 1.8392432545472334e-19 -3.035556573073706e-31 -9.371378934967105e-18 -4.4454541043013484e-30 9.378301637298558e-24 9.100060801265333e-41 6.503211399537802e-14 -4.3608388457702306e-39 2.6531646108705447e-42 3.1387339165026488e-12 -5.082925764565058e-18 -1.3267018683177006e-17 -0.20025038211556137
1 3 -3.513457022360505e-41 0.05227308255209348 -1.552106977788419e-15 -0.1285406728421651 -0.07226291860011559 0.12529321580875427 -0.4206013706546997 2.245313723304308e-19 0.17152975147625724 -0.043556744922364776 -0.47161798324716636 0.34666649611101125 -1.2000191814901254e-37 -0.2134542866565313 -0.07925999211757688 0.175185687589239 0.27290058888644336 0.19148415104072486 -0.21689452124893357 0.07571804305570302 0.12680067264479242 -0.13796725824753395 0.020417613800461257 0.28228283099878676 0.03790019909594467 0.4121241039479088 -0.5203389265784083 5.4527101416771363e-11 0.2362735410419675 0.17114283549069848 0.3434007887657327 -5.69206332201729e-39 -0.10384776560562166 -0.55586841619972 4.226703822836133e-31 0.2519268190032562 0.2295735576696232 0.34576485749600355 -0.019989895244979444 0.24517630349854627 0.362478231049227 -0.021598691373948434 0.3572446935363453 -0.22865639767786594 -0.08392866758232434 -0.07181246640702338 -0.6684178118326264 0.41282695664545954 0.03350391546295282 -0.09487326573717411 -0.004484187158533628
1 3 -1.952179402014149e-43 -2.5650105103172488e-31 2.4773306646821896e-12 -4.909190986026052e-13 3.210722015015046e-39 -2.1104453362351874e-42 -4.921140452749075e-37 1.6207231421555702e-18 -4.179589862610781e-40 -8.098915866889189e-11 -2.1139255904698306e-34 -1.0330742884753596e-29 1.7946441626729867e-24 2.3156327278073273e-17 8.65239271530909e-33 -9.848615925498036e-43 2.1465039529800583e-34 -9.739727302471336e-41 1.1192767081555612e-11 -1.0647916544046108e-29 -4.0143788630473495e-12 -8.55907064398914e-27 1.7558857975093473e-43 8.901417805668663e-42 -6.306926468971085e-15 -6.429381279025429e-12 -3.295462868529618e-14 -5.8756578606290734e-18 8.788668072991221e-13 2.404127784735372e-40 -2.1691338890607967e-11 3.857537297304478e-39 5.652488383661244e-16 -1.0263622707869464e-39 1.5464297357292738e-30 -6.496580674740632e-13 -1.1107113933802727e-18 -4.0398802318666185e-39 -2.595843244550092e-18 -1.6029863538571435e-20 -2.653904178742389e-26 -2.113126513035089e-18 3.5930361667848924e-20 -4.26018537923145e-40 -1.2497449626633783e-41 3.68333694501197e-13 -8.265128870439973e-27 8.911267594578722e-30 8.438367730201026e-13 1.2771452410674656e-21 -0.07646050168257029
1 3 4.481357775239414e-28 0.05908596471703333 9.053448372084508e-21 0.21072784692140184 -0.2437602538257465 -0.10500855989338491 0.0835589824523401 4.850441916252755e-31 -0.0751615576221344 0.10425305367281888 -0.2212433166471689 -0.06223815756329853 1.0723605971778448e-16 0.08406268555715432 0.13389606092635653 -0.17616323282322646 -0.2030949565951652 0.08396923305936412 0.2209725724015991 -0.1528033701252699 -0.1791655809210629 0.003006520272287948 0.09963736611553681 -0.3443445899294398 0.04714288997531311 -0.37358926521891217 -0.16412936517898297 -1.1489868833830543e-29 -0.15513590210535294 -0.24452821735008654 0.3498140123230173 1.5207272897943076e-18 0.16040924561482672 0.013134966398030804 -2.990358062884808e-32 0.24855146069350487 0.20547876094898462 -0.18599928276891234 -0.09749047967676418 0.23522148536535153 0.059855515907322215 -0.23863578655805553 0.2927756444450432 -0.25638620974379034 0.23166774379716734 0.2996375730491984 0.31028115095836445 0.1659729252508319 -0.023870623007774736 0.1891322921357872 0.17996445602952837
1 3 2.1897111993698835e-29 0.15106275134112973 9.965864366221282e-13 -0.13949928080113527 -0.33252022825547284 -0.0797360317088206 0.3753829307382717 -3.1357726277001987e-38 0.11808758063756165 0.18761525351161024 -0.2303538229023431 -0.12097550898868542 -1.0210390669682659e-35 -0.010858336680404448 -0.18620492299866934 0.016730533189882855 0.8194095165410191 0.03105105976641123 -0.15793688197668787 0.3290771537418759 0.1015357335966579 -0.12441020124704673 -0.09462606556560627 0.49266535349994395 -0.4553520303792352 0.9351725703382725 0.020810208652882967 2.1683965287980684e-43 0.28179715848207176 0.2744916525766796 0.14777872800843223 -2.5101849148073486e-43 0.23956493690355435 0.2986468051558966 7.154370602246465e-15 0.32869938783193764 -0.0036010385566623195 -0.08125059913111267 -0.11197149000274209 0.32204539652265585 -0.09224801331143553 -0.12258178038546426 0.311721743541619 -0.4906728137402585 -0.062243382106350637 0.46353189371281034 0.08644159718869472 0.08254232649457391 -0.025001424314582507 -0.06468871328962815 -0.11451109506754073
1 3 -9.978198450301998e-41 -0.03346531415019788 -2.8705015490071997e-27 0.11289841898943843 -0.0462428316872722 0.08029705195889798 0.21781262586509167 1.0543816255748441e-29 0.9188127679547547 -0.14177535319713977 0.23565863288778519 -0.17364154469578727 -9.429649585839351e-41 0.2208931696390226 0.22288807235828156 -0.15787753010535754 0.5221373147229228 -0.1411186799124329 -0.2104023408341684 -0.4651762972098526 -0.052722670438083125 -0.08715000216206499 -0.1589603796920045 0.7886392308684128 0.032343635872510365 0.3120346726473611 0.10828870716690203 9.734621132152601e-33 -0.19797636488184378 -0.15234080976488037 0.43410030057651255 -6.705731235486793e-14 0.023072497947557 0.26766819821252197 5.92432218601558e-12 0.009840165625071309 -0.025614144553716394 0.1866991437325677 0.12659076197095168 0.16460126526371235 0.20857064672456094 0.30359108964984444 0.6144288875900534 0.12161437526497851 -0.22310199891973945 0.35671347841990864 0.29424049773468575 -0.17552860351244723 -0.36050036814671355 -0.12624857257976968 0.048180911100985775
1 3 7.14871369416216e-20 0.06203334798351422 -1.03299501500602e-27 -0.011051020368185437 0.01728436720519234 -1.1646694423555234e-37 -1.7609436260270815e-12 1.7038541393121884e-17 5.03770648450004e-34 1.823891353052431e-21 -0.00018791398304121421 -2.5213112039384055e-26 -7.010914784543929e-24 0.04264441383532309 -0.014527308867841074 -0.073737286664048 0.009080921797654951 0.024683206426799095 -0.07698955602458118 3.246630963865388e-43 -0.0005103243626252912 0.08543984821443636 2.4144780496120588e-43 -5.71131993868744e-07 0.04606012356289236 -2.529411573625007e-06 -1.1549742001508811e-09 3.9643657541047565e-18 4.2705597325156926e-05 -0.0006195495245998948 0.006478673100827848 1.0613824133272153e-16 7.759073362126556e-12 -0.0007698807206917013 -7.338268265276096e-27 -3.2927942193315593e-07 -0.04592372924483413 8.335229206736068e-13 0.013273717827800645 1.884930297979064e-32 0.012048465016877466 -6.007170127953085e-23 -2.8918021410527803e-11 -0.0035917938603235444 0.0020986725301660727 1.3463037359830459e-17 1.822715146960934e-08 2.4751514855081843e-25 0.02946325314118615 -0.010287679899591978 -0.22065449037048487
1 3 1.4756006914504082e-19 0.1455285846198823 -2.7255499020444484e-37 0.02474758199148703 -0.5726452232327277 -0.3882473513359214 1.6338092780370601e-09 4.979646845312468e-39 -0.2704169442648822 0.016608810392523796 -0.00438974627190204 -0.4407003192855217 -6.433237841847247e-24 0.037686217696598766 0.012618022593891422 0.04673138066372681 3.5740837653469194e-07 -0.6365465778218818 -0.02646672535028266 -0.047367332947561194 -0.5066192954117877 0.044116103637950654 -0.5604482389875088 1.755304447089159e-26 -0.10541213132662004 -5.058417455948556e-10 -0.13400439997761932 -7.922522915944744e-12 -0.30964167905026463 -0.43158642828484217 -0.0007244354878878281 -2.3428720247251004e-37 0.04695072533576901 0.04133807490631099 -1.455777492380254e-13 0.10917492990788887 0.08972028905288061 -0.4404826961568626 0.285971287170359 0.24404952534106458 -0.04025111276633045 -0.01734763152964445 0.16112318874653508 -0.5839751687681388 0.0947233384916109 -0.6755324845859251 1.0550599111835576e-09 0.032847034562162036 -0.6822516868895799 0.049646555615403466 0.12017113879242039
1 3 -2.519502199366317e-38 -0.16409542592658605 -1.2487357103621674e-10 0.21467419791817652 0.21281988731306797 0.29006771534405995 -0.37687572863010876 -6.495501835242462e-27 0.16939895212335687 -0.15684392043607037 0.11283427290167189 -0.09482637324545297 -3.9942093668490765e-14 -0.17484210519857565 0.020176551361925612 -0.07034088733234492 0.011798876493011378 0.216415217716099 0.10778057445528684 0.11893850791001077 0.1585252040471706 0.08098443928478144 -0.022647647782939782 0.43920968265651983 -0.008949060051640886 0.3385286537095386 -0.05814039803763067 -3.5112972209765456e-41 -0.0986436048463144 -0.07461052704288204 -0.11608481054296119 -3.274869526723682e-41 0.18321089169071852 0.08569090506031703 1.8487735485826235e-42 0.18300033762956805 -0.22651523678370217 0.1855311191362304 0.06451110436906175 -0.3531939804554755 -0.37541984158971126 -0.1891747323259401 -0.3539841989198874 0.1714213679962692 0.01715834966897527 -0.293046300947571 0.05287449119115601 -0.05302499632438392 0.1774889135258483 -0.18336129950388674 0.15689042788213473
1 4 -0.7127428650933587 -0.44223689153671236 -0.290167314170093 0.5119479319499478 -0.2714862508104834 -9.72747488791853e-19 0.30600459188429535 0.15221958280720546 -0.24924470011597097 -0.15027757245227596 -1.0087957864061682e-36 0.33115208019796516 -0.4197917794984729 -0.29316915143895195 0.7215496549701063 0.5122879046088878 -0.31991214176163074 0.3995751708699317 0.46800557969387846 -0.39966634034469406 0.25080907879997666 0.5052552327141953 -0.22619971349274104 -2.8018305142463756e-08 7.582158716461741e-08 0.20561105200197047 -4.768440042003673e-12 -0.4015638448465086 -0.45190006383669307 -6.264932281145772e-10 0.002948921824938568 -0.46876081113866624 1.2146537042610282e-37 -0.6229770993988567 0.12480853876665522 -1.3293079091194236e-10 -0.43019217410965094 -0.5246413824825221 0.27954271255985486 -8.126888066735518e-41 -0.42105265927477287 2.3475340177173124e-33 -0.3746140070592901 1.0611958099704955e-39 0.09669356289419605 0.7641415452219501 0.3577717362919188 -0.003239959228093839 1.050168250048385 -0.39302389578818164 0.19250348688751906
