Number of NNs: 5
NN configuration 1: 2 20 20 1
NN configuration 2: 2 20 20 1
NN configuration 3: 2 20 20 1
NN configuration 4: 2 20 20 1
NN configuration 5: 2 20 20 1
NN Layer Weights Bias
1 2 -0.11411723558286814 0.27382574560445694 -0.4137479934422929
1 2 -0.6727466239261394 1.1653132116115168 -0.13928418514961896
1 2 -0.07621910448167755 -0.2840228258143089 0.12545546076889302
1 2 -1.0449511219462535 0.12577267317704735 0.3135941260918365
1 2 1.5222215187257986e-25 -4.4827308910102e-102 -0.4685656035496431
1 2 -0.3749956590701699 0.7078174023500109 0.4455522590775569
1 2 0.17218025683826 0.15112894870633833 0.4643420759265161
1 2 -0.24931264868896885 0.2742552705960253 0.26730924282599083
1 2 -0.07853809538538345 -0.7151111479031017 0.08490714178918028
1 2 0.5138218876490745 0.4547914821690607 -0.20755025569758262
1 2 -1.4081850794647474e-81 -2.6586524985898346e-85 -0.4698274948482478
1 2 0.4535856255414757 0.39300126653402084 -0.46311560036444926
1 2 0.7708526438438515 -0.8028225986277635 0.5455331548061537
1 2 0.8356084782027522 0.3363934472420213 0.3775173646948004
1 2 0.473381673365064 0.4863923189127066 0.1186507962191602
1 2 0.5239927774455926 -0.6837988844300026 0.5908956072273542
1 2 7.273996504816892e-100 -3.3679244826531294e-31 -0.486553259660169
1 2 -1.1874547971201594 -0.24221756676801384 0.46141782468678477
1 2 -0.9399157246382702 0.23049957892205789 -0.14759576514800324
1 2 -0.1843045380891831 1.1960530613297673 0.22920605114882933
1 3 -0.03574257321858415 0.12124251966004214 -0.056614585538182126 -0.03761269037446398 3.0487846272758436e-97 -0.05616682086357805 0.03421615623883871 0.15909548942794635 -0.33955780937001 0.3264926568167649 -1.6800357609660366e-84 -0.5652889964291905 0.4010674746423294 0.1132356373217506 -0.3105977831544036 0.07553957489253733 -7.884694092238389e-50 0.4004431697613757 0.13985046741620896 0.31720612485194805 0.04835779672228295
1 3 0.0006908470649504528 0.8020370007875695 -0.2664704160864972 -1.0571394771313805 2.691753437980245e-57 0.5058845940283725 -0.30514864497826366 -0.1985378015487208 0.4272004591090882 -0.4498268721091039 2.467728773950195e-87 0.043109749818981 0.31323689304985475 0.08938842377002432 0.43654882739204903 -0.07282603402113326 7.9000198415124715e-56 -0.6262671479976256 0.22039273113508878 0.11978712421952822 0.15617027709622447
1 3 3.854902585397466e-05 0.6328855015422504 -0.10548585318756815 0.3453949613715599 -1.3436118989629402e-84 0.2970046881390631 -0.15499466245844332 0.5406877899030551 0.3964367909590039 0.014323738120407244 1.0593022200319643e-34 0.7260746141502609 -0.5736551559992533 -0.45379873174407626 -0.26625955044689814 0.1910065193541901 -3.119098133873866e-51 0.32046222681902825 -0.37155014696441774 -0.10951211430135925 0.14285923333018805
1 3 0.011000203515794772 0.3165601364467572 0.1176439698132913 0.31620898734319197 -1.599384837157655e-65 0.4448953459735604 0.03428399000807462 -0.2932189630412777 0.1553409549926555 -0.45983828536331633 3.560244854078514e-38 0.2953870425365143 0.11315112817244552 -0.02448436663263638 -0.12181586047258675 -0.22573496756618106 -5.327708086855427e-77 0.09558352188039312 -0.02637606465191482 -0.44540913344529337 0.10130603764559656
1 3 -0.00011933267726650949 -0.624212776860076 0.370488634736555 0.25854567976774356 1.412214186811759e-39 -0.5078222439742988 0.4041356289290475 -0.06943828627502456 -0.06033887850254005 -0.2914816421695128 5.777183216980368e-102 0.06574736222847763 0.4514134795125471 -0.14447968460334956 -0.40014020684802876 0.35793400164203987 -8.466052698793164e-33 0.2347901623223864 0.25378574577735025 -0.016205699787125955 0.43129803250159704
1 3 -1.0040705859033452e-18 -0.554805366732785 0.019027815546557626 0.17736336503477285 -9.330427930652037e-45 -0.01829483760908503 0.12106974642283241 0.2486719242572127 0.3391141763374427 -0.26733772703446995 -1.4308432165144514e-92 -0.00518224908281022 -0.22072521983379476 -0.10846345841842847 -0.08426087603580015 0.1964196380825087 3.7009976525826766e-34 -0.2333269331087481 0.21379551331231783 0.24958387368393406 0.411771397700297
1 3 4.2328297113246106e-92 -0.45147602887840826 -0.08051148921108717 -0.33479082601819116 2.5786048624994015e-90 -0.664277709066341 0.4603699992116522 0.05019358757281936 -0.08628699875682364 0.3331197552554189 -3.3349112005009164e-97 -0.903580541650704 0.08919365807922343 -0.05428900465682699 0.027069450473034287 0.49190601083111973 1.0737425992461255e-33 0.3625147249374288 0.4112981145099158 0.43365099848412225 0.0979553939204971
1 3 -1.3456984658222576e-32 0.069780560938182 -0.36324771687016144 0.4170943060691275 -1.3253869598721495e-71 0.332773889845242 0.5013502694882935 0.018149408144496285 -0.1303684619759488 -0.06726343153645548 -2.020757413524407e-62 0.7093752712096041 -0.24377841285776283 0.0738696070951371 -0.2943896462660064 0.23886461795836292 -3.247446834103813e-86 -0.3624222949726874 -1.1098671848702564 -0.2665194379977829 0.09782300732953216
1 3 -1.0729163061277008e-12 0.29474574819545 0.2029701125243745 -0.38842807075332075 -1.7859781205403066e-84 0.4799992740258039 -0.17676557150136288 0.20430454274743387 1.330778157388716e-93 0.8632549207210259 9.204164151869442e-64 -0.5531320852357738 -0.09601360406289755 0.09675105314844865 0.20913128945626006 -1.1824053847931564 1.184150278124668e-45 -0.8076890405606417 0.07530968868694807 0.3452265729606106 -0.22799865570054267
1 3 -0.0031304817756844477 0.11442871848487102 0.23269089541740087 0.24715235295553573 2.9659908740817524e-89 0.10339907827469474 0.19753561546099926 0.3060290715467532 -0.028631639496314667 0.01630328892273217 8.805061168136918e-90 -0.1379076102033727 -0.08776086214615568 -0.2612010348396743 -0.36102186142027487 0.25372177780598965 -1.0725749067934291e-55 0.20692624308072016 0.5717328686576169 0.5077435426266804 0.44996384823377045
1 3 0.011942891344818357 0.5187763749251423 -0.15762235659629664 0.39408158433730983 2.66883810279438e-57 0.21278430241264176 0.02525992234996662 0.374331873150782 -0.29803963329796024 -0.39990623005048304 -4.069827301389331e-70 0.5663367573997526 -0.3035225725247135 0.5929406583723632 -0.3978688861354279 -0.38702453073854476 7.131978908184843e-69 0.26437585085291626 -0.41086781341794365 -0.36565170925117435 0.40128879709100584
1 3 0.0012360028308484375 0.05152025197613234 0.6052773876230447 0.4268816730111192 -8.86683025724977e-70 0.4838745398355812 -0.02165746011983325 -0.13981447992090942 -0.7596517739501176 0.6118994611809132 -3.832815230492793e-52 -0.3419959574298169 -0.295034336609708 -0.27634877834114535 0.05356590319209045 -0.422099611965789 2.9818773580629917e-35 0.3615184246493777 0.08085890840222207 -0.12343942579458331 -0.006157924433097144
1 3 -4.081536857908267e-09 0.30860333673770896 0.014217966558340869 0.7144146154393144 -1.7596735599858827e-57 -0.5676222514633674 -0.1680677488980399 0.03304400401633329 0.29981280945717276 0.9208335608445141 9.870548511828884e-72 -0.08537060049943562 0.2459952748070332 -0.027591328989110767 0.8097246523281971 -0.35255417298505815 2.122189900858461e-65 0.4898469805638044 0.36851983589009274 -0.33242540395286535 -0.5096804995325308
1 3 -1.9898594059204445e-76 0.3134771057787202 0.1883319878885975 -0.8404189055919057 1.3628379620032932e-74 -0.5479625512225688 -0.16054807984432734 -0.5504640065763243 0.3519897839358963 -0.00016837720606243994 1.6341384854272873e-67 8.18876165742965e-46 0.46931633142590395 -1.5976220227624842 -0.02500391130426999 0.09563633482435765 1.8287826634787994e-45 0.22447329103577934 0.04501881733614936 -0.2926344773478809 -0.23205055660025425
1 3 2.2048563950308823e-80 -0.748517892680357 0.021300452704648854 0.2799265555688539 -1.0265595940029832e-51 0.6737413469030151 0.017042217459119914 -0.35327039117975423 0.15511260710105343 0.7894307213468356 3.577983368707721e-62 -1.0939864923147122 0.1113133945290383 0.3705818313145687 -0.6548732029912687 0.2921407855000499 8.868936196870577e-75 -0.10617342440906735 -1.113787324114637 -1.436367086431162 0.3259911276610563
1 3 -7.278562845141425e-56 -3.658185233959558e-87 -3.261156496178767e-37 7.032606862457644e-95 -2.7614885234837326e-71 -1.2455501644389895e-78 -6.523743285867076e-33 7.310429195318934e-46 1.974101389336207e-72 1.454612654452442e-70 -3.72130420712145e-96 1.4109109141421364e-99 -1.0804847868427801e-98 -6.41270857344412e-54 -2.684798116377662e-50 -9.23707016379338e-85 -2.8698110480341405e-46 -2.7731998398813474e-47 -1.6171228539226407e-75 9.749087990336803e-76 -0.1825164430765008
1 3 -3.0420326985550968e-06 0.18702760597915374 0.44194836710209806 0.0116670700088372 1.405369074930246e-68 0.014160472577101886 0.41863418767939353 -0.2500318686051549 0.0760901320682523 0.32188959467325484 1.1559461917244075e-75 -0.2670611866771731 0.2955592520097018 -0.20151197413567434 0.23344815709171052 0.03229513673379617 -9.881354839392956e-45 0.41179704252139554 0.5747219016601797 -0.03587346456129009 -0.031015114814350916
1 3 -0.029603113345488877 0.31365075426350275 0.1258911857962213 -0.16053045569493868 -5.152974787764473e-37 0.29581329589582583 -0.05742653973356631 0.13288599064014772 -2.7634589951606408e-71 -0.3029252548699461 -3.4766193230367975e-97 0.12852230259645192 -2.690313552049222e-18 0.14814622734244526 0.2199470613816347 -0.32610835974837915 8.019194311350257e-94 -0.22810852214910235 -0.06215284250972398 -0.30161085873889387 -0.36746312843351875
1 3 9.24661095725367e-50 -2.2006237415564602e-80 -2.7151261159782213e-95 -1.0608657410003642e-98 -2.366822571746198e-87 -4.2236219707477003e-60 -1.6157460900958524e-98 2.5163010911246256e-87 -4.4179828920956114e-88 1.2900813074626071e-48 -2.470703547792553e-71 3.853847569508158e-70 -1.165977822209887e-47 -2.4218956935478786e-66 1.388938426989456e-50 -2.4062446312753862e-95 -5.569338870710706e-91 -8.55114138886233e-73 1.3413483817836467e-38 4.791310397429102e-88 -0.3513200825807252
1 3 -0.002761183219246347 -0.01624951516273224 -0.08138569144795231 0.09985187090668966 -6.249171786220344e-87 0.11759410421068518 0.44570931791116963 0.12840121056172402 -0.18263723133119913 0.5224499577629272 -7.702658798067074e-42 -0.20678366353093253 0.4617595384997953 0.056933380931231854 -0.34198795651317937 -0.2665150117254634 -5.971542309473777e-34 0.11574647697497227 0.5638018461641243 -0.04747726573527749 0.2549669331663495
1 4 -0.6159951652815876 1.1461194955169438 0.6091501788542381 0.43951273915905353 -0.2862736619347363 -0.05147355659426343 -0.8460141834502279 0.8125982791712607 -1.440339466282004 -0.3349231394092224 0.8227404269951254 -1.047606746167725 0.770672826208206 1.1598444353878943 0.8122177798365158 -4.4040377450164465e-50 -0.15010911605016125 0.31118887547187424 8.902703064995234e-53 -0.3787903148236345 0.43964572563418614
2 2 -0.9645958896756437 0.3447882138005937 0.1791113974543212
2 2 -0.03961603395334492 0.7085756626489766 0.3348619320009437
2 2 -0.4305769646077083 -0.40450255379417355 -0.27081946150143216
2 2 -0.18401230217615747 0.0008407613476564092 -0.18786766589972442
2 2 6.543351388154438e-82 1.6273658792938285e-113 -0.466084019515888
2 2 0.7660381224911238 0.6015702607962033 -0.38294398414083397
2 2 0.8884578510832422 0.1550602454625431 -0.12377971652758818
2 2 0.9920826100107202 -0.31647144732364024 0.3584380403653635
2 2 -0.3206114686295389 0.6653555141647 0.3495679795612796
2 2 -0.34706892093877495 -0.9526893258892322 0.499997770072907
2 2 0.46743058940860666 -0.3746859263279036 -0.1734826208999164
2 2 -0.05421340550525834 -0.012340031570986794 0.4018517945588242
2 2 -0.32976584150435523 0.9501186185167175 0.1625422962829244
2 2 0.009760776444749509 0.6911449792512327 0.25292971374891676
2 2 -0.8071137543810336 0.07803073153762692 -0.12487378794797147
2 2 0.5053588070749884 0.4319452883109428 0.4062647063777534
2 2 -0.39930496068574733 -0.3688216126983908 0.1717670608168946
2 2 -0.23621275278521398 -0.9275199572413655 0.17288415387908662
2 2 -0.0963170286649013 0.6391790170313354 -0.3131967867031235
2 2 -1.7496458749130817e-126 -1.375430951595395e-109 -0.4558918430266692
2 3 -0.22917246941921454 0.2662095447922897 0.03506706896929646 -0.18272670103048494 7.374670453799873e-114 -0.9496564324984295 -0.223554135012791 -0.17834698782747432 0.038516027599904495 -0.3310270726497006 -0.024678494384891305 0.12475534583861995 -0.32667326500795485 0.15078475777906442 -0.2452873560775242 0.231183242567348 -0.12321543767971133 0.2399683881783149 -1.632380878091505 -1.1890165780363573e-78 0.22302168008824066
2 3 -0.5919202861558446 -0.019266622328013294 -0.46109836909230284 0.10119697291387567 3.094654396198093e-71 0.3267756954345293 0.06882902800950955 0.4774192920286339 -0.026658926960881218 0.1994166872621876 -0.22998987368516438 -0.002557696669397451 0.16727693708052133 0.26225765328191086 0.488252482770531 0.3893008744419078 -0.13306464837715656 -0.2105460390921703 0.43478625172782226 7.023897404230172e-117 0.130325693635369
2 3 -0.3332136791718143 -0.3376447434400983 0.1380899000349411 0.17806471377850125 4.653645515709784e-131 0.6084972974984535 -0.5141808138826697 0.13159171912262646 -0.24702219261030223 0.7609680143517739 0.236326285836173 0.26622998201145026 -0.2034369084116488 0.20955856487123914 -0.19881668510136347 0.44494525578625005 0.35241396077118703 -0.31549133691133086 0.20104523800526386 -1.895254565320181e-80 0.08931113045337775
2 3 -0.3628813815349738 0.03240578915966144 -0.4158929668892225 -0.10339782115721914 -6.142694009826191e-76 -1.7315112724797985 0.35347118935735883 0.2453667918259266 0.11483605857048955 -0.12363302783489331 -0.11437851834329608 0.23080869876461213 -0.8530809295773997 -0.2474313213529536 0.19382826906656983 -0.07587078619803772 -0.23217539191177008 -0.1918231777345466 -0.3447908323083936 -5.954630331820774e-71 0.22584004998263355
2 3 0.6092484541039918 0.3960556639751516 0.17948084896119573 -0.11501286664715446 5.471962153661837e-79 -0.33941715459807636 -0.32084754478520805 -0.3374720668895176 0.3746785284545701 0.320032781876012 0.026082852563941192 0.0763074271391298 -0.1798838854995969 0.42112382519779473 -0.23670682886972566 0.3206443043570894 -0.25931987881120433 0.11060491992156496 -0.13139389607651264 7.089491158721466e-111 -0.007673280778110429
2 3 0.06850952966701251 -0.09647719787256395 0.1326415598790522 0.07530183653266755 -6.750704260089144e-114 0.3751832327354074 0.32304252443513615 0.35517013600217007 0.0118786531892173 0.486555742026597 -0.1552144361181616 0.10426080560408853 -0.24718897272374687 0.23563411927696246 0.549278649606109 0.18237715005681893 0.024618541651620002 -0.22892639893134953 0.5749772572413072 -1.057587696083317e-112 0.16884726658482524
2 3 0.19391713265953048 0.09815782437471941 0.005197239551117277 -0.0018439602430291018 2.012865015105954e-117 0.584761604225519 -0.04971317689440404 0.27486314276597734 0.2881811886012897 0.4686934482120919 -0.157191644406699 0.2928483130126764 -0.13930769641889412 -0.19455419606205365 -0.2117701992928858 -0.22232733804475796 0.09566544224861336 0.046036526966966126 0.3482710096131189 8.286430786552694e-80 -0.3670701853884584
2 3 -0.049812372219263726 0.08763010849237976 0.16087335396972474 0.22727664778116988 -5.8129117277955124e-95 -0.28974955120623486 0.291234056346309 -0.2298260738396273 -0.11044687916635415 -0.217078625647814 0.12421943119834405 0.12517823036418602 0.10681398361153145 0.003857387122878677 -0.5618913409324924 0.23389387235954565 -0.2535103919035968 -0.28706436759879095 -0.1553885858834965 -1.9810416866756134e-100 0.2387264239664165
2 3 -0.09076825038463855 0.018208836277136535 -0.13168432669998 0.3071748064680678 -7.562953249915244e-85 1.1421309638312722 0.08251456687819951 -0.33547782266055254 -0.034096646148980905 0.35528399538131994 -0.43272813486257833 -0.05940027239934941 -0.6982683620521675 -0.30867021603766603 -0.7063276486561623 0.18076532238715579 0.12842442865391898 -0.23725510512782513 0.5193613596427573 3.7889981879733095e-110 0.2840294865599572
2 3 -0.7102931600629928 -1.4304665917094486 -1.0239988169739915 -2.154811345238247e-108 -1.8260044329623552e-121 -4.774509659789005e-67 -0.6133720284882965 0.12729925942023673 -0.8666367216375752 0.18284356844741168 -1.1839892446260134 0.14647707502045343 -5.780503950040489e-15 -1.1858400201332373 0.1452699948225607 0.0034677229087343164 0.2292683011245403 -0.0149681744577692 3.334931994047868e-95 4.023545875767438e-71 0.17663833183605884
2 3 -0.5777605499706936 -0.09493288366244526 -0.22357060254257297 -0.000672024130682398 -3.6769884799815266e-97 0.5794070579655957 -0.11971893555744842 0.48489857656549895 0.21930272831883116 0.4592323226286162 0.27218678871180824 -0.045048531973304246 0.14714907763867197 -0.4253141848072009 0.3751058977348402 -0.22542476310475246 -0.1378452752076853 -0.5358600481787121 0.9201544204623914 3.780113902521769e-97 0.4457901688602109
2 3 1.1645430671564408e-128 8.339170726032537e-137 -6.963942674021566e-112 1.0505309551915757e-131 -1.0789914661456244e-73 -2.952445056931014e-115 -1.1811990768847188e-72 2.0805575140351792e-76 -1.5731405744632077e-77 -2.4852629203067245e-128 3.7544642246248524e-92 1.0551737538692015e-118 -6.193977636954628e-113 3.2616153779060436e-120 5.839828085233568e-122 -5.081123420164605e-82 -2.3924140280123193e-99 1.0722833247649273e-80 1.0672986369744784e-112 -1.8920123543882147e-132 -0.2071839967994823
2 3 -0.5995390298285768 -0.020843964288928703 -0.13675039987479143 -0.0037935887641320737 -9.099058672348437e-82 0.02719959243773577 0.07397403861120255 0.32110004105926865 0.11076132569086863 0.4408485778715879 0.11883767660565353 -0.05408098038072192 -0.13089430833922117 0.03770534606268056 0.5624193497790551 -0.013833491658860551 0.46515795903975027 -0.3894705263143442 0.39864726930771166 -9.460941908073952e-125 0.3163416891729927
2 3 -0.6195774900616076 -0.11184835217583823 -0.47202906739925143 0.023995288454307456 7.159115390235579e-86 0.38394210023898845 -1.0657813986550588 -0.19048674710941213 -0.2115341705919466 0.5261174842162214 -0.6576323361850441 0.4149803876462601 0.13361651111885153 0.11521419906558113 0.8183325193180307 0.01281133467914083 0.3646093726541466 -0.7215093194281695 1.4148277414520036 1.3843571251173722e-84 0.17186531744948763
2 3 -0.05407388870197949 0.004830151336129507 0.1940841064326961 -0.04068608023466117 -1.245807915972128e-90 -0.10224840749339359 0.38573802112043737 0.36177622429413503 -0.2364824133286421 0.5123957151847102 -0.47325467940361315 0.21670515186912637 -1.2510120671789726 -0.13467693466414382 -0.24470274619332796 -0.08428174824542077 0.32731801855654963 -0.09363355245791022 0.0074653697897029804 -9.688688031720914e-102 0.33450523311396246
2 3 -0.45900561092308106 0.2720521932166505 -0.41003818959957034 0.10218883338614025 9.924874026751863e-128 0.4581441303476648 -0.5456200597666873 -0.30767885768962033 0.09504002205339625 0.052994454220978295 -0.052811901162036434 -0.21684155984012862 0.07275795840647624 -0.369896719906053 0.37684902388274794 0.04836479804767923 0.0626605843640156 -0.13779038775229857 0.4978001184058709 1.4859536197615514e-102 0.34921066954775354
2 3 -2.319022588953307e-79 -6.429615886536085e-99 -1.9478913999798787e-88 -1.0534105073822749e-135 5.621375998851882e-130 -2.332016015278938e-115 3.209684449586199e-130 -1.2289304846533866e-80 -4.5068659128486555e-134 2.3547827806651394e-83 2.8452753821794808e-108 4.233994329194693e-121 -3.593238778473823e-136 9.042953907134387e-120 -4.281725264844581e-115 9.32601962467267e-78 3.958883706838201e-86 -1.174768350579713e-93 -9.508490884993475e-113 -5.078539967110696e-84 -0.3514588201619851
2 3 0.2888327975975642 0.15887310395761495 0.16757715706300735 5.57681000813454e-133 -3.1603611277213847e-94 -0.009091470744952592 -1.3849409152749383 0.5929755420202041 -0.16397559611297666 0.1996802957836478 -0.17617552964981656 -0.4863877253851456 0.37343953650897665 0.0714058329153113 0.3407000355398887 -0.7125741225326946 0.04126592027178697 -0.08194572029159633 0.02606768200578625 4.41727396952099e-112 -0.1710129844328378
2 3 0.1593345494105817 0.19271975208228664 -0.006016819855851215 0.22783945105817635 1.6325920853937816e-92 -0.6270251955984889 0.07186396354743897 -0.5747741244555975 0.20776649006210335 0.7647445649982337 -0.009165375569035416 -0.31855586606444514 0.3320974906817479 0.11926905287293 0.6164384672941594 0.070126363183617 0.3660182882918638 -0.346868735371993 0.5655705184408905 1.5041950368132053e-136 -0.3847913327224916
2 3 -0.1117185219562819 0.18805060057984033 0.13196423135677648 0.1459636552132143 1.4366786157569053e-124 -0.13082883553698454 -0.023725143758157628 0.18557659897636364 -0.016237743862199727 -0.4512573288075444 -0.06106967028237828 -0.3514038387923915 0.28352130475962734 0.06061113626740018 -0.11139644332105293 -0.055743592937293494 0.00706395489622057 0.07113342464675615 0.0749082686047145 -4.0079567087420596e-134 0.25536833461484987
2 4 0.3771159762690028 -0.2989760971752587 -0.5729688397281677 0.5420095830916853 0.5756988624474801 -0.38310787164416965 0.6365122601659005 0.36015907214575976 0.7991616628546107 -1.549943058668996 -0.14374759540509313 1.449099650844431e-49 -0.08317703649842337 -1.1275824597524446 0.4791794326777037 -0.344665268791474 5.0242774201467814e-105 1.5834152269665882 -1.0253123471890566 0.5075406231170211 0.3305615824281366
3 2 0.6631124921263761 -0.13231083993721487 -0.09406989758559736
3 2 9.960884549575277e-62 1.2871904107561416e-60 -0.27985950461383213
3 2 -0.9572035604525708 0.12343599096804417 -0.08886185768914304
3 2 0.43750347459082956 0.8536829549052154 -0.38864173500005944
3 2 0.153145556432058 0.26154158659609306 -0.2940241228696421
3 2 0.47271289452997955 0.04406286697607443 -0.3455089140448908
3 2 -0.7140344627972138 -0.37956021495786885 -0.1603830287886139
3 2 0.818333619235041 0.4871335875451953 -0.2575828148937313
3 2 -1.0371399598542264 0.5004875036472787 -0.12275416051430604
3 2 -0.09178671757611033 -0.10800977275215182 -0.4730581080396262
3 2 -0.045519188914781454 -0.6081083108717512 0.3197661233350424
3 2 0.8702223361245562 -0.624838514990007 0.5317910778625973
3 2 0.5596095853934646 -0.8968221456027258 -0.18151222169742537
3 2 -0.6794413313316187 -0.10380624905329484 0.049461706117880394
3 2 -0.10871585794828903 0.15071776704313652 0.7051111883933381
3 2 -0.5232067364010148 -0.6029401923974123 0.041859447397441615
3 2 0.49141782013150365 -0.36845050917153294 -0.44356149145303586
3 2 -2.5289173475922394e-27 -3.8122527647038635e-72 -0.4398126675855527
3 2 -0.12613402094989581 -0.9308677601788672 -0.4554363371480338
3 2 -0.15256232010530202 0.9581065262823091 -0.19302139381369926
3 3 1.1798094789422482 8.66572349761036e-74 0.33118908222276444 0.056859885375903696 0.1058389962524731 -0.010564918140917036 0.4933689255505739 -0.43252590380076905 0.25265934102763565 -3.717996023762364e-16 -0.17848565165238903 0.11880734052790277 0.6627127841269483 0.030409053264323048 -0.012839331663378072 -0.36525513900396284 -0.9018984524575349 2.0430457044845607e-43 0.8996264007948217 -0.32995021530521684 -0.10018145232649532
3 3 -0.26106150035902276 -3.330663248276538e-57 0.18680233143018427 0.01019039102078362 0.07162537608218925 -0.002816497765393747 0.4638362201762123 -0.6700500027744918 -0.5099122839244243 4.377597835992462e-10 -0.33804690901492923 -0.35700218411338464 -0.05942302825775838 -0.2439164888553748 0.6074682858537171 -0.6795005356268822 -1.2107166368199797e-74 4.102242838921588e-21 1.2423379799226477 -1.2942358856149234 0.12271684954765073
3 3 0.5366588419555277 1.3925769392060136e-63 -0.23597901484072345 -0.597793729123065 -0.27221216761529116 0.15132847007053332 0.06473176253789663 -0.36621176085081364 -0.1761110214691582 4.713956147847553e-13 0.08514673447989878 0.10655352657006957 -0.18908589676156806 -0.017703178365615396 0.021448885779072016 0.13552637264331124 -0.7100390520213393 -5.21911387188026e-23 0.11706264889234308 0.5375684076652434 0.08806721908732382
3 3 -0.44919101047455795 5.1645401638164904e-40 0.09141170254433578 0.17612698822521744 0.06333331872888376 -0.1486997586650837 -0.7053023322403489 0.15728143665947722 0.6220661279584765 -1.3021699793466015e-13 -0.2153180796879721 0.45082872897602966 0.40571345293326183 0.002098598084561619 0.114074751181681 -0.3861291006307895 0.4471956099536511 2.4130747774025974e-19 -1.049550696006371 0.062471717488649395 0.2685307731235213
3 3 -2.4949692101127002e-20 3.210597543019877e-59 5.944098827941062e-68 -1.011222286947907e-30 -1.394807534571467e-73 -3.1095934900238023e-27 2.320333425103293e-72 -2.2762141457326395e-45 1.7025774852650348e-27 -1.9139534663494942e-59 -8.767666986472275e-20 -1.130232555869995e-36 -3.649085530695108e-20 -4.322845149106075e-59 -1.1185062713913236e-31 -2.4784964895249714e-19 1.3786952300648644e-41 -5.0280013983437084e-70 -2.821619790631929e-60 -1.4097889289001793e-37 -0.015167409140227088
3 3 0.300508517280722 -5.640586112573176e-18 -1.0806423097090112 -0.3537059577873479 0.48551730864907233 -0.14614483908957254 0.10511313206593474 -0.27078524501420786 -0.7872401262618891 -2.209124288246546e-37 -0.3113213118017664 -0.022420428067083664 -0.9400671055260992 0.7928659392884377 0.2918001038263802 0.09619118744713859 0.06904574332649399 -3.1002311137979682e-18 -1.5181064802746356 0.27354664870705303 0.29999499107572347
3 3 -0.019114822972038925 1.7616088711128234e-17 -0.23107848021031144 -0.06742949476704405 0.09980418236575161 -0.11015860453537334 -0.46331549119140675 -0.024373167584803034 -0.47276797911096663 -2.415471225412267e-13 0.0050526181725693165 -0.09226670143257695 0.1819517036041472 0.3545441069742214 0.026829385580148694 0.20791092497928795 -1.0875942839875006 6.788943529603218e-62 0.8018152687268721 0.30452245541858725 0.08227936957785986
3 3 0.5230785391338089 8.636257454155059e-53 -0.311526441153514 -0.4137880778429197 0.3467089252095579 0.29708025706670893 -0.29339852915148934 -0.34080149572469126 -0.5067637379687547 1.0659564958939456e-36 -0.30120716015345006 0.21660067889768142 0.1414993553956852 0.2947484850347688 0.39259689113551244 -0.48071982902865606 -0.39492806167504063 9.060523335699951e-67 0.4927316342881342 0.12183333050873561 -0.044381348806434046
3 3 -0.0762368356183771 -2.1042149639549707e-47 -0.9616740300805467 -1.0331159122139835 -0.09517903671490771 -0.1272287940646966 -0.71511656883618 -0.9865308408071329 -0.4950787548321714 1.6490240733104245e-59 -0.21186929387906916 0.0629327828563309 -0.8843339128781624 0.4297111353311023 0.544356698088972 -0.30840493026169846 -0.5444560880092876 3.2922490507586534e-37 -1.3358928413464142 0.3759667181880074 0.16489036101773122
3 3 -0.22632016575947256 -4.5377200181363574e-24 -0.22288454097692284 0.6130757749729687 -0.11867061191170519 -0.17366910029676821 -0.10937722310308277 0.5450118012349183 0.05829728953849744 2.0612861410487113e-19 0.09839786534209732 0.1441780764780666 -0.054933792753826725 -0.5185080225558051 0.36873170614556217 0.027467188271780768 0.8689089596290485 4.464405740976327e-59 -0.0010691222710247992 -0.27045511650635623 -0.027676843899225985
3 3 -0.44214788875417643 -1.853125133114744e-48 0.3146768285381682 -0.10584480778549205 -0.09730802159309022 0.3298797331306909 -0.45237428365186655 0.15847283390262507 0.5275758751049132 -1.7793752237679995e-09 0.27543494845642047 0.2939460878458144 0.4071852470264299 -0.05750667909985186 0.29039406476555435 0.33132498622622697 0.7413399559679485 3.8653869598187565e-19 -0.8105490418551021 -0.5803255503950634 -0.16338929916293812
3 3 -0.146818784113635 6.307753403309421e-73 -0.0664913801921048 -1.9755583107745224e-48 -2.1886505692723732e-57 -2.5806252651884257e-45 0.493238861047289 -9.273880408419017e-68 0.06748049491465617 1.8720454262865283e-61 0.2880131896801143 -0.47340534084330177 0.2127655329897917 0.42420705102233164 -0.48979966498846733 0.1396614486283461 1.8297728935281285e-61 9.984384795919034e-40 1.0240289460878098 0.21510684890954127 -0.23566725263286184
3 3 0.45195352770360075 3.73273227096471e-72 -0.31252036095537633 0.06345482832831278 0.08856350978165495 -0.30570574945541695 0.31738616485078586 -0.6044614076197571 -0.16525418131066255 -1.5530738795749506e-10 -0.17477050663885363 0.2506938013328769 -0.3067320329627683 0.4087455971356359 0.1874126804467104 0.14524081299861538 -0.8582854740708497 1.3795615183016136e-71 0.2516962167148395 0.09007880569900915 0.32707547092685674
3 3 -0.26773880841686315 -2.4138193837471357e-18 0.2867503637615845 0.3803506580313096 -0.012374682077033697 -0.09450156447974721 -0.03595718465722471 0.0831363758333967 -0.17385231135079057 9.638068577511024e-75 0.03342752112743996 -0.5033401430072686 -0.1737398978561358 -0.3353921853806461 0.07851371941325343 -0.3747875633987064 -0.2858910452671573 -5.29162889888379e-74 -0.010603071767029307 -0.5224970360312704 0.3342204229849795
3 3 8.279474316972206e-26 7.0844458697126034e-71 -6.347991789125091e-37 -1.0865020829702203e-26 7.333872343176826e-19 -5.4922569879062826e-70 5.714413439347461e-66 1.0326112264763828e-72 8.462830045440333e-54 -3.1019949892519686e-25 9.304534240137094e-17 9.999105078285293e-58 -3.0501325402500535e-42 -6.21948506789933e-19 -1.4659229474507943e-27 -6.6558322667477995e-71 8.569196365635429e-67 2.4217745646023375e-29 -4.818614197833989e-29 -2.740773184410298e-23 -0.25354688128028136
3 3 -0.45949704094684984 -1.431217163689514e-34 -0.289360371481958 0.377841528793417 -0.22622070834222788 -0.3957083693662318 -0.41649348102547756 0.38312547437286715 -0.32549962397177107 7.849179674785531e-25 -0.13930048610128776 0.32502658003167784 0.3484717000709927 -0.12591844749823733 0.021974282282357066 0.18991072075073537 1.089731564365939 -4.586297645854392e-70 -0.3416874617352262 -0.4638184694881903 0.23872111016417413
3 3 -0.5371052187790761 4.0432085847615423e-47 -0.3100045070302688 -0.4209998200788604 -0.04927267071142506 -0.1594584996594784 -0.4799991885410841 0.18493729485109686 0.02504894656732124 -3.974134886093009e-09 0.5348016288318892 0.36173416637620204 -0.17405342481477656 -0.5216982859161483 -0.1952366477905476 0.5049960646315703 0.7225075344832181 -2.5555672450476942e-42 -0.06560781395554707 -0.6356296188194336 0.31469596349725343
3 3 -3.2490970240518513e-28 3.6804874408478354e-20 5.018636900658395e-19 6.246004782365524e-46 -1.7076747200770015e-21 1.4500093087856945e-72 3.6277513629564845e-20 -3.844680094780049e-52 -1.5062008372095575e-25 1.67137360151272e-25 9.29244861244796e-72 4.8106391688046945e-64 -2.6857221318390458e-39 -1.682062692390536e-43 5.7684535629745875e-18 -1.002149793528365e-19 1.1648220551047446e-41 1.7991202563945537e-23 -8.322482122060036e-22 -8.632293586804404e-17 -0.2859460313782118
3 3 0.061416713321006164 -1.2809797848234226e-27 -0.002601172819378947 0.029845171955815274 0.7060263712206809 0.29266299673302565 -0.661397671810836 0.2916195689403281 0.181256325685143 7.657337525389093e-37 -0.16225794087781242 0.0601495868857583 0.4181152561294963 -0.13203067290595735 -0.179688212974233 -0.9653817290397012 0.5494499116741475 -1.33295148378231e-40 -1.1747163147322832 0.44673704601140396 -0.21934721196731982
3 3 0.7138425552679512 2.373413517529788e-22 -0.2514688550254645 -0.9301539264244789 0.022167816486386493 0.605813945191771 -1.0979580504274828 -1.0594123882798874 -0.0343761405392851 -2.1197321074347685e-18 -0.00017435296458279326 -0.2546335815590184 -0.04844839033678982 0.4777705722146637 0.004830954657133179 -0.4777048165134653 0.37981117377519635 -4.089346844517867e-27 -1.056121972572324 0.23735009357009354 0.45726493719440053
3 4 1.065701352525247 -1.7711511348364861 0.22110362333240907 -0.3893746770015258 -7.030936376657801e-73 1.206936878055363 0.18502383072208778 0.6226378421915313 0.695379379032684 -0.5198637224206804 -0.7174973851128845 -0.6775399162182152 0.38788040851545796 -0.6068652784747602 -1.3020035001246233e-11 -0.1981289598187484 -0.5701003125502876 3.044436761633198e-16 1.0569659591070502 0.30489019994695893 0.03717082891549676
4 2 -5.787442948229748e-05 -9.395569284996609e-06 -0.22704877738764778
4 2 2.8788202135602286e-08 -0.028840465467117972 -0.43000652605564704
4 2 0.25944793689273654 -0.10161412973916692 0.045975281403051536
4 2 -0.3426762752980836 -0.3276977398725356 -0.13518306088125454
4 2 0.14051309775478107 -0.3825319284509914 -0.0941889536792748
4 2 0.300872684882927 -0.6144225321229134 -0.3771896088817597
4 2 0.16035417177339992 -0.4436463135307767 0.4598484885020686
4 2 -0.3942639028208942 -0.1619668164318016 -0.3913569752155357
4 2 -0.5411533263651203 -0.33019307160360273 -0.1161689530537417
4 2 -0.07514684428505215 0.588656294106193 -0.36417299948562526
4 2 -0.2943117607055158 0.4524751698216102 0.0640610433486277
4 2 0.48479244906763597 0.11473214723198595 0.47798166225686206
4 2 -0.18036647250476892 0.2794391269513926 0.3978668579508369
4 2 -0.45336475579207464 -0.46126269234960443 0.0811768032733592
4 2 -0.42903373165862585 -0.4382299947764469 0.21569858843782874
4 2 0.3130214729391177 0.25016475521738185 0.16883003833672025
4 2 -0.5490837986640665 0.020976879916472662 -0.2820699537213933
4 2 -9.769643011177164e-06 0.006147786789770288 -0.40314856412843536
4 2 -0.7290264188139843 0.17820682829487577 -0.1652197792872249
4 2 0.3721230579306462 0.3558628178388953 -0.207608806543589
4 3 -0.025281565846014764 0.09173335055691469 -0.017086137912070084 -0.07868955898144972 2.8797853423206835e-05 -0.08976066714615333 -0.00019303964300556797 0.0002765839899982026 -0.06653954829883336 -0.006829235001306183 -0.026284247086569592 -0.012962013723110651 -8.764145796388109e-07 0.007294974626166144 -0.00043308056554737886 0.09375950578822427 0.0004534847860998818 -0.0872922650343926 -0.0005621469386034515 6.007601959844039e-05 -0.3654290105883938
4 3 -3.571094484802031e-08 -0.003985019697304983 -0.06131335842731967 -0.014923494546403447 0.02463114330015301 0.04233033130731936 -0.00023037428547866205 -0.02403899597145587 -0.03780731739017776 -8.851471223599283e-05 0.018081446026282994 -0.020024518110959347 -0.08447117345240887 0.02295991359464267 -0.0055668897304997685 0.08939940659034673 -0.010725978528502362 -0.0034145329954432192 -0.016397864813160207 0.08093388492804618 -0.1442419149237866
4 3 -0.07655763242927302 -0.020654404524352875 -0.18649274692620926 0.29176538030562826 0.25718715909533996 -0.07981237778117795 -0.11615438929620708 -0.3917657228195581 0.4781441273958591 -0.7516038622238238 0.011517687538246406 0.31739215144608196 -0.06363161866233047 0.1045338777950757 -0.08803817284018638 -0.09038757430656837 0.342051315105199 -0.0001087878547401505 -0.7413549094157704 -0.5141801894869201 0.18965204173057854
4 3 -0.007500018417232529 0.053901960354525866 -0.23824340968140206 -0.2725246282673154 -0.40442010661372996 -0.4675196569789299 0.1710674337019432 -0.20800541298888747 0.0492547796377068 -0.40587550618552 0.4556306987764521 0.1804251457956354 0.2366813037046167 -0.29249531895589687 -0.4737970120147803 0.057485482698115827 0.3531714017315321 -0.005358693098311 -0.2315165939449916 -0.5880150872226672 0.07531851027609006
4 3 0.05426422637594307 0.05576715563444436 -0.009817299728141925 -0.5043445463785952 -0.038722334059786666 -0.014260493593389122 -0.05604956982973637 -0.17096425873716883 -0.15832277117808052 0.5232927279774792 -0.0995544531162312 -0.12479644330294505 0.22590153608945474 0.3462848694313726 0.13702030870741583 -0.3964548239853476 -0.25530790414488336 -0.08834190960386785 0.09301522881586188 0.5002226586234224 0.12623527643283808
4 3 -0.020948543535468465 0.07355753069921063 0.25586692487835716 0.2719298707988482 -0.2952979691709 0.5408079731218495 0.337206064440398 0.011157720086518157 0.15536029462941012 -0.5530203484334172 0.40582455331002515 -0.06647783200981382 0.26597083466124416 -0.057541419288193896 -0.09544066493673507 0.3579014713465634 0.4691997746443782 -0.003903775042865018 -0.15483463972440978 0.020701089716812227 -0.10929069934663374
4 3 0.005723297229303784 0.01600112859317525 -0.19850762925107532 -0.1694099427250636 0.10027372865512416 -0.5267469772413647 0.29583862986777065 0.36681374043822446 -0.17551751848090608 0.6190817365555247 0.0959090744440661 0.24946553261320256 0.023699890964752824 0.3910414322554119 -0.23633927411379715 -0.4022411327130101 -0.35028352583437805 0.05108496638208659 0.0015539632548165318 -0.08036914445597805 -0.03761311946894936
4 3 -0.043492762437878946 -5.775831054721384e-08 -0.1661915962792911 -0.2964035019366167 0.38922497987356675 -0.8016917684690567 0.4686346030359625 0.07699493801767518 -0.3015614081411848 0.404702637128337 -0.3173222564031194 -0.06526317479688395 0.28367573325360007 0.2561587558268517 0.2588246582232883 0.34385469455818385 -0.259525398453137 -0.007692089153196518 0.22513547874529918 0.421252151017354 -0.20258849891160444
4 3 0.05110126068787174 7.583796480033434e-05 0.10654621263315951 -0.2525401924827016 0.31134356103633226 -0.32083510413951055 0.0020178953991881058 -0.13176265385832128 -0.11491240134688836 0.6214623476056925 -0.34974579552001445 -0.09470101295679949 0.1934399633127935 0.3615822391766863 0.17303581419686134 0.09173146051216675 -0.443922655382696 -0.0024694179484934077 0.17747096777140112 0.3857320226860627 0.2439396679724228
4 3 0.0038861577037493304 -0.00873645435637844 0.056785048590819176 0.14011308287656107 0.20946253552297373 -0.09768869827443381 0.1443268428054719 -0.013327076013271016 0.5888370527085975 -0.24256417369689878 -0.1605402993032068 0.08559761584195323 -0.03406023529452217 -0.20038721707742996 -0.2771738985934913 -0.258245449803982 -0.41315347631281246 -0.09671760613608976 -0.5645812594315212 0.06345152448820668 0.2161659498383361
4 3 0.0036112829813821287 -0.036475654768678034 0.26254683821777297 -0.1514149051243954 -0.32666257052386294 0.26250381831921227 -0.11890949284890832 -0.2657064115538118 -0.2623869902369928 0.43782239521166555 0.1550006866138891 -0.3445593854935035 0.2518921790894961 0.3819692903411719 0.02474560616683468 0.1267883022485138 -0.3631642652781902 -0.015414250355214982 0.5162303596435042 0.08064574292346188 -0.030484804461250053
4 3 0.0009600966867071719 0.002040702754007617 -0.39186320015857773 0.5024327548312367 0.04931328070654455 0.01856671765307592 0.0034440353626732693 0.11164968202072267 0.2597103171348532 -0.2623026361728061 -0.11958634332150543 0.37419714859674025 -0.1795127790405487 -0.012178721131218158 -0.1381885651232396 -0.14111812967972515 -0.14526560060344915 -0.00010273252384330907 -0.4448908058635229 -0.6219932106186655 0.14928462990924582
4 3 6.458406322019431e-05 0.025706852028315207 -0.3000364500971437 0.2988954012769028 -0.11501428079794228 0.4356509741500556 0.28847120106390434 -0.19510538449761014 0.05139682277768775 -0.593163405111187 0.022820494023319857 -0.098772459525456 0.1827733551827085 -0.3574989438744332 -0.0748109634245359 -0.053409526640119706 0.4542248285201849 -0.02509233442361272 -0.13918005055663488 -0.7492684339184026 0.14140200527822946
4 3 -0.0033478536410728125 1.3792087567617854e-07 0.32653198343672224 -0.12712707188264744 -0.2849004626680961 -0.3861493253210787 0.4092182002691065 -0.10207520551432955 -0.44514829890900093 0.20825405622407467 -0.21632945547615573 -0.07020266984345772 0.012711974455753764 0.10386219981383751 -0.29513947354921777 -0.36885214534686067 -0.29525106019090724 -0.0018483361214924861 0.6638612216687056 0.5773632232422431 0.3063444822281936
4 3 3.6885651688092045e-06 -1.599851619184825e-07 -0.009197351824425977 -0.04828103575441943 0.26622641882954495 -0.40836096574538816 0.03665591043559256 -0.19574785741036957 -0.2790821932929683 -0.039064487963962814 -0.008266095994071443 0.17284927662445596 -0.14834585264718148 0.2401264795787415 0.5048099197692281 -0.23267157403387953 -0.007122954018773634 0.07274929011712267 0.016621699885370527 0.5409807129146667 0.05433398544016516
4 3 0.0020091158074340494 -0.005241686140129358 0.17182455128079285 -0.6362413376014826 0.021235126337233946 -0.4532012898538087 -0.10453565981900567 0.2611174851231162 -0.26295279065306365 0.2509954029417922 0.20860305189391323 0.1715547731000558 -0.03486890615128628 0.03698269354261368 0.2916824756342241 -0.2117172720678693 -0.47015873475562603 -0.07496429113184276 -0.005177604000893536 0.6241952738105457 0.011221769604372918
4 3 0.04829980865677986 -0.05952835368969789 -0.04303237069858947 -0.5250758855111082 0.45926548461835537 -0.35925249477134413 0.44782140555456884 0.05959190008550251 -0.5004852364470027 -0.2712217957081787 0.2367769141715879 0.1836478434650798 0.06063941987609313 0.27084829323798676 0.4600156400407538 -0.2852600581647947 0.21981210624549058 0.02708302206858832 -0.09247404098501773 0.23528587580599397 -0.22126656012593598
4 3 -0.018933313491803286 1.5244959277036075e-06 0.4373272653471372 -0.727224527712987 0.4612830602557173 -0.30804623304837747 0.2561670833037883 0.260047580058547 -0.2864360368193993 0.07895742333100897 0.14280054348813717 -0.005421923247061422 0.23078850037364487 0.08713540528549982 -0.27213684051360315 -0.3684757845158323 -0.4968333019260439 0.043707817989277774 0.11891911058271472 0.11276145370214066 0.18121193642478917
4 3 -0.09236247482976877 -0.03981139051393688 0.1245901855429499 0.277399371201136 0.1517359344456808 0.5949270205655653 0.2753196757060631 -0.06609598363230951 0.1305903069649316 -0.000347592568911634 -0.1149755134612633 -0.1185321894295845 -0.44409202262171515 0.08785432086173461 -0.1855050492193342 -0.2589340087985634 0.020713317284181895 0.0003228921030392235 -0.24727665803386303 -0.21335070928080974 -0.04230365266271478
4 3 -1.0380959437686895e-09 0.042850852076383006 -0.3389915260246317 0.10729674325471222 0.2605283737962384 0.5966144005573828 -0.2986863391271918 -0.07248925459942733 0.06658342802564726 -0.0050705571846305815 -0.28492894733509216 0.07490308399853904 -0.058829813830768046 0.07984274911893051 0.2929014477027783 -0.03743438242059071 -0.09486997547329677 0.029213073454042313 -0.3066607768132622 0.44580335022214557 0.07368199124177759
4 4 -0.11439621001710325 -0.09736622593536046 0.3078739421883951 0.48158882427282645 -0.028003093079196115 0.17484934424130816 -0.28348716762897774 -0.5209619093194578 -0.13432535667517428 0.10940689047799239 -0.414290673127421 0.2669551009821091 0.4889973195591602 -0.4747924674197327 -0.25519390382966006 -0.45557785241318416 -0.558968252598084 -0.5367281000350057 0.1544922677001164 0.12148613235195327 0.36724746139726755
5 2 0.7412050902977793 0.49367977511352784 0.28494966864016474
5 2 1.8477682824615877e-74 1.509765239919749e-96 -0.3967238664821709
5 2 0.029082625321847584 -0.11160037615200966 -0.1796519743677403
5 2 0.1725059857109091 0.6057992260480468 0.48884533197049895
5 2 -0.24645349030903063 -0.43096001811169893 0.42746549353104457
5 2 0.6638498362423001 -0.15331756679115338 0.04567546029065017
5 2 0.5523072890970552 -0.11390644378939943 0.18974940278203153
5 2 0.46846388070778766 1.1392308668372246 -0.18976947986186107
5 2 0.44338342570269323 0.8191171245517294 0.4999087205568309
5 2 -0.7791841514151641 0.32694910518138925 0.20317354515215677
5 2 -0.39402590037523216 -0.5006734330665759 0.49636398581150004
5 2 1.4274743762115628e-105 6.537151948409151e-63 -0.4788328985046309
5 2 1.0389413987206877 0.08024365170372419 0.1468818790584157
5 2 0.5911223024453185 -0.2310561903856427 0.30697599429240335
5 2 -0.5980653295126143 1.0796398051021483 -0.30771401286145295
5 2 0.36254398522914466 -0.3351019864470607 0.3842698896350996
5 2 -0.481432564019368 0.6519766323336501 0.7152288923481388
5 2 -2.805654081135117e-56 -8.012887642805868e-98 -0.4154016075411921
5 2 -6.355683058191502e-100 -4.2022699641753998e-106 -0.21366864728208762
5 2 0.9692097837575646 0.05286752441713545 -0.21599294481033562
5 3 -0.34434942391668066 -8.714049938175362e-87 -6.86111612339491e-67 0.3352195270453938 -0.48762128926072834 -0.30510929876024323 -0.7165651333504823 -0.8885812654703505 0.5102316099650236 0.3332440603234322 -0.4231252404292563 -1.1592645992039433e-65 0.8006432008200675 -0.9199099729787604 -0.3141226892767525 -0.4061648183031573 0.5965048940841025 1.587090852823203e-50 6.377126964291242e-73 0.3959145120188525 0.3062729548536287
5 3 8.856554549428714e-73 1.297314050221733e-105 4.848908258608019e-62 -3.0620628008452006e-88 -3.704931602613068e-69 -7.371179964557905e-112 1.8278082852813694e-49 1.2647416724678868e-81 -2.1931374534861194e-105 -3.113539839115824e-50 2.7826607842510993e-101 -9.163691096683532e-55 4.74926639861375e-84 -1.6358118492716011e-111 -8.394670014901302e-114 -6.116822089058245e-47 4.717235821786804e-70 -8.720686012780902e-87 2.9752286983190797e-104 6.574018961042038e-94 -0.3300935108455607
5 3 1.983108307017826e-68 1.0101406185949805e-88 -2.5626319127842355e-83 -4.20431227573984e-108 9.1882162083513e-55 3.785524068176378e-54 -1.359318116428282e-58 1.3871459585625995e-111 -3.0829834083159105e-58 5.157949766895184e-48 7.834799361143491e-64 6.035402136775978e-78 -2.7265934149163386e-70 1.2920942738950409e-93 9.544597632021583e-64 -7.175479556922351e-98 4.514115471922714e-109 2.4832149748237855e-58 1.768107522797741e-111 2.004604411142409e-58 -0.217191084038782
5 3 -0.0888711511781922 5.994491832682823e-70 -1.1575418870203255e-07 -0.9912421703426628 0.023592379018727273 -0.10968046554482949 -0.36613650138519627 0.6363150030189291 -0.47475259324485214 -0.7504222588106001 0.4500808842671273 -5.680581236482591e-52 -0.07731003081389583 0.3535591404182253 0.014558488063163913 0.4084945843495139 -1.512297622285145 2.1703513970258324e-79 4.083168470506948e-60 -0.14294112192398717 0.10279011568158006
5 3 -0.29781534488215594 1.0401397515502529e-49 9.479274536496386e-06 0.06901935811010038 0.2593171149471021 -0.37283297296687884 -0.6246808220490133 -0.9569213992668354 0.31187263051590314 -0.41318736468758066 0.2926334933190549 2.8264151538847824e-101 0.0922548597063826 -0.5071610460607879 -1.7860158395738772 -0.04513255349659397 0.45248095375125297 -6.1040669154505155e-108 -3.650154731082084e-85 -1.2510415607194643 0.291583703967116
5 3 -2.409517425535346e-67 1.5336896651029714e-102 -8.572947003518042e-111 -5.454206463688721e-111 6.949342959124727e-52 -2.007913337118326e-76 -8.800994862293358e-84 -1.4079798551981738e-90 1.227366447233035e-112 -2.3924451527031465e-50 -2.977283023384419e-94 3.457674414890829e-62 -2.2768948985235517e-109 -3.017060765287745e-110 -1.7731548983926848e-47 3.0655934664190983e-109 3.962395384417994e-74 -4.3162817605637196e-101 1.7231618840826924e-108 -9.022337790063617e-71 -0.22356547409462174
5 3 -0.9473002014236336 1.526720009444124e-102 8.551817020441356e-07 0.05295352462476591 0.27214295893507934 0.5945243867720862 0.13680244367150352 -0.3012958323624895 -0.7810111850709938 -1.2388490564860901 -0.16479607750829026 1.0021274349923534e-88 -0.40931560080106777 0.61028198748175 2.7247432748339204e-65 0.33875810563814274 -0.5079190137552354 8.176234027927393e-53 -3.941432235518664e-104 -0.8643383922980458 0.3545276582387477
5 3 0.038114800052280615 1.732458496409186e-107 2.0060672389986675e-07 0.024048299883340864 0.3420157530757591 0.13501196028741697 0.4894929444847564 0.4098114969479103 0.33352361669688324 -0.06351474630740389 -0.08290852657617395 3.22722944334305e-110 -0.029594470716467414 -0.05103254820882781 0.1398740847147236 -0.06422379212537158 0.17694877605887704 5.948759556017386e-51 4.425761067230896e-61 0.16683927570138615 0.269992496496108
5 3 -0.44320530238673955 2.515172558145756e-47 2.3025366669054886e-64 0.2693375589896801 0.19049351495450637 0.8259598039723467 -0.5052978307620607 -0.8522395241647783 0.3768645521363591 -0.3013888825535571 -0.1769384503711773 3.279800095932274e-103 0.36291053125923745 0.004887039326758842 -1.3606252243575927 0.30899718862368164 -0.1031348042973971 4.1810336477324907e-91 -1.7207662849613786e-74 0.5214756994212525 0.4078310146792799
5 3 0.3403547447977434 -8.921626066149772e-102 -1.4537949820521136e-107 -0.07078913844568906 -0.5589948121403675 0.2930649502908026 0.35230136377089016 0.47221897856812106 -0.12528305466060322 -0.6388193860279598 -0.08492138167455497 7.626417319462207e-47 0.0761962190277601 -0.31564602348517007 0.8661226421471513 0.0002768394325811671 0.05406323843552385 2.4865876796709835e-101 -7.725518956053917e-105 -0.058418591496708104 -0.1508569344215438
5 3 0.3389604147597779 2.89882351240082e-109 4.816501661697325e-112 0.4620515437929481 -0.2434177811409241 -0.5142911471665558 -0.17268962495038345 -0.3217948888804812 -0.36837844842009304 0.11838932160658569 0.05569930817695757 -3.1483694863053236e-60 0.03698880369497465 -0.004377203912495606 0.03137208602990137 -0.2769811927687059 0.3809061950873608 -1.916636790870702e-67 -6.64357118772406e-87 0.08584945616103204 0.2326005623261084
5 3 -0.3506127334172703 1.4773561219302675e-67 -5.4908733556400514e-40 0.004907991817947128 0.11456770801146414 0.004907345153976547 0.45469691315035043 0.30120849520612963 -0.029954426173753847 0.3339051894743701 -0.040581544365207056 -5.027833955275589e-66 0.16228309500046859 0.4222236778085993 0.10458086126427085 0.41701688342671994 0.1852006593998729 -1.5136163041625384e-71 9.078503810718546e-86 0.033059010102555575 -0.0531300202964047
5 3 0.2369972168447139 4.676774681018908e-77 -1.8964851483244924e-21 0.24146088065759475 0.13440776133571494 0.2165579054349174 0.42516839914940774 -0.13717587586614335 0.1959694456392453 0.14860681083596852 -0.041765697653150344 -1.7008335315375586e-67 -0.23648271788058609 0.4204169231718011 -1.0175163099931923 -0.005620890811885361 0.19045364426571815 9.173730985647525e-53 -3.6426605424217195e-103 0.24360124421770238 -0.07365043667876456
5 3 0.46423302865580973 -2.403284239622469e-46 -2.5472298212158415e-15 0.3281850433621496 0.12426172866759361 -0.22587878802566913 0.5965379345020477 -0.013227373957080976 0.19036592499354524 0.07995629037886197 0.5623308327053219 3.1268766337769853e-78 -0.09997967237222025 0.561299142879969 -1.0634443132050044 0.40115642142857516 -0.19557043605819088 -1.4686896051806106e-113 4.1629494172503424e-109 -0.09780698938229408 0.11001636571355564
5 3 0.35470222944638613 6.091720869684953e-70 -1.6629014281258756e-07 0.34574365199354623 0.2838030233960243 0.2426360002086617 -0.3763006480211012 -0.24552644602588508 0.03363916226983816 0.13181397472629783 0.19836788295141128 2.3136228148339038e-79 0.3019997538232519 -0.16609762352097093 0.31226685160993983 -0.03208267568245503 -0.2948870592155128 -1.3391267507821747e-53 1.5413658930869971e-59 -0.31233794841674456 -0.01748311218406011
5 3 -0.2990315710237872 -1.5257519687994896e-68 4.1200744232339186e-10 0.19834007729959144 0.10394569625293001 -0.15306993436727878 0.06909161598836949 0.019500134496660625 -0.2741742332700892 -0.032975244314624653 -0.010224711888790546 3.539228181325101e-60 0.14540100342562007 -0.2638132815871947 0.41450699801304225 0.1955872265984158 0.28617003792248047 3.558628428662237e-47 -3.595822176518947e-54 -0.012705367947126218 0.3549751454617153
5 3 0.30366612217268113 -1.3145450002030943e-95 1.5105241605082554e-12 -0.23040759116061219 -0.2290431600007347 -0.09303415643412304 0.1978517160432152 -0.1630466975630893 0.07027730329272987 0.28518319161036787 0.3241836813852357 6.789045889665674e-52 -0.05428854896029838 -0.3453324035835433 0.028628370901963462 -0.21225065621352618 0.3034322235125175 -2.804530100755286e-78 1.520401029491669e-114 0.359182936580289 0.1804946760997028
5 3 0.26045773434709313 -2.9826960297540977e-62 -2.671135447238918e-65 0.3857191861853095 0.40473713750039275 -0.9911582555029903 -0.10111052644360391 0.4325479159389621 0.15641736977505544 0.3071339490257348 -0.06539571433077525 -1.2217832152767296e-58 -1.0806170984885135 0.23580823397063655 -1.0833853223593304 -0.2363591087887804 -0.2290917546077199 -2.222153868249557e-58 1.561635890306387e-98 -0.6597271072884008 0.06371935688993176
5 3 -0.20210932220997144 2.5671819139159697e-59 -9.50501524771549e-82 0.012870517392738619 -0.0670649865346804 -0.13188221514958084 0.41997798013048515 -0.07804948107630871 0.24063793881416584 -0.023624779428961205 -0.18305665309239305 -3.414309871383255e-67 -1.0544545287573752 -0.06065295134613825 -0.029041982434707 0.2446197364273382 0.25836068207820434 1.8143592533437124e-49 -4.1972041482025624e-106 -1.065488862637287 0.29599029596756793
5 3 0.2571632665123997 -1.1729919373403142e-89 0.00012626320078319435 -0.024556593353115917 0.08897956565589056 0.42155900013670267 -0.07889188793799562 0.2890006468765099 -0.2881975113311801 -1.0213097108686928 0.07947188396652367 -3.4171241285201824e-62 0.3384651440505117 -0.136382910403443 -0.08945315493038818 0.407955559365835 0.1597035918451208 -1.6792903248802284e-105 2.2942580731568537e-58 0.1029469427932116 0.042534985845062954
5 4 -0.7471191858980373 8.303759493616715e-98 3.299295334276438e-40 1.6522772749455916 -1.247178486570256 -3.6133603105920356e-113 -1.3954035899495594 0.2667040556440712 -0.5462277261869738 -0.627710871970622 0.40950912241565246 0.09756892216676284 0.25778802486225294 0.35462348002039773 -0.19135118919798794 -0.09260463856933683 -0.16480096212624257 1.0695797960770481 0.4078383060017882 -0.653585670894253 0.23544255252891486
