Number of NNs: 3
NN configuration 1: 2 20 20 1
NN configuration 2: 2 20 20 1
NN configuration 3: 2 20 20 1
NN Layer Weights Bias
1 2 -0.23787124559785872 -0.5034264221647488 0.4209109808433315
1 2 1.3177279000288842 -0.18668033494598202 -0.16619165290919977
1 2 0.26103296704700296 -1.0803374019179268 -0.240896049615536
1 2 0.15651326746054053 -0.6949445454089587 0.1274707841667251
1 2 0.2845401040503419 0.12094916583997978 -0.1591443819883236
1 2 -0.5415959373745588 -0.46989784422989594 -0.2211845948663558
1 2 0.03750946470066662 0.03209445391333094 -0.06777734226503379
1 2 0.1761746003790343 -0.22823030054342114 -0.39237210360947516
1 2 -1.0421537495895281 0.30098899051755074 0.44681785685000336
1 2 0.12713981195247734 0.6407621841511629 -0.33816208952066157
1 2 0.3050908724199435 0.8696432373556715 -0.19100784785102548
1 2 0.5239458873347714 0.32078153964156425 -0.4615312206648097
1 2 0.4864221052268733 -0.3878014027159646 -0.1968669662143342
1 2 -0.40368305557893747 -0.17519907231011944 0.46882044664406025
1 2 0.34776472029441907 -0.41141025803321285 0.4734541263518298
1 2 0.3882209636536523 0.3056620530631899 -0.005276204765246917
1 2 0.9285885745237067 -0.7980212771466257 0.34920310545782196
1 2 -0.3781685411623006 -0.13512984000449468 0.36119945896717986
1 2 0.6668941403921188 0.3833834848322142 0.4312527871198569
1 2 -0.8585572397596797 0.7429620717065246 -0.10594231558524887
1 3 1.721863070264796e-70 -4.999188101192736e-40 -1.931271953624835e-37 9.245212358660533e-87 3.01020330464887e-44 6.844940465063083e-42 -1.2539594384872239e-82 1.8165184405874176e-92 -5.623061638794057e-40 -1.2612536004717807e-89 -2.816657195649245e-103 -1.605661522779931e-58 1.0732299488400648e-85 -4.513531096737192e-72 -1.0362542957756625e-43 1.0811637997002294e-54 -1.6134356640160438e-80 -6.742563882393415e-93 6.655119819435494e-55 1.649294714402627e-47 -0.32353720051743845
1 3 -0.07370097697447246 0.05699990441472634 0.9071938018711859 -0.2703780666423775 0.06736164977138481 0.05063972865985038 -0.09368570744965779 -0.08086114223726477 -0.13444206084327764 0.3904806647812345 -0.30653713703375374 -0.042119989656255526 0.2634002671281523 -0.15529998727227362 -0.1643098763836924 -0.0650417991484612 0.4250366119931429 0.012960956817091952 -0.048216299898409525 -0.02116087498872249 0.36727669755950976
1 3 -1.049769756610673e-81 2.900528667726565e-40 -7.095733120573447e-105 -2.130594116975772e-101 1.2802269493509612e-74 9.532790656616518e-107 -1.84569504309921e-102 5.1146315301122297e-101 -1.4682125778477734e-45 1.7545967641400852e-48 7.0246243337059265e-93 2.2592434446957065e-82 -1.2545093856714918e-62 -6.175995798686151e-44 -2.7830022080068766e-69 -6.466499742413197e-43 -5.0047996377549465e-73 3.5246880832911484e-86 -3.3405767427470466e-50 -1.0839956908876409e-106 -0.15027815793554408
1 3 0.09861464909393909 -0.9301571430026399 0.3844391452411164 0.3470255335811595 -1.3224845631861033e-101 0.4608042485055085 4.108268714315816e-63 1.529014016733214e-63 -0.6346911748265545 5.317791137629575e-73 -0.7486151459618103 8.121288145609899e-88 0.4914688998851209 0.060746676532821994 0.017879583275587432 -0.885065759785448 -0.012749501783583158 0.06933362708952515 -0.4512327598132639 0.7484686622978257 -0.1003446478710249
1 3 0.4581029431307765 -0.8900071511153214 0.6355066094328311 -0.8168046361967802 5.0170412507350175e-90 -0.5857273766463641 0.047875067185964335 0.2601447676272811 -0.04236086602329297 -0.6841479449936456 -1.1224743225043303 -2.643510683749571e-94 -0.4990905561821785 0.2006729511443862 0.264857140286879 0.24518844589503438 0.03446066193449571 -0.020617100271514748 0.29424599162541765 -0.4926538196148524 -0.034291083602094895
1 3 1.079256828965708e-39 -6.723156116837843e-84 -1.0383233236965612e-52 -1.4142454212257247e-45 -5.209994498161748e-87 4.585562496137164e-83 1.0896189878780665e-101 1.0220875817678819e-94 -2.7312339630330646e-55 1.3643023999940305e-88 1.357957469209725e-51 1.63567847714398e-95 1.2242486866947216e-83 -1.0620095612636899e-76 1.896262907297028e-83 1.1606195539643885e-67 1.4092494012969485e-66 -1.045172975198878e-43 -3.4125848899598016e-93 7.5845344150071e-39 -0.3517992602718657
1 3 0.2153732362197537 -0.007080692024844813 -0.3450519032938601 0.276393061378716 0.28659299100671864 -0.024811591907997532 0.053437931382900976 0.07014843219546048 -0.2884282550854283 -0.0479053164976617 0.3394390471087189 -0.05811842754649629 -0.15461884044224952 0.26819968316214 -0.049263035907060757 0.05708800902143457 0.06144914061812375 -0.27177769143809755 -0.26645797728418036 7.135634024500414e-99 -0.12886027934026748
1 3 -0.09125421533556746 0.5026195027429573 0.2783250407786999 -0.14398291867407992 1.3059167286413673 0.5332956556262132 -0.0013693391596719358 -1.6318810965247906e-13 -0.16308044211693903 1.419378591923678 -0.12699685897278387 -0.6833402421922683 0.6162525555545756 0.3425315392637946 -0.04573664954164904 -0.1471152028763712 0.33293921027864337 0.31130567733300635 -0.63965587557398 0.8228530718444927 -0.41951804582689417
1 3 -0.01657940401744187 0.10089933717771157 0.8212638314514907 -0.013209455316353869 -0.3686761751950678 -0.3609170893548019 -0.13823758188999477 -0.20590555958486223 -0.10168688213364956 0.5411473725579452 0.10560817069673999 -0.17075289472168606 0.3319838475204511 -0.06817647272457329 -0.03777972583265457 -0.13628568150266698 0.17146955857752572 0.08152545846469104 -0.10645589192798594 0.11782658514183436 0.17870295852765125
1 3 0.42168542775623724 -1.3983875726866828 0.3165491515883124 -0.2014574438865475 -6.963854577711141e-41 -0.14236591967935158 -0.09936152663403729 0.018914900680143572 -0.1543581372353151 0.4413190766871941 -0.7069853284987505 -1.3861624337962559e-42 -0.07647798263890271 0.41296808319204203 0.3736975418295383 -0.2705116073385403 0.09707216972061317 0.35984159961406137 0.23021080031700575 0.19466712940675238 -0.30203493077268445
1 3 0.2531801331530026 -0.14786324299874942 -0.7767477039287616 0.45752616936206764 0.09553983513667498 0.3653434415601336 0.2421570140886246 -0.14835857891612905 0.22520073084034087 0.17961055645539611 0.10423607898359821 0.1799576776056314 0.23075697447643065 0.015280270817472482 0.2140803408778357 0.20868445777452269 0.0802731957175135 -0.10163759200266292 -0.3357986148108969 -0.06625058062272364 0.2808327334408542
1 3 -0.3679014562223882 0.37864043232784317 -0.4051180502833507 -0.1045528024816843 -1.2124835047147704 0.3281183032103557 -0.6094663124988693 4.254099738881302e-79 -0.043268128219516436 0.3768515949071428 0.2419288074935315 -0.803285518053429 0.23966422726048206 -0.26172270309752893 -0.9157148596464753 0.20958508346607307 0.44000095362210573 -0.20014984801672844 0.21993467256387642 0.45989910589130095 0.14252521109026675
1 3 0.017969868319553984 -1.4700379781946078e-43 0.09313673376933002 -0.06051934426931892 7.338766526822197e-56 0.060531288093458466 8.906313234630042e-05 -4.166310401077906e-83 0.42582494437529483 0.7239788589637441 -0.8392733116902962 -5.867534057954096e-96 7.943454855184457e-08 0.3134198675409515 0.09320243288980937 -1.2168218868339407 -1.291608872543885 0.1979596054249163 -0.828980201982602 0.5848272217950429 0.1318572894058092
1 3 4.394137529977114e-53 -1.0527572100654e-94 -6.29700383866706e-83 -1.1000927682734241e-69 -1.0147432070005057e-52 2.18362217378839e-88 1.0639395072747628e-78 -7.3497901812825e-46 1.8217355986147467e-58 -4.128812129885024e-41 -1.3564671439505936e-100 -8.713352548632554e-91 1.144264838532975e-82 -8.049015740344608e-50 1.4784991701265988e-93 -4.3289343810259783e-94 -1.2394300075289708e-82 1.4518619326341693e-85 -1.0618769439159885e-80 -2.0560332404150737e-62 -0.11179559020001889
1 3 -0.0713121081861272 -1.0517228175122533 -0.8352479702997421 0.3776054636152109 -0.831197311294776 -0.08521796482636923 -0.3710605060870961 -0.12370148343955391 0.16951381069623453 -0.8014656578477979 -0.052920190870661146 -0.00024473095357700335 -0.17028845617447938 0.19930275513277307 0.23641065988473542 -0.11796559142582912 -0.5339463243591969 -0.03682064700779757 -0.36322253410156885 0.5701311041230246 0.3752494566839351
1 3 -0.4050023357231843 -0.20745960663103505 -0.00034278025496957117 0.08346893126277197 -0.40024510886255704 -1.2860040670747241e-42 0.3051528578134488 0.051700404432444606 0.009690555682179433 -0.16091630325709844 0.13849084043631477 -0.2237960829072649 0.23526306815021844 0.2914891835697316 -0.014803069095498353 0.2921327914475414 0.03148981249571383 -0.311609383292005 -0.21520061974571955 -0.3158666761004727 0.046902802542084274
1 3 4.0530518079330663e-50 1.0449519430069754e-81 -1.091062008065687e-61 -4.21156226103401e-44 7.71678008669259e-62 5.110515303848569e-99 -4.098582467791403e-39 1.2365481304461785e-72 -1.990556068825573e-60 3.294105029902115e-69 -3.484401848647214e-102 -9.363664846272115e-43 -5.3173761177719057e-73 2.1576929872609345e-57 2.412681228941651e-48 4.7846267594457854e-82 -4.3216055028564685e-68 -1.529024446952475e-48 1.4875999455085588e-47 -1.2640786236947737e-84 -0.3868205084462243
1 3 0.44553531037391764 0.6777591234541183 -1.1575199018717308 -0.21476391686743493 -0.14216639599372058 0.09489483407844403 -0.0748045117175929 2.479306973271566e-102 0.30421662073292594 0.9936972512502708 -0.19347543654907226 -0.3427148954234453 0.06637385487764823 0.3221780481456898 -0.4833532412098133 -0.27961433286033904 -0.7787708261252044 -0.007646183079139331 -0.27704999457423674 0.1317134607107026 -0.059165242063820414
1 3 1.5611084003394838e-43 1.6433030421342848e-61 -3.6028633577917808e-90 2.456965785217962e-53 -9.315248869532394e-49 -3.531779289135554e-96 1.027499422911487e-78 -3.2893199714972807e-69 8.054332074163727e-82 -2.3851564931270526e-105 -9.112238177700994e-58 8.885848270047082e-92 -3.3526102041577017e-105 5.144138833684333e-103 1.7107841164314773e-94 9.432355560795561e-53 -1.120317604731962e-88 8.59283320224265e-40 1.6104888618191618e-99 -5.228604407463926e-53 -0.33872029861927905
1 3 -0.16796795065567063 0.4657418326851301 -1.22532247396625 0.48526402904636207 0.30046648288549765 0.15342122612692813 -0.30592550336649843 -0.030854010833687853 0.5925898153583321 -0.25379338990615324 0.08240039156254649 0.03874487302622211 -0.28138828827636136 -0.1955896797923781 0.06747324741151474 0.27614473443786336 -0.1857852037377384 0.04052583882224471 0.26261922638697605 0.3010206731652345 0.27999728303732757
1 4 -1.1301222550673223e-70 -0.25173161002410477 -1.083452405887226e-94 1.0513034565537172 -1.1067935500657489 -2.4637642299077757e-66 0.3798335757738887 1.204675422874977 -0.6489682543203058 -0.6427650246263303 0.533444609746403 -1.4810186266996423 -0.9603491724226951 1.350326873171186e-41 0.5828896987399579 0.4747197644371586 -1.227515919736343e-70 -0.8603582285675841 1.1302830014183287e-46 0.6598161783164413 0.11934359357420887
2 2 0.3248495104655547 -0.053953343059668694 0.35573004086604687
2 2 2.4653825608798537e-17 -7.828202884510122e-83 -0.4816162148470644
2 2 -0.8581873662271738 -0.5177500079268011 -0.11976581399913337
2 2 0.16090131082557477 -0.8549895414202776 0.42902907183891364
2 2 0.32318973291025344 -0.49147828629895873 -0.29725555991347774
2 2 -0.05437848699581487 -0.5071570150374181 0.38795921527866856
2 2 0.29192839253734465 0.9220884395856035 0.0022444220512883623
2 2 1.126979736386931 -1.4056446055363088 0.0946354603235548
2 2 -0.015137738430610677 -0.8527631155244053 -0.22126063586842135
2 2 -0.7339199666356269 -0.11620997504648913 0.2658146634446243
2 2 0.8425202721259364 0.7959096860222226 0.3434170004581866
2 2 4.321631991832851e-85 2.4547625811312084e-71 -0.40738256179679855
2 2 -2.7073396794170113e-65 1.2679296516367297e-58 -0.4746554200969912
2 2 0.21879207894788236 0.058534658736953266 0.2521604627770408
2 2 -1.4876294271765647 1.3044533436532457 0.038427171552103144
2 2 -0.0594279563599142 -0.6327212476911114 -0.28985140246700514
2 2 -0.845461564545649 -0.2967277786243162 0.6239092717158968
2 2 -0.9087681916372783 -0.06278868768511843 -0.15199227765246226
2 2 -6.11824787939892e-37 6.259168949104967e-58 -0.45423300808308215
2 2 0.3824084890892114 0.3717256580938422 -0.23239341785815018
2 3 0.2879519596610729 -1.6589466573445744e-66 0.6694479167106095 -0.5826657539309178 0.4599164948791072 0.04411932275193082 0.19350788773823888 0.8546658415102077 -0.17558817425871057 -0.7301857381783122 0.3064245771357265 -1.0064165988929324e-82 2.130249729530908e-45 0.24760424780383408 0.8085911912035063 0.17704533769200453 -0.23315839018640688 0.3997606120308266 -1.2911534615550741e-51 -0.538963186491706 -0.0879068050544713
2 3 -1.0624394761972959e-26 -8.560044076265968e-50 6.736655273276888e-34 -3.397493722181232e-41 -6.808298479717289e-39 3.7167987867594605e-39 5.026766441312052e-50 -2.4914657401739647e-23 -1.7651570554181504e-65 -3.610149122247067e-22 1.0685661675779702e-26 8.368277437857817e-36 -2.42151436909851e-71 4.637181313741827e-85 -1.7615789720472034e-29 6.235821333911928e-33 2.719528270957911e-48 2.244545613757063e-86 6.946668601038981e-80 1.2037095601880345e-38 -0.3131653625321197
2 3 1.1350744709085182e-85 -2.238037229115417e-23 -2.4887242281305206e-57 -6.6010303650849255e-25 5.211392373072417e-25 1.271366933095956e-41 -5.1476015845700315e-59 5.122855974036364e-56 1.8992507555470466e-23 3.785167688815912e-79 -1.9400108660599906e-53 1.2086539970093927e-76 -2.809742101709618e-66 -2.3762504864640823e-24 8.80323832408304e-74 -3.826118179359241e-62 -2.848562133326185e-66 1.613193573935659e-82 -1.7624267691696954e-53 -1.260605078105839e-57 -0.3668338526840057
2 3 -0.6179095717069055 -1.6133320243177165e-65 -0.73583966643753 0.1685772511394241 -0.6400209304082584 -0.33994968834645006 -0.3674620079676748 0.4639000587920983 0.3204494914262269 0.09585750435919459 -0.5633088574739972 1.2564207561987625e-83 -1.1106476050136416e-49 -0.1587658074644696 0.8513899310136137 -0.00029379935827975604 0.14286597143688154 -0.2947720307577312 -1.1110646257563203e-70 0.4533297947520492 0.10103336854778604
2 3 0.15264560735317337 -3.332154190686268e-23 -1.374882509091004 0.6139938179965327 0.8809041222388402 -0.48708070989919744 0.5616902552676966 0.17886432368991367 -0.4928058844665918 0.38532016326453017 0.3155732481554875 -5.128951257769384e-23 -2.2244649876400205e-66 -0.04883810671322201 0.14941759080411393 0.3590571537680484 -0.7596061658115906 -0.508069008089442 6.05154641349378e-45 0.6289484637262694 -0.37299273440465996
2 3 4.879387177838e-81 1.0916996846715735e-54 9.155744051155854e-70 -2.869830784032252e-25 -2.212432423546491e-65 1.8906975774582e-70 -4.555475353121743e-53 -2.3681254416933615e-74 -1.985061766644564e-21 1.303234687449796e-84 -4.067937240891746e-40 1.357461968974808e-41 6.105777940442894e-43 -1.7141114793460468e-73 3.031935569268088e-36 6.201906451851043e-69 -5.873169369219718e-22 1.9951903926449424e-74 -5.82442128281603e-69 -1.8710736679165162e-29 -0.026416825176785286
2 3 0.09074797507955541 2.033046251701476e-39 0.21584614602458907 0.22645477238293027 0.14973709002522437 0.40146260533105305 9.433886384077909e-64 0.366442727718102 0.27172762168955217 -0.42123936215240876 -0.6799076908675631 4.403194312692875e-56 1.78811231055194e-62 -0.4010829829212713 6.146033236440741e-23 0.6722099925492857 -0.3040847716949733 -0.380304432618705 6.922207040995736e-28 -0.02743139718276183 -0.34880614570904056
2 3 0.17663532482666283 -1.5647536860093306e-67 0.4137572815283994 -0.1540226120342832 0.049372289284199865 -0.3070076376173345 0.3912081153940924 -0.1987245593155861 -0.2451763562027316 0.15974728722365378 0.1586783928173587 7.076068573497613e-67 -6.931313865306648e-33 -0.05484523090913373 -0.5368573667597937 -0.1698806120346972 0.05824705249237908 0.027946367336849222 -5.117886811422925e-48 -0.268291005958924 0.3728224138569853
2 3 0.16528706068370466 1.8805396081187447e-71 -0.4991006566107461 0.47036283982397725 -0.4570369162664472 -0.1615421050239287 -0.6159106601073983 0.13373277021802585 0.4216203717626472 0.0041631302916440805 0.08164116405245052 5.6213571113782285e-59 -5.078678441559763e-60 0.4035798609726421 -0.4248563624075094 0.24502382595585387 0.10600895370035453 -0.06825633579454565 3.050728677695669e-26 0.23238006498937946 0.40952154473587554
2 3 -0.44855643841104575 -1.3249805226131257e-70 -0.3944603584428842 -0.08703072895016545 -0.19251520278382742 -0.816339216299569 0.056934532555080096 0.29570303475675774 0.1559122951221489 -0.3180981293156611 0.28389563434788945 -1.310200380751668e-29 5.0571344550688606e-61 0.017533867298924578 0.5286230735602883 0.304449248823455 0.07243173195794764 -1.3876621392413202 -3.927622755798853e-77 0.17805434994879962 -0.40836082064066986
2 3 -0.09023827847929321 -7.448744940267104e-85 -0.36965396598974737 0.4396929864884775 -0.5616291727202507 0.2174277367135515 -0.31888341298812256 -0.1508656720075307 0.3652298355238498 0.22507292677080795 0.23811835752013988 4.1475727328383233e-48 -4.1572219312694317e-53 0.3846957455889336 0.5444687594914334 0.47959137052449785 -0.09185281442158115 0.29403653840325256 -2.753336694411524e-79 0.6093886340628 0.4033320029535486
2 3 -0.14862298954925043 -2.357083819747299e-76 0.3819476234948247 -0.3173778796991161 0.8772874948213614 -0.125059489463833 -0.02300292971673347 0.26878698845372007 -0.8050390792816444 -0.17775159778988348 0.2483199372347676 5.0048219063594705e-25 1.7437652102758603e-73 -0.16421512850415873 -0.548483053734862 0.06086972251887012 0.677810743608534 -0.9066540383357684 -7.279022462443689e-78 -0.6650640402306417 0.288192815971156
2 3 0.1584887801803752 -6.104071337530411e-43 0.11145431102988443 -0.3976396155647652 0.6265542184522928 0.1902218282410097 0.13311488542334995 0.05528875959035925 -0.04935669302106221 0.32355028432808614 -0.4587067147175211 -6.632547196188117e-25 5.847253370744806e-72 -0.12252480478644896 -0.013041806305381513 -0.1539823085174971 0.17046180468564612 -0.25733853311217436 -2.1282480129204464e-64 -0.46342406787223983 0.44775230965443497
2 3 0.03777521923357332 -1.919421042104051e-36 -0.5121133460504385 0.40255366117236374 -0.30224199910636207 -0.150961575782793 0.9008663630509807 0.748678309705322 0.7126668916523952 0.182226553691371 -0.7890931438972594 5.371629013717193e-48 -6.337772967140162e-50 0.30683225676681675 -0.11454671816921434 -0.9931512284087669 -0.3748813853783911 -0.4577910357731943 1.9819464816705667e-75 -0.004987210701611215 -0.1845095600264793
2 3 0.07039760018108063 3.745960946747075e-33 8.966128899026042e-81 -0.04321944200070891 -0.1891021045203391 -0.07676684565838546 -0.6032032929490745 0.23291874379353927 -0.09613976227153699 -0.159055114145083 -0.20706959843704223 -3.101897762046635e-48 6.063523502361315e-44 0.013181792953446955 1.3872329927879545e-22 -0.11105090752380305 -0.3695519072592934 1.4709841957262868e-45 1.8448927812728058e-72 -0.5736729885757873 -0.0448409235408956
2 3 0.241773102572242 -1.572255974827569e-82 -0.05841471057944021 0.3441690560380618 4.224554247490106e-46 0.8513863882008998 0.3785930874336211 -0.43669232475170755 -0.06841627331859945 -0.0299861893879793 0.35202666840377994 -4.9663873775332713e-42 1.367362107704655e-79 -0.6154373514916327 -0.10021846467507883 -0.09833958898404294 -0.08466853734752593 -0.06743029555827312 1.1298967641962634e-29 0.0754378701556841 -0.547489865757654
2 3 6.523482225723105e-85 2.607214343465561e-65 -1.4872727329626535e-32 1.4042160009949437e-36 -1.0853855111096271e-81 -2.048970460592366e-27 -7.816020522615414e-37 1.4933677907909577e-59 -1.2730693513688333e-79 2.2162774083629243e-48 -4.7387888084143275e-77 -1.0221229556569025e-54 -4.87604794658718e-71 3.894948727210243e-61 2.492133463395006e-65 -6.75349714550903e-39 -7.254058654969225e-34 1.9113583583443747e-27 -1.894008776167858e-71 5.768683380946488e-30 -0.26389954988440484
2 3 0.1691685547653002 1.5015525304642445e-39 -0.38099045000488113 -0.02508855125229808 0.5532849355756465 -0.11723229249676798 -0.051204563365253246 -0.0034496643913550203 -0.829054041519188 -0.2309129540975637 -0.5556102941179374 2.6602175958097707e-61 -1.1762250289319387e-27 -0.2370824876185219 0.23853300689977924 0.4074118564445105 0.2543229993289605 -2.275786168931188 -8.813124654516228e-76 -0.06402113304675129 0.2486944083928425
2 3 -9.375739598543761e-77 -2.1909516147715893e-82 -5.63704622250771e-27 1.310691872136727e-74 -2.836983223362942e-53 2.952730685630376e-60 1.720569237898578e-76 -3.3625070053404154e-47 -1.0797866744553886e-22 3.258358369025355e-78 4.384628646430266e-48 1.0943039783146137e-41 3.0123238411470716e-22 -9.495867430618725e-71 2.0972081676815223e-36 -2.477189276628589e-41 1.6286447213720975e-74 -3.693191433004286e-27 -1.1597221941745078e-81 -2.1156779655992965e-82 -0.33386347813622913
2 3 0.021567677770570236 -5.3280605637963186e-76 0.16269413370633573 -0.04750368890157946 0.6190644774943873 0.21644909468900314 0.2513502738192898 -0.12983329104035274 0.009775887671936975 -0.23037324484635444 0.1747492931027167 -2.7651141390344605e-33 3.752034338962186e-73 0.34622784039662763 -0.009593416192085714 -0.11988196285585208 -0.03667736801667914 -0.19208128932909876 -1.510485816950543e-85 -0.18337632289384914 0.2585681851967331
2 4 1.3098317856134818 -2.1844505160997593e-17 -6.486830609053442e-25 -1.1212147691294383 -1.2714102480073766 -5.8402211558887414e-27 1.1785818907482515 0.08923685996377799 -0.2763967690905602 -1.061913714338077 -0.23846990583143826 0.5748022525804362 0.580188605242988 -0.9693531306872462 0.25099066028546635 1.7541450293504561 3.9394452903053782e-19 1.2742750181489022 -3.3958081831338925e-77 0.05662591067253912 -0.21494995897325503
3 2 0.14861377740423212 0.5772974296021651 0.25693626960722343
3 2 -1.2046991032298733e-124 2.0793712961605982e-91 -0.37490905718171835
3 2 -0.23781527477907108 0.7826505850954728 -0.3894060518994449
3 2 1.1739549124147184 -0.10428385473143213 -0.18628889651172156
3 2 0.6726646164684271 -0.02990071574210765 -0.13631880924071219
3 2 0.27220992199923766 -0.6904771936044383 0.11850817427381621
3 2 0.5674107821300649 0.5212562716048157 -0.30317389393201494
3 2 -1.1543333075620241 0.21152745827229114 -0.15479052806611066
3 2 0.05050043269538908 -1.227407686129785 -0.24410648848576663
3 2 0.6349216295226483 -0.2780976392182072 0.06937165241870873
3 2 0.8904509195531521 -0.6856330652010927 -0.18743062648102793
3 2 -7.134132935372783e-107 8.13642368447976e-119 -0.26145357909205036
3 2 -0.3527593411753617 -0.31603125250538855 -0.07224152920861633
3 2 -0.5513062518423193 -0.3512354146680995 0.4076948251683601
3 2 -0.027944183645269592 0.18858801967148864 0.5119458659057704
3 2 0.548302318457726 0.7885741202082347 -0.13595538421980988
3 2 -0.8017077642111942 0.7510365085507494 0.45003471254864463
3 2 -0.9659454003143769 0.5179969824098611 0.16709981739119512
3 2 -0.9837244214077594 -0.4228538748671839 -0.02364991076192984
3 2 0.6813984317774393 -0.2817537989558161 0.4925173465529329
3 3 -0.26766294358728027 -1.6201577243268843e-124 -0.12962632958702222 -0.7936249356194137 0.15427477596833775 -0.2778815616125364 -0.007090168463550856 1.1830943159479257 0.3351079855362058 0.21098262481342805 0.03727494300687297 1.6179077706075327e-81 0.024776452524122236 0.20660362825958642 -0.3345690639544299 -0.2406731575376993 -0.2720944324767621 0.024414938322351917 -0.007990666200809607 -0.08045823968833786 0.25009027150670726
3 3 1.9323279092350997e-84 -1.8032629057081691e-71 -1.1768050069315799e-124 -1.663079700545738e-64 8.276930666360175e-101 -6.032660242919612e-109 -2.728736292041398e-107 5.951393765379278e-99 8.045399551577437e-124 3.1263102506989817e-96 -3.4995790715506156e-73 3.538809988820304e-82 8.307684057395747e-107 -1.7999849230792418e-101 -6.600685789159863e-125 -2.467042809900164e-77 -1.9220069715051404e-112 9.421447882336354e-94 1.9165464007739762e-76 -2.750199855495007e-93 -0.21277493539824235
3 3 0.4060242138239864 -1.45353110231847e-64 0.14945615971185838 0.7568929933328761 0.7150786915820714 0.42139732280391884 0.2330510318740883 0.05632494094937888 0.1049782653854506 0.42156385841059035 0.23507065282875814 2.4977289837525836e-80 1.466133372168503 -0.8200597114738528 -0.269994210208285 0.43472008155508646 0.37824712129575844 0.2661061356529831 -0.7720051405142494 -0.3314200402161899 -0.3362130919113771
3 3 0.138385683752017 2.1226060087947045e-66 -0.17771585592321987 -0.2539885302619603 -0.36279236225704004 -0.870255592705004 -0.5700278900374739 0.49855348461704346 0.05777902780549928 0.2820841601338243 -0.16221745515253952 -6.029975303083874e-107 0.018689711862723512 0.19263209580083962 -0.38069715106884916 -1.0892306291225966 0.3206909558782836 -0.06039680454910793 -0.33859577195039237 -0.07843230137191827 0.2537477384848065
3 3 0.18122864404653452 8.349371184973318e-63 -0.05605986980020018 -0.13866542391029935 -0.2907491882456288 -0.13637562719942756 -0.15881984706059207 1.0397366816913578 0.7646846340304718 0.2882754601387192 0.23420246338258235 6.000436570648445e-69 0.3339532595482705 0.2482263298492206 -0.19487566983544563 -0.6555024681455565 -0.4362222335824547 0.26057947980428187 0.11135008922093974 -0.2767443106192831 0.17864610304277134
3 3 2.1757793207875737e-60 1.2811056726282429e-76 3.559397022045022e-124 1.1983613720483002e-118 -3.6584055680744342e-65 2.2622488588124583e-91 -5.090813442655104e-82 2.516667858432666e-64 -1.8436381798087707e-112 1.0352589147032792e-124 4.887176550411104e-126 7.923020795181444e-107 -1.4541036271078858e-116 1.8070107967908714e-102 -3.87954078686628e-116 1.5725684264667682e-108 -1.817785688411871e-123 -5.499955604429896e-73 -2.0233656818301626e-117 8.005077500857763e-73 -0.2857159147587565
3 3 0.06075066421930432 -6.411355693860906e-102 0.33595294108674423 -0.14223821510083481 0.26667872296101214 -0.7567156192197482 -0.40142738445813775 0.9825802909647007 -0.22014644480882523 0.20064206198741935 0.22644654273062903 -2.2160898666628124e-115 -0.06582220296605197 0.31036979054383673 -0.06835154272127217 -0.44338080081146974 0.37464928404290054 -0.029365419940199755 -0.24600328231353893 -0.21343552595295415 0.08416802300651322
3 3 -6.78028182681085e-112 5.072212750565437e-67 -6.725265067687759e-68 5.169611583310816e-63 -9.118232359557079e-129 2.5975672164848962e-93 -4.601344431474078e-78 1.0918524228289415e-127 -1.2356419382451351e-97 -3.8528614510806376e-113 5.966212677760746e-113 1.2131121364051084e-120 1.8018934982794187e-60 7.543648282637371e-123 -1.4271010972579348e-74 -1.4304944813717534e-124 -1.1326422959719141e-96 2.319650908679604e-77 -5.699357848274951e-83 -4.856047066875014e-71 -0.14321383734222518
3 3 -5.278172914833183e-67 -7.675847163326182e-79 -2.1344303281428864e-110 -1.440583894406174e-113 1.3711852987328566e-66 -3.1717651542791728e-80 1.3186102078149202e-112 2.523752334776743e-117 -1.5351000054556103e-93 1.5924374751993602e-60 -2.4699089497906977e-104 4.0207920037347355e-74 -1.7611568313643495e-122 1.7211650664076235e-62 -7.195521242723999e-112 1.2784696898452327e-94 2.817530916388052e-82 3.7838085158837e-84 -1.9766933656397746e-114 1.3717823711501362e-69 -0.20556640634628137
3 3 8.310240638723106e-07 3.579192852649304e-125 -1.7055871997970216e-22 7.079853229006934e-125 -2.0312535504811015e-127 6.676780982216536e-88 -5.475391157548073e-105 3.9975187737500745e-18 4.7944982793303806e-73 1.1831830185917622e-77 -2.586651728042836e-119 4.1076763904676455e-79 7.166962882931859e-92 3.080330981434514e-07 7.491589051686878e-10 8.550018160541253e-74 -4.1989082261412e-06 1.9690577494812102e-05 -5.009529485278113e-127 -2.106555318189827e-56 -0.38847654006793075
3 3 -0.605265494768563 1.1489882763763596e-115 0.36498982192843804 -0.1427894077209191 0.10110193064176745 0.365634257342855 0.8764058265121388 0.23527227378516 0.7312153827319677 0.3496600868856906 0.761507143266536 -8.526117919304825e-114 0.9325839194795786 -0.20376636914627597 -0.8201314493886529 -0.483800388481628 0.6660854427446252 0.4056454241848439 0.24093289546305136 -0.10387885607791225 -0.34454294469778846
3 3 -0.9997275151977515 2.5871991845078176e-128 5.393938794719631e-105 0.5728605968172146 0.1976599647491555 0.318718235729999 -0.27132401475089807 -6.510928035732285e-70 0.655957547308976 0.12658467137313648 0.23572219299436747 -9.982245457355011e-123 0.005978473614726362 -0.25705363824005567 -0.3223192927739736 0.22858293392030565 -9.15986540495817e-120 2.3227457404333337e-114 -0.30049174579940285 -0.1083411043213185 -0.6106411567250645
3 3 -0.3134263298921829 4.797541595490107e-79 -0.003894330762020857 -0.6667848519919989 -0.26797677159320127 -0.11369284723107964 0.12107954820978022 0.4795514982131559 0.5372173039575848 0.2258063613745688 -0.39196382545157277 -7.508802125794526e-123 0.15812603122878896 0.1719232206491307 0.11272320233988765 -0.5830311135903795 -0.6235286987617036 -0.5236228840866864 -0.2020181265627365 0.31601344366588446 0.03835358437604304
3 3 -0.10048956315498289 -6.402885042162443e-68 -0.26303852861757504 0.49284706118559607 0.8569812349837896 0.693212214845703 -0.3748013074185882 -0.5345555185399313 -0.9032666321329871 -0.21989411833411346 -0.2937787001438575 3.5272543809285e-66 0.4670542761825012 0.41504510039592096 -0.05962335206611258 0.5950851487852067 -0.04852825199317639 0.4766870594755307 0.1118862722203424 -0.2119692828670934 0.33940671094549596
3 3 -0.19625856087960925 2.1885726481030487e-68 -0.42391287912019493 0.9097130258622461 0.6767777892819836 0.189142680042242 -0.281175944936198 -0.17237186615390743 -1.5339434352503996 0.03778790319844622 0.07721767527919726 1.1375303411842194e-96 0.14753526556934451 0.3657819686337529 0.48395176283118624 0.4264831568418338 0.4025043047472465 -0.018090447721789 0.05797309269668149 -0.2951451242377893 0.28259056056538373
3 3 0.139570354110625 3.5112588613427966e-115 0.8173378770005115 -0.3455172193784137 -0.42613064054059574 0.11593612656119395 -0.1442344461799889 0.9401819833436634 0.5991529558417231 0.1331994860892156 0.2883820763590535 -4.004901034277418e-104 0.008823952475556809 0.25713939956747933 0.13742940035611276 -0.2836842137475762 0.09900699170972625 0.22706667293402652 -0.26445611207125574 0.2624222901357534 -0.21421807622238917
3 3 0.3456940232295723 5.859435457139404e-89 -0.5965247934222007 -0.029228389616969788 0.32334402618164526 0.371718123079875 0.2614742614832666 -1.2993233333914826 -0.17755570966708709 -0.15076678201638166 0.1682270863723091 1.499371840293725e-60 0.5073451141839034 0.24482438418825547 0.2415911702259239 0.32167713809231563 -0.16474835007618183 0.305608709982594 0.4232766133249788 0.024593695030413785 -0.22441689126007305
3 3 0.18106310986383337 1.7859843937451363e-110 -0.20672241827608148 0.03488889574129127 -0.21040676790226978 -0.43710413506262763 0.2187143815599798 0.9291146013381671 -0.030612724573248165 -0.13652309862226203 0.04151397248085513 1.1261745704741696e-96 0.12728972351705944 -0.04871826310362481 -0.4700716333068145 -0.5834055075542798 0.12184828781217329 -0.17878686381815295 0.13249131203315884 -0.1798782763341062 0.2784942438995323
3 3 0.4248555386780483 -1.4237919893898929e-101 -1.9167057062628765 -0.11270243598630701 -0.010493977945472799 0.573948727820211 -1.8629807086625205 0.07385170847079461 0.1404445709790896 0.036958687413654365 0.4658699158847935 1.07387857173769e-116 -0.04619011490298486 -0.4478010192836409 -0.41528105394485587 0.8223972963526129 0.7563659284906119 0.4951542431179205 -0.8614729004858975 0.030674787321606434 -0.4429233333282177
3 3 0.1704946866643337 5.684902393556103e-86 -0.0450848291799004 0.038674596723405244 0.057212468116382954 0.46639583573265714 1.185962624573124 0.33866659930840776 -0.6412858587402115 -0.2716310702659228 0.7413797556560007 -3.085243922384629e-64 -0.5527792441223799 0.3545290691404624 -0.03310098481776306 -0.2210250447680195 0.2898571305105342 0.07597016574271406 -0.4622345421978922 -0.30519309270280404 -0.28951226112083545
3 4 -0.3754421667352434 -4.218153650433783e-49 -1.284054689411407 -0.21177945869905457 -0.4977266885630053 2.2161986990691118e-62 -0.2765910263584006 -3.790287175073206e-47 -1.575596563626333e-59 9.574787028887548e-06 1.600952081007863 -0.9213597808381531 -0.6200013830238484 0.6141245904150751 0.5212296261429644 -0.42357532621349525 0.7687808080516773 -0.3412040179218229 1.2972573843935402 0.836753987871267 -0.4712207723445446
