Number of NNs: 3
NN configuration 1: 2 20 20 20 20 1
NN configuration 2: 2 20 20 20 20 1
NN configuration 3: 2 20 20 20 20 1
NN Layer Weights Bias
1 2 -3.5350941861927738e-28 -9.87873944316426e-14 -0.3687884702090324
1 2 1.535567713787831e-11 -5.1738841496423954e-14 -0.4896601534043056
1 2 0.09212637057327995 -0.6085496158074413 0.3021893252477822
1 2 1.4649307747350568e-52 7.563435351100969e-53 -0.3202627390959726
1 2 0.6725036316010219 -0.22424365103329086 0.07241893826507058
1 2 0.36838912898032256 0.26457120823350855 0.21999267436247139
1 2 -0.5760679916533499 -0.3396731774555949 0.30596680780199226
1 2 3.874812442104595e-40 2.481145326093808e-49 -0.2884936985971761
1 2 0.5175339042060231 -0.6658603036150009 -0.37210358331806503
1 2 -0.08158739541691643 -0.41231691455553615 -0.4961812872305171
1 2 -0.4770692167751266 0.012302256961656688 0.3009567300997677
1 2 0.05427992418043698 0.8919338665285603 0.21714922942073403
1 2 0.15527737206998707 -0.29812355193402384 0.30025114181894225
1 2 -0.6729453709906338 -0.3316020456106545 0.4755750710059984
1 2 4.2489362049325757e-47 -1.578761930215613e-20 -0.46654053985278277
1 2 -5.363734137976378e-30 -1.513430614814208e-09 -0.4661625174309507
1 2 -0.10165523625301501 -0.6718969616879434 -0.3682048143481788
1 2 4.151368768777402e-49 2.307061848578403e-20 -0.47021986916784714
1 2 0.48620200105987516 -0.259871435702306 0.3569787580341453
1 2 -0.5412629322468383 -0.37873097072309686 -0.16807059274687086
1 3 7.377149299500075e-45 1.3973356350081894e-43 -4.676394556545651e-15 1.3584557198234876e-09 -1.462298853162061e-10 -2.327838294468312e-10 -1.3179487674958238e-21 -1.6929143261954035e-50 -1.040175710030081e-11 1.154146750200996e-11 3.982062536340512e-31 -8.99882733306104e-18 -1.944675919665253e-43 -3.539832839688621e-10 1.3063476326194367e-15 1.6362768338694917e-21 -5.353604236676682e-45 -1.6884315723136784e-28 -1.0581657233712546e-35 -1.0740993202520423e-23 -0.2867640764902695
1 3 5.833683267631179e-09 3.140278793924034e-30 0.4890412043664854 8.780856986661632e-10 0.37664303555338907 0.3647821698841718 0.1932883408889011 3.687978494387142e-15 0.5920675935440841 -5.435806237792503e-09 -0.033092261489892076 0.29934400264861993 -0.2973224959743612 -0.37507741865207583 -2.837265074007695e-15 -1.4189854893025854e-36 0.003916640027774827 9.262795818685373e-11 -0.44735780849205714 0.09144090852476558 -0.11327369116428544
1 3 -2.4496529368835014e-42 -2.549799608297692e-29 0.3513121638436104 1.9215144562420983e-40 0.10431568921795147 0.003917236515205996 -0.4361140703034652 -1.4445904725618312e-42 0.4559155056110875 -5.387404299748603e-12 -0.21520305011673743 0.39982223316804094 -0.31357760828439013 -0.5023021146973825 -3.86745041652566e-51 -3.41399511367184e-09 -0.09666765453623752 -2.7663297404626545e-13 0.11954600178921423 -1.5219386449678178e-19 -0.013998326243965244
1 3 4.744329805106346e-12 1.2456066993264571e-18 0.2845626154801778 -1.3811600820570038e-09 -0.8603995689548425 -1.303618394235428e-36 0.24964040234090576 -1.2395527276063466e-40 0.11685272644088061 0.08371925595774694 -0.19721006821545295 1.8895066487287884e-24 0.07073714204946191 -0.24415436691264475 6.174585909818603e-20 -1.4623105377646396e-51 0.05455711906825458 5.797757644511755e-14 -0.13741882643894698 0.28052382650270474 -0.06185113778412472
1 3 3.9945968069468815e-10 -5.968162200715217e-21 0.04699169678822945 3.1075721663003065e-27 -0.07296671789259611 -0.04053588106194999 0.059677382659675905 1.206540717458075e-49 -0.26080481949225914 0.0614514241649748 0.41877826450514755 0.18815771967604208 -0.009412009917739312 0.42786348808779295 -3.494879770711667e-18 2.042683682580479e-13 0.504068655691908 -2.650371330695989e-14 -0.10567429755643418 0.5608325637106233 0.22133460695265747
1 3 1.148649225892766e-16 -5.300614935691773e-32 -0.777553850202386 -1.265825492184156e-13 -0.264818140187269 -0.19867662598995697 -0.13323353506704738 -1.4975107474084427e-14 -2.2578189459847021e-38 -7.654736830050352e-53 0.1492916082189445 0.12418889314266147 0.09008601910016989 -0.18497241888158095 1.2547279691440414e-12 -1.115095979601462e-14 1.786799122286105e-37 2.9391568343289712e-15 -0.4493467774539947 0.2886492939960492 0.3484300872811595
1 3 -1.618700858441976e-10 -2.136546344732913e-12 0.47083174678469336 3.437836619286058e-48 0.41258086747014766 -0.2516453627570489 0.3143655119666175 -2.4180730640446767e-36 0.4241507760709661 -0.2303957681305498 -0.4885568164780095 -0.13146811211399503 0.2734397104356483 -0.02109660093302163 -7.316411056506319e-54 -8.328367169799509e-17 0.2734227780733187 6.820709685469031e-10 -0.10721229673175105 -0.1267059877743542 -0.24572567230350434
1 3 -2.136997011154788e-10 5.244199828159223e-39 0.26520629852944183 -8.47252532819493e-34 0.47859880664324495 0.3946667920582194 -0.24819520331994366 -1.5656442142326204e-24 0.3735817927683384 -8.740549929461854e-36 -0.25837356007758827 0.009298207189578703 -0.1407328865703334 -0.1251750827450211 -8.968311225373898e-22 4.882221026374018e-32 0.5432979045226378 1.0121938921545656e-18 0.40558282999433315 0.5509011535321868 -0.19598561646771198
1 3 -5.975326354126302e-27 -4.4875445655003416e-52 -0.24254445230770344 -1.3235580809261797e-10 0.2510584250993918 -0.10136919445036385 -0.20090107911417507 -2.481034101408856e-10 0.10912860315685095 4.1607072087717843e-38 -0.2400237826717366 0.3245730271174341 -0.30679171567472485 -0.19866360547839318 4.3274114257997715e-48 -6.109635881671406e-13 0.523650201164568 5.984846985410144e-14 0.08385211623481413 0.16201890572562294 0.25621096884657474
1 3 -2.6732733957871905e-12 -8.379729000411617e-47 0.01744137203084671 1.0384124549017124e-11 0.5799465588780589 -0.05219750503969955 0.03603439329953948 5.776822036123089e-10 -0.3583952715846947 0.13632533375478081 0.038595288545423934 0.21537351971500704 -0.10247943865669219 0.0014607929660464976 1.6811418369627425e-18 7.917651487778514e-14 -0.868286809884171 -2.4606532175469463e-27 -0.00834944467046296 -0.2644997109926462 0.11699138483695094
1 3 -2.3892913223605627e-46 -8.275389359475579e-47 0.17505298384709192 2.267937949399073e-46 -0.6382156121907296 -0.3608173588586841 -0.14574402726287475 -1.493482472998867e-51 -0.20663248837132903 -0.05300782162608205 0.23927861753395974 -0.49235628160887196 0.37538632747652856 -0.20827208493874644 -5.110969545436811e-18 -7.726691703048843e-14 0.4199451671070319 1.6666331779367868e-27 0.015673025192791023 0.40294213855480526 0.27800275727857193
1 3 1.2271085764015242e-40 -6.5122404131265685e-37 -0.17875770348054776 -4.2103918818190475e-38 0.377182661225637 0.3530575340540284 1.4951803092653911e-36 1.1181423061576323e-51 0.22959260074953475 -1.6926275473047914e-48 -0.2332918240267749 -0.03514879292935308 -0.3461665753940551 -0.0006459264002247282 2.309181106032819e-50 -4.2928324644934003e-10 6.28315858200437e-10 -1.5313090913093644e-12 -0.1852999056531284 6.718026345530634e-17 -0.09554181450311695
1 3 -2.2746439942318404e-21 7.147813659123555e-19 0.007359521439505734 -1.3117210699197846e-14 0.45558417425764963 0.1523583819088046 0.3736486729599213 -2.2644338682117817e-14 0.09749438670802488 -0.11190149815666081 0.048100758736046204 0.1467842376017226 -0.21418198219103335 0.323739039602301 6.775046128861935e-47 -1.439170985830309e-13 -0.13364372981908376 5.198231913230497e-35 0.1458577764988216 -0.05468151941221607 0.06567151054272212
1 3 3.432946593868922e-11 -3.008025978431528e-46 0.09807446521721737 -3.986871682338708e-16 0.3718965023162462 -0.3230845591509119 0.31684010486282044 -1.2970056390491068e-40 0.3729826016496733 0.025448488699598322 -0.2330526242965727 0.06093551968208565 0.2686369135175562 0.2209014397599017 8.654762270996211e-52 3.311713898173069e-49 -0.0057070909059776295 2.85519631621845e-39 -0.2745342943125566 -0.2686435542897408 0.06563731611983502
1 3 2.5621868307855868e-46 -9.549873020399962e-11 -0.3739919589498265 -5.578695082182552e-34 -0.41354041503473016 0.2914932935741051 0.05792399804860204 -4.689299333578106e-16 0.25223542480029826 -1.1876708563708222e-19 -0.3163956023941819 -0.2216112683926858 0.23064289167757324 -0.1010998179099951 1.6651251458961527e-51 1.9743279918219564e-52 0.1841927169973054 1.7153412169533113e-23 0.22122048523285445 -0.22618886234723026 0.2741628976371997
1 3 -2.9975634953467458e-43 6.448485296206563e-42 1.050501177860485e-09 5.9236282907061195e-19 3.6466940938629607e-23 -5.197460151253518e-51 -2.382602372581369e-15 1.6091877988828026e-14 -3.2282182628661015e-14 -1.0061114496523262e-16 -1.09910151035654e-27 -4.1833620053207765e-38 -4.783088463679608e-10 -6.742627036627707e-17 2.9630508121355255e-48 3.6996474315075576e-19 -6.110076707384469e-10 -2.2928058898154903e-13 6.833822612077235e-43 3.227649753327827e-10 -0.11873243304691838
1 3 -4.038522777707303e-16 -1.5549653210495307e-15 -0.2507806555078136 7.000066847242388e-10 -0.5385990234021044 0.3876647455205025 -0.3877335717676951 -2.284659553435362e-09 -0.33567044771862237 -8.203909057959038e-15 0.37683912955728793 -0.11625413826479167 -0.1939305645262717 0.1558408431105027 -6.04297782941802e-11 3.745039127555996e-19 0.3001730441984945 -1.8588413682021903e-12 0.22268671210471122 -0.148450114721233 0.14891118504183198
1 3 -5.33267474959187e-16 -1.84699867680342e-09 9.478354989245043e-14 -4.486912854506595e-14 2.8540021115782222e-39 -9.987700996024727e-13 2.704107024312058e-51 -7.877098360374329e-34 9.268220540793237e-10 2.675240915305828e-30 6.9702974427596304e-09 -1.0376738048437616e-12 -2.025506278024529e-39 -7.968354683507627e-19 3.327862367548274e-24 3.053222675257222e-23 -2.622467099248255e-12 2.1758249999834344e-09 -1.3056666600503308e-16 -2.8016849256349367e-11 -0.14338564966857942
1 3 3.5170085014634224e-15 7.363230526739711e-22 -0.03521558009807508 -1.3897266337926978e-45 0.1760852608218298 0.2818348813212276 -0.30365408641697167 7.558912750587928e-53 -0.1466669788110184 -0.0011238265898113591 -0.23804427564344402 0.09998494495333798 0.10924431217277396 -0.008497353213736155 2.0639170365484835e-53 -8.21246315488257e-19 0.2513776396577218 1.4857771441828938e-54 -0.29676866620841985 -0.1463677812026328 0.11071516550492301
1 3 -4.8631292927458176e-12 -8.982414267605382e-13 0.2346282380054821 -1.6646556913764697e-15 0.11836909110755237 -0.21091618374520546 -0.5227959379982897 -3.093004492096652e-52 0.08274952715486855 1.963479676411694e-42 0.1689283149125735 0.10951116716555762 0.3173152053134096 -0.29872411376368396 3.0565105076229087e-43 -2.139367062587928e-09 0.3736469020806061 -2.0788049184213008e-17 0.21738230545237994 0.7363048156506505 -0.0990091483950764
1 4 -1.555374769174558e-20 -0.016909822430594152 -0.15008852873964978 0.44078708475478356 0.08827761159139051 -0.3590051589756967 0.6226925612863432 -0.15294418502567583 0.14380732892119968 0.5023008862454639 0.2317758899810732 -0.278339709741155 0.15448003148042785 0.13351966694828457 -0.04343078193183212 -2.352620099228317e-09 -0.07919796941602199 1.4277264450180802e-19 0.08325476170903937 0.08184938240661839 0.25387374334446117
1 4 -1.1932618624250772e-28 3.495995683376364e-30 1.6534652181500357e-12 2.615323377401158e-11 4.7409680218821324e-18 -3.468815132917663e-10 -1.0227796450666906e-10 -1.2347526103188214e-50 -4.1198296594779795e-09 -9.451687737058736e-10 4.598164561082228e-19 -2.730027134700674e-39 -5.388651169680517e-09 1.0970605631537519e-49 -1.3478985756211479e-39 -7.511147029017568e-10 -6.532962871672375e-37 -5.580305805275795e-35 -5.542736933120345e-10 -2.527384270038954e-29 -0.30368070422673166
1 4 -5.3754288981436905e-34 0.14924154505324566 -0.0021863104075413742 0.5354444225705645 0.12235067656064563 0.05303407865005917 -0.10338548816862768 0.08945419999706142 0.17201052298723102 -0.6136940589041996 -0.09784256687203838 -0.060209552949708235 -0.027761707285239478 0.1544021155772587 0.36470497600737734 4.107105252626069e-12 -0.002635328551882756 1.838418881551929e-17 -0.0350755072232687 0.42473687069407406 -0.11794032051243485
1 4 1.5476557882888459e-09 -0.38422483394912665 -0.6944963350065699 -0.24908834774348376 -0.36861120919806795 0.5456185642029456 -0.9310673741314728 0.07443432042954319 0.1526722256107702 -0.24090697489109172 0.4757117051185913 -0.005688627695810787 -0.21719770916625827 -0.021616611321559964 0.6284279100242447 9.174311337352494e-09 -0.20637259428773685 -3.666650095606807e-10 -0.20573937627313615 0.4923346013005674 0.37836770277494414
1 4 -1.875483341467406e-19 9.872781176543697e-49 4.278295692596516e-09 -3.9070154569340445e-20 -3.801341082184435e-11 -4.020550197633102e-50 1.0093357467266734e-12 5.612986554854166e-37 -2.16937155524062e-49 -8.44453586420173e-34 -1.3368951879725364e-13 -2.1793689568837738e-15 2.24593604772065e-40 -1.3856041278929011e-14 -6.393367515261957e-12 -2.1241854624250364e-11 2.5084864094968915e-13 -6.236626724121284e-52 -3.3111869458715686e-11 -1.1132731512663001e-13 -0.35489678020578774
1 4 1.3559104310725396e-50 7.464720565799988e-10 -4.419797737049008e-13 5.200141307822969e-09 -2.180808615873249e-13 3.522775000988496e-10 -7.606100604099248e-17 -1.9909401086462277e-44 -6.156127052245809e-10 3.023135610240113e-48 2.39345029602106e-18 -3.3596934596054286e-12 -5.508017685616955e-41 1.7556918343832187e-09 6.797510852477693e-30 -1.2942362498993006e-27 -2.0049420358554707e-50 -1.2823141986343464e-17 -1.8421388194165016e-22 -9.077439920435798e-34 -0.3581826735899953
1 4 3.5155066791509397e-16 0.04463787007221541 0.02519585939312976 0.3918362128828495 -0.025168313558439848 -0.8022267391107569 0.6825616351549516 0.06930363024648853 -0.14713339887283766 0.4377921696584902 -0.5842862677488957 -0.4116455797633517 0.24102993654859506 -0.4094643838791398 -0.08876645525558888 -5.9347467135191684e-37 -0.1069413211459563 -4.0856630795833914e-24 0.22868843709461426 0.08767472280414368 0.25833250757212234
1 4 1.796963051320317e-11 -1.273142710191206e-15 -6.839078292568034e-11 2.2328199136929915e-41 -2.7566825669370915e-19 -4.9099823566109685e-49 -1.2085685261483304e-27 -2.3458714495515774e-19 -9.90391019577188e-50 7.341462235346872e-41 -8.973840444827594e-10 1.884568465155619e-23 -1.9946483583604508e-10 3.7275219597998806e-13 9.794421049051548e-38 -1.4238427233866227e-50 -2.7612183913245423e-15 -6.27850550215706e-28 8.965206096403768e-22 3.8081840833894055e-23 -0.25371476978594765
1 4 -3.2024129317928593e-15 0.189676500822989 -0.34548851381718465 -0.0625237041107426 0.3664942991279124 0.4210426075210232 0.21131078804041203 0.25941634873939795 0.06515210477207567 -0.27712587035281394 0.40549214078261375 0.3998127233813527 -0.2395826852275529 0.11952580636797723 0.29654602391760004 6.328888961717042e-30 0.4582542942493959 3.208296144879562e-12 -0.18232880182989658 0.20213005667954545 0.11295471452448197
1 4 -2.975662972067574e-32 2.214064826629464e-10 -5.765873720108339e-34 2.3938296827238137e-21 3.8227740946151625e-38 -3.1760649953083747e-12 -1.757247562057486e-11 -1.2544033486710713e-50 2.6989865177149957e-10 -2.6721674982227526e-13 -2.0753384659144992e-12 3.4326708658434914e-37 -1.7186856613124665e-09 -5.852227088300086e-21 -4.619335726533208e-20 -8.121604229049002e-12 1.3936322552540958e-37 -3.325622456230186e-29 -1.9969261890446898e-09 9.038811172342356e-10 -0.18724459500360735
1 4 -1.0015087704009251e-45 -8.11571269207081e-49 3.7423873598302606e-49 -8.552476886059144e-15 6.839689295756658e-13 1.6057888452192072e-40 -3.888371543868561e-13 -2.5484552778214813e-44 -2.5587083418012714e-14 5.235060015405937e-51 -2.4687078774708632e-39 -4.326607631418722e-47 2.361420608754103e-24 -1.2838602406215053e-44 -2.0125062999588674e-09 1.3176205599682649e-11 -3.1905055257471534e-21 -3.606050032581817e-10 1.657589649660638e-13 -4.0707992746783414e-21 -0.38690759381346135
1 4 6.526594808026081e-14 -0.7702161887437314 -0.2183561443883596 -0.01978137698285873 0.040387088444175594 0.4438410913160893 -0.2886972981586483 0.20328498061671457 -0.06267175084187485 -0.3898055390198532 0.2194934955390963 -4.992704669210912e-14 0.02234975612876635 0.2022703849042047 0.1589687317508324 1.0561679998765267e-10 0.2547587710591658 6.0002979476641054e-18 -0.03300421398686645 0.07855252644544922 -0.02281969520183634
1 4 -1.6118520779626354e-47 -1.3652380411108425e-11 -1.4681227377493646e-45 -4.525882301628034e-12 1.033132913515425e-25 -3.668031385175133e-11 -1.009718710623236e-54 -6.453487471152797e-51 8.419613657192777e-35 -1.0002922677770223e-34 -3.2044090430972843e-09 -1.966212079215821e-09 6.724948322839774e-30 1.4356944508639833e-40 5.844278523167254e-13 5.439219571892141e-10 7.082449456453328e-52 -9.940018945380465e-15 -2.7931510751136976e-15 -5.852726559600472e-34 -0.37186296821133885
1 4 -5.108443428989327e-20 3.362280104444488e-17 2.11614385869161e-11 -2.2145094588568245e-12 -3.1327524545804732e-27 1.1127892283871566e-18 -1.4369774416213474e-18 -3.4365525853256063e-48 -1.0282449094577058e-11 6.095494020073316e-13 2.0328496391489911e-41 2.3707108283702623e-14 1.3952038860881757e-35 -1.1373830604501239e-28 3.503515898993402e-15 7.631868734746572e-17 -6.566540627583327e-37 -5.17343046308385e-50 -7.010756599078008e-29 -1.5717461433198396e-47 -0.36724598746763276
1 4 -5.46841049582848e-53 0.06727309153480814 0.20637739109970216 0.13258816395931566 0.19519473742362503 -0.4359385464301188 0.0009581009123420677 -0.6632564886722802 -0.37377420422796875 0.3457142286369873 -0.4474388966017141 0.24645711197191933 0.3337309665097365 0.10310379020210851 -0.6057280255113153 -1.0725125662769089e-19 -0.17572878935653605 -6.547228021408669e-37 -0.31769774640400805 -0.2835892184113305 0.2593872415702253
1 4 1.1209383959375395e-13 0.16277324038984384 -0.015304130724737502 -0.2100384273991511 -0.20567876240286243 0.2588743100050651 0.09828785425435206 0.5777812542879038 -0.07542154726554606 -0.4582838762551947 -0.0967330942426372 0.35910733654637944 0.12668492850202492 -0.43182865887349936 0.5316530147057226 8.74629648144601e-14 0.48700200855066716 4.432594972963165e-47 0.2431251128223956 0.5438827609200267 0.287004519262269
1 4 8.981108322960331e-10 0.005809904901912577 0.27790207478903134 -0.15618832246871578 0.31803004019889974 0.6386644751575291 0.0643194126971248 0.0022928950283453427 -0.08394904902567188 -0.05380564637555058 -0.1044740555337179 0.4138737285186702 -0.3620953096794662 0.0014277723871247712 0.3156940350442579 1.8929050480827513e-44 0.2871386503990079 -7.47540099739713e-17 -0.1514545782147542 0.10491369407275573 0.17375395154943898
1 4 -5.697384789840132e-28 -5.529230845091727e-13 -3.1276119497572314e-43 3.0627561935829304e-48 -3.854624600873501e-09 -2.4669101501936356e-52 2.885095657101461e-09 -4.086502061396526e-13 4.515364863272778e-10 -2.5063194913368733e-47 -3.9596376766582225e-46 1.3019484422090359e-14 -2.963868895085125e-48 3.943032564570861e-15 -3.1232393286950133e-10 -3.925970279531009e-09 1.251968738038994e-50 -6.253313527818047e-20 4.496052902956788e-20 -8.077059051791606e-39 -0.28696499008846443
1 4 -5.953669561118515e-36 -0.6881633610192194 -0.5542670252288592 -0.3729944247250005 0.318499496553354 0.44535436089870956 -0.5291133698652666 0.0553292261269654 -0.20876521923188804 0.06257580683166188 0.5548406704728235 0.3448384653866515 -0.1424161537348792 -0.23623477163638268 0.6844146892788704 7.993119756731411e-13 0.45387381708709035 4.191108524350727e-09 0.3143911154863185 0.5930705457027441 -0.09184161259294016
1 4 9.955320544482026e-17 0.45884555839681107 0.09900689142199556 0.06603918613133258 0.3757044126952695 -0.28411480073530937 0.27579338986386004 -0.6089274558183632 0.11588576663242328 -0.045940605905906436 0.03868663256779806 -0.2125900337221735 -0.008273083266211578 -0.08324889739640923 -0.14077736631542948 7.61382788263726e-15 0.20634008712481455 -4.082242414652659e-13 -0.4350495293780036 0.0390751027281181 0.13700140716463274
1 5 0.3059417434816487 -3.1641957779576763e-27 -0.2673511413540476 0.12515376825413332 7.797866667465229e-16 4.550804688286193e-15 -0.21355233265719686 -2.2825983202835627e-42 0.3590582870834141 -3.022422810138239e-10 1.6738935393474097e-40 0.6342990877827904 -4.412651881760305e-51 -1.9874848051360112e-48 -0.13066204082217503 0.127884263112229 -0.225412893296372 -9.414702472875576e-30 0.09562101690287494 0.2643786503986967 -0.1959747823041764
1 5 -0.17659676772614913 -1.2180225184425835e-14 -1.0292578577384528 0.5029073736195815 -3.2698419685081524e-10 4.153444699922284e-38 -0.3183991651724863 -6.301881031404465e-45 0.3373566458646404 3.165696544157053e-09 -2.0365449342278243e-13 0.5004181892451317 -3.700073784390941e-49 -1.8750243466087837e-25 -0.26634484511037865 0.26301296959699294 -0.19273703472668147 2.262038176760077e-09 0.36319984105933034 -0.013429301788563655 -0.05663350513176759
1 5 0.33401405096120906 -8.346815561756788e-36 0.20747943520529052 -0.3947384851510233 -4.684960021029789e-32 2.8145614515064612e-39 0.11908037548216525 1.7171844687822705e-40 0.09144994271580534 2.4588964219896114e-48 -3.943630163436218e-09 -0.10991653524249159 7.692832871023125e-23 -1.6078849194310653e-12 0.4682904141658092 -0.27972105677288744 -0.106125046751798 -1.1228260073117875e-28 -0.21120419493005252 0.36655118179679014 0.06434713659603783
1 5 -0.28998471971659323 1.5550554884076122e-50 -0.08839862016552578 0.24421241955647624 7.733796498643707e-37 -2.2419608827585785e-18 -0.22278545081043793 -1.3670770482716207e-50 0.1699270960599023 5.151042031465343e-18 -3.712380128344495e-53 -0.05496969199393965 6.889330293905324e-45 1.1376057332885908e-50 -0.08402066069478005 0.09607894544429293 0.38529126236051764 -2.0586607925285453e-40 0.6280469114657874 0.18446458018007292 0.18042858868113382
1 5 -6.318531475671344e-37 -5.793158353000612e-20 1.0546279290372029e-49 -3.246253746596308e-17 2.6146204589013793e-12 -1.4553629924165918e-18 -2.6913319014940065e-11 -8.39921665202073e-42 -1.2542944727270082e-13 -2.2980581776451176e-51 -1.4037800167007842e-46 -3.880969899734623e-44 -6.195718745643724e-16 -8.589120375828238e-37 -8.39172306677336e-20 -5.013132475255696e-37 -8.764790540984971e-17 -7.860308321091444e-45 -3.394199791418686e-13 -2.5350447003074416e-13 -0.0019972703902672176
1 5 0.1586905766641912 9.496297581038896e-09 0.18388328924103506 -0.18105049411594795 -5.1639829276116676e-11 5.930642896660566e-10 0.4773056429434349 -4.1710060893873064e-51 -0.39907304193459436 1.3741545176024412e-18 2.4308310727484296e-52 -0.239590392462456 -3.9572151623588494e-48 2.3745736075756093e-17 0.47963173534755077 0.12723525978018366 -0.3462935474280032 -8.812887299575612e-47 -0.709541819012078 0.24049352336335847 0.2852813121237067
1 5 0.08099139476043307 2.0431117016952658e-41 -0.5059486263135944 0.07799427611750048 5.182425770751107e-13 -1.719568538859473e-36 0.03335199729238708 4.992858261237515e-09 0.1439541197109481 2.956759436393528e-34 -2.6376800268087987e-32 0.5865155719983778 1.3276154855246179e-09 5.113480365083228e-45 -0.4364956313183192 -0.06945399161285924 0.295469296114507 -2.167167503328122e-22 0.4956694260117282 0.07163698137753192 0.05317819348898219
1 5 0.03867318450396765 2.6699483792880942e-48 0.36492555971633167 -1.5842376507185165e-33 -8.132001386696957e-13 -2.0330162938888463e-44 -0.18620101695139762 1.2746504002015437e-09 -0.21404169020626113 -4.801625472322401e-14 -1.3646421672486293e-09 0.17634223926338907 -2.4086540020156664e-21 1.1458264955172222e-25 0.1729500962211944 -0.11821082241535197 -0.017335563519795278 -6.066748331201487e-09 0.12969001966116545 0.2742760455409284 -0.2568479439279303
1 5 0.16410955058829196 1.9750983766522664e-13 -2.3262212158781654e-05 0.40255438076530714 -1.3292837210557595e-10 1.397499103269017e-34 0.10463641738459856 -4.486758499815695e-09 0.32068384590250487 -3.132615107738284e-43 3.6424461447067654e-09 0.49246836191828536 1.3825233910359665e-13 4.59329837558688e-32 -0.035622879881006826 -0.09110884192013222 0.035721416369078454 1.13050800248226e-48 -0.026555142015890404 -0.2545248793115669 0.030241665928310364
1 5 -7.488704845967336e-24 -7.414982454424002e-12 -2.4154063417815224e-25 6.774809069159086e-47 1.0061588301736971e-13 -2.1308115234477456e-10 -5.920687463292859e-14 -2.62008735504163e-46 3.610121228390893e-11 2.2327213656350536e-40 1.2240228125641105e-39 1.45226856762274e-12 -9.540474372286802e-13 -8.177672336145505e-34 -2.7471915787240203e-12 -1.8933933584687102e-11 4.8894084850421907e-23 1.286345563700818e-10 2.7181796793466954e-37 9.135434252729384e-12 -0.36828036523681645
1 5 0.3979048720738327 -3.981781269132692e-23 0.4724590987148212 -0.8668760956811102 -4.576372261827006e-16 -1.3600174891651318e-16 0.002050291348160741 -1.490762833530912e-11 -0.2649096366795029 9.192744127073209e-15 1.0299118011881677e-49 -0.04433398566900719 -9.620066081383667e-54 6.649409712027038e-12 0.32433752480431466 -0.3687473286179871 0.24644962289635175 -1.3519076040390901e-53 -0.2685339359718769 0.36071198655800907 0.0576606276809089
1 5 7.011490334274497e-36 -7.881274550477075e-45 8.620311165924861e-37 -1.0795069281967334e-17 2.957693602238417e-10 -2.4664826220456755e-14 -7.021789788374349e-14 6.5778574796317175e-09 5.941752205494992e-51 -1.008067724069036e-12 2.2147676610777323e-27 4.310572004945024e-09 -7.967996692708067e-48 -1.3934237477437538e-20 -3.2169438363972915e-44 -3.5347740200450837e-09 -6.107879753159086e-13 -1.1648584971980637e-12 -3.7486870636349896e-18 -6.248707781148574e-19 -0.2929763023201189
1 5 0.187162137015762 2.270439379628785e-35 -0.08804887147438467 0.6264322911303122 6.904777991900835e-54 5.952374487225977e-19 -0.2652284327374925 -8.137345680044948e-21 -0.16896199450604857 -1.648474440030418e-47 -1.5095780983640592e-13 0.34546522096431803 -4.0949699176744425e-09 -4.298982947267314e-13 -0.031358622613002776 0.31662576974678563 0.2542765645850325 1.7324410103566253e-16 0.6563141646260108 -0.1337561542813766 0.18574558495420582
1 5 -6.077229613876357e-10 -1.92586941986868e-54 -3.2835824203699514e-40 -6.225458357500466e-10 2.483939338561618e-20 -8.772898466532269e-15 -2.9519898847864996e-37 -3.926725677741523e-48 2.3213339037973264e-53 -4.1537616170984365e-33 -2.2897489552213354e-52 -3.316731128121784e-22 -1.3333944740602578e-50 3.7898515978200024e-38 4.0124635769564765e-12 -1.0676013567102395e-16 2.625320662605041e-26 -8.332217572830766e-24 3.749472252654166e-11 -3.0547283734155617e-40 -0.07841249975887588
1 5 0.16013705642742973 4.77027509828581e-39 0.5190764244819133 -0.45595929953197534 2.0934429724034377e-19 2.585827260206438e-49 -0.21904669930654475 -1.5119609834835306e-35 0.053030834183915646 -1.1861509644012862e-35 6.6553410027742625e-15 -0.43928879346764055 2.295054355187865e-11 4.550320965308647e-44 0.2168669219653833 0.014414616171910425 0.2077809035479427 1.9068820077580923e-16 -0.4858839262194088 -0.006635687803997165 0.32775736694918844
1 5 0.17956453136089945 1.8694025377361414e-10 -0.40942534709686024 0.13013420865899214 -3.260231072342415e-17 2.0236083342633425e-39 -0.02723185166505776 8.31918635242609e-12 0.36604809165393387 5.619204262647797e-34 2.327774058884073e-11 0.3144038215529741 -1.0006093228920579e-47 -2.135497248295509e-46 -0.09813330419769845 0.02562784112609429 -0.16210984000811401 -3.919916352798088e-09 0.3574258054789304 -0.43219348832406285 -0.0588461190449259
1 5 0.08544644826086323 -2.0917662879441643e-14 -0.41672858045638433 -0.031039067673357394 -6.971400116717407e-43 -2.078036040684561e-09 -0.07351576156058454 1.4289301038138556e-29 0.3576878063820063 -1.1985544834865576e-11 1.2395404586204436e-46 -0.15591027213076192 2.491050028291156e-44 1.0488915936697711e-19 0.19384633953065553 0.35676502009232886 -0.3237788500724981 -9.621480901986063e-49 0.2687085454628716 0.15656496370691583 -0.11834097116245616
1 5 -0.15893499067591718 -2.0972436944450032e-35 0.013674376516602388 -1.0697983408853597 3.2256610577539287e-09 7.804659794215052e-19 0.34625233178381976 -1.2962281921740404e-12 -0.19856537099780153 1.6551513811504663e-47 -9.527378841150882e-09 0.15853395532103262 5.439634191036214e-09 -7.587511067267503e-40 -0.009157220341454327 0.15917933007971782 -0.1283044321218042 1.4092637514664484e-38 -0.1895845510515275 -0.17376175862306514 0.12308854258552338
1 5 -1.988002405197021e-10 3.006664536847546e-46 -1.3484061091251754e-11 4.964652526213126e-11 3.064413551918751e-18 -3.240401166705666e-43 9.499798275463792e-09 1.4320799937308342e-12 -1.497586250388267e-13 -4.723320310453117e-44 5.7858343742131096e-30 6.751307376911746e-53 -2.6049731702442447e-10 -8.93776141139002e-27 4.4054164072411465e-18 -1.1608062102428944e-18 -6.7391213317059814e-15 1.6477999525260484e-18 2.4756529760035134e-27 -2.3639033960438718e-33 -0.21227387094859634
1 5 -1.819343237154793e-25 -6.352877497952827e-15 3.0892919351161337e-12 1.11534921003578e-12 1.263888666059838e-17 2.2454069593887418e-09 7.722818575770955e-11 2.3109075460682763e-47 3.7067705984590216e-16 3.1355735000578466e-43 4.992844292597936e-14 4.495829704416918e-12 1.3967655491035586e-47 -4.980350765204152e-51 -7.089897206998495e-39 -7.733241290976756e-50 1.7393986483157072e-30 3.532661498781899e-15 -3.748485516757376e-45 -3.484292827135215e-18 -0.2978056962475658
1 6 0.505894282770612 0.45613902891772123 -0.6009998237910115 0.4101580540228619 -7.132958856060947e-18 -0.5442347652960073 0.40714686097917435 -0.5475855364139018 0.4783043642632551 4.16517323368203e-49 -0.5952682709890892 -3.362693183967612e-08 0.26319535990467396 -2.5729390241741387e-11 -0.2314504054986059 0.3023666822017614 0.18220333705236563 0.3459075498113562 1.162894827540681e-09 -6.063452191419774e-06 -0.052644793651896955
2 2 -0.5272183997785643 0.14035345467995075 -0.03061853494696193
2 2 9.497662861872648e-53 -1.433498669968487e-10 -0.49649027975994775
2 2 -0.2662515223702155 -0.1086739431104692 0.09070431839711489
2 2 0.5595830066102201 -0.05397683973076962 0.3731130312669703
2 2 0.07438730124263396 -0.41423285672933585 0.21941672147290422
2 2 2.0503878685915966e-52 -1.8648862302548305e-53 -0.4785330549015474
2 2 -0.35815338418272724 -0.5881630985497489 -0.18192786753305407
2 2 -0.3662388954615991 0.251924694871508 0.1297531101767546
2 2 0.14984599709783916 -0.4511150231139104 -0.2784263169767905
2 2 -0.3566660766341836 -0.13016086120952344 0.5368865918810504
2 2 0.21459620257959228 -0.03198924583297011 0.25541871737639416
2 2 0.11732522877777536 0.5948589231115283 -0.29838344927401383
2 2 -0.567340065341705 0.09639052214062437 0.2324596668479452
2 2 -0.21139126968945918 -0.3151759279123689 0.2736858493665867
2 2 0.2588097753550039 0.3468000615078445 0.15804171864256908
2 2 0.5370768766228354 0.09696180425649392 -0.015050137409215063
2 2 0.13871696449265944 0.2750878111964785 0.37661526617619057
2 2 -0.29596528163775315 0.7979778854920234 0.4037800437746538
2 2 -0.6968105357714154 -0.638442007267389 -0.1893458120115529
2 2 -0.26955007865271474 0.2244684946261155 -0.26291085133885994
2 3 -0.5948952512735525 4.14822915732225e-53 -0.26042927760883683 -0.025165159132526354 -0.06775508924238278 -1.2704944233821932e-20 -0.4727373827738324 0.025550662487523215 0.26366387004532965 0.060649076912324906 -0.13793408421104728 -0.16478098582977432 -0.33918237869466633 -0.10744520458245932 0.018798036545181758 0.06436482912774408 -0.2798667605429094 0.20769904419694404 -0.4830571036808198 0.13888778814626057 0.3478537681085402
2 3 3.445645558965359e-14 -6.172518969039094e-63 -4.727931256047097e-16 -2.6991803254223287e-21 -1.5520554192607086e-31 -6.246731426343182e-59 3.597329592817364e-16 -1.62278618368633e-13 1.1760150688508113e-20 -1.8468098004637742e-12 1.4224370994449043e-51 -7.884180331096937e-16 2.4095580301125506e-41 -4.1916335021540415e-59 -1.0693010013720552e-39 -4.821609210264843e-14 4.601683117449591e-59 5.171653100523289e-26 -4.64907421243913e-61 -2.297252271769913e-41 -0.23403552477165723
2 3 0.1887682444173363 -3.016719935941649e-15 0.3555464396038445 -0.07947742691744018 0.3500549779253309 -4.931347151210792e-16 -0.1113120605959958 -1.0102413483716775 0.14292998873561655 -0.32629903602812893 0.10641886206814825 -1.3716771528003093e-12 -0.20004063393011262 0.228443312813901 -1.1236738434658913 -0.2402538103912327 0.02689406756693998 -0.7796161737614321 -0.32884912029549684 6.0670260871389845e-06 0.34362925582469506
2 3 -0.36849431985192993 5.521683045778029e-61 0.17071817459046093 -0.39694095261049217 0.07877035663602376 7.227949050944545e-39 0.2379730905875217 -0.4599470145130997 -0.22258326202075884 -0.2562067131271283 -0.195876901066567 1.136140269119985e-39 -0.13802992745733572 -0.16480866854954776 -0.19316732407795104 -0.10626395473008825 -0.16106182110613437 -0.09667653599391489 0.3264485847635549 -7.335784963755859e-31 0.34394589436469986
2 3 -0.2578087169054015 2.1527093909303348e-31 0.1468248748906905 0.14644612459753578 0.17098569102328037 2.164325746145694e-19 0.3225424937889426 -0.15934235960263665 0.2900670025090997 0.2916921297850016 -0.3217258171800683 1.759657076420557e-58 -0.32972680611773114 -0.03509512377642434 -0.03120936231105185 0.2928943086689014 0.06146558265109175 -0.23986500847836592 0.017799166148651218 -6.670960814752836e-18 -0.2160654395271671
2 3 0.30933483593764943 8.977335519200109e-17 0.018624031329669128 -0.29186486860639005 -0.19857119397387668 -4.404553236247608e-31 0.2796855643110231 0.3127871525270685 0.5792254189791982 0.20830723400895063 -0.15020652968317189 -0.5011890824017501 0.32532949518176185 0.1258567216943139 0.3870265425774747 0.1702837972177162 -0.0004215160909092714 0.4505192184652415 0.3883155594322693 0.37274300741241095 -0.023547417549935012
2 3 -0.16182988027706902 2.6802586053706996e-16 -0.19597559799942424 -0.2120641299855759 -0.3528533181770119 -9.528089020825806e-51 0.1406835133034461 0.3706286324921281 0.3492913126241334 -0.28648017397142583 0.034569816801657834 -0.4920356666546481 0.06535856831267854 0.2695857000106407 0.06684915916400697 0.33780462998349614 0.26301201357368825 0.045806814497230924 0.4504839069498861 0.28886064087196517 0.1853595533625336
2 3 0.2929303912677259 -1.9855972770573856e-17 0.19416656676311791 -0.1947935578628666 -0.2945289140238799 1.5946920226982103e-28 -0.20427198503932004 0.03150619889114739 -0.05356930210879582 0.37390866188862487 0.05661834472948094 -0.5601031651618762 0.31192075483260917 0.3845095262402254 -0.2202869830428909 -0.18896194390170157 0.22992332643710575 0.20539919893705452 -0.35071819387242853 0.3449199351423822 0.34613119402743703
2 3 0.11379175144486346 3.633150527232858e-14 0.3786880226724114 0.442153286867595 -0.09280960921169917 7.18914965099219e-63 -0.2047779327413543 0.18137787329659638 -0.42829523100106587 0.3475220261837978 -0.22521153619398596 0.4832233159642957 -0.3415179326821026 0.06233162105953156 -0.22508717021127223 0.4229612471692725 -0.157238138583577 -0.07378349246935441 -0.2462801307259676 -0.3984013817294217 0.11944601122227719
2 3 0.3829323297931575 1.559291808527331e-58 -0.270053514586756 0.3770075755207966 0.35612133173741845 -2.2569424150407763e-13 -0.05346899580144925 -0.030688841185638156 -0.019727015001146694 0.14874141790341164 -0.2618138160569238 -1.5433525780315706e-33 0.16389350554569387 -0.3633688239228875 -0.43931648802024414 0.1937082503884095 0.06324660827984892 -0.537132101627452 0.6852534574118321 0.7295233018632045 -0.07059161173973323
2 3 0.3549647953444442 -1.952690822327822e-41 0.3964163743345263 -0.34468795790375084 -0.15028365323635037 -6.82355110154352e-51 -0.5006037732865812 0.4422681796598475 -0.2597584143985377 0.16909487258264363 -0.37833243162249414 0.3409459161947526 0.36262340411955113 -0.14857053341670354 -0.09526318679382689 0.47239138092674393 -0.32210860162558796 0.19251597293618986 -0.455574428073704 -0.43538786025341103 -0.03423710190509775
2 3 -0.5382884928010996 1.544714201940857e-53 0.2441054843219404 -0.18341019242707848 -0.3186733133451348 -2.1683435622151462e-14 -0.22771209806159037 -0.044297406079483174 0.4290540034683144 -0.014739160594175668 0.16854443242645695 0.07416661209454502 0.15459136983198823 0.19187021195182496 -0.007055711761789759 0.06659832050298313 0.08563307352071892 0.15644574528721064 -0.09997577631077455 -0.26029816029948005 0.2871716376921716
2 3 0.520670026687724 7.661194674430892e-18 0.38151591646382993 0.261622142437315 -0.14366241987589032 -1.438961710187645e-30 -0.012269484100807906 0.09988628282179338 -0.4771065964812731 -0.2509019801964832 -0.07820934137311447 0.5900899786532086 -0.22730459423457172 -0.29548801413681053 0.3739105219677882 0.16333153078604146 -0.005099653652870016 -0.03425858048779895 7.260025232026599e-58 -0.08588859225889113 -0.08380153025733492
2 3 0.42654543773382364 5.271231346083564e-60 0.18734015884610294 0.13534911946172754 0.06752273554855577 4.542722521497636e-15 0.31465621071248034 -0.2834321843291605 0.2595254636132302 0.25702099964502456 -0.3625354911289462 0.17603202225322898 0.3210584239099895 0.332330551844904 -0.034794861834967224 1.8403304384428083e-05 -0.22722149875371858 0.26632937808900387 0.4270539245686445 0.23292642827355173 -0.37264028970627555
2 3 -0.5285788685138069 -1.0399714470397095e-30 -0.24896343354334086 0.2755548340618356 -0.07769289846467158 8.979764580004355e-58 -0.2196018483752378 0.1517427450326582 0.05023737844314991 0.38580562678241703 0.2948300838425988 -0.2817412809984415 0.32899787225779564 0.3025609299037109 0.19640623238358973 -0.25594002145631095 0.22267159033370765 -0.2110675059372036 0.0022971232739484 -0.4505954554361491 -0.11589681840740257
2 3 -0.23162618636824772 -1.362815236661098e-50 0.04157661659694262 0.07599879855903165 0.5991219462990947 2.474435732212186e-16 -0.07303432306975442 -0.18494225013941426 -0.2260412638674418 0.06098741882954114 0.2723782399262856 0.617998106895714 0.19513368186495644 0.0322789710351553 -0.3188802688741224 -0.16318413353956085 0.005483860373619853 -0.08613010791358937 -0.2810237115039656 -0.09249948533197024 0.0569532751080031
2 3 -0.27221376684266124 4.68205309562284e-24 -0.3450699667722963 -0.168148899860014 -0.2485974301459416 3.44648854856265e-52 -0.20061952273314387 -0.2390980740022487 0.31817247151944966 -0.290151515098505 0.15879153370936605 -0.5070145965845823 0.18923031450054867 -0.016652537026845434 0.33535632881748123 -0.03827562029388398 0.13559961595714995 0.3448733167869172 0.4081349660978515 0.18343400121884845 0.2996661796846669
2 3 0.3004105514979005 5.120949155896417e-18 -0.7577860603865225 0.06621938694664874 0.2132457165842062 1.2058356125980241e-40 0.5189981122107563 -0.4292845627109166 0.7218669229772536 -0.20126284913759585 0.3861248095920379 0.08362274869727566 -0.9158452136967911 -0.40981983302946734 0.19578699923429893 0.08859889572349443 0.26303656428645766 -0.23830779479704556 0.40753986963622635 -9.043549539450439e-65 0.12037520559727917
2 3 0.060037251373882564 3.5737389476799066e-42 -0.00585791871362886 -0.11217742981718427 0.2545456664892101 -1.2550227297695729e-14 -0.454001567956867 -0.19436080711867396 0.13970962366768983 0.4386526872749666 -0.3409954125846641 -0.5816113645952136 0.26219046503155286 0.529252999833936 -0.20598034812194477 -0.13424530099610796 -0.11513824950845557 -0.38328644545914026 0.24103199487381372 0.35603165029898043 0.019164031554683
2 3 -8.137511207692925e-46 -3.961081852613631e-21 -2.6516944745670327e-22 -2.4601710729806682e-52 -1.935239681419071e-49 1.5186735910895041e-65 -1.6519916705420816e-12 3.4969402690946744e-39 -1.0651571246804119e-30 -6.156733248122197e-43 -1.4106338828374836e-23 1.3332646130387729e-33 -1.338912142101797e-13 -2.853809547981423e-12 1.4064419723582073e-38 7.347917136885908e-50 -1.5674523768534496e-65 -1.2343543913459835e-15 3.807711224222652e-13 8.14732281520285e-49 -0.14189057606947938
2 4 -0.19287553898178186 3.0639639661845828e-58 -0.1124724283899207 -0.10503987294931752 -0.17279823044191303 0.08272713555179619 0.11324199925677465 -0.101856541318421 0.3689344402655451 0.22247730763835608 0.42540117994909227 0.2527035969190195 0.4001742324427678 -0.24640112270776604 0.15206551160049842 0.06728665966639404 -0.12332454644420499 0.03373570901361544 0.0797300646074745 1.9382661441262517e-21 -0.2861193786535628
2 4 -0.2387269182230744 6.489385410019041e-49 -0.07000193547575084 -0.16083175221146434 -0.27794036342079487 0.3266371500035346 0.023412613951400922 0.30141682305551515 0.2733927743425646 -0.025177493981358722 0.2475142889267747 -0.326309658449092 0.1800689589615174 0.17240695646760396 0.05805668060468121 0.22618143062579463 0.34207299298211563 0.13717591736417148 -0.14648037286959623 1.3167956296016232e-52 -0.03834936037928569
2 4 0.09163265671326658 -1.9935535334869222e-61 -0.36432694823875456 0.16946146838610568 0.11524895670679156 -0.1656273583489607 -0.3010367867811163 0.16871996084792584 0.13066281541445102 -0.025943308143103812 -0.3098084872271349 0.24796832462409804 -0.24525688514220662 0.09253586374651149 -0.3238880890738077 -0.07858184823949108 0.19767168826727582 0.6605346072770567 -0.0648305047079769 -9.173873379343535e-24 0.2051297736910908
2 4 0.39191075081385524 -2.968026769049267e-13 -0.008244917719115077 -0.027752989296339015 -0.08757379355033354 0.06088138310843593 0.3196475738989863 0.21101694808405677 -0.004110813536423501 -0.43352957475277415 -0.2638929582728745 0.1136476403629773 -0.4133707445713453 -0.3448224849057996 0.12874336679402054 0.022838246395291365 0.32408515244497105 0.4422683444620118 0.4429051567654788 2.667556733111594e-18 -0.34353329109205516
2 4 -0.2493236223902719 7.792041333551641e-20 0.39863400328411847 -0.3230237932987832 -0.229604163289063 -0.42979001076656864 -0.3061841096211859 0.26727485223773195 0.17437550833415819 -0.18544390897984128 -0.04711520709588405 0.1501559870859951 -0.08831609621717501 -0.5644686537084244 0.21786592263152252 0.2537021929327524 0.03291579578077679 -0.7269851956974592 0.041351334772115236 -7.455585595214294e-16 0.2901830577418586
2 4 -4.1635654406263e-14 -6.772639447672328e-48 -9.365728320073468e-61 2.0732346169819237e-60 -6.696012822170461e-40 3.0471726306562754e-23 8.200843395984666e-62 4.0975786446845565e-64 7.111859714284689e-24 1.6983891330199625e-34 -2.437148630585614e-62 -1.638893729740696e-23 3.2224631553678214e-14 3.985294526738141e-63 5.195256865880394e-55 2.892539030202189e-56 -1.8430256798561219e-16 -9.359799515500603e-51 -1.1365886630685953e-18 -1.7481458965016286e-16 -0.2250687438136903
2 4 -6.904717982095113e-32 3.340835337563549e-47 -1.0390247373164022e-20 1.7473651140785757e-35 -9.075223750679273e-13 -1.992695661244872e-57 2.6925620759370647e-63 -1.5257613529168536e-17 7.938918414822583e-13 4.7634492123745425e-60 7.967762581527546e-15 -2.7941453148485454e-41 7.928841182524863e-43 -1.1709674141415138e-27 -3.132875923305335e-63 -2.3288631622688226e-18 3.6852934898832253e-19 -1.823288065518548e-21 6.148294010990883e-17 -2.5376934301943334e-45 -0.2776197691525369
2 4 0.35414630701292804 5.664808594636952e-13 -0.08446030960811018 -0.5208588451256829 0.1689486719922884 0.40898711862537235 0.30245997951238 0.3226090292279272 -0.34729758942273975 -0.09763416958708303 -0.12595369766038997 -0.31920752186881696 -0.10143017986093963 0.09832806745831434 -0.1388591318782516 -1.2096699006031244 0.39675835261003206 -0.06300688025572886 -0.2602731568896518 5.193120486516585e-38 -0.2907473961745937
2 4 -0.33240370388544427 -6.359137673224376e-22 -0.06980702795652126 0.14934360363947372 0.08254875286581453 -0.40476986825189576 0.30395638239043266 0.32474564742780765 -0.20414018141220341 -0.16960830174933791 -0.11835354068654394 -0.20583207935120437 -0.1901353505863458 -0.4083991222969102 0.034540752907337616 0.3406590398322937 0.05142121575797143 0.03552390144250156 -0.21848146376654196 2.5845018690942327e-14 0.08679394905639769
2 4 -0.010785883839687116 -6.488534891223286e-15 -0.2307136691291154 0.21900323943786676 0.06236709296959462 0.22819307662247665 0.04489124380290205 0.3033650274839031 -0.33491858537054064 -0.09354155699932218 -0.563499459704344 0.012227480123850725 -0.10112697909911732 -0.22188291412202166 0.16801736687737726 0.026987057881361257 -0.1807638938832227 0.40033062182836665 0.03550363763737201 3.824385960953605e-17 0.1830751473381331
2 4 0.20263999806553165 -9.272243006592509e-43 -8.285218554042834e-54 -3.1021797183713724e-63 1.2316819628776597e-25 0.3148706448221819 0.30590170207741496 -0.03147065074009795 0.24760711587221637 -0.033406609305655935 -0.19334189667466276 0.3057576542079111 0.38080422803596853 -0.04186667300680565 -0.2953774388940109 -0.18320668403389948 -0.1887449238686587 0.1753882805136981 -0.5027250414185698 1.3962117949324657e-26 -0.342715242261254
2 4 -0.28754113160937506 -2.939163460209907e-52 0.27362600347179766 -0.15672567659355838 -0.24502816909884373 -0.1351255783991216 -0.20107711625421307 0.3175747611683514 0.3491949942734264 0.03884221837824351 0.5423497263905604 -0.1519626568558521 0.4945631171025364 0.3959203704694337 -0.039116103404280615 -0.13927030211866243 0.23693954840346615 -0.48840527412884616 -0.45650374820739 3.0938545421545823e-25 0.40476438054118596
2 4 -0.08708498809676855 8.829178524391994e-57 -0.5385606965459825 0.37970260526418875 -0.07545885881341823 -0.14570088246982899 -0.32184500950227257 0.044494788243329156 -0.3589577596361059 -0.15139672045864563 -0.1520621004296934 -0.007859448858537761 -0.35939494055592075 -0.2929944493753012 0.30026541695724324 0.3645482093138198 0.321579498917907 0.42611395963213367 0.06789572371664337 -3.663662144292377e-32 0.06771341591260906
2 4 -0.19024554038645108 -3.9398267838898627e-36 0.19977813140715156 0.18728928284862498 -0.38005933253122903 -0.2546856584421031 -0.19693856171891044 0.039816491596271326 -0.03983934085403892 0.14817587634959775 0.329024430545148 0.3562091824211017 0.41542706176771577 0.15166884918884802 0.04657088586613185 0.1768579283779462 -0.1829562388940594 -0.2646126699956363 -0.14349073491378067 -5.477346816200694e-22 0.1278017330837775
2 4 0.42767835485246214 -5.510004280128161e-31 -0.512633927563698 -0.36759836413120456 0.1718505650935942 0.3751725289484456 0.05969607173858604 -0.05491649054186101 -0.08466322067621371 -0.5320632959969014 -0.7776656313212981 0.25952523385495463 -0.4433424241910761 -0.2740992974832548 0.05018412202498648 0.4238810732422877 0.053297910864403525 0.7003358608025143 0.29742712342677924 2.4053338583901208e-29 -0.05558426611665683
2 4 0.17590762100667975 -1.777116392480344e-45 -0.08231686807321972 0.31651686658226197 -1.0560208480781863 0.28762180823646144 -0.10675599371892204 -0.42401594751164784 0.18672394098017775 0.2994627947857 0.26046244617674363 -0.1887692247937365 0.1800612850944672 -0.053040704041578055 -0.31542465100605777 0.08524634341459661 0.21347316471987166 0.005150869039274337 -0.0408437091375361 9.376878596499911e-48 0.05870760511790993
2 4 -0.03169035361208297 -2.36162392318053e-53 0.26880131781154704 0.06081141811004008 -0.2895331852266521 0.3847724769424992 0.3576713217449968 -0.3660236740839123 -0.025477740486810417 0.3042948753923895 0.31765976525836714 0.27130764365822535 0.4660673133512708 0.17398614286605268 -0.1332111026196158 0.22264323698735597 0.08156990235870706 0.6760488389012096 -0.265336069378221 2.2046419386260712e-15 -0.2135588951921385
2 4 4.9014247925435114e-17 1.1359511255850808e-38 3.2423283590123987e-62 1.1610000273542687e-17 1.6489533461897082e-20 -4.5229479531384e-14 4.423070711764164e-34 -1.2133656418034784e-21 9.332466213660048e-56 -4.638511131102411e-24 -2.4398697143909918e-58 -3.1124345714122516e-12 -4.67454832198154e-14 4.888852109393913e-63 2.5162378472991887e-56 9.458548832325709e-48 2.468940707519887e-17 -1.312022140429367e-57 -2.354872575995042e-53 2.5682688467093037e-13 -0.2288162543321736
2 4 -0.3053813901394406 -3.034715692021525e-26 0.2746722157961033 -0.08778302729039598 -0.13181201081427435 -0.20073215128233263 0.2810492805352507 0.3073254741243516 0.2916886740963491 0.14767821813914103 0.12799667907625847 -0.22661649015926888 0.08503850793796572 0.03853854761314179 0.03444477576316366 0.12128438265128495 0.2301256522653055 -0.030218511500536786 -0.24235602372569215 1.0003488845872572e-13 -0.20254090817279038
2 4 0.18640330304883085 3.4719685391998655e-43 0.32421936655849876 -0.2673222570061881 -0.21434158420254923 -0.24932635221644986 0.30687933158586284 -0.09940599914607313 0.37619505009939136 0.4763096801765576 0.5330056754743264 0.07164162454403959 0.5405002290709519 0.0371014993186196 0.0661100395832898 -0.10200109409156419 0.14991177195345073 -0.5148708452395607 -0.3688219870376799 2.1479249200778943e-21 0.2243484650602674
2 5 1.6621789216048783e-16 -3.290636702103775e-16 -7.174609221825234e-18 1.6461001904884875e-17 4.1237953164421385e-36 4.668410314512384e-14 -1.8299368004303222e-20 1.2731719766063613e-14 -1.777422851975738e-17 -1.5596215132903483e-20 2.9457723723790987e-43 -3.525520605433537e-14 -8.357110967772823e-51 1.567749239978658e-11 1.2759231560675367e-13 1.0820257204778918e-34 -2.816645096785999e-11 3.355059930649825e-12 1.5719181988119288e-17 -2.046285535424599e-09 -0.03169821628559819
2 5 -0.2995176606978429 -0.27649812820232156 -0.012060154740051546 -0.28405585147017703 0.19509696434175072 9.136082679146603e-54 -1.6209334947358657e-27 -0.6569219195384015 -0.33595901683380325 0.22425118842461572 -0.3793799926753283 0.07167163196637996 -0.040052410160361714 0.032903273412617735 -0.23788504120282697 -0.2654236958128357 0.0623063721357042 3.5099986493231867e-31 -0.07173303173692275 0.41458263074156965 0.24750407568010285
2 5 -0.5931394575087685 0.12411232948141836 0.01282043751978171 -0.38456285253960504 0.11457840324353158 -1.3507199416190868e-30 -1.0308723448499904e-63 -0.7922085141253379 0.02077546351525066 0.027147657581144253 -0.31481509706831534 0.42908316308040345 -0.2846866496664729 0.12023052101931292 -0.13613405456201771 -0.2504582190985714 0.6365430235476746 -1.1726458129453454e-33 0.09680102381672942 0.13800748845149058 0.07607740411499012
2 5 9.608145422091454e-40 3.975206357252872e-22 6.579783621382381e-22 1.4383097819715765e-30 -6.145927954185876e-48 -6.575151671913235e-61 -1.7037175393016888e-20 1.0418994883506273e-30 7.436262110265122e-36 4.2189213034304196e-18 -5.950539509527497e-19 -1.545204505099852e-28 -1.7102657532457936e-57 6.170444460785894e-36 -1.975946507765803e-14 -7.989708298781399e-22 2.351953254753401e-61 -2.1726683443256003e-57 8.865960857683359e-53 -9.862724862373309e-45 -0.17649760576484996
2 5 -0.6530956347261943 -0.29320385234512203 -0.21595451818258074 -0.42785861343085946 0.3917198571646117 2.790533522676176e-56 3.854073703046942e-44 -0.8213247108563297 0.3773541147123619 -0.2531556260704631 -1.0049763548740981e-55 0.3447617930134095 -0.26974332298097536 0.3698586439557371 -0.5390308766842152 -2.0598870542479175e-53 -0.17562834462504534 7.424754073939176e-13 0.1821101814134803 0.293760794881511 -0.052950342618246334
2 5 0.5968990604854164 -0.20430565494251526 -0.03274897248009958 -0.14057056079224117 0.030423011696596548 3.998300823889901e-15 -8.159774790938789e-50 0.8344363078395461 0.244335408446712 0.3956374119711982 0.29115154134420856 0.262126072054066 0.0077225747838438295 -0.35619635340091993 0.37566254573234853 0.13189282088525475 -0.5939812333959772 3.6106040859903683e-14 -0.05056350613715987 0.07175520803810673 -0.04070149051199026
2 5 -8.108257410228104e-26 1.2688622115002934e-52 4.0566962787347433e-50 7.182835310580169e-38 -4.856404208730714e-49 4.85351318003666e-13 1.2349059328232945e-14 1.0573089720128264e-65 1.5804927761606165e-41 -7.63761698063673e-61 -1.89591428074487e-26 -3.1029745902561405e-27 3.014332011178382e-63 -1.2883976940042285e-18 5.515401698266876e-58 -4.532840087124042e-20 -7.260538243977691e-61 7.544587868993404e-37 -2.2226471519211082e-60 7.869682663341454e-25 -0.3265119730627926
2 5 -0.49239509686713884 0.2693868762211049 -0.15109629004860697 -0.4206246185116867 0.11195939401668271 6.657546952561002e-20 -1.8713865617654592e-13 -0.7791490788543488 0.31077083058442795 -0.1906642744451005 -0.33898061949831454 0.21059129277401345 -0.3291772649930523 -0.29285328475043426 0.00988138269633676 -0.3689529019853418 0.5254531997156048 1.6957525828298857e-45 0.17172435349783324 0.11584532413927089 0.24052228905435796
2 5 -0.3859064536232078 0.35805301393462285 -0.028247717052219557 -0.1083339689633923 0.1959301461912575 6.257652550157842e-42 -4.119733809973659e-34 -0.7135034480118446 -0.3441330851935572 -0.2738687727051131 -0.4520296022405739 -0.133151206537733 -0.16505723201370243 0.3378968109193686 -0.18924541602736608 -0.40956325643931746 0.03442000866452826 -6.225478827773067e-52 -0.17490521104931983 0.09039899574736594 0.39026036123677094
2 5 -0.2210802795293803 -0.0411396177365232 -0.04097521403270282 -0.2812963521579206 -0.07854356793233369 -3.025474942295849e-15 -3.771800174018457e-14 -0.15630133867037554 -0.08325677336989061 0.21227416524665482 -0.10593625281629149 0.3504325055220221 0.1984181448891709 0.4107143355620773 -0.402703400224605 -0.5670360858742708 0.2994340472411913 2.8712004914995166e-35 0.4264400583164461 0.20589352597643917 0.29792747797491
2 5 0.25935449433014507 -0.3845709847182432 0.2686841713588033 0.08029335273669108 0.3291759893299542 4.5670428722822276e-17 7.98083273718085e-13 0.09858963790526817 0.27960733060587245 0.24751085215671295 3.4163068663555145e-12 -0.0974801759111495 -0.17240635817308764 0.03279592900313139 0.047825835929434034 -2.6882410761225736e-41 0.11226213725404532 -1.416076446061674e-13 0.2602115224798833 -0.28933640475898376 -0.31589683869042584
2 5 -0.04962087641369069 -0.3540894528640594 0.03810857097702029 -0.1964916917598908 0.21930123567981813 8.084915888015738e-48 1.943446007661471e-20 0.12781587240312822 0.16479586887809822 0.11760516995399745 8.912022078672285e-14 0.13754317014677125 0.09172020192113248 -0.11141506663063562 -0.2249139111753037 3.887727526231793e-25 0.2712091448201497 4.281086044976386e-14 0.2941953957152629 -0.2644407699345064 -0.11920960860185899
2 5 -0.05793363043390515 -0.3424746751401574 0.16319335585035757 -0.2946498144715008 -0.0955955844783777 4.6463526074656825e-62 -3.0351135087840344e-34 -0.09261706754143333 -0.25390237738843024 0.31342358317490776 0.0758982287303019 -0.22176230113248 0.05565783166519613 0.17352640135402989 -0.1449831744069854 0.21019655380762992 0.07375605400958878 -7.640393995801059e-39 0.29778156996417193 0.28805363047402605 0.03571774092062821
2 5 0.29542710559416646 -0.2989173717661947 -0.1194884617355842 -0.14597849863372006 0.05629386592432387 4.746499798699272e-66 -8.22980753079237e-13 0.7692728278754674 0.17607337907617052 0.40311084844663747 0.33956865503101363 -0.37344754521025364 0.17746029564301743 0.1785311864387894 0.6171369026384118 0.5989992927636704 -0.4277139394725223 1.484802206503633e-45 -0.48637651190006004 -0.20578288810137796 0.21035382501634725
2 5 0.6894829843960169 0.2849038434541963 0.18841405791486895 0.12625818740235403 -0.05073184492542411 3.614911315662042e-12 -1.7666929761777956e-58 0.26629103074254884 0.10295897285330308 0.35675681923427954 0.36118834321059506 -0.07091877905813267 0.08505060266455275 -0.04031658565278231 0.42085139079283107 0.6162538597206617 -0.39822496100895743 -8.36289313171252e-50 -0.42234076651151525 -0.2594937321616216 0.06173762783465687
2 5 -0.138801975452566 0.25018762844339654 -0.33674608968267455 -0.177923596940174 -0.28289996914700477 -3.6749925448823395e-12 -1.393099412218562e-14 -0.9349491073424452 0.03142210450605311 -0.12717681733921393 -0.46818370977201185 0.3484365851139549 -0.02594315221265947 -0.11455704746817046 -0.44434010980520694 -0.4679481196262098 0.35369478042301095 -1.5861444928817347e-22 -0.21041065204053766 0.048338045771312406 0.44081561646517037
2 5 -0.05307389650452592 0.17535544368045158 -0.25720026242361055 0.0940567573086172 0.2742237071074206 1.3386747053379648e-28 4.8507228677896566e-27 0.43173799130306345 0.06839552378424632 0.21167238673150315 0.17113788253782983 -0.01904948381474144 -0.3353267664218825 -0.1740232331909658 0.302423269806481 0.23977778926076102 0.11026193658589792 1.882995763424697e-40 0.1741526522403578 0.2479380273824685 0.3186126110877835
2 5 -0.6264951959068619 0.20254345110054653 -0.29460121580018256 0.10026673386584552 0.27303536185196137 -1.17283016154491e-19 -1.0422884805115833e-12 -0.40885886596777393 0.09969404520523945 -0.3615866705008592 -0.3455180776801471 0.30866707310932584 -0.18107491928158656 0.11774899631648947 0.002079418440440218 -0.47908558242711535 0.5329063065998713 9.069409221594884e-60 0.12184136708017052 -0.1559480037893523 0.06553073400787023
2 5 -0.06639792217988763 -0.07888522129432354 -1.1886902202949094 -1.0545306238176135 0.07183147500447389 6.082867692559986e-19 2.299058123584789e-54 -1.3306930866783369 -0.7732740955381392 0.05126264742570748 -0.07349333263768812 -0.17626043250466056 -0.29030632223779573 -0.1631255543428097 -0.28341778321980376 0.784321085026701 0.65171603055334 9.720212440931652e-14 -0.5115889725500895 0.057922699971564955 0.31345324988784573
2 5 -2.9960775703641556e-12 -1.4227512833850446e-19 6.341460011754403e-13 1.2459911559467235e-26 -1.4807409384377517e-65 4.811646961831716e-55 3.665488753788776e-34 -1.0598660063233719e-58 1.4280695286841581e-61 6.713100292641775e-56 8.878470222840239e-17 -4.482118094062063e-62 -1.1487174816713568e-61 -5.663412983763476e-61 -7.628999244078575e-28 -1.1644032023586423e-22 -3.2454556535804756e-60 -9.330421843692375e-52 3.149131757188913e-64 -7.210430478490248e-64 -0.3082710636383321
2 6 -6.4254580760234825e-43 -0.3665495615411449 -0.5021006577463176 3.7576463185145705e-12 -0.5589325342289405 0.3695431777825664 2.722331420686291e-10 -0.46902626286318294 -0.3767838522397186 -0.2108436673793133 0.5078982002751082 0.3718023097189885 0.1713002149113493 0.3051573418412245 0.5226577156079204 -0.4825301673719988 0.023981503948609234 -0.1489896642554354 1.0507298983531117 -7.648113936693499e-33 0.4145115300196498
3 2 0.46015961374529163 0.09433726539613548 0.15683137902843278
3 2 0.3683484480171945 0.6349778590450232 -0.25649624154228096
3 2 -0.28723839139982454 0.3755251102930091 0.23808211624850653
3 2 0.5064094279207699 0.32238328139855355 0.4937680432182452
3 2 -7.762566393398056e-45 -2.2817116839229674e-42 -0.36223168993115074
3 2 0.061797570038135304 -0.17293063618842916 0.30258804779549575
3 2 0.5634998142158838 -0.09221997832470638 0.26380309052424683
3 2 0.4161508465126297 0.30811920396349674 0.15181134265825022
3 2 0.47321015575932796 -0.21776249705780612 -0.06950696465728029
3 2 -0.005387514326606177 0.31048069101371445 0.1552536665308644
3 2 0.39237776457891094 0.41960068281277585 0.1075204791340873
3 2 -0.1258194573662806 -0.4192259242014611 -0.32106085468233814
3 2 -0.2322860141738881 -0.1551631158912691 -0.025162832425749227
3 2 -0.5756560979987034 -0.36138284384040326 0.5509380936062316
3 2 0.0037717899509202685 -0.6105377987465704 -0.3168184756942572
3 2 0.47113125041987397 0.46726358220285086 -0.21267005647198794
3 2 -0.5870347793428091 -0.2471404977863525 0.3740474609924997
3 2 0.09768444173804523 -0.5250824430728196 0.42041093063211366
3 2 0.2443701028594309 -0.7440874241744364 -0.16407714222617847
3 2 0.570049111957252 -0.15505755057189657 -0.09178511092143292
3 3 0.08391097012365473 -0.40863321707007255 -0.11062881303016107 0.35247058623154137 1.8683388775995923e-35 0.17361536677192277 0.041222196698159554 -0.1551361997513253 -0.3952663030047192 0.360140359364425 0.05651928990136772 0.1295825957364915 0.16513255965549556 -0.14445038347003533 0.41581710865757976 -0.5743803539528696 -0.36145895552438395 0.23739860259191153 -0.6692063592405062 0.1633593929522597 0.14036678151913634
3 3 0.06418259608874638 -0.7244110591604325 0.42384948247259785 -0.010498771352375912 1.5344807852907146e-35 -0.16614288651065476 0.030374151714917818 -0.050695087424200834 0.31402791413350895 -0.07707627754014988 0.21522191344156208 -0.07199243747733518 0.3185467730537695 -0.06653318426356616 0.12155128023559195 0.09132063951337768 0.09285136645796994 0.16561669159282122 -0.47972568104768154 -0.21704105513572824 0.24091793841233458
3 3 3.15004502773884e-21 3.0148069399887146e-11 -1.6780247220344958e-10 7.02809586022555e-21 2.642575198663469e-26 6.029964427084084e-49 4.674178634894527e-39 -8.585838220438949e-18 1.1635233826192948e-09 -2.562517300129538e-34 -1.1194318301779829e-10 -1.792900564277947e-44 -3.295872622259777e-48 -1.9457365184884036e-10 -5.594641642087685e-39 -2.3490414432796957e-21 3.739082612996918e-48 -1.2538404761664115e-15 1.6836667023831963e-15 -2.6323817661284074e-10 -0.0011590993092164825
3 3 0.2775132847130075 -0.28720828093742007 0.3390881606902258 0.36211818590147526 3.923703899307332e-12 -0.3410679399813763 0.3313399753093754 -0.14148992829371532 -0.2885443476267955 -0.16405220590036318 -0.21339808947177338 0.16412040549507426 0.2597811972452088 0.28829853771084696 0.16557106567184868 -0.45326954369226374 -0.2876339466452944 0.09069593334529827 0.24289198521693786 -0.22723203156533142 0.37096537238076926
3 3 -0.3028722323719202 0.23442606090595075 0.2685628122937203 0.04903269930511548 -2.0123181186641668e-11 0.005441968165792384 -0.2106918874107934 0.1294019300936763 0.2443872730445898 -0.06141716083240917 0.19704710283048035 0.1844770720887757 -0.11647979389257129 0.047292930667463054 -0.07438600384831959 -0.023317742275293964 0.18310544828257824 0.08498962058566423 0.005392743033909106 0.2887219703110381 -0.004910975157770115
3 3 0.2602247877548454 -0.6209482661510464 -0.13022614186070475 0.2259140542041004 -5.1357818611398477e-45 -0.35214535459395824 0.03781030642711814 0.2763138140438877 -0.38169800231822415 -0.07247510968218579 -0.278511108814083 -0.08696778455018087 0.2749234535883072 0.30492732560262537 -0.0915234795398596 -0.22354627965757443 0.1106307562997641 -0.24986220733772865 -0.33201878767433685 -0.3372126400278244 0.4160899634164572
3 3 -0.17638541361254553 0.26326237599019675 0.3447246822026363 -0.3401962053645698 -1.6353586570533864e-51 -0.3401344079679442 -0.050517584391429456 0.05791195839079088 0.2035465492655348 0.40041521434590344 0.28950770121937713 -1.0223286237549739e-05 0.21124364545081042 0.13163778767192003 -0.0011276963392860466 -0.28688436291545355 -0.28444520976481763 -0.5441425703044024 -0.029866337741594282 -0.264321071989974 0.2721255401718439
3 3 0.0413378693679003 -0.1351576631800542 0.3751549466992137 -0.31035479066167443 2.0904837344671095e-08 0.12525041588742208 0.2521230308642267 -0.016221902526228606 0.34574424419639455 0.2059099885093804 -0.3196365128010687 0.3991618593713007 0.14514815364381065 -0.12662352745155608 0.18319801450091353 0.11408566741624945 -0.04324743667759406 -0.15008780890964232 -0.6525086160419966 0.3489949979478155 0.3106243054739038
3 3 4.582909895919994e-40 1.8979092266934628e-09 2.93553879055458e-41 -6.707823058018654e-14 -5.230269582794231e-15 1.369425901258048e-15 -2.5496842521188e-12 -6.618826777221744e-08 1.0243016796080232e-41 -2.0729432939330974e-29 -1.885763558439243e-13 2.074577400710707e-33 6.301481454468559e-14 1.4018850577224636e-14 -6.688867202868907e-08 -6.264075233297666e-33 3.8962833338657833e-31 -9.04193318762374e-11 2.320927067094184e-20 7.836225929713689e-19 -0.37156923900551225
3 3 -0.30831337451772045 0.4787703204242317 0.4487064156415905 -0.04483349269245306 -7.112864618236699e-08 -0.3038740764610467 -0.9705995597084258 0.27661420802635317 0.37056503904081606 -0.18505563778675937 -0.4337565764537168 -0.20679907557008245 -0.45233849537994303 0.1891836279607711 0.07288894288081295 0.5343672089364134 0.23882499322083997 -0.3222775388981053 0.1596725623923011 -0.3843231590797166 0.1288270360952879
3 3 0.12248540340552254 0.1633582693673612 -0.2565366567008457 0.10159672778848611 -1.8967344792579912e-35 0.09383829083305667 0.13268484035312722 0.31483118276416433 0.09871396506809696 0.11267455851829676 0.09198104386685486 0.674557273465779 0.3742030010785328 -0.3015406912503047 0.42824327022258735 0.42413686836455705 -0.6004910091734428 -0.23653882236047077 0.34361166087020156 0.39746316227572503 0.025473653002434527
3 3 0.07438166904812685 0.1613453878854071 -0.16861701064159954 0.32806229753799093 9.54850998736944e-37 0.14291278384488929 -0.014523825105899247 -0.15694584929372815 -0.10198054362122587 0.411317319626668 0.06968008043334951 0.5523396321011766 0.04799388605011033 -0.33563544564078107 -0.6849202544257749 0.26980203007473097 -0.07902296983963662 0.07680806534125677 0.6294882061264822 -0.1408379185578702 0.2550226569534394
3 3 0.07596486742838825 0.9247500277886701 0.06174431745591745 0.11950955100271528 6.829642017028636e-08 -0.42494203332359465 0.08178074108784264 0.1480249855015263 0.3865813833175671 0.30425430927839375 -0.2672025354523595 0.31561059512255435 -0.10264164653794983 0.22162078047481457 0.15435418254648184 0.13893064665353982 -0.1167338430702733 0.20441212319034538 -0.20942561056959072 0.4637974772172449 -0.185922305996016
3 3 0.04652103529861238 -0.5704876231632281 -0.48045382247771384 0.3730011347780472 -6.405669112740037e-11 0.12628208452183853 0.16328490488797323 -0.14062542339933629 0.17031630696192135 0.28231280829942185 -0.2810584551870107 -0.6010636862537958 -0.2643794770670672 -0.321206453793468 -0.01624564432074174 0.05715828826806694 -0.4709816042907876 0.5281400702388214 -0.3329298878168845 0.003694685852968722 -0.05970151661899356
3 3 -0.026392032975445758 0.7612753431096082 -0.019656662230355285 -0.17431474924556398 -2.71874864848615e-27 0.1294806238389067 -0.16790832011081017 0.14974425532167518 -0.2297570042623937 0.07468353157231868 -0.351705328226423 0.16078536809445673 -0.3484295613771826 0.2074981847556067 0.354582963969514 0.3120696219634928 0.25478186520048096 0.10279002863176043 -0.2963904095852352 -0.12324902516431861 0.1525047971055935
3 3 -0.15497062128153158 -0.7096107535635179 -0.17694537624851925 -0.24929036105221916 -1.4366917932110883e-37 0.1503964258785132 0.12985316772268413 -0.23634999537579862 0.1912200494752354 -0.3591565915681672 0.008137744354407424 0.16323131370930546 -0.17336467402933595 0.40492726948492763 -0.3569854263637479 0.1716940252050066 -0.005361665018024552 0.42131908133108037 0.5130275982675806 -0.6476515775331472 0.29069616370506707
3 3 -5.410050947485546e-08 -4.8056187932214937e-11 1.2944740481489957e-10 -1.3574845957618246e-45 5.657177492851803e-08 -9.832565886845266e-17 -1.1729884029168297e-45 -3.237940730123976e-17 -6.177934596684901e-20 -2.202506154063533e-23 1.1341546445935201e-15 -6.995716111702754e-09 2.384474736958005e-19 -1.2562133533504159e-42 -1.4896627826225025e-21 -9.332753326985802e-13 -9.240828480476377e-23 -6.307667360994709e-38 4.2881109167526583e-19 -1.376619148356528e-25 -0.34600309275583535
3 3 2.638674780563432e-10 2.539558702541553e-19 -3.4667988161444946e-22 -2.047874605203934e-24 -6.903466012824601e-17 9.08944606341684e-11 2.454075680738819e-18 -1.5699758815722554e-14 -1.4898474871852238e-15 -1.5308117417961435e-19 -1.2961133480603384e-09 1.0601503467664237e-32 -3.825547789626616e-11 -2.1550335326810614e-13 -2.040499576199083e-19 -2.19211671310562e-33 4.859409123670207e-09 7.280277027229938e-38 1.5894347845124452e-50 -2.035329295827019e-08 -0.24339061028543868
3 3 -0.009599000753771465 0.46563844425022094 -0.050977922425101206 -0.41570156940806613 -1.606877690506666e-14 -0.07158370358455143 0.25773403985707083 0.28521842415781 -0.12777693500179413 0.2260074987510621 0.044950409868213775 0.18310684593185467 0.37742403893474513 -0.2971464367432873 0.10416790908540415 0.08394431895750636 0.13115669664580673 -0.38953733740978763 -0.0032806227652483863 0.15153877760254872 0.2958697648396151
3 3 -0.21202632469510035 0.02250599411878547 0.03835651177491959 0.054300468643384406 1.210250636119946e-45 -0.2043002261491989 0.017210055505936416 0.27827952522827376 0.15035439095862105 -0.27139311307256697 0.16496111161799973 -0.9886757075212811 0.12395316722352381 -0.11233115721454145 0.9775869694021118 -0.05916561786959842 -0.2342314651637467 0.010448793451420512 0.27080761127621145 0.49055946856928095 0.14723075649454126
3 4 0.028164567689368685 -0.05771654746954753 8.2568763420004095e-16 -0.2954155156476081 0.2433669740757676 0.27093426485600774 -0.0032275321447370804 0.15711314757538514 -6.6861880246755636e-21 -0.6567239764977633 0.08637347645099223 0.27209827250307334 0.18620200093859257 0.4463920638134141 -0.2589822058020434 -0.29224757822145536 3.212511768697103e-08 8.101727013114124e-11 0.11142567075687847 -0.3484846853038288 0.3659521192863127
3 4 -3.0605827493725072e-09 9.45584721838983e-48 3.7198513283188985e-11 -1.2840229632754818e-14 4.6665479180539893e-38 -7.15887240438511e-18 -5.8692741168059e-13 2.61003276178597e-25 7.063866605341757e-29 9.672430293893223e-23 2.0321804941336568e-08 -2.6749685101183137e-11 3.567971845546461e-11 6.264108407344589e-38 1.0477631214202943e-33 5.057214058847325e-13 1.5747453879628077e-14 -2.0658372475124138e-47 -1.8105240573104892e-14 -8.958444440525412e-09 -0.35265394966800245
3 4 0.2724483608859116 0.027620857214779884 1.355688806347381e-32 -0.036785532763827615 0.05509593425068709 0.13459607386955869 0.002202737794082951 -0.07116857166904214 1.1942713233999381e-12 0.4049327039895139 0.2851325045149467 -0.3627243543097969 0.31136820216216543 -0.29565680117084714 0.2803072272906627 0.15428930820673653 5.161997589929741e-10 2.8588923793255447e-20 0.32241193564470055 -0.1614351062340759 0.1264527254138752
3 4 -0.2612503239495301 -0.17135576765641514 -1.4471810788012906e-49 -0.29475134082451004 -0.14830362825156745 0.005217910413521122 0.09947587147527412 0.4539586785737975 -3.9117000685009224e-47 -0.35792065217174507 0.5378627512957181 0.0577908388199149 0.11666167921210471 0.08330544019465011 0.23192685843231886 -0.4361190706303606 -7.987018428656758e-23 8.771064946857809e-13 0.223729750593165 0.2487352512247849 0.2642903562072339
3 4 -0.1048144664476145 0.15697749979613698 6.291262079948562e-39 0.27338355448450774 0.13699865727695132 -0.0636963656212608 -0.20806388704822684 0.2738858806069892 -1.0406693202827393e-12 0.13400145840853148 -0.44812247157717494 0.418769121268046 0.08629002589665688 -0.5961586616563006 -0.3769348780978918 0.38949335298589893 -8.97231843387128e-36 1.829580280950994e-15 -0.1557628665804065 0.014110847966436196 -0.20750842654483878
3 4 0.39232380904261854 0.2778900474983362 6.83040171729635e-23 0.317415517690694 -0.10066401558846459 0.09008889913368642 -0.30723902924689944 0.08939779513423685 -1.9131647483047307e-49 -0.3052914152531849 0.031971089149192236 -0.15793994730966823 -0.33505017474535026 -0.27773620734775256 0.21909254669579728 0.13670351912659556 -9.441250116094279e-14 9.978867273988584e-41 0.022964114774836213 0.3485207215253639 -0.14588649677636262
3 4 0.3280214959435404 0.4025957702440082 -3.3746081054140188e-18 0.3567044048298896 -0.17104148054288829 -0.06124328104975704 -0.10606829039455087 0.19267560476310244 1.7279929557706856e-18 -0.22800876545765342 -0.4541590774346417 0.17379762115344333 -0.3279946799630061 -0.13886212454577973 -0.326428733195196 0.27709075073920164 -1.0630530488618285e-47 5.70959902513597e-35 0.023325424002249434 -0.14909019328570203 -0.041427186346610474
3 4 0.24191481867826642 0.06875683301835878 2.5925877878703005e-26 0.3030392062059266 0.2651114319177884 -0.2618251769480351 -0.20468020941044401 -0.05718492863716278 -2.3272689667628766e-24 0.47763681207934505 0.39510695968625204 0.38079749187492606 -0.2891259077186973 0.0676928644213432 0.15341667815158125 0.30371952674446606 -3.6494465459507507e-38 -2.8849156966982344e-15 0.23861555018034558 -0.100060044939114 -0.17509586813586528
3 4 0.38117896478467006 0.16924878157963796 8.157102119747653e-13 0.0025118117213869815 0.19840152450678158 0.35011934286295915 0.39039488995513566 0.020807097429670872 2.117871292863354e-19 -0.06498683970302915 -0.5584984378438552 -0.01557590890505294 -0.1816257237240263 -0.11289014807060177 0.11940475095212724 0.32988402040302967 1.1283946335538569e-18 -2.150959048467696e-13 0.41940681608638114 0.1280113888884197 -0.3008524868297817
3 4 0.0745660052966016 0.07161385999613425 7.740030051921341e-10 -0.21264833175507167 0.2737895259707688 -0.11250036975348365 0.14277631119386275 0.05355744745594139 8.847869775968764e-20 0.062003405511804076 0.10310260099851472 0.2121722677290948 -0.030704849250459708 0.3465377224366285 0.15732590027327178 -0.37746248390350223 2.4870586185492144e-08 -3.7502002557185236e-10 0.24345703179845274 -0.37063348780351807 -0.03673619017020831
3 4 -0.0015533718933694954 0.2394535462764175 4.1755292733621465e-29 -0.02958621444151447 0.30945181098626934 0.23159193501279537 0.191632467965333 -0.15705525284681585 -1.3019758779833694e-11 0.30385246001167765 -0.10974852131022318 0.3772638068517079 -0.32969040863214255 0.1315353431815287 -0.2646434216505458 0.02415494451332621 -7.583896553072936e-12 7.148950128914062e-13 0.22869395954285887 -0.42867551372863283 0.1281877034260818
3 4 0.5776416478402027 0.12703330008617053 7.275239918468206e-09 -0.272961284422726 -0.08709432586190588 -0.01081456174319757 -0.3023176871705077 0.1225627209008657 -1.6242005984381167e-47 -0.4496200757411109 -0.44521308550082944 -0.6310715715823381 -0.36235327934990835 -0.08845409656677498 0.4738092166285196 0.3133650104949992 2.3853433502894032e-42 -8.714957141702311e-11 -0.970479724329261 0.8182712998808279 -0.051479091389535145
3 4 0.26370938128773713 -0.251678535901244 7.260506704266146e-31 0.37976491787796196 -0.24509326551714522 0.4223557519502768 -1.6200505078109004 -0.4277149642901398 1.1708335757408714e-10 0.24850665160938998 0.07636462510947688 0.1770787947374256 -0.3436683544948813 -0.8132345249663026 -0.07861599771826243 0.2870946596256945 -5.174418199645896e-15 2.2971736659586867e-11 -0.35140135241596154 -0.5439140420233853 0.023474145265818484
3 4 0.2377179689278017 0.00145929209295115 2.9697207693310982e-12 0.2178155746858514 -0.04466384709560634 0.09200560553085607 -0.21063166498310723 0.46243425855935916 -1.2564420106821174e-09 -0.10926873071107725 0.4353000960847261 -0.027568504774143108 0.22883083002087637 0.9491547098751596 0.09452367263440756 -0.12013906100269954 2.710423684777799e-51 6.036412134094132e-08 -0.27927667043977994 0.08152545385618079 0.03064916614862897
3 4 0.3105326956728189 0.3499027072541928 1.6617156464292755e-16 0.010342608070879108 -0.28224980966960644 -0.15425081029833407 0.050910183203073237 0.24012754149462745 -5.547191103293505e-09 -0.4285460494449722 -0.18454468969057458 -0.2794175698207901 -0.26920630946014595 -0.22319584977376747 0.32589987157866956 0.18543558957276735 -4.6006691826024965e-31 -2.9577780901616602e-50 0.36634929773076713 0.2966438768975044 -0.017617978137392267
3 4 0.08517619829886833 0.3186829152176866 4.9061997878444645e-14 0.28478334932232224 -0.29036690952979666 -0.15907060566834663 -0.18897587828647833 0.31759031945842536 -2.740994606269832e-13 -0.003408387756781402 -0.07669365251839476 -0.007463806285562663 -0.1428474724926565 -0.07414811593200438 -0.2725139091784836 -0.05831351484402338 1.187392451420411e-46 1.2333318645454146e-35 -0.19036896346287593 0.2494255343428492 0.3871052304327285
3 4 -0.1280172188444531 -0.34829609512085746 -1.623896443765189e-23 -0.1006108258777208 -0.19679774326987687 0.11805708769846446 -0.04414996901178809 0.11506419250475389 1.724706824113278e-22 0.41272371346621517 0.6330198906378217 0.23137330783636317 0.038359993317998504 0.273980973969021 -0.2785471848007165 0.19585614811382598 4.971658533259454e-09 -1.9164624090292598e-22 -0.1874694666779789 0.14966173439693495 0.17340338268702482
3 4 0.10542210052651263 0.18185275509705742 3.576901562800193e-26 0.26880384726642775 -0.009494853372780184 0.2749530590962433 0.4502491213973762 0.22968075285655518 3.794043521755163e-14 -0.942924179358032 -0.2572304770912731 -0.15951946936134642 0.39256997310246267 -0.5165786665316416 -0.05676582362842639 -0.16415797507814944 -2.6410172219866625e-16 2.9015159108806046e-17 0.21006681968355667 0.2904430331031167 -0.04313182169808899
3 4 -4.264522663111742e-33 2.644345343144723e-42 -6.577514308037354e-22 -4.286183180783763e-17 -2.0484778694517168e-21 4.998913207031444e-38 5.0389853358656925e-39 -6.845430755760174e-46 3.778737969344374e-43 -1.0929768628206702e-41 3.5265892050732894e-48 -2.6752407050782284e-17 -8.965318281115481e-48 -3.662418155905197e-18 4.28445991295896e-34 1.5916973882455092e-26 -1.2669089707384804e-40 -3.886555589812903e-09 3.670660584507605e-49 -2.5238221449493846e-33 -0.17942023429242107
3 4 0.25222998170041516 -0.09056114414598179 -3.059098963197456e-13 0.04853559082238488 -0.05124079349553465 -0.28470231035806765 0.005817510265283258 0.05266554827677135 1.292636877871469e-09 -0.1447828995117923 0.5217576231599228 0.12391020641025674 0.16807752302398232 0.11776334185418864 -0.043909637803420346 0.024802580601639444 -5.44181849917153e-09 -5.766126270084325e-09 -0.39335025122331885 0.2988932718230689 0.3479500015928673
3 5 -0.29468033000773214 1.0758889086701487e-22 0.07675670501538054 -0.2046413067739998 -0.22663076728505746 -0.32257461615108707 -0.12041449020438817 0.35972576623794916 0.16734965529617143 -0.08234022825493413 -0.20115688132156018 -0.28379666093387695 0.48629060925434636 -0.06892364266759778 -0.10711466199861988 0.30102157344109004 -0.3007899367227532 -0.21219152729107607 -2.0202825694980477e-26 0.3569354058700169 0.2800066028237
3 5 -0.22935051530168868 4.08247122125817e-45 -0.1614668875382944 -0.12317197818585499 0.029096530653948093 0.3229829830028184 -0.1160482892971914 -0.1458401727819879 0.17440554466640573 -0.14833309064650307 -0.12459107768246921 0.7502455534972177 -0.05359396093638471 -0.11159988225326395 0.3499993528364806 0.4080807228225131 -0.008858363004526644 0.37379040251112955 -7.870788290871432e-38 0.36353427627348267 0.14192727521464774
3 5 0.254699561305702 -2.458795696233317e-14 0.010144511364299431 0.31658968358651157 -0.29538954928045374 -0.006692382853227869 -0.04494410488891811 0.030875586005234865 -0.29315832577506273 0.05543988460458499 0.11043680377778861 0.08195112076915043 -0.15764132812603557 0.07615109626480714 0.2561613511360612 0.3477066896434176 -0.332160581614648 -0.2683721696509574 -3.870643034250818e-11 0.06963522083192729 0.2700337484673525
3 5 0.33004584989421387 6.159207983611944e-11 -0.07746936508833728 0.21316207992005376 -0.11350357395235793 -0.3196313337168706 0.1534898804823961 -0.13538845725845283 0.2093750902659559 -0.05848794342358829 0.17737694162296283 -0.565910376280931 0.46572162562557706 0.18136088181781207 -0.07068388035946646 0.2943054584486793 0.01838711017033977 0.011753356470958643 -6.609833820672951e-48 0.021511862901417118 0.15119888498051853
3 5 -0.10031648920516012 7.096693091422855e-14 0.387475459564719 -0.22232972363357448 -0.279353790503971 -0.08833901109400658 0.3657675865290525 -0.31120118618558623 -0.003977801818967442 -0.1308687148020682 -0.026617685593388375 0.4239343456444321 -0.6957138674093853 0.16125786659038646 0.037755959460876856 0.35062536372874387 -0.0025596191705642398 0.35163748607324347 2.2704375600298015e-41 0.21728557444776403 0.18076206836061356
3 5 9.294655023268387e-12 5.590501499421532e-29 -1.9045328152299338e-42 -6.863480208413715e-18 -1.0521158664868262e-36 2.1638753227495858e-40 6.150431647018731e-18 1.9101343555261503e-18 -1.2941236763629042e-33 2.4023699101229488e-14 -4.0775582685686945e-11 -2.5022248952998193e-14 -1.0064613457308849e-22 -4.1087455130294812e-16 1.4009174058931814e-41 -1.242393071830039e-14 7.329808805750655e-38 1.4873704351588672e-11 4.617265369340514e-27 4.559532506827682e-39 -0.36360408066640193
3 5 0.14146744928043867 -6.926375284490045e-31 -0.1950018908586672 0.32811396998552944 0.03310988838885648 0.3578246400259695 0.3798560809400597 -0.17826181917175823 0.1129176163763336 0.2352702410397161 -0.3520013469262387 0.5803553231696353 -0.5859418570464331 0.4022868831678579 -0.10569388538099753 0.1389732044176425 0.034557370474257956 0.21967097842079933 2.226824975562575e-15 -0.187741353581502 0.2967812113904592
3 5 -7.575987880196401e-42 9.981794191170648e-41 -5.709167552084707e-17 -1.1663422214443977e-08 -3.424961657706573e-15 1.4482874316874388e-19 -1.295296579239433e-15 -1.3003031244833107e-42 8.951544949586179e-11 6.789460634790087e-09 -9.495143388759687e-32 -1.221184694015509e-46 8.106473253332206e-12 4.1216512453870753e-13 -3.246369939373815e-15 4.144103121862996e-14 3.4211630993818415e-47 2.732753265173707e-41 6.5862148284593186e-09 -4.969416781172548e-14 -0.09563546914888804
3 5 0.05858068698391674 2.3151912474321764e-08 0.26165740600289134 0.2040435524308483 -0.08166985072277748 -0.05381740402888769 -0.21848786280751703 -0.2905602572621187 0.0647243240163595 -0.12154662812116904 -0.37247666417747566 0.8542616362475475 0.31858084593035896 0.12803982076038906 0.5833906801742343 -0.31291173766539476 0.23707826537247878 0.24046373426532652 -2.828470020203794e-33 -0.15183445686138247 0.13291489772304185
3 5 2.0104226173760072e-42 7.568220892734225e-14 -1.6644089162720887e-10 5.3148227266719086e-17 -4.2858433941331214e-09 -1.1885944679074928e-08 -2.0046961941008134e-08 4.750642041341113e-46 -4.953063425655441e-11 -7.297598906639859e-40 7.150150774994294e-11 4.411186690139026e-21 2.8322261536384223e-39 -5.1958874425969476e-08 -3.801937367487444e-24 -6.747834656858807e-08 -4.857823865363033e-10 3.2740325042072565e-19 7.301090381254235e-45 -2.9301517960750596e-31 -0.2616223356589207
3 5 0.32227356828329556 -4.23107452266713e-19 0.3589890401544154 -0.03298895501079136 0.24586477621218114 -0.3163262345410602 0.02977566827340614 0.14104568536208675 0.4062080231357778 -0.37581532774507437 -0.16554409343942889 0.09249253548074979 -0.4031181016443005 0.020907591384153622 -0.05698282191402082 0.3479838908300257 -0.31414804949134684 0.47746068927204516 -2.2359501840464992e-10 -0.35433578521812653 0.15266931881091406
3 5 -0.3496646756972645 1.4290256680968297e-32 0.07361566365049924 -0.35472703402777606 0.3139094769503906 0.045819006607224495 -0.34698667420873813 0.16053166276016656 0.012238405870889315 0.08098482153503234 0.28959107269009565 -0.19767013585505597 0.7902048667540509 -0.39834781486124027 0.06913577848197554 0.3030703038869631 -0.06363449228454995 -0.050362198755041894 -4.3990288312841796e-32 -0.12025849572372285 0.13453520024418622
3 5 -0.289293819057878 -1.4432081254354805e-13 -0.25157296074731855 -0.12989458615449215 -0.09011207242880365 0.24898658199959942 0.09561668631491238 -0.35833459737812845 0.23585219919580647 0.2652817036679606 0.34502764976763856 0.2591276446858815 -0.5464097833441929 -0.031933119997630606 -0.03745927390149333 0.2849874496850917 -0.3428348388026663 0.44374322248310755 -2.4004083509869624e-31 -0.05415214180658153 0.25847477984135603
3 5 -1.27012810464841e-10 -6.126672941159062e-13 2.546929785882756e-10 2.0924587712834788e-16 -1.0882571731618208e-36 -4.021950192670883e-13 1.0541807025962975e-13 -4.1554522391781794e-11 1.091642271163566e-15 4.536577628852289e-08 -3.87299922307303e-49 -3.350342619987294e-08 1.5238354232051068e-11 -7.094903813378295e-08 -4.001935098118023e-15 -7.871954100185074e-11 -5.872009273489813e-09 -6.393358185315694e-16 1.4445929716873733e-32 -1.0616127931684456e-36 -0.07089168405801755
3 5 0.31783242982281174 -1.0339468663681853e-10 0.276262990817275 0.33924547663633714 0.2547457535070299 -0.20749888349408893 -0.15590365282951205 0.24341877036411125 -0.13026301604253224 -0.07114460695062425 -0.07483445451640944 -0.4665287386915719 0.3343423055748293 0.08958598263268956 0.15386987703096058 0.21025140913834042 -0.0005877407510763758 -0.47400615542667807 2.5287431181433925e-44 0.32431603365176503 -0.14822252413063017
3 5 -0.04093866849424718 -8.25718468679737e-11 0.03210058218234709 0.24757655730953224 0.32734696546849845 -0.16610447741174478 0.0803122366543653 0.13738549479249149 -0.32090525870283093 -0.1659547425282426 -0.08410810794578388 0.669032212848782 -0.4948386594852875 -0.23335004723378444 0.24528959824909266 0.030660848270060808 -0.09143148228997743 -0.1966063730297448 1.4529612616434243e-11 0.22855476952756204 -0.08158562070766202
3 5 0.14943457324630047 3.029901770974817e-34 -0.1636654003342332 0.30508857601982314 -0.3416796763701222 0.3261925311903198 0.20667456144719865 0.03245027495730964 -0.11726762843869391 0.15544924978277283 -0.018500576729611782 0.21796425798435606 -0.4380191471908345 -0.0017273708540984653 0.15507472159113533 -0.21199251003735683 0.072306288711429 0.1541437095434019 3.467105101420454e-08 -0.25517792075689466 0.396736715143296
3 5 1.5405765821253888e-35 6.348926932870548e-09 -9.88260467490978e-17 -3.053189192408565e-44 1.1063317267842257e-16 1.437268867511836e-26 -4.4184662761406816e-48 4.463155290627754e-31 -1.1992695312615027e-15 2.134386636544404e-25 -1.2842418637479456e-34 2.1825927688277136e-20 2.1886859418301427e-17 6.294226319801074e-15 -1.4094795733692544e-19 -1.68462371300484e-17 2.7925906485005297e-45 -9.406693020124116e-12 -2.9344879072059768e-18 -3.6444329722634884e-08 -0.2766485550712339
3 5 -0.06466703538632608 1.4604995137666206e-44 0.1263651275166144 -0.32924249688509777 0.016998189945857636 0.07410056469469388 -0.12882195414993394 0.20604186355093534 0.25652835980918465 -0.04353109527623461 -0.07632616118774739 0.40518108562056493 -0.2205753734107846 -0.23587813180664688 0.3569152757038491 0.14215341322379327 -0.3700133606292112 0.2602828264979577 -3.601539114700978e-43 -0.20264889285196527 0.11769338823260447
3 5 -0.36480062518519296 7.201469710398157e-39 0.1861021934277995 0.11472191664695044 -0.023608329881897667 -0.367812592584844 0.22297136457879593 0.04615032771519479 0.08674102461037062 0.37682925237969916 0.16767110557304993 -0.6783583812205553 0.18970737492993056 0.23006202697131253 -0.31475341469484003 -0.057616568468088984 0.2813688833384037 0.06428730416080354 -1.4478308730599537e-17 -0.3250092733191884 0.24524444899834322
3 6 -0.2064552691420334 0.5427337984534778 0.004951921244996516 -0.027731022753930763 0.19055302688059647 3.4410523623623123e-08 0.43972567903101967 -3.6262690454039424e-09 0.5266648090147894 -4.70942930872017e-09 0.48308849848105984 -0.6547369078741868 0.6526267183064447 9.348864280520874e-52 -0.22133793191011206 -0.12695811003356244 0.18331285305257464 5.911091740289128e-06 0.30063725267203095 -0.47723273590941007 -0.43619337058797747
