Number of NNs: 1
NN configuration 1: 2 50 50 1
NN Layer Weights Bias
1 2 -0.0018335345901981548 0.275608156625581 -0.33282008352329684
1 2 -0.1830927996444877 0.44180612751602005 0.182988456920985
1 2 0.04896012803639312 -0.36007761232821456 -0.1858029387117159
1 2 0.19360830680106914 0.3111724372084513 0.17055757801839894
1 2 0.23477681754893032 -0.1935349428142384 -0.12331675037993041
1 2 0.6147270504657192 -0.18605011861175466 0.05782776480599574
1 2 -0.17308554447818314 -0.48972564750398384 0.26282735829144793
1 2 -2.7426167841845454e-26 3.572879030343054e-53 -0.24795072453494274
1 2 0.16616654388156996 -0.6160318750338264 -0.11645016383858309
1 2 -0.35278851906376635 -0.13475944278624796 0.262338936932181
1 2 0.27257576050029114 -0.40780145139755686 -0.22478328486888438
1 2 0.33686038996587225 0.1638950111779453 0.05576516708756826
1 2 0.36104051238471385 -0.040710854658587176 0.1599629672329161
1 2 0.012557747983878738 -0.06151459455566129 0.3731972899931981
1 2 0.3876862495616544 -0.44293940134342286 -0.2736417237715985
1 2 0.5624751196949429 0.017070256499163928 0.10261704532791006
1 2 0.0027875763642878494 -0.31589074375814086 -0.2592519524056259
1 2 0.04449702788566646 -0.3955776905379135 0.30238705878949784
1 2 0.15726914758491575 0.4808546354358702 0.2720393556600373
1 2 -1.3108018330307263e-39 9.90471867437463e-47 -0.29056549020630995
1 2 -0.41123687842383877 -0.32430774988132766 0.3779633009758421
1 2 0.02353401447741198 0.22492607969924394 0.26730410870161475
1 2 0.10711456039554909 -0.03559567013373312 0.12093769291931632
1 2 -3.0717091541771068e-33 -7.96496209779764e-31 -0.2868636423626723
1 2 -0.4038129135429349 0.5273034814002517 0.08261365760610388
1 2 -0.2999714869728709 0.4484072345899461 -0.2576966754557623
1 2 -0.006297913096108421 -0.5090816022108936 -0.11684283130937667
1 2 0.2942443152107481 0.4379972962957289 -0.20400068292261828
1 2 -0.43865811075950045 -0.22636125644741487 -0.16684850542287732
1 2 -0.5178910714951132 -0.2710016658955959 0.17659746006154445
1 2 0.17817386383625639 0.4262780918485137 0.22038346223390343
1 2 -0.04509514951215434 -0.16432808150405995 -0.2292909202658636
1 2 0.28417081978821956 -0.6237975470457063 0.10938874638086592
1 2 -0.01155144168656632 -0.34105793089880476 -0.15741999909220067
1 2 0.2409186257796384 0.3046258786136902 0.2785927763675614
1 2 -6.324873341688698e-22 2.265981870977118e-49 -0.2882729059280832
1 2 -0.3301022169193717 0.3887967124408797 -0.10554213909757025
1 2 -0.6710162424347081 0.07144962819775368 -0.09099438346341915
1 2 -8.833991182934748e-47 -1.8289893922472327e-54 -0.19316676489107967
1 2 -0.29089287975333905 0.09660503903097305 0.2847076596597121
1 2 0.07624654871429731 0.18939373510737684 0.37022612094485097
1 2 0.14887429673909408 -0.4235365875164571 -0.22522916505184595
1 2 -0.08256008085305254 -0.3849972014220729 0.1944497940234588
1 2 0.07867249207964744 0.10969717254195767 0.3203129913746745
1 2 -0.2765841020200981 0.24433627358366158 0.11003231584806818
1 2 0.39424939474972526 0.12728216471615666 0.3780263988357142
1 2 -0.10394568652263643 0.6175632081204117 -0.12037555619076822
1 2 0.018046491250361868 0.09488958625740179 0.26168072063059433
1 2 0.5586477129957157 -0.27358746875095263 0.06766888567489993
1 2 0.7510660867233707 -0.03138341313100791 -0.08188637678545159
1 3 5.6272917939296066e-11 0.05926551792207444 -0.33485887602733166 0.1597508990089716 0.13112835035080475 0.2986819106841944 0.2583981020304142 -1.3674073271884994e-33 0.4437156085819579 -0.08349384697003437 -0.331178861723832 -0.14117842713071538 -0.11313501559954531 -0.19196897677221106 -0.17281334770550874 0.149031407086658 0.3893902173044776 0.003637053836752208 -0.17120667388905364 -9.277833087476568e-49 0.13852225452674885 0.06941081900792301 0.001304388190271776 -2.571717347512475e-25 -0.15165998914724593 0.3508231296825335 0.03504647539495804 -0.06334935537362803 0.10182832337104919 0.17707625501138238 -0.033471203525550525 4.7888776984930727e-05 -0.14462215705191275 -0.0399325091260565 -0.17396620584173797 -8.210598092832493e-40 0.06546656993451602 0.3421588852308295 3.9266055262151436e-33 0.054366521109352826 0.09505809872930329 -0.16643575043820294 0.11896967272593963 0.1239941598477266 -0.1719055608366114 -0.09416636957653247 -0.4499459304954812 0.11535990139782795 0.2204447892195981 -0.09133980116385225 0.17679407862985747
1 3 2.4546334863392763e-28 -0.06231132281715805 -0.249132521495922 0.09539532106176508 -0.28685896269952277 0.002403024054171166 0.1390193120248882 1.774495155387891e-17 0.39821421447773636 0.21453438759390292 -0.06857901005395121 -0.2821469149020403 -0.08559954339718899 0.18091676381707494 -0.12704022691683595 0.30216447961517545 0.48567764753195064 -0.1745634968107169 -0.22401542412095668 1.199402819860372e-16 0.09422518195187596 -0.022887551134369265 0.13014309485737666 -1.5278146674520046e-52 -0.004921781602043879 0.1677933399403061 0.30366122264531475 -0.31001415096414214 -0.08326202132531899 0.01205788470554655 -0.23905716033378221 1.0394225222900257e-06 -0.294677114416299 0.07892541180153426 0.21281327931437335 3.0753984260339055e-21 -0.018364147633278458 0.38187480562633125 -8.070658091287625e-33 0.2470903915457303 0.13644775571059384 -0.39096246017229025 -0.06275776053316498 -0.15074178141102015 -0.23255115587963485 -0.19824177169480217 -0.5858318911454953 0.11745331524071445 -0.1327328828649841 -0.663852690541601 0.1714708399903407
1 3 -6.753668133374484e-07 0.21310715733279295 0.2142961613248542 0.24367646309524404 -0.29062212578247476 0.27585785550918235 -0.26071922049405916 -1.350054030944723e-20 0.37960009775105996 0.006166409127705718 0.4053470352749683 0.31172138027945057 0.07837939268862258 -0.17794602830867604 0.09653964094669358 -0.04600264814649231 0.10286294747885999 -0.11292505254479253 0.2066311278510147 3.0838929425022015e-38 0.2744158037289457 -0.1957210274660231 -0.14383871591373373 -5.314029455900158e-27 0.24347357578484177 -0.17112707068488694 0.17986380545039704 -0.15528940289113924 0.00630871157759412 -0.3613038756865212 -0.09657162937167281 2.5491928088729412e-26 0.3361773696224238 0.024619964691822878 0.11767845469509797 -2.039327292470363e-52 0.06085683759065209 0.13023023113211493 2.139543078704214e-18 -0.15807457408222367 0.12005514316312405 0.18997270912472997 -0.5003706177920145 0.06412676290542431 -0.09229528725684834 -0.1115197242459563 0.11705960861036899 -0.21773424201869832 0.2767020690922038 0.10801464143323813 0.025527569359996123
1 3 -2.6322818159005786e-55 -2.2823506498712682e-49 1.8182510956065897e-42 4.679794020582265e-42 1.8600681346719076e-28 5.569949370841093e-22 -1.2953415891929529e-33 9.974335666073922e-20 3.2770307826639096e-55 -8.510444538396395e-25 1.400188868570968e-42 5.698370864464199e-53 1.0146420900688459e-23 -3.0645682756892057e-20 -7.771284678338977e-19 3.4141724305998925e-44 -1.5182242059714952e-47 -1.532292760062958e-31 1.829838144011044e-49 7.473254074147415e-56 -1.0680460555749655e-24 -1.270556571502588e-53 3.1675468158055824e-17 -3.448765002306436e-55 -3.2903181824390286e-40 5.672166544234717e-24 -6.227696925897539e-22 1.7340174727089325e-50 2.0231826317164315e-50 -2.6102433779126595e-22 9.684832213370965e-47 -1.345049507201313e-30 -4.059347779130794e-53 -1.0775756508484745e-25 -2.2256224135229974e-43 1.855433485568837e-17 -4.321665455937602e-20 -1.4333856605251837e-54 -5.764315191808958e-31 -4.061771592450241e-17 -6.2876138551514606e-24 -3.2338680908097235e-46 5.440783269600785e-53 -2.3870429996254337e-17 2.1467429872407132e-47 -3.504093907473443e-55 2.9589407241583107e-53 -3.364529608099628e-27 -3.2529598449674877e-22 -8.713372735161647e-26 -0.20811316772617788
1 3 -2.7775627115231227e-30 -1.1146255462212978e-16 -1.5949776703279518e-47 -9.404338805885014e-31 6.861231035919149e-31 2.7109445628367654e-30 3.2936287472884934e-16 -1.4080089566226008e-56 -1.4153480275891346e-29 -2.016711788695588e-17 -2.4890781426679076e-19 4.8930936876530314e-33 -7.752622599933493e-23 7.850677306535443e-53 2.8609799722552803e-43 -2.5154553063855015e-28 1.6468044064539463e-41 5.791963133784362e-46 -5.742217022513969e-53 -6.082107611591733e-50 1.2960863997297969e-30 1.9727784632102482e-42 -2.2693527943865696e-53 -3.5600836858764503e-22 -6.997220131069979e-38 -5.104691308925176e-19 3.402305433927247e-52 1.6542469033595202e-23 1.973415682122497e-33 4.9547666216803455e-46 -2.173461914989468e-20 5.925802922998591e-31 -5.358644638265678e-51 8.589451535408714e-18 -4.872751734230152e-21 -6.727105974706622e-51 4.935696027984906e-38 1.345195327783653e-46 -5.619067763192692e-58 -1.7893580781282198e-47 -1.5144360151657028e-23 3.1729864246509403e-55 -1.2001884477250604e-17 -1.7559691089767388e-23 -2.9756452879250454e-28 -4.1855643295451085e-54 1.2687635328796663e-30 -2.252777083052626e-43 -4.483078671319925e-39 5.671047344336096e-41 -0.14680533565609255
1 3 -7.714481907251523e-53 -7.63924591137704e-20 -3.7903700263415795e-57 -1.5089162612768464e-51 5.082798075573492e-39 2.1125370217075078e-47 -6.559277851675056e-10 -1.5859185556571344e-28 6.896338380526034e-23 -1.435088437554236e-12 -2.8407681792038396e-17 -1.5022153528312954e-23 -6.17113691805403e-23 -6.753311607416575e-12 9.837813728233499e-54 -5.308365125174835e-16 -9.555236683454975e-51 -2.7419050304657618e-17 -7.627747111855362e-38 -5.281340577485719e-41 -2.5067638585132086e-09 -2.3374766563214004e-19 4.964539994768245e-22 -7.175022500059191e-33 -3.516152756082224e-16 -2.4192986552864925e-18 -3.3620819442753865e-16 5.672694627426569e-20 -1.3669537829627948e-14 -2.319999321903222e-08 -3.7077236013087166e-16 1.0100975942199366e-25 -2.7663205710523517e-36 1.4429914885800642e-23 -1.03740317538292e-16 3.049279708519557e-20 8.617040105954077e-34 1.43357986482862e-12 -7.473312016292831e-21 -9.687000666636671e-11 -3.428380435811223e-24 3.830801824215371e-16 -5.335975788233842e-13 -3.217802849712316e-17 -3.153855180967726e-16 -9.708682057058255e-31 -2.0930152290158316e-43 -1.7555387811461327e-21 -2.868952299793256e-30 6.447486271715419e-47 -0.009930921680183148
1 3 -4.077072695589244e-28 -0.7205815220636252 -0.3541856594309536 -0.6757899059484498 0.21240901942549992 0.0690616106135272 0.28963811920133187 2.1659175139086933e-20 0.14121644492400298 -0.1199464605120445 -0.3251286188079015 -0.6294760724770475 0.0788589233146823 -0.14561748756064705 -0.2826444474336239 0.2856262299475208 0.26086253380644736 0.12817063701367207 -0.47560121566792934 4.5269962525421176e-52 0.23222831465821892 -0.26977342438269447 0.1000810971960942 5.78877016778436e-56 0.12834264944968152 -3.6275674121048863e-47 0.04528926024081737 -2.441955576732033e-11 -0.14798818670116634 -0.16646797349464063 -0.7677631842119448 0.02842726187794561 0.43159499994434286 -0.11572623307685163 -0.03364646203130681 -1.1139240574193705e-37 0.007579438017485916 -0.23286446625273508 1.8736767497847885e-23 -0.05271935587276862 -0.09246456318287358 -0.1837727631958334 0.07202749639371357 -0.22370568649776607 -0.6666534291923447 0.07603676076173503 -3.2749437136844135e-39 0.17990821627236758 0.2886319499048076 -0.5238725140418586 -0.021411954178620574
1 3 5.976947047776894e-52 0.10971687734701736 -0.2792165765502222 -0.1362543455345097 0.1379327495748936 0.0338046809433741 0.248323378148472 1.9639856963570145e-18 0.2670631469556307 0.07402624150514973 -0.3106348232598143 -0.0127361731119026 0.178881258625389 0.09234994027643484 -0.23217148965912354 0.03258339817176543 0.5843051956066813 -0.16936738137293628 -0.10209476237090162 -1.3082031818797634e-34 0.2994724110607492 0.044355945813162455 -0.10224867072315072 -2.418679531555095e-55 0.1477630770870634 0.42212881606322367 0.09545530444292044 -0.24583665234547647 -0.041472469937000586 0.19263568372508288 -0.19790923307842062 -0.006557241728300927 -0.16373826125470756 -0.22045164888649763 0.26083474591423306 -1.169587377652967e-54 -0.6357056741671331 0.14754079368994383 1.5492393630404413e-25 -0.15107715667475521 -0.11382308803501869 -0.3961547981772629 0.035406664551986065 0.25287193982828776 -0.061860895158592326 -0.12924664600738808 -0.45926618197015395 -0.13981933583604994 0.12459316146765666 -0.7446273986084626 0.0971274561185225
1 3 2.0111356075328303e-07 0.06133321713410368 0.2384258134324785 -0.1734853665442813 0.3966686474831945 -0.029828724973663602 -0.16404946350358915 -9.087905521257462e-49 0.24242180021953652 -0.1475208920461825 0.18056367452029543 0.0467063151309139 0.11761240505666183 -0.215570985169697 0.3977193995293943 0.01289055513145049 0.1518190689896123 -0.17548088840058687 0.22044224933308224 4.7472107992701735e-52 -0.6593437524145351 -0.16676576264851536 0.24142275925235743 1.0631702405405706e-41 0.24408637821589663 0.5705570977524855 0.17697329447300508 0.34575952099390045 -0.16468902789364984 -0.11627992901436217 0.22025081124018475 2.8260327468213057e-46 0.5856383326847185 0.15830029146126168 0.2157001728845512 -6.488171836223548e-51 0.3528641802151458 0.11571574315283298 -1.1708256842657228e-28 -0.2369348008102634 0.261744875420114 0.2199227194023494 0.33538032888871677 0.05176410489685358 0.18056650115343068 -0.17313250430597563 0.39184744413417016 0.07438982411419352 0.38831809117949534 0.1957976472357512 -0.23370005946282224
1 3 9.890850664620625e-34 2.2886737546079546e-54 -9.200186787021535e-35 -9.23780102573889e-44 3.6342378872347836e-18 -2.7196445693205157e-18 2.1123254300028605e-52 6.777983699678197e-52 -1.9699089056952752e-23 4.9227228710293836e-54 2.7488425164514316e-54 -4.5753684508081486e-23 1.3285289382454765e-42 -5.353321751510098e-26 -3.7439817647494205e-18 -2.394148289783174e-41 1.1091513049167985e-52 6.191595741496598e-48 -1.1895330146899052e-17 5.3863354956025654e-39 -2.2432799449867066e-44 5.449129714043962e-54 -1.958564925224964e-40 2.270823716964994e-44 8.364119933969294e-47 1.889250844989777e-18 -9.043081367333835e-54 -1.316874199683877e-35 -7.108522030840522e-28 -4.147158009602223e-50 4.308703317493042e-52 1.3970009446976627e-28 -2.6657440193693424e-50 4.228117450443142e-43 2.2396505942328183e-28 -1.6091291107372524e-16 -1.4599940519092884e-22 3.4162381942317533e-37 -9.614473887871822e-18 -2.630845174369432e-20 7.327566127132408e-41 -5.401531477682102e-28 -5.5307721853319054e-46 -4.0637639133636005e-30 -5.263397282348088e-35 -3.2804311203325896e-26 5.409246390458943e-28 -1.471309481394901e-43 -1.219965387069708e-34 2.198962486654311e-43 -0.22229705282739648
1 3 -1.3612170362562389e-06 -0.04478934311343767 -0.315761487165194 0.15435140211346118 0.2884919230121221 0.19685157509468948 -0.13668633600242425 -6.418263615203343e-33 -0.05139663664492458 -0.20034850940137477 -0.016032658237949193 -0.10525838913647825 0.06340614374194153 0.20526580926981183 -0.021360195967522894 -0.03826348683087648 0.18593743762703102 -0.09076799974298291 -0.013992101111451098 2.766753135073875e-53 -0.14852450856323623 -0.11266521234492667 0.14282056158056028 -1.0368565057505484e-45 0.05014137190251041 0.2785903717323456 -0.04519510445440877 -0.07560065973544196 -0.04040261193623346 0.1775397185872379 0.1851454938826417 -0.006348748017574754 -0.21089369758466125 0.12144863769964312 -0.014095730581780942 -2.3058784552330717e-48 -0.023840153588096488 0.3466850031948466 3.8652190545949986e-19 0.10086684126226587 -0.17682970570361317 -0.43830923435653785 0.27657200646783886 -0.06953515929943285 -0.11390420852695488 0.23184121666725171 -0.33442904323213424 0.20698054566812352 0.25078735213743425 0.05137517796035945 0.03656762619957828
1 3 -2.2389961270276346e-06 0.22352764455975252 0.24959844079034016 0.10453601577109203 -0.1819351557605842 -0.3015488610137652 -0.22299625842053508 -1.3855807040399984e-21 -0.5409085155442189 0.1704639397180854 -0.022054508561529688 -0.09193141741599871 -0.04696162927020843 0.21806657182167768 -0.5399041595083243 -0.06616517099186098 -0.7312559827154915 0.15050161252658417 0.2552412071745501 -8.413881420813617e-19 0.05963569089665649 -0.06022373442993637 0.1779416708131051 1.4038065980270719e-19 -0.09734559472783702 -0.010602673544945007 -0.3339091270751465 -0.03228743676766104 0.3172915452553736 0.09348410349960665 0.06390910475622778 -0.013251932222753886 0.33816844883240926 0.03587363256593924 -0.05140376064208003 -8.971838255671904e-47 -0.13866293446073574 0.07082690598063059 -2.1468583681068533e-49 0.037289765047334424 0.22638480370726632 -0.12258916231405301 0.1318817602273844 -0.08694871707419984 0.07496167396878421 -0.14069440624719873 0.15586802752326295 -0.12752447939807998 0.1310204913270922 -0.05007701447092055 -0.03126807342873626
1 3 2.6978909398969983e-16 0.3218979094911168 0.31695302976024264 -0.3601983848970588 -0.0735542945374656 -0.18143286165699532 -0.048631640825763114 3.049896331690028e-16 0.15464794775735502 0.005468678191425267 0.41341411146280077 0.23390988957145498 0.17786025191586874 -0.26095497265074685 0.13996165716434023 0.14686866804754328 -0.17085081571053767 0.148308010956192 -0.3012362510603505 -6.473252935798622e-46 0.1630158546002431 -0.19485327159641455 0.1103112921583175 9.089851165525909e-51 0.13275870051678446 0.1876511620837611 0.23141053984174348 1.5524047154318705 0.09108199978719095 0.2253214092330135 0.045418534319269586 -0.0002130040726775309 -0.020589227103454958 0.27852601986572795 -0.37253463512946844 -1.2488484372003925e-25 0.741441641061282 0.3950802183630032 3.570381396429266e-24 -0.06141763891974836 -0.1482863483353069 0.17598550947020936 0.15403259558665724 0.04107478633153682 0.11154004962584291 -0.2920983403559021 0.42130951704867076 -0.23137741669886638 0.07341919412559217 0.17635264145104693 -0.07632629270825475
1 3 -8.710971043486527e-18 -4.9762790064059016e-18 -5.146455054653827e-18 -5.527691916321789e-46 -2.7641446560914656e-33 -1.2321975953566402e-44 3.3015567209639244e-20 3.0171403001534485e-28 -1.76269208061688e-49 -5.055406001290328e-23 1.3153681641586605e-30 -1.6314250347513537e-41 1.0833911809853248e-37 -4.955688869948664e-25 -1.0820199759636939e-54 -2.557157287004749e-17 1.3182387551602852e-34 1.0045459500821247e-41 2.3760885257672806e-40 -6.524288383425771e-35 -5.505995865457758e-53 8.2379918359945e-20 -2.131468644047318e-18 -1.502409073247171e-22 1.1168082060146333e-40 9.570581962058378e-35 6.548732573411663e-55 -3.291957854884282e-36 -1.3999879207104961e-42 6.104289984416966e-50 1.2017288774541049e-28 -9.94569202956086e-38 -1.9570371637653778e-22 -4.226723458925492e-55 -3.3705522532492504e-36 3.358752877563932e-48 6.6182834772869034e-18 -1.6344320824686573e-32 5.992220878522496e-45 6.1764287903397005e-37 3.4343100930719274e-19 4.0052598969660405e-45 -8.014114200626309e-21 -4.199785613951018e-17 -4.381789647068462e-18 3.960491763156702e-48 1.5030416371904345e-42 -3.551873316361119e-21 4.25692219947082e-20 3.65140632760142e-55 -0.011340385212544352
1 3 -2.49370360042559e-06 -0.2869799219352174 -0.012700977877792353 -0.196397013109351 -0.018089265278436028 -0.11470820275001713 -0.16965354078286032 -1.9400372714440698e-19 -0.13257831368248055 -0.14457444145560364 0.3655217089077006 0.3135930889141517 0.25587426281203374 0.17606374021657137 0.15222075947816685 -0.21035873535688418 -0.2563134924905644 0.2116718037057216 0.2216010421934105 1.3946777152994107e-22 0.21705512600826443 0.08791812163849774 -0.1669049974012426 -3.801737606384891e-33 -0.31881120820198394 0.07054102465003431 0.14540272266187484 -0.0937189699430472 -0.016072410899957847 -0.24322820210523105 0.19378680899752423 0.012975692663878177 0.34071051123055096 0.15482884262565355 -0.05628948811000344 -2.354885441692525e-51 0.07196091644337256 -0.495754691295238 9.063269802664205e-38 -0.17544191240318036 0.19388655492953438 0.05779350002527939 -0.16069747709449847 -0.1304335946162233 0.07562668910769169 -0.08859225618358836 0.3609128860381042 -0.0057204308728008866 -0.1924982229363682 0.03054885159335541 0.22113686664353754
1 3 8.540083365447732e-06 -0.09424595664546609 -0.1301721601795982 0.2301166356245629 0.265518295160552 -0.07768088580643323 0.1257565857631582 -1.603409019968953e-48 0.3068855699169748 -0.07580534067525319 -0.33828682401911403 -0.11534811809667536 -0.05396318337043742 -0.0528134783491535 -0.29498416374897474 -0.029567491471332766 -0.11298955325632061 0.12331945565192866 -0.010781310780604627 1.7454555270875974e-49 -0.27243803809923595 0.19305380913913692 0.2274474693385347 1.4903989284780522e-33 -0.025131269054361752 0.041537098229664095 0.03161533929176392 -0.019108836724858778 -0.27602764126036894 -0.06219240737989796 -0.023756414486053822 0.00771241871492109 -0.29003421439645066 -0.4118447858408222 -0.21372491463855892 -1.721779774727317e-39 -0.11739973598413828 0.24143511927372316 1.9825969685333641e-47 0.2556711309214911 0.17403571191504982 -0.5327435713630541 0.27993234422188856 0.15546208371640122 -0.06568185585695759 0.1642182203595756 -0.38818564786897514 0.18120916626333392 -0.10327508273603656 0.01930507125120667 0.02191310644056005
1 3 -3.685352656455136e-13 -0.05723375081839862 0.033584445807364825 -0.025008354224850544 0.04865632434897938 -0.6817376941866713 0.055597653583268035 -1.0484117200055647e-37 -0.17055908879862938 0.2798674914027529 -0.13651463806576347 -0.10001500610199493 -0.088172363733394 0.02000244236895193 -0.1773667274151301 -0.5960826652326606 0.04943880645963617 0.23816670073857454 0.1812582761339816 3.645006169629297e-20 0.12856514978734387 0.005217372783035421 -0.04962617615140421 2.2463201615592207e-18 0.016511204419888285 -0.5377157811472734 -0.4111897775158648 -0.6041813469608363 0.07566348313774175 -0.17903266340922222 -0.19280704172776228 0.00035590912144379486 -0.12487195496866903 -0.13027337840951986 0.05490867720448322 4.0671043914197083e-17 0.13434474985655062 -0.3907469565789922 -1.1565595281340438e-28 0.30029987865902097 0.07147271081723915 -0.1627765222226714 -0.19744556767886973 0.14031242777397995 0.06651737206459911 0.02230310034877609 0.1561028274938525 -0.012426418136527487 -0.6654223645952546 -0.52287793871283 0.07225518286065159
1 3 1.0662756714186518e-20 -0.03811409045249774 0.04532889968200621 -0.2917744770174148 -0.17425538772020596 -0.5858421967692631 0.1908774633238318 1.833292283127943e-55 -0.49489713491548937 0.15418122763297668 0.24088695330017396 -0.1522669311077996 -0.10047355521725457 0.08146612987818114 0.3848413256571023 -0.5668521858239851 -0.6201870074353145 0.2675666968930884 -0.08690907366296423 2.015759310491409e-30 0.28795466924113655 -0.15287741892580078 -0.05085982982625914 2.9849108475192836e-18 -0.4024283494877723 0.4138056847804475 -0.21609810763975357 0.8870565975942484 0.2768657540809074 0.33762982772358585 -0.3325969431409033 -0.006157648449740904 0.1471935155649476 0.07649014324478363 0.012520883606071396 1.6732849040427786e-39 0.7054651085161813 0.06804862346741287 -3.080500321544199e-46 0.13623942044389642 0.26481096972006074 0.23180280845846554 0.1381140705278155 -0.15450091174862174 -0.014944759342924252 0.1314555263040844 0.3767162628303213 0.053155134513258 -0.2700225761680495 -0.35397021546765095 -0.10906439477923952
1 3 -5.381964120503892e-31 1.4339073973511483e-53 5.739312514612074e-20 -4.443726100968798e-18 5.675795559150156e-16 2.5144416359297443e-17 4.2941669805717805e-54 -1.1065363284790084e-19 1.8503947711815413e-47 -1.745576467198027e-49 4.276764672121143e-52 -8.902956111050618e-49 7.528078644383124e-41 1.0674842513408205e-45 -1.428658492999592e-23 1.5630649668256417e-23 -5.643398304633812e-16 5.320934678449812e-55 2.2983198645762537e-49 -4.653061740857898e-18 -1.512614014550247e-18 -8.403963915224306e-44 2.1929501476126282e-20 1.9382200213925253e-43 6.708140889961761e-21 3.703610046662227e-45 -3.020380777070375e-20 8.715729648936256e-48 -2.0175888456268794e-49 4.476357467235705e-24 1.6774275528907932e-50 -6.777840204010015e-28 5.456226753687735e-24 2.0336606207705596e-54 1.656546243248405e-51 -5.7494716089913345e-50 -6.919484244937096e-28 8.667466311088507e-43 1.1984863781461472e-34 5.472774334699892e-39 -9.305308066579579e-49 1.185758095161363e-18 2.99479613758046e-45 -1.2774105188744644e-42 1.0601564025210783e-18 -4.962428798370183e-16 -2.8243564833816653e-40 -3.293881232994012e-33 -3.3643307295738e-46 1.1013323711593012e-53 -0.1810024706716979
1 3 2.760828409486005e-07 0.12546601417413256 0.027306097556038945 0.09845920298753683 -0.16290825614630572 -0.33634915337938875 -0.02002705929498316 3.131502263523343e-36 -0.4148335719155893 0.3029796996333942 0.09227865791866836 0.264910428010779 0.07112213916108093 -0.18929895240768188 -0.18601617774881019 -0.34485074495970824 -0.325464328507752 -0.08040940390785847 -0.0960098123293712 -3.42189242098655e-30 -0.08114654915528764 0.021101685575610804 -0.011933565056522303 -2.2262149449925525e-49 0.0023486725729454836 -0.35321554318123954 -0.24730933281779835 -0.03466830872892486 -0.0143456143617968 0.1326932592674374 -0.19013405572574607 0.0025291132260945423 0.006635823499508476 0.15552644704121246 0.19012389709622923 7.140171742870653e-33 -0.02772507495437239 -0.03153058018090968 3.035819419200808e-39 0.12035259765352141 0.07573501511679713 -0.09253668035896974 0.008453921373011375 0.03731105591653775 -0.17035958004890084 0.03635937183819524 0.1267101853253414 0.06709886384206615 -0.07987988672009005 0.19628115231220153 0.22490920057243777
1 3 -2.749658314791601e-18 0.2372063266137485 0.4051508706191922 0.053183986940005076 -0.025253294376364473 0.027281623911131304 -0.004972381810785441 -8.606280418375063e-49 0.25088073800394417 -0.09913341547497759 0.3968293196662745 0.025775415059098663 -0.10893644573323402 0.1683294267088092 0.19130450032546514 0.5385310015346844 -0.191603706071732 -0.20890084917526555 0.3123914494906514 1.178148094807408e-39 -0.25307690474335226 0.0010078483993438778 0.10113676521807251 -1.8236873603483333e-44 0.4009479040506253 0.6015984721523953 -0.042027108990602684 0.14797923054038073 0.20147031480766905 0.2782169187154522 0.2488651579825243 1.0821559640089635e-34 -0.7576369119576077 0.3280845469762877 0.2694530676188473 -1.9172346658672376e-47 -0.25882918982875475 0.45437270668682467 -6.565049999129819e-28 0.16519180165610547 0.12537045954571646 0.17240279165663644 0.17987713428467275 0.19966679389269584 0.30085081731433505 -0.15632679988160836 -0.3282409115919741 0.06129193215141417 -0.024092061971869288 0.18328551981356797 -0.042393794868351604
1 3 -1.8183393697068475e-06 0.18750462385242186 0.4086784343209187 0.005750204111491436 1.2526721249244069e-27 -0.24912144875820838 -0.05072604117406536 -1.63255554646191e-23 -0.1296643682333467 -0.06042989767460712 0.23605445921019583 -0.10235561180503212 -0.3091083877621439 0.18540809910944628 -7.98255876428282e-25 -0.1731701371941109 -0.2312937333182298 -0.35851080758976667 -0.22778433273644488 1.1885252792142043e-24 0.245302860369705 -0.21642864696085254 -0.06274924394555008 3.3175885749610466e-29 0.24739584617533814 0.2833082697268033 0.05974991963328668 0.2974363295852541 -0.1106993967878577 0.3673454833893812 0.10269020058294753 0.008200168211814953 -0.3652165481806185 0.027213475643184423 0.144409527625099 -5.2859998644176566e-51 0.015391142241343149 0.1474432561453935 6.257484635540667e-39 0.14017750364185572 0.14018245582979097 0.37173198117611994 -0.10314258165117034 -0.24996440715995996 0.12204101492152161 -0.3310334317462703 0.10373007841880391 -0.2169686155251005 -0.3509266159094537 0.04321820937921892 0.10854518580820749
1 3 -1.155593327093676e-14 0.05939652185917798 -0.06756952564004509 0.07510764919945426 -0.21623588873987412 -0.1678044959603377 -0.11064154646229817 -5.468770891332449e-29 -0.21476359495691327 0.2129127414586487 -0.11377090875367114 0.1883604802293808 0.1752815126077919 0.04581630944475013 -0.3206751600929567 -0.28878504505513375 -0.0005322113056959056 -0.1438599409219404 -0.11971074800853183 -9.232098640096192e-44 -0.1152177448787877 0.23668648870316938 -0.07195026626767227 9.904035203041403e-38 0.06669564882561024 -0.09835987662683952 -0.3678915302094653 0.03953459583251083 0.16880988371425196 -0.10165070695788574 -0.12395532964127244 -0.00013937434879647323 -0.035927677168239615 -0.21100922433877825 0.05312987249226561 -5.414288394592046e-39 0.061829944854520945 -0.31924046388208954 -9.314706550302041e-42 0.22372453797746106 -0.16999053008554013 0.03985843472308713 -0.26753868130649616 0.17485861831554897 0.17814387203770665 0.16952714328474847 0.33111072455669555 -0.15808082835385354 0.09443475008639471 -0.03762883591763975 0.20530778179662496
1 3 2.6669815143451808e-21 7.822521915183304e-18 -0.028851469576030558 -0.00027164991870113876 -0.03930453002694699 -0.029000659893044383 0.03056794137737286 -1.1124347606437512e-53 0.1218442797874657 5.346424672744765e-35 -0.05278332996159489 -0.0004093684538452351 0.06655130333889697 0.07231852636848257 -0.006304443389201116 0.15495169092072086 0.0001116754051737618 -0.19739669148560493 0.03150348032613833 -1.0662638724338794e-37 -0.06555616108994312 0.009015321969670637 0.1257606935213057 -1.049087620057872e-37 -1.1965271889626053e-41 6.250112401073765e-28 -0.06519286365116707 -4.358098191770047e-24 8.084311352735987e-20 0.06092371428537437 0.023359655256909466 -7.528295713402244e-32 -0.006925127665295168 0.03606706529263807 -0.03732835806614006 -3.594834386594075e-45 -1.3381436200160407e-30 1.0762363440638757e-39 -1.4938006659881508e-25 -0.020552967478518015 -0.10790445816589758 -0.00038364687747146655 0.12818794513611376 0.026080458994388513 7.562455430972898e-25 -0.03382492222187467 3.4681277036135904e-29 -0.13047369488093769 -0.008817387376879019 -0.06025079065687593 -0.027570528538770022
1 3 -8.862428219490143e-06 0.10169110372791619 -0.31346868626085894 -0.10078311239278442 0.26201463029868954 0.2966312284012629 0.03465849724440788 2.472023239042197e-41 0.1766867614544257 0.045648512514882236 -0.42057345624353537 -0.18212061567641338 -0.19984200180213543 0.1292214712755924 -0.17555034365334968 0.07765335585224808 0.1076040805603847 -0.03321235173083688 0.22108645334465826 1.1719861040293672e-17 -0.08058802145063372 0.010927550690033998 -0.018162489457050915 3.342403283908126e-17 0.19731236314767187 -0.038731084173150576 0.2703148671225702 0.05365223005853308 -0.5585429249479024 -0.15692157733872872 -0.22002295190969545 1.0024882822571197e-46 0.08960282915985653 -0.44392542369226856 0.03396905685699518 1.5078586398237737e-20 -0.29105745527939336 0.22649705361514816 -1.3502128285265068e-34 0.12884772892782023 0.21946263887828038 -0.4031699987455369 0.08913946028795917 -0.1829282127777279 -0.15104076306749667 0.04625422546601856 -0.004423452798095796 -0.12630201112035822 0.008253299667864205 -0.052097361425994776 -0.045990237707272716
1 3 2.062374480402974e-06 -0.13485437751158003 0.4316156708775892 -0.05719688475014283 -0.21935776680150137 -0.1633590915841522 -0.2097127867545556 4.557051248197604e-27 -0.47253431447527644 -0.05028979520671218 0.2128682170679277 0.20552523528100552 0.04401271946809246 0.11304978317622479 0.07948682501036425 0.006320277755425935 -0.1198817176117366 0.24251724523021326 0.2024118585154089 6.54881619734732e-18 0.1604484828812529 -0.022192983810331756 0.05339760388317457 1.1360293628539864e-52 0.0258130261342887 0.09981563262686095 -0.4274978628267438 -0.18460848072343 0.13215009065177627 -0.3409090717454698 -0.045770109711465404 -1.875520758965224e-36 0.3575172406661682 0.3698289163518947 0.22446997597848956 6.082289328372994e-53 0.1526879297607231 -0.002421424727946143 -8.011046064817925e-17 0.09166410107521043 -0.06641860850235175 0.2302271626759221 -0.24212244956966295 -0.15570620554698933 -0.13153112454372518 0.20410820260210732 0.14834001666252092 -0.19255053913442546 0.11920549984464417 0.28288361012985513 0.12347222284605426
1 3 -2.99560463897864e-06 -0.009489987241785697 -0.2658027080433018 -0.17945106790182624 -0.05460575348176126 0.15384860821212626 0.2090273151635253 1.7759262722138502e-50 0.09195074815202499 -0.15410568055376872 -0.11706176596761086 -0.26577949762797376 0.02685435005519026 -0.054413192146479314 -0.28264971844210796 0.0803977153036485 0.4170936077924042 -0.10587992922583284 -0.056908741155156 8.375212697898903e-18 0.0384966068583868 -0.0835881029471416 -0.13521105204876338 -3.0918411266155006e-18 -0.0743157150646534 0.2881494043870555 0.3857746146765875 0.3095682143407787 -0.33346354861400795 -0.15134569192572547 -0.10571659242943085 0.001638185017323934 -0.1822804533569745 0.12365592791321056 -0.010481890201839927 5.94168811096151e-21 -0.21818126274529673 0.30355753439167077 2.954404681099682e-39 0.12580513182155018 0.22046250170220671 -0.2870447213897071 0.01777678282926964 0.023738730759257406 0.15300394052970268 0.19815262174411838 -0.24463416222851925 0.06054933107198758 0.1557029007342539 -0.29672026941781476 0.0958190786183379
1 3 -1.1918631155838115e-16 0.2729693039144716 -0.04843625435637283 -0.4578528176216803 -0.14633366748563187 0.1175441793167595 0.08003192696329081 4.11922443946755e-30 0.208742156859346 0.15405401984807598 0.03870478763534925 -0.3603668238792479 0.16446102620276665 0.18221650614501972 0.29679611719855303 0.00018435858322541463 -0.17754055684052814 0.17684239856047038 0.1542600471594573 2.526880652881095e-40 -0.1757828043728113 -0.24770118640977198 0.2476538818867249 2.4634114736670203e-48 -0.47651781640686214 4.463567550067322e-33 0.22188076076677837 -3.499622380247977e-19 -0.1020176281743091 0.13877911173293997 -0.1135013500641229 -2.892851900314405e-23 -0.1663142026288124 0.2697515833733025 -0.5713997488807181 2.7628543546856307e-53 -5.247923236730317e-08 -0.35884770558302803 -3.220506644395838e-40 0.029550052251850298 0.000259765044086691 0.3772795985957316 -0.0004117878713364093 -0.036119523432503756 0.2437080258504877 -0.23060345556099685 1.171159441767311e-19 -0.2067187235372044 0.2706939411685761 -0.21794394279312912 -0.10594459302015287
1 3 1.9202584390376893e-05 0.19390462998549404 0.00015592616378044317 -0.12230637104560212 1.777824561725293e-49 -0.19361357675957588 -0.6270859977273644 1.335848167140174e-31 0.12835805601501396 -0.1716591856497111 0.012216914540055636 0.06633034590607262 0.29152182869906546 0.11899605730717938 0.00854507869309629 -0.4077655227334619 -5.339534673538723e-09 -0.01959992175440813 -0.0017280689369080819 -8.758003344542887e-49 -0.02529713069479385 0.06376227431953554 -0.11088884861627038 2.1703254332598684e-33 0.2565806483271386 -0.45190744432833124 0.15985955211090208 -0.6349633478628545 0.2894328558624913 -0.13808433313367702 -0.006503502762251836 6.794203923175998e-30 -0.14509826832946215 -0.08117284239146019 0.1716108772251878 -3.9773919892487526e-33 0.045778902997129556 -0.17767871519618295 1.4533501314046617e-47 -0.03914975097148341 0.08018163122465564 3.660721200977294e-11 -0.6895670306804592 -0.15001444755405835 -0.0670760823504193 0.1612967175198195 0.3544063615304642 0.07798111103353972 -0.2142220956325145 -0.5102462358343194 0.04769881103733479
1 3 9.143529150136159e-34 -0.205784461019752 0.17991617491787093 0.15367218813911557 0.14620642792903643 -0.14190836347650254 -0.11995160583852912 -8.834987056140923e-49 -0.23473403893725636 0.018350002402663167 0.03420940271990006 0.12827833159120397 0.2498975472541083 -0.13588526636410087 0.0896422208818967 0.03268232495549911 -0.5224713666101497 -0.19611505031592322 -0.10741091850529064 3.078651976601602e-39 0.23445495041995168 -0.09309339734910561 0.14635789647024244 3.6603237631025487e-25 -0.36515104513725066 -0.6117657333255202 -0.3722822724886824 0.03587170706041241 0.17408069349387267 0.05731497694925559 0.11855452196332643 0.016882441685360752 0.2611336152181024 0.12412000104970851 0.16914674062817497 2.950667323571066e-18 -0.3224239053957658 -0.6291425852720092 1.9058333093293195e-44 0.14026586518378847 0.11386986524382259 0.09612864807954966 -0.26358051274816646 0.21129300608106263 -0.12018473406386776 0.060599780522952396 0.35467588563584435 -0.08334943925865028 0.06816662119488406 0.1210879987412833 0.18004906799070872
1 3 -8.571191678404761e-14 0.16056440111126857 0.07311770318334178 -0.14825521269943118 0.00866994976159869 0.25633174290688615 0.054357116983171486 1.9228905695437075e-18 0.31800314622211706 -0.27988327471982183 -0.011179274845042724 0.25844446575894 -0.24207260528216212 -0.18728697781682094 0.18126378654358363 0.09754259305817639 0.194788519342854 -0.39167198803038883 0.2312877172650073 1.0248470819627575e-43 -0.6287706221254332 -0.01811024887790753 -0.11222399604186456 1.451378576212723e-51 0.4131726848158832 0.44785115597157177 0.23792437121971804 0.18857518502702428 1.0050559419431713 0.05578048860653346 -0.1679576948006164 1.518520777736924e-29 0.348824169378564 0.0076766041383227795 0.22658060088117732 -2.9462047343610875e-24 0.6024652802135116 0.37913732202964373 1.153354823016103e-51 -0.19654919107693766 0.1809001555100449 0.12633383477244364 0.20561511570531713 0.0627457983074366 0.1630648927293143 0.04190820762055804 -0.0006503878364904342 -0.06169853986542124 0.29625707716890426 0.1713343617715615 -0.14562428382917814
1 3 -2.727017146074047e-29 0.08568974966435157 -0.1845207973324938 0.09956541351586806 1.8131183732340121e-10 -0.4965603190775934 -0.07908681226415525 2.3142598246809984e-49 -0.40528336592867736 0.26810745719625073 -0.30467832934222194 -0.24201819447952344 -0.22254229123266964 0.02385941178399639 -0.04480530260117596 -0.44448058951444225 -0.4754583944379738 0.054468890315787576 -0.008754714212515896 9.252524893302067e-39 0.2724394402670854 0.24709810793909917 -0.19657002981201263 -3.657290559486871e-48 0.07103006173638804 -0.22600151835718738 -0.2594545882850907 -0.31008738441238864 0.2555685690510405 0.2095303243587774 0.09512075111206027 -9.27827416158724e-10 -0.13115247094929253 -0.07763728300451389 -0.16567888805083067 -2.22136980204007e-41 0.019928703911247368 -0.19499578695464903 -1.8103810350386054e-40 0.2135338064784512 0.05404134183896549 -0.022025384630506604 -0.03529197608658601 -0.09745069481180423 0.1874118246566349 -0.13259115509725575 0.2728351857022513 0.23798895203779008 -0.6348443964620398 -0.3910137634214644 0.07789435032114742
1 3 -1.2624902324860903e-54 4.0802418658880285e-53 -7.98922644019179e-34 1.901133702662385e-43 -3.546790020987885e-21 6.168942322687843e-43 4.413574209855363e-32 1.7926256947145925e-48 -2.705362538049616e-16 -1.988745303319976e-49 -1.0113193497242622e-17 -1.3702478674529824e-25 7.471930701177e-17 2.020284683084963e-21 2.1587864442469024e-55 -1.1462758110801973e-21 -3.500673609119752e-56 -1.6033057452170541e-18 3.485803932797888e-28 -9.328905381578895e-41 1.6542354615751706e-17 -2.3154004089694543e-49 -5.0533057985216476e-26 9.079250102524716e-57 1.8888533704271174e-49 7.297910787442638e-52 -4.534962663374936e-16 1.146188343769381e-28 1.4870222377517287e-47 3.8028749233879654e-23 -3.911961676494607e-52 -1.9846756594928247e-43 -5.934976911255154e-49 -3.002332492531919e-18 -1.1707480002796977e-35 5.653738883887094e-23 -2.6781407750894324e-44 -1.882656490020113e-20 4.497958251815923e-24 -9.55683048914123e-37 -1.1729311989441597e-37 7.579264462870622e-21 -3.6864174804162355e-45 3.277784873989249e-18 -1.85933789302847e-49 -3.0709794039474583e-22 -4.88549562512543e-33 -1.0521059610309175e-53 1.1592138973654517e-37 2.787643270247897e-40 -0.20485115487364236
1 3 2.72348201568398e-10 -0.19494428319806184 0.2350662289923459 0.12001363644194331 -0.07319917443104977 0.10448893246740051 -0.13317534065287265 -2.014117813085108e-18 -0.44691499431225024 0.3708491412959478 0.4434594152776835 0.05365031873997488 0.2870929373981663 0.1346019664600468 0.2839598170928481 -0.18241043216045116 -0.26048945091144077 0.2228660797602576 -0.0037262736534036858 3.329112813130909e-36 0.2592666628139921 0.24825060343673802 -0.0008795483500943449 1.962171124130895e-17 -0.29787266069877427 -0.23638536500417523 -0.6468239808224593 -0.34846057106800826 -0.20392657740951967 -0.2996024781846828 -0.05921657983164945 2.8916335245842406e-16 0.07864010537045327 0.30440646289322293 0.24571484876699307 -1.8225466174108041e-53 -0.6852334433359201 -0.14345364160239563 1.1722994325089881e-52 -0.22859054749433122 0.10619909523975103 0.1647703161038761 -0.2017478579525483 0.09114144149983444 -0.11632722357102974 0.2552267883188352 0.3935408155729918 0.24515547215904238 -0.032847302536894114 0.3004153391829953 -0.14662863042444435
1 3 2.9882823204338317e-06 -0.22392110411766336 -0.4697434386986619 0.1511750285074577 -0.13624977757271337 0.0003447922868433472 -0.1011484670977407 5.218738490625029e-28 0.17397485066596427 -0.2386642532501758 -0.31584133191652985 -0.07867093192550328 0.08971674590604314 0.08585327300011805 -0.44656738384922323 0.29496842018158737 -0.0019410000546468166 -0.21429510054219464 0.16598910717576038 -1.1778974203252015e-30 -0.08935675766080099 -0.19115559246926528 0.14616606050934852 -2.0054958591454459e-50 0.2808862057321442 0.07427298267237967 0.5299244597144057 0.004800673965747282 -0.5435207960412545 0.0600318723998655 0.14229267245428956 -8.999280878916103e-46 -0.037056025663564335 -0.384496767552516 0.23109210574527317 -1.5889430544571299e-18 -0.1357233527753384 0.07187994192216698 3.380917044817627e-38 0.11432581430116504 0.16488492815915293 -0.43052794937812017 0.12974035834351844 0.21112436109382285 -0.08478558133352575 0.0785967949247727 -0.2651147930548643 0.16969395995401754 0.02540773251731782 -0.3538600650182951 0.019755890364111076
1 3 1.2221057103613675e-38 5.5955779645684335e-53 -4.0333902067514818e-16 -2.3092744872053074e-49 2.1922993515350373e-43 -3.582367151219398e-52 3.825536501726741e-39 -7.6019925380530545e-28 -2.032893237775147e-27 4.207370989024388e-52 -4.190165318714499e-46 -8.727498968187282e-47 1.2646182720365035e-50 5.332602909385722e-54 -1.933453908742382e-17 4.8365842134477824e-17 -1.9984514969182677e-55 -1.155119877022677e-34 -3.051169969052159e-47 2.4853475093504324e-31 -3.8750233253142047e-56 -7.961437949135321e-21 5.212714946515227e-28 -1.7762840025655105e-50 -4.639324297337224e-47 -7.137107599541335e-19 -4.628908303514843e-46 -1.1386901036669592e-50 -1.5643734669798345e-51 5.401492591903132e-24 -7.920670098280353e-33 -5.621392513124186e-46 -2.750227052667481e-39 2.277077261732885e-20 -1.4930644442033044e-51 4.607929795220714e-23 1.0280883442312019e-18 -2.6739421495476458e-40 7.64976305926476e-31 2.482585561141904e-53 -7.215270581973298e-17 3.6457025416231085e-45 -7.446036274242969e-38 -4.527778497923153e-33 -4.523759625933682e-17 7.786979632757361e-33 -4.620270240271782e-18 4.1671633110035406e-54 9.579154295942258e-50 -4.9908884969570617e-29 -0.2410713616654234
1 3 1.6181957304681964e-55 -0.18224058133431997 -0.06965428878898945 -0.17877555724249017 -0.1504761587749366 -0.06604850602163125 -0.05047725998576378 -4.0425665834538015e-45 0.20314512617685612 0.28152825588308844 -0.34699302975052315 -0.33015669463335356 -0.034173696455547485 0.16695821122242543 -0.3781099060893647 0.2862438535283674 0.3885169448224806 0.07020077721538887 -0.22171424489655664 6.036014425107098e-20 0.017494235330688338 0.21156968783405625 0.04560291189345729 4.1928596366548284e-49 -0.011860687735205537 -0.24112565291092727 0.05369617642778905 -0.505877824567158 -0.09717650225804679 0.2109717279953695 0.24583874513664342 0.007440731084701514 -0.13383039380618475 -0.27739941207055957 0.2563894423333356 6.474707141055918e-23 -0.8370828602516599 -0.0008087373921964621 -4.120135276820297e-23 0.19672153126372272 0.04112314510604224 -0.05034187708371092 0.06877565814560603 0.10928967393287224 -0.08558441411812097 -0.1508121327896869 -0.8648263778272659 -0.19222656755805956 0.047474760304260025 -0.8803623440925735 0.07317258778604172
1 3 1.10740978838411e-19 -6.548610729171334e-33 1.3069859151707964e-34 -2.746521149214425e-54 5.678577236579448e-52 7.284590433990917e-43 -9.064856159161134e-25 -5.748069247734518e-20 -1.4663976557698507e-19 1.4315943613667455e-54 -3.124729719280681e-45 8.269561644332028e-38 2.1344004449653806e-49 4.091267518924226e-17 -8.275333302655897e-33 -1.8999457166952888e-17 -2.2132452189009563e-41 3.3787628353946165e-32 4.5938424314441505e-21 -1.4041508939035118e-34 1.702019127709775e-49 1.8586739181126226e-18 -3.4697555437922877e-50 3.262125063993804e-17 -5.715873888653852e-20 -2.9431652360507587e-37 -6.121232661720262e-25 1.3255719802996696e-50 3.2374869743347527e-40 2.1243375338276798e-49 -6.862545656440275e-35 -1.866456100788528e-36 1.421831407169158e-21 -9.230605347248576e-33 7.036484770616369e-47 -1.8548134089289142e-37 1.1220425580243105e-53 -1.1966836256833764e-42 -3.024466489991662e-35 1.0703629134760454e-20 -2.1294758556339003e-24 -6.836802975229545e-33 -1.285949057347935e-28 -9.014027326235376e-31 -4.2108980439613045e-52 1.999374915773588e-52 4.0267368394962276e-17 1.2663466851945445e-20 9.058589514582776e-33 -9.844073992089193e-54 -0.23328058709494304
1 3 2.5820768792228544e-12 0.23492699470507555 -0.24814983548358346 0.04270467045414516 -0.0601196421122319 0.023039029938738284 -0.03332963641552145 -1.4070502618157207e-22 0.25906899746672546 0.0781143493290592 -0.08672540932146472 -0.07164930153376357 -0.21641446134930198 -0.12562297897713784 0.05013067425024577 -0.09825450346822238 0.3758419843479471 -0.0762221258405677 -0.2084814151355903 1.728363253079769e-43 -0.07670783117666732 -0.1861808554487957 -0.16765619634350476 1.1488605734514277e-44 -0.048332798047372436 -0.055801436695328485 0.05283804800524588 0.19623561648632326 0.06271092436014492 0.15222246759115993 0.15861525340627336 -0.0002406828254500084 -0.05711370835508306 -0.3144196483525392 0.07208179207617949 5.9969207897888446e-49 -0.10310667812116205 0.10941520607515509 -1.3341387902428961e-42 -0.07693725569955095 0.05529462421839607 -0.5442747563014061 -0.11606585689651963 0.07010817340818043 -0.21916916625575766 0.07598518209040789 -0.1867021588954859 0.1772358209670716 0.3034411294273953 -0.24047603921234442 0.20831080972899982
1 3 -9.564104293699474e-11 -0.06859921051048738 0.18841535422181918 0.07401745840989694 0.09249415590833575 0.26301414333875606 -0.010017546852564316 6.033809733656027e-19 0.053315075806737104 0.007825406380113505 0.03636264334985704 0.16340286674386723 0.24379445898638044 -0.048304267611141365 0.06584962618593185 0.14849516780301988 -0.28327415894617125 0.11750096275734881 0.21505314915841547 2.2307864056653668e-54 0.041135785270983896 -0.026544302788925805 -0.2439398134549636 -7.17332360793531e-21 0.3831031065568625 -0.3284801168856618 0.20294844438379492 -0.08768234140694153 -0.14814987065119534 -0.23557791925724694 0.2949176642028854 -0.00012354276080620046 0.346163786780357 0.22340096142601384 -0.08792826423666102 2.6764351841265326e-44 -0.1809161416121098 0.10060707534620267 -5.29305648222098e-50 0.15996861677686824 -0.22205791998779567 0.3704049647225584 -0.3337638073905722 -0.10465287821962657 -0.13574043343791012 0.15396473659845453 0.11963140841256394 0.027139822255838966 -0.04643880014918414 0.08266773090578387 -0.19397571483513726
1 3 5.0587878181067005e-48 -0.1510369219189789 -0.33924003014133924 0.18519595933121982 0.3211576183419083 0.18506000560084462 -0.15710687510078022 -2.2839978056250707e-25 0.42758322134613563 -0.498665206532978 -0.2712907583609981 -0.03628932138739172 -0.004425361636608712 -0.18289515031527148 -0.3143669765743387 0.09507660161558884 0.12128103195843765 0.23318682445174932 -0.1504631442004377 -4.1848476153591367e-54 -0.17954186489685298 0.28045144684001294 0.18286018840679155 -2.0563684132361386e-25 -0.15584113715087466 0.36897832786779355 0.1338422763850063 0.20650991907428365 -0.05185839730635729 0.06399663392679808 -0.2018835794404395 0.004217819777062387 0.04870626480507899 -0.2137189484791043 0.25234403008617934 -1.5878891109579685e-17 0.23089851536534098 0.07704086463543791 1.310160105694942e-48 -0.2674468830465272 0.2922038739642962 -0.3527714997580996 -0.15870019566739474 0.1017098393010062 -0.02478455652414615 0.2726970967529718 -0.18574178238617098 0.006078557257306423 0.3263037466450516 -0.08079279331695845 0.04593961829751868
1 3 -2.2578102088944937e-15 0.11110432077898255 0.16807944350865853 0.25257229214977966 -0.31014002268294194 -0.017647509171602627 -0.0632856530102322 -4.8611922648751986e-33 -0.5041826697040557 -0.037140844944623684 0.3146397704694985 0.06869923466699608 0.2895094466689077 0.06837134385236908 0.019435160676694176 -0.21658938096998634 0.11393162760925546 0.014525488589623003 0.06653592365512685 -8.738666808521915e-55 0.05083336733934346 0.0016130537893866645 -0.12400784195493392 -8.006888433533675e-33 -0.31466465469523947 -0.3112731860299292 -0.5827185422963765 -0.3105111944635022 -0.07813548264221105 -0.26704194666008463 -0.001587247135027026 2.9342438753251252e-53 -0.03263585028131496 -0.0507784535512481 0.116306769913627 -3.2097029321077493e-55 -0.2381648106167023 -0.2908332589038841 5.801293529000682e-46 -0.024316908824468134 -0.05648798583598989 -0.11708762303904158 0.08287792751515743 -0.07658779240977884 -0.0017229808890133448 0.20655007910360054 -0.06881364592736956 0.21569700085543747 0.2062018866812052 0.3058468847172379 0.10527053660242501
1 3 -1.787682142884079e-35 3.881132163964808e-48 -5.448868456831333e-24 -8.843094462805758e-54 -2.950097009984818e-16 -5.319670913595407e-16 -2.1261944767156216e-42 2.430659935407475e-41 4.2681204422443663e-17 9.370460374659e-40 7.329393629623945e-21 2.1464805356934218e-42 1.4730957723227012e-18 -8.474640915222093e-25 4.37700779627169e-39 4.58168589184243e-31 2.1502859899150913e-28 -2.0324615006084923e-33 -3.889853780636666e-54 3.739157345286372e-45 -7.095701100671509e-28 6.33106826715949e-20 1.9014874625925772e-48 -5.2018080751780065e-33 -2.4308320888246175e-37 -1.1787545123758433e-19 -1.830051147208267e-19 -1.1380872634983272e-37 -5.471726729902507e-18 2.4539625535923703e-22 4.202945594389112e-42 -1.2710834579841004e-19 2.821552016203378e-29 8.067439464687593e-26 8.42827892271568e-32 2.032948149279837e-40 -5.282858603712971e-34 3.1358875082599193e-45 -1.8847732552680797e-47 -1.1278417862020052e-22 1.2696810607936096e-52 5.723629144000931e-52 2.740142803451766e-35 -1.4908010500216445e-36 -3.1778978173817555e-17 -1.7084999252805737e-24 2.825310195166518e-23 -9.919591162167872e-38 2.774678182757016e-45 -1.8667278588409655e-43 -0.06338295815913361
1 3 -1.6324140075851385e-05 0.14629170973204764 2.3096550305572496e-26 -0.2524477081040601 -6.90461651248564e-20 0.003929775485139923 0.0633954291160433 1.4222145316645138e-28 0.1848693000882962 -0.22561794283806397 6.672097736319919e-22 0.082116432810766 -0.12173921107775548 -0.09924522709400757 6.197693456085535e-20 -0.013228224519670513 -8.04566103769011e-33 -0.2103878706947883 -0.2560628474081918 -1.3068691164395852e-22 -0.029134472643244896 0.012389873138848746 -0.04355353268712149 5.736792365086121e-28 0.11572825126722301 -0.024675048142892883 0.010804221625452708 0.0650554777176968 -0.15649106025621862 -0.22284742415221714 -0.041678009389580994 1.1253590067817646e-12 -0.1436398433475527 -0.18584704124476384 0.025391833257332505 1.1210097416289816e-19 -0.03553018488011738 0.04527963939039644 -1.1159691250917417e-17 -0.17207255027848253 -0.052800399492941213 -7.090336196490227e-28 0.05331139335063314 0.10900834467166182 0.02223743727040248 -0.23572064614763977 0.13534430494632463 0.11886659222018693 -0.1609049898353595 -2.115168641322533e-20 0.18603409481068003
1 3 -1.524869924274092e-05 -0.12155632725330966 -0.2988726001873406 0.10594374232871087 0.01546507250607133 0.31046091003926674 -0.06972207731454949 1.3543400389223376e-30 0.34846677376447915 0.0983712962794739 -0.19662562990074284 -0.3497681806119626 -0.02792368934220702 0.22075703399644686 0.07506097984552725 0.20776553561962818 0.35851535006893187 -0.1268575013718855 -0.18082481183818266 3.7894510824204188e-34 0.15232302682715984 0.20184978143971039 0.18767141906515816 -2.4274263404365875e-50 -0.10467989062892022 0.23300040287595608 0.19326904322119676 -0.18148718430811142 -0.2558088084919062 0.30173162364919864 0.013751351035466352 -0.013405111632750006 -0.1278085816385855 -0.26145005517018954 0.12567448629617248 3.128645061116092e-22 -0.09476745755949362 0.2900408013460785 -2.6791015381329236e-36 -0.07267767005412647 0.11111998096356099 -0.42268830552921355 0.09720541311983903 -0.18062666047291684 0.1988512017323948 -0.03363651911901905 -0.5885613119883571 0.19634636970079922 0.1991185173215561 -0.04179463502813763 -0.06965863830466924
1 3 5.752588566214116e-22 -0.07700678108846998 -0.13041019994036954 0.08120896459086364 0.2163531416588908 0.08116387938298103 0.24931478558079873 2.946014922166402e-39 0.007217404489822338 -0.0063340615360400815 -0.1736027033319345 -0.17136799633394537 0.10566095953998965 -0.0333112806763913 -0.28057285680906513 -0.16422406884588278 0.26983732030895763 0.2153970638813794 0.1409775283393383 -1.742635322686159e-44 -0.1722671921883558 -0.1799381942091848 -0.03892350202719948 -2.315277689578122e-41 0.18657605892248472 0.29949043462292735 0.3207495162379289 0.02950689194342335 -0.1547831048459756 0.008514780574716212 0.06931287105438469 9.770063427011168e-06 -0.2197223080827055 -0.07427002656844069 0.18856281952656653 3.968439899470309e-24 -0.07253829358530668 0.16417159067393602 1.3667254457972957e-34 0.10015028093849764 0.13027887833970403 -0.43531342553617547 0.1804580546197831 0.19143793950578342 -0.11330743006650153 0.20527577034489175 -0.012978761569772276 -0.192401677052827 -0.14605236013700956 -0.09626083908366999 0.2440696762562643
1 3 3.5346593911600487e-09 -0.04772451051244471 -0.29526138875003244 0.10016637591098618 0.12438094548289347 -0.01824664043916182 0.10137596638648495 -9.527076048694579e-33 0.43591542737627975 -0.02797835996771338 -0.2620205715174981 0.06455459252316896 0.10619732573407453 -0.17421389750869615 0.0868889121611583 0.11473266588477501 0.23648638327427077 0.19468135327917813 0.17687428607143552 8.724324926642415e-51 -0.09434229907561814 -0.1391449484691188 0.1381160921316052 -8.585637425405824e-31 0.1734003037605777 0.4129052931945744 0.19498647627036783 0.04948002315634661 -0.13524778147248293 -0.09324356462612801 -0.05102639768884111 0.001008343399619029 0.0497388635415922 -0.08886448298060778 0.15935638244602623 2.2252635905261097e-32 -0.20588355876617145 0.3603022883984192 3.48876796034315e-24 0.023556097379806396 -0.2058024412032761 -0.39153245805469783 -0.15709963896773033 -0.21760409009268228 0.19981491910423274 -0.06302278124727993 -0.30580471029480205 0.18200946618417232 0.2405843229258329 -0.03616685306617863 0.14733176721595795
1 3 -1.3047294252617874e-38 4.244940733649045e-21 0.17607059548591592 -0.11250002645212309 0.22346419712522422 0.23346458378917306 0.16003899931038632 -2.539562720360534e-18 0.19954930049177744 -0.29600704906476316 -0.03370978578410279 0.04716061938436918 0.18502957182096974 0.09915974718438353 0.012850775347028668 -0.06705845201989427 -0.11173328271437731 -0.04960802904610369 -0.1961325482597398 -2.9978505444332333e-19 -0.1475406762453171 -0.23364600805055244 0.1278392127825949 3.7410055540616686e-18 1.2479777421609783e-34 -3.630822194377728e-50 0.09266826254496296 -1.7795471781176721e-50 -2.3639346153039693e-20 0.02516914737243251 -0.35183655024098526 -4.921055804980041e-31 -0.02696783245379725 -0.03560137274232909 -0.030490707013041067 4.8118308255998594e-39 -7.821494089588802e-42 -5.046782781364182e-47 -4.58805926410776e-44 0.1668403141971697 -0.11719093400127181 0.1331002872414845 0.1676435642007188 -0.23910666246749054 5.090982187054434e-37 0.19655588559991444 -2.756476775894531e-24 -0.22605982490452609 -0.19555066441264635 0.18640993850044527 -0.2464342504197464
1 3 -5.304877556174548e-43 -4.6939035027571625e-39 8.755825794384548e-23 -4.9936377480658165e-47 6.1807432802195085e-21 -8.984381264420224e-49 4.930078240438389e-19 3.285735477543183e-40 -6.457192487702607e-56 -3.6174801651570543e-19 1.3882809581578727e-21 -1.3844524034879617e-19 6.979634822441521e-53 -2.7128737192834036e-55 1.1947688887528681e-52 3.457883150501884e-25 -1.277063177609937e-41 -6.734662910045322e-18 -1.1853406125574422e-30 8.169732666684885e-26 -3.0961930018543617e-49 2.517926094963866e-51 4.915237947678424e-51 2.5746357559190833e-19 1.0329969450331328e-54 2.7068746357198978e-40 4.23446347028292e-26 -1.1143758128249404e-53 3.173867268722503e-52 -5.733037614378377e-17 3.2383099854811753e-53 -8.090757997046895e-21 1.2468081966716733e-43 1.3756446426750035e-17 -1.0971952687143555e-34 -1.6811433912810835e-20 1.4619612670381512e-50 -5.0463614953846185e-46 -1.9534958065790165e-28 -1.0034296697387611e-49 -3.2567474012059825e-54 5.0465915157739144e-29 -9.936074886331336e-19 -1.5553452023111456e-40 7.608375172524883e-43 -7.042512343097242e-31 1.0344207611898296e-37 1.721496163607713e-42 -1.41200686202922e-22 -1.2047775451034803e-30 -0.010517942937291802
1 3 -1.5488238452101416e-08 -0.19779450395352563 -0.06204184186660337 -0.0821863160153747 -0.11660547820953081 -0.02070256686531808 0.2083233944991218 -1.795802821711149e-53 -0.014449711124766177 0.18277061418761464 0.35412838658208196 0.19655312238437103 -0.009739577492028046 0.018068646222430852 0.21534752948661062 -0.28755285519488694 -0.15133062872736405 0.14382063455724312 0.09051777796727291 -1.3457259091823781e-30 -0.051452275175749934 0.11886492135888602 0.17290230486703564 7.09473990149788e-49 0.08997030557901178 0.04841526570542716 0.06901009223026884 0.05046652403279444 -0.005280956698134152 -0.03220512809421857 0.1928223002640372 0.0026601888406840185 0.012270270897592856 -0.02704628570085681 -0.05494943909810353 2.3058647458746433e-41 0.2874789451526099 0.07207533397980545 1.2063914177255476e-17 -0.025670506566949195 0.13737452547031953 0.3597982972962976 -0.28513991032209496 -0.009895039734482813 0.1101882157692647 0.18576417999833808 0.29979022410702744 0.031075464851744 -0.11661162147254846 0.31344482676474145 0.08499425227634634
1 4 -0.19700480677414908 -0.20489754110692926 0.48501407416553516 1.4912141842663358e-51 4.839874591600695e-40 1.033955912467306e-17 -0.8492737468705701 -0.38109344039964 -0.4847736352617735 -2.5998582298879074e-26 -0.26570374024029847 0.34308845140552574 0.7132351722032378 -6.054546862074136e-35 0.3650579015451746 -0.3421319006430421 0.41599852233648615 0.6906081928220256 -4.8916364822972285e-50 0.21370134394319476 -0.33322974491904134 -0.4177967435765272 0.13352655895166454 0.03273195794471265 -0.5152955669507988 0.3727082006499043 -0.3402021565146977 0.35640200534642813 0.8384226684419065 0.531671504485264 -0.6919873915663767 0.18110193665852117 1.037044313746554e-53 0.4963064538538455 -0.3452891479543293 -2.185031870296293e-44 -0.6027861971485639 1.8472985978608676e-47 -0.20387695722035026 0.3385659858651805 -0.40626358925260186 0.22224273151812726 6.750417380633022e-17 0.31178099956416744 -0.48937038825621587 -0.07155347339951168 -0.23058861263844907 -0.2543873684395125 3.858380430455103e-39 0.18487309213227635 0.08084914119877135
