Number of NNs: 3
NN configuration 1: 2 20 20 20 20 1
NN configuration 2: 2 20 20 20 20 1
NN configuration 3: 2 20 20 20 20 1
NN Layer Weights Bias
1 2 0.11209487376979325 0.5341282733882139 -0.28414811977903326
1 2 -0.7919787024333842 0.16786033929897515 0.1554986228885207
1 2 0.2375578176577127 0.08756822383229289 0.2650479413435468
1 2 -0.7323540426371961 -0.2614948715735745 0.38172138211648887
1 2 -0.4689017561045728 -0.2966801105303026 0.37738962595158887
1 2 0.035241128740265464 0.26188886462453626 -0.2982259523623173
1 2 0.42378905384552273 -0.09180036567510239 0.030339486741387613
1 2 0.1817120187085085 0.15209161124725729 -0.3282871136089611
1 2 -2.3017718437002418e-12 -3.044134699968438e-28 -0.3837790146801321
1 2 -0.25517040139449215 -0.22802340335534713 0.1325462267631377
1 2 -0.21501149026074168 0.6935542144196879 -0.34216988679576044
1 2 -0.3489617645621788 -0.792744461127025 -0.1843010215064267
1 2 0.4596465404485547 0.296423373960993 0.3234455717897273
1 2 -0.19500987128536193 -0.5482438986310451 0.5176084407591545
1 2 -0.1964467128885167 0.743577261674804 0.41754464674068
1 2 0.3055229388608842 0.13195778566071628 0.08242170456359052
1 2 0.43923150154927637 0.27574870664207823 -0.13985846223900358
1 2 -0.1110924711620496 -0.39946911770558524 0.45870845790710685
1 2 0.16017577151499746 -0.13884365818177166 0.4289597807280836
1 2 0.9462953860800405 -0.7997252956126136 0.42188652791282183
1 3 -0.2770204160462342 0.21477893381901553 -0.19705102092589782 -0.4134242759617844 -0.016649746101466856 -0.07251151916135506 -0.031631728737963424 -0.05120410152859468 3.466673281881222e-32 0.20854892919995532 0.10691084354869516 0.3283738341887348 0.4155551857377566 -0.38317994425561774 0.34188450402034815 0.46083261780005413 -0.026818428063492463 -0.35228100613441465 0.24703656495980247 0.19164640302669275 0.18220950750049686
1 3 -9.165773916137026e-42 -1.399089181730967e-20 -1.513667982865112e-10 -9.245773820777256e-45 2.4820565880854845e-33 1.3610408899552787e-11 -4.1799194977963415e-12 -5.311458758926673e-07 3.883477370979962e-21 1.4204431958898565e-08 -1.720405678226023e-08 2.0014812735492912e-27 -6.610788201811069e-19 9.9296782425944e-10 4.4120634950778914e-45 2.8638119515167016e-41 -6.866852733636957e-10 -1.2581592875327595e-11 -4.7696816171710485e-34 -6.451401859276679e-07 -0.24220827776933898
1 3 -0.24796962945208018 -0.11760436866422355 0.23203951902546124 -0.281849676577074 0.2586255675255662 -0.2830369145694101 -0.36171058436565107 -0.018375524060825498 6.447063053696323e-08 0.21836524793494774 -0.8975708589524872 -0.474332900535436 0.4364172582582992 0.10664706549533966 0.3939954841577748 0.10716894266892642 -0.3282226177165223 -0.2993990430122192 0.2933158076552807 -0.319804428006441 0.45664830985600896
1 3 0.0932207882684851 0.3654926017238747 0.41253260659264096 -0.42268519579313096 -0.13776060879656374 0.31822949200165157 -0.2905407437224798 0.21027796067918297 1.0805359063702592e-22 -0.23554077152482647 -0.1877785772466552 0.07629796788874453 -0.15620996103496979 0.2357323330610618 0.3792269186755825 -0.05446022269804261 -0.4553884407608203 -0.03740911184131134 -0.29450447849169487 0.39661354354886563 0.04648471129210577
1 3 -0.42046710915973695 -0.14227772852353596 -0.10876668513934426 0.41490142830973153 0.17984826236860504 -2.4246085458966937e-23 -0.583379163964078 -5.01806614493008e-32 2.3601100271255575e-12 -0.015610513367377878 -0.012157458376233275 -0.22294254666158073 -0.3282449487244353 0.23852181102059483 0.4709001613583203 -0.6478273520306562 -0.07279101356410196 0.24777274646206396 -0.16689908542885654 -0.0017951035905396035 -0.20041481006956166
1 3 0.6039645001407856 -0.18300197610095795 -0.15487899555996096 0.28482072930796426 0.2849070390114695 4.4268429310122017e-29 0.38625167479646777 1.1155201492371107e-13 -8.749991367442478e-09 -0.01232350902479027 0.5093421752261378 -0.24315475240868342 0.3006301770628207 -0.07011199731890665 -0.00500378278295416 -0.1352151466411885 0.22680276303165123 -0.2886279472893124 -0.14672218380534427 0.18912194730166557 -0.2741248510173177
1 3 -0.15846746540980794 -0.8732889040770784 0.3590695166154629 -0.26703752647600576 -0.07631872686370754 0.3561653745386977 -0.003649092514524479 -0.09369044543348955 2.884919352527861e-14 0.2579591601747554 0.7573239822861987 0.16225970611568313 0.14950060286035408 0.27162472194222403 -0.50655120865799 -0.03955261116470116 -0.22100515530721476 -0.2594457580109848 0.27623403453480494 0.321488623513541 0.00942653063540627
1 3 0.23894359361228912 -0.21318358509325971 0.4581579296528203 0.2509036741206144 -0.2838543302137535 0.216788237801702 0.012016903131641539 -0.0259587112335925 5.678373520051905e-07 -0.10469496017027859 0.3737095333843081 0.04841714613146519 -0.0905086060899379 0.13671264377460807 0.2812593255606887 -0.09892908205123833 -0.04460859086926071 -0.08410785092643075 0.44154640059630734 0.4129253903625059 -0.046374843014662104
1 3 0.25215704631697006 0.12758885779236231 0.302324759779334 -0.48995987666342133 -0.4590002239249885 -0.044949125027666896 0.27379896828203354 -0.00219298236754793 -1.0137511029829142e-07 -0.0037545389398942162 0.0811709383676898 0.9051492484159139 0.07485083678438277 0.24861785314724813 -0.1533495298648073 -0.3104412398210884 -0.24970945165070974 -0.38134323062733533 0.16844710555396372 0.146251581887415 0.0455877144370866
1 3 -0.6576970693422092 0.4960363420642585 -0.1020514033857805 -0.19512923140577235 0.12456795817051623 0.2751149275404528 -0.2307525240526714 -0.04832055498936728 4.781812198475088e-32 -0.41928912752689584 -0.18950649200619588 -1.122608085123602 0.1551054723658099 0.20618321837808667 0.4899469381561983 0.18271155479538206 0.002852995429428217 -0.11677464403118462 -0.2002603145025897 -0.03021814506928224 0.31442793472164005
1 3 0.5466744722721899 -0.1398769492437955 -0.27657822542683946 0.29479652428076597 -0.18412124266864752 0.22971960096244454 0.11014734162679707 0.04314706070721831 2.2076220811210056e-18 -0.2914806640845911 0.2908545411526583 -0.035011614519991976 0.0952544575020843 0.14642716314148238 -0.12296687875916305 -0.29835482287400117 0.07362144124191769 -0.11060254114358356 0.21800991654307786 0.09897821102766688 0.40126422962820485
1 3 2.857808214976233e-11 -2.866574049416942e-17 -9.465131804187014e-18 8.377273837269272e-46 1.5910233401229936e-43 -2.001801958781237e-22 -1.0865112268717921e-24 -1.993128214523555e-12 5.0113840089734724e-43 9.604562485785372e-43 -2.1605458798419929e-32 3.584573719740729e-08 -8.062151479750495e-20 -3.933660913558994e-28 2.4920847032166884e-12 5.21640355432078e-20 -4.711858708764809e-07 -2.2719333115255243e-07 2.943049282285825e-47 -4.382022159869768e-19 -0.12414901696579744
1 3 0.4971090268730453 -0.3516971687074799 -0.2028072928545297 0.0876069499389521 0.3286427938672157 -0.32757032295083627 -0.014402674878786433 0.10899178662512261 -2.318220558249666e-21 -0.05842923099116644 0.2686247250954299 0.2720196435455446 0.24371836403226727 -0.10586081242837095 -0.40264462961926856 -0.34096559343342775 0.3178650918375593 0.004482728412256378 -0.38764130649058665 0.1442430027666343 0.12870018600614835
1 3 -1.4203128129049697e-15 4.327837366367845e-41 -1.5451595326021893e-18 -8.82459279529938e-09 2.5359545248354114e-12 3.160525365274957e-41 4.3280967922647937e-10 -5.78212237727469e-14 -2.6201268934933385e-40 -5.294429768893501e-45 1.3014111858607207e-30 9.311783735313436e-24 -1.2153043832945143e-24 1.2483900081188268e-19 -1.3484352072146134e-08 -5.311708002585211e-07 -6.4517404224993205e-09 -5.2142085241926164e-42 -2.5125077200491048e-11 -6.900102735161096e-10 -0.05027267357858245
1 3 0.01728026856459938 -3.951714542481949e-07 -0.23147891685840255 -0.4917510898607859 -0.20831497937458907 -1.567879803602052e-08 0.10312387359678767 -2.072349665476395e-14 -4.046051029455142e-43 -0.4258110765569278 3.9817428169598863e-11 0.48148425577863396 -0.15321581146528404 -0.18521938113993755 -0.1461865000880051 0.05227698944420786 -0.23110538329446778 0.05371275243025977 0.021315996243697587 0.2783497945256112 0.06849386066032949
1 3 -0.5388768079589316 -0.03580444441236521 -0.32090647077093515 -0.07380327743665012 0.10965535704690578 -0.2925725291261465 -0.29332091447818065 -6.95105585073301e-13 -8.921718682050063e-15 -0.10723002466010619 -0.12607405095192736 0.4562850127845084 -0.039688568502813375 0.4445186876707249 0.20520949769704014 0.12444236911043886 -0.4389365397977648 0.04953773559188988 0.0061942916764544526 -0.2907371114625756 0.1129456422751043
1 3 -1.0853290358306441e-44 -0.002787041513165885 -0.011611278322313758 -0.04360026408821973 0.013085445391996506 3.293268611301434e-38 -0.06391719344223515 2.0145862581148994e-17 2.2771014665872846e-08 -0.015797608588335912 -1.6051513185577832e-09 -0.11352058510231743 -0.05521509677390501 -0.06836747613226439 -0.16391076958285253 0.0005597573284371201 1.2781326619366792e-29 -0.043469960667169655 0.15246554930946368 -0.030346118831630808 0.0249468725288837
1 3 -0.3232615069945389 0.3358544447103596 -0.10928198938954038 0.26364075216968286 0.013281067284039782 -0.019753100347214197 0.027108308064665965 0.06157243998412053 1.406401489345028e-24 -0.31525492698529334 -0.16991397997394722 -0.19562564864610618 -0.21776608949587484 0.3266134758999344 -0.0051819025710290985 0.009861508752025934 0.20265352407067483 -0.2867844299373607 0.35204186157004175 0.18141801468810892 0.33322280170743757
1 3 0.4184696712130464 0.0069386184124308895 0.11024202395351658 0.39040115677470344 0.289275676326097 -0.17576579133117548 0.36594246835227173 -0.0026196155842270327 -5.1472319144554487e-42 0.37985038453997055 0.48238476171886074 0.48263882132419944 -0.37078142921125234 -0.07682216192607519 0.38919953702708077 0.09968267938740999 0.4063839347436183 -0.08205667846601729 0.12018362300817184 0.24913596906703483 -0.2688687490434827
1 3 0.32944563768100765 0.015851437696246314 0.3787151384191919 -0.28970473697072385 0.4082056527620547 -0.16948458932337435 -0.17862981567970249 -0.008157722649119103 -4.925956653995438e-46 0.439461264914446 -0.13378696423841918 -0.38661245929969923 0.02386046479984772 -0.04706251744181653 0.14701771256265642 0.13392600615234457 0.044626452036919104 0.31485738582699113 0.17946376725419422 0.40962493992720467 -0.2205534646422189
1 4 0.15648684138458727 8.293234342302561e-08 -0.17696465215297869 -0.4959958428544108 -0.44918810470579024 -0.4962307027006649 0.5229451016939739 -0.08826080871300766 0.0716581803345782 -0.3094894102499033 0.289875918442345 -6.855729528295526e-13 -0.09643685645353274 -2.840637089777568e-12 -0.021835057924671223 0.199882500002809 -0.014500201932872435 -0.1820813222738795 -0.07627291609127049 0.35724601307027865 0.14695998639554256
1 4 0.465681543740758 -1.1179451846907739e-20 0.2616533792805666 0.5488300891506318 0.14200912076087877 0.5775010328632312 -0.25787438589874834 0.4597833771771453 0.3101600543965243 0.49694017192822926 0.27020532102508754 -3.6081981048112726e-12 -0.535541751440843 2.505179030146843e-07 -0.17701935601655655 -0.172654376669044 0.04064038397152527 0.1091309352688846 -0.492871009816928 -0.06982975473116927 -0.14908977004945798
1 4 0.0147780233941358 -4.7318212594456355e-31 0.6570590852088521 -0.11262739324658841 -0.17196770934668965 -0.36869298286346597 -0.0718339002757546 0.210853522963533 -0.16625212845807216 0.2844545102268582 0.007020796504709221 1.8193186723986576e-27 0.21455691642763786 5.149880754553335e-19 0.2671232917331547 0.07147585007363738 0.0011854718059658331 0.3663030192983992 0.24633091240530955 -0.21423271802175123 0.2594972548515028
1 4 -0.16690121403203836 -2.63845106271986e-15 0.06171240609268925 -0.020227266643263825 0.08510186522527868 1.4845345332746135e-29 -0.3138503650354734 -0.310489209308918 0.2388802712499136 -0.2786121421547137 0.1250408144173659 -4.085946582190966e-07 0.22820246261566435 2.124050382160951e-12 5.8040299659102556e-08 -0.4174424581156875 -6.781043224544127e-08 0.08227587347533753 -0.35566934682014567 -0.21997608129293791 0.12150379435882058
1 4 0.3283126929356695 -1.6546176243526046e-10 0.34400182382798705 -0.09756304192796979 -0.15299252811230396 0.49600101370881383 -0.43285399385258533 -0.5559676759881039 -0.2238630326652871 0.6067033719181059 -0.49413345318173785 -3.6832104244609326e-08 0.20578798817351948 2.815392813579219e-09 6.081430312468931e-10 0.2905302431570329 1.742821768933648e-15 -0.12082609508675458 -0.6300482760259428 -0.5331540218648239 -0.05689356822519254
1 4 -0.21761520831497727 2.572519248958692e-12 -0.10523508209231888 0.2912101682694281 0.35988372910781463 0.11038600827787504 -0.48608068538079235 0.279697327930136 0.47201565621233066 -0.08010178334934666 -0.24087759021972524 4.971409085530285e-41 -0.5119474588409713 4.347178675920484e-16 -0.5072811233396181 0.1361811241855444 -0.06876722846632263 0.407594688650273 0.20950043248671416 0.20143054112046288 -0.31054495786187797
1 4 -1.0673808469005807e-07 -3.4316451384356875e-11 -2.5680974306358336e-40 1.873053002395986e-33 -1.346558751834603e-31 -4.612859993945207e-09 -1.9452705575801268e-34 -8.692735422591219e-07 5.213464109902443e-32 -5.239279846587795e-32 -4.5655033374750316e-37 3.710914569998422e-19 -4.6575249705311597e-32 1.594783948448177e-44 2.3527022657704104e-15 -5.384498221775671e-34 -1.952664046302301e-09 -1.019918162971212e-21 -5.193435943934872e-29 7.653164915531926e-29 -0.21667523594806218
1 4 0.4861010114243829 4.9140855304061665e-27 0.0185280237259455 -0.2538052782740484 0.1861402539531816 -0.5152363955168262 -0.04560025454079424 0.29556099148880693 0.19915572574960716 -0.02988621029791275 -0.11674022761047852 1.2136987473494577e-28 -0.30931090975004855 2.1043118365073323e-33 0.31743034611231696 -0.45626400420463514 3.983312266436449e-08 -0.36763705606919067 0.5600655533885756 -0.23943718919302814 -0.036908490506964035
1 4 -0.11400156716740203 -2.4008961826307465e-08 -0.22410808953344902 0.01986908175775096 0.12415152066848421 -0.15988834579931324 0.2956383944901905 0.33394799309785955 -0.04986010409991125 -0.22945423893827552 0.21273538673631495 1.1722458695262054e-36 -0.19672547415944433 8.93283738555033e-09 0.12279116290515414 0.4618876367404964 0.0016380171448171265 0.22865049101855855 0.33824719389653707 0.04650830245205422 0.027840535029635502
1 4 -5.550445421520745e-07 -6.901390382989006e-07 -0.011687451680692063 0.007389471276207185 -0.2826528917347125 1.2884727275965494e-27 0.02966233601917487 -0.08881172944549759 -0.16390400511786943 0.03901881833652426 0.13038571957816317 7.189919436161429e-07 0.35674555492553517 -5.133845041387141e-07 1.6039928144255864e-10 0.21310111327183823 -2.5666008265962412e-08 0.3005710527587852 -0.2504684730877906 0.12868933307922334 -0.37244219899912234
1 4 -0.3713571715039323 -4.179438454493201e-09 -0.35077500112546595 0.25508482837006 -0.37068731379912623 3.0314142142674004e-31 -0.047825018780765845 -0.025962434144352866 0.09251572281396529 4.739059425346774e-13 0.24453824983551578 1.0130091727371814e-09 0.3414044492262407 -9.418174493561759e-09 -0.075373870899089 0.0397506393453653 2.4016223702844865e-33 -0.37771137785225717 0.014682098114238965 -0.13905240968488486 0.08184336542979004
1 4 0.16048487337435957 -7.391715833873478e-09 0.36684628043529666 -0.3877125756862779 -0.15189587361046133 -0.19570609715575005 -0.1282883428261445 -0.09160539620197088 -0.4941255118726793 -0.2636560093700124 -0.23313330184137174 3.362615018910475e-20 0.41838811213559296 -1.7096073961467918e-07 0.33049349247486765 0.4782625990516584 0.00947783777193127 0.06410283638570163 0.38591279921136756 0.09339526601528916 0.318625469253489
1 4 -0.6574674917084246 2.8240332104441805e-09 -0.2730638445518836 -0.3712705522633602 0.300749994287067 0.5609747259121403 -0.33662003824266123 -0.26762395236931485 -0.11918646877147346 0.6702575297670095 -0.21417737838602677 4.443463713379563e-27 -0.2783585264706857 -1.872911645348293e-18 2.854347057770183e-17 0.09344338692960745 -0.00016029556577949047 -0.21746673977409964 0.17172409131098007 -0.4276913897447442 0.3100693502128656
1 4 0.1985047789305494 1.6889979432100756e-27 -0.15498886681466328 0.22206477580907175 0.322358277014811 -0.3740873098063842 0.05712398936440292 0.17013453097572687 0.08436787967510792 0.3180227558929595 0.0004888075765195774 -3.321388446298121e-09 -0.6616107228110151 5.125483848805256e-10 0.622237204498768 -0.2640907669537979 6.5301867833065e-10 -0.17458298978803208 0.3267777548721857 0.1523457073403667 -0.40123777594565146
1 4 -1.287869538717608e-12 -1.6766619438981298e-44 2.586670401344883e-12 -1.5696753613571925e-11 2.3205042727258966e-33 -3.2695089746075413e-12 -1.2984866223468018e-35 7.460277292526354e-10 6.846356934258284e-39 -2.1983269150077975e-35 4.926602267255641e-15 -5.090493343235438e-10 6.362662173066524e-08 1.5133792188593424e-35 -1.2004475262214967e-14 1.104226907105217e-12 -6.216848505097476e-20 -2.334436034149579e-27 7.97187603229333e-10 2.1872575231797247e-08 -0.3455794182136952
1 4 -1.5878946446783725e-14 1.0703021213906726e-08 2.4187076456940947e-09 3.591345593949111e-07 6.96695498237324e-08 3.534091584513237e-23 -1.943208109058575e-10 5.0574337837234524e-30 -5.584405748415745e-44 1.8450619314018905e-44 -3.2213903810555116e-44 4.823565870011804e-42 8.420920182442606e-07 1.7537658153671757e-14 -4.033353488014227e-10 9.462137880800195e-20 -6.42969374444746e-41 -1.075434746646494e-12 8.234059422243762e-17 3.190326397578392e-18 -0.3110586296507105
1 4 -0.012525018417590586 -5.283327868158064e-25 -0.23790128662180599 0.4854035609205977 0.1459370026244578 -0.32263805514297705 0.12274926915163367 0.057768771092656865 0.22069821139752807 0.06472883888075688 -0.3301314729438454 2.765867085721009e-09 -0.15650351242087704 1.7161580818285092e-07 -0.31668530255660476 -0.09892641017015746 -0.007029144713581818 0.29106561869916836 0.4954651245518911 -0.1787685772096402 -0.22046774778871725
1 4 0.0013624219861493444 1.5264509407998686e-12 0.5111042304799176 0.4342795150710925 -0.03613656852903313 -0.09846445333294591 -0.7288899618851502 -0.2407531996010377 -0.11939961962032877 0.29570231995706525 0.004982280632886972 8.56530110197299e-07 -0.38094850104411965 1.7465834194391164e-35 -0.9988802403590603 -0.2560759732018169 -0.010165483547753132 -0.15309543158232136 -0.04653170001777547 0.26855479401291704 0.26190486131320606
1 4 0.3001922783791621 -9.275970211277751e-07 0.1271096782621779 -0.5105469945251272 -0.31309325694186324 -0.4006683086683121 0.2385950250722914 0.09784209793096993 -0.49211667536882914 0.04640993100481159 0.40119133152496605 -1.7642767409321764e-35 -0.17330777181747464 -2.400419481504997e-41 0.5535502148674041 0.2970679694348614 -0.011445021619961264 0.26295256166562575 0.2756653959723744 -0.07097372133853726 -0.15920195035601706
1 4 -0.10424857107663929 3.6064321132863376e-08 0.17734768635831483 -0.05146208101584052 -0.508286967326007 0.3002518115601436 0.10678256469474647 0.0035457423183477255 0.10339395112489766 0.242584624081502 -0.08733303088730696 1.613599358855349e-36 0.39122517063182616 6.92133778371684e-08 0.5773828989968657 0.30279530717217873 -0.01495699599816403 0.14973372751212352 0.5402814827285838 0.16113033889921513 -0.11145418210760594
1 5 -0.3364663936813975 0.11200150917006399 0.14582868510407437 -0.047426983938347045 0.5633044139475074 0.7952483726813865 2.0075811819110492e-27 -0.38770690107953015 -0.005926464741030431 -0.005937979551447151 0.29327626640287846 -0.31400212667406185 0.11551230039940388 -0.05600768565124665 -4.2762084171059187e-07 3.2993326560616204e-42 0.4661183232388404 0.20597297549376403 0.03613867142431178 -0.08155557957070732 0.29635444655120174
1 5 2.1741091963422103e-29 4.309199843123839e-08 -7.565678001774979e-21 -3.023596169107781e-08 -2.1026313694439147e-31 -1.1011500988908038e-24 -6.721707277655068e-07 -1.8905182341656444e-07 -8.145141434980249e-29 -6.976362845644939e-13 5.40751695719604e-12 -1.2255095225991832e-15 3.114363703816526e-10 3.569603738577927e-15 -6.715911535760706e-40 -2.5853091187215253e-13 -4.458374043087515e-29 -2.450060119276457e-33 -4.345879099380827e-08 -1.3840249293840522e-30 -0.3449130257337091
1 5 0.15168245771212616 0.24196520287477533 0.033368348502267796 0.01869985170688356 0.6103482551828207 -0.2236646471482656 -7.359879844156118e-19 -0.49162725251580836 0.18856661504756983 0.3635208808652633 0.1461490133102336 -0.16168115758086207 0.2532810492530206 -0.5997599399576133 -1.232787278745992e-30 7.478371399285544e-33 0.07576015778868816 -0.08746897982099221 -0.4205692054182054 -0.23030646082128559 0.07529082907427286
1 5 -5.997292609593628e-07 -3.4638612562624757e-09 -2.0491892072846158e-08 -1.19433640968174e-09 2.1023852429645417e-07 -1.3810758298267256e-15 1.3278058438586894e-24 -4.644777480778001e-17 9.307221234790463e-07 -3.063454059084714e-45 -3.425364412059871e-10 -5.278846157420146e-14 -6.65898783077509e-08 -3.6959071069452863e-07 -9.609951783384156e-12 -1.837637039436701e-15 3.2916898154452177e-38 2.0263972109357955e-14 6.970511759159546e-07 -3.6851418738878475e-38 -0.3473348490603928
1 5 0.029143197128933998 -0.1807603308126519 -0.10715803755289419 -0.3311591514275426 0.06084890272524814 -0.5617137789827237 -4.92788137958336e-17 0.43135263173476235 -0.00021550702045224242 0.16637406547392924 -0.13371551510947427 0.17547538790114597 0.3935461005546311 0.01906743728014291 -3.450821454695531e-07 -3.828119853804396e-07 -0.5443849619799388 0.09790983262469362 0.45913212563749695 0.34599003775854104 0.06796374005643928
1 5 0.189979211760693 -0.2721358631740129 -0.1987748847121029 0.030475241410260496 -0.1194382941458364 0.5852854060043621 3.333761876425581e-14 -0.1393985981395377 0.06701547601690885 0.05627688891341975 0.3263210975673344 0.2378571356135946 0.33001395576355763 -0.5120801960111221 -3.1477868127482753e-09 2.7997242810579396e-09 0.2679792755539595 -0.002054485391415799 -0.43635047039840064 0.16359012339064105 -0.010084127248920436
1 5 0.31958962279342323 0.03360849100020668 -0.10362204464173545 0.150817717628931 -0.4769410497782887 -0.8660032468407193 -1.0513367139742654e-08 0.4930145781688054 -0.23771905754766767 -0.20598498366527287 -0.027371822918766324 0.24117740259291331 0.4836392382561822 0.4357907804885673 -6.019942379861768e-13 -2.903141241571748e-07 -0.701573835881104 -0.29288311302750436 0.08697453070969051 0.18065759617345853 0.3439545100679871
1 5 1.2849020981611724e-24 2.2757203913875803e-08 -4.814656460293903e-29 -2.7720437455045437e-09 -4.232521939466737e-08 -9.111289380212543e-17 2.1500389043825016e-11 3.5944561866281126e-20 1.3642028964965576e-08 5.60161276240808e-25 1.948080740134753e-16 -1.614962528657575e-13 -9.40505205477354e-08 -1.4257654789282926e-46 2.084618860137651e-09 -1.4128075298134988e-44 2.3149751486646836e-22 -6.600460212090378e-14 -2.449668062167581e-07 -3.8476410402873876e-31 -0.2640237143813155
1 5 0.2981490491460858 0.04386846000872749 -0.2738862431494099 0.24024521702324228 0.15544077204474616 0.4788860214647618 -3.178016670846446e-39 0.15361629440563546 0.17377133103188755 0.04701983157673849 -0.044552651385310164 -0.23662789872687626 0.04682118219930489 -0.5960200252163993 -2.2614534048046268e-08 5.925947456551256e-23 0.267711342700596 -0.3985314221176866 -0.05355577596458262 0.1566227272294639 0.01972142695805169
1 5 0.05042927391308642 -0.09962209766427516 0.29194932269637364 0.1420989430977501 -0.6019151866194902 -0.6306816859925594 -5.019566858153003e-32 -0.21916777281681007 0.4829663752667233 -0.13843408716688327 -0.32410566564432375 -0.05570883301479467 1.0590109865753408 -0.16473254142512203 1.578353657646028e-09 1.0475761346688317e-40 -0.28672494892848205 -0.3587924350710932 -0.046970771025234184 0.2425096530064021 0.1548290423799417
1 5 2.148950368053018e-07 2.5259136843233202e-20 -2.5769450399532134e-13 4.300970228702016e-20 1.8245817841128714e-09 -5.15510624733377e-32 -4.930694591692144e-14 1.362575620572231e-24 3.7439956339245585e-08 2.7794674159586116e-07 1.3737635012529395e-36 -8.300012068102041e-16 -3.9739588739059454e-44 9.873946706561394e-20 5.252051902986418e-32 -4.165464132250838e-21 -1.4506088312474016e-07 -2.7971764859221853e-11 2.795523796015709e-16 2.898728423762505e-15 -0.31891703578780056
1 5 0.13135723260350562 0.08440807162776794 0.02452604988380262 -6.164726166674371e-10 0.17262579196501618 0.14934206644913914 5.109773901695328e-14 0.4754146931626368 0.04263849367603906 -3.279900660167738e-09 4.3037833110029977e-07 -0.24333592391477313 0.33566490428118495 0.3728000162573301 4.2015620949626567e-44 -2.5962943962928837e-37 -0.3129951147310925 0.18701793103857425 -0.3005518406416023 -0.26346036446085097 -0.11421545099569999
1 5 0.11922688827674958 -0.4565047307994155 0.25187110485835146 -0.24971865399061421 -0.30807146501578014 -0.7524106981739649 1.0238782770945662e-16 -0.1230290919588269 0.2310392712375161 0.2133479839219893 -0.3005169884356329 0.3684563225308999 0.005885627825033558 0.11990115290705876 -3.6281156686763787e-12 -8.732828042379508e-08 -0.47134925271965994 0.010580958358729697 0.06021290717055141 -0.29956201025681 0.14072996257685028
1 5 -0.42274148889446084 0.3254922793592157 0.15449573143486012 1.574604231164287e-42 -0.9175868297908893 -0.22389477981138514 5.510619143267464e-32 0.06281649317153416 -0.23426181882421673 -6.818983698174125e-36 -1.4571061769145891e-15 0.06592752671298528 0.7198113299117068 0.3499676402312605 9.960001782576796e-12 1.4999323247352756e-08 -0.5933053675208775 0.3474220187624298 0.04384489949479495 0.016590651968448465 -0.3031865212212208
1 5 -0.17276992727987545 0.4538831697791741 0.16799351532557363 -0.11117381097201015 0.6158795217857214 -0.09280370046729322 -1.856768280616665e-15 -0.4641576378835738 -0.05755266867067895 -0.13860409124834025 -0.06753254477361653 -0.2131062882167258 -0.21072783713737747 -0.25707604814168256 -5.032424065452341e-13 -1.1271260131427828e-44 0.00937414736087618 0.238626046844551 -0.1373805161975748 0.005125510505564539 0.16006310095003326
1 5 0.3266554292843478 0.08823481875380011 0.353342149235379 0.28419723056502244 -0.025752591291180727 0.5388092750742672 -6.333753574658172e-08 -0.6688712229936451 -0.18047396883812902 0.2898772654861898 -0.2117589752197482 0.15011043670073876 -0.48703195829853874 -0.49553136774858886 -7.669928252446079e-08 3.199596021451548e-07 -0.11818584177413442 0.050037341164361246 -0.1249341299615754 -0.3315088419831522 -0.13562724342102833
1 5 -0.0008448830428527962 0.45449049660155494 -0.29460282547468536 0.14871536509661215 -0.008972631785130488 0.4234480837087801 -2.346172235247262e-42 -0.07429681132191514 -0.16624902385709836 -0.13588228249050036 0.08175857757870944 -0.14407107276240855 0.01862546409100788 -0.020217838215077076 3.5034848884113995e-11 2.375050819405543e-07 0.0813136208566023 -0.09493781856639912 -0.05730151681094884 0.21612957006711078 0.3722778988933649
1 5 -0.3928290098937956 0.4317964637969301 -0.022572628038459087 -0.06598922217078981 0.472091622386433 0.25550469142978366 3.9470601027550646e-36 -0.01767707773569618 0.019158601642410983 0.14126937661770048 0.02128715420917339 0.2845708160448916 0.08188248984076797 -0.15943194228341837 4.9541653664054144e-14 1.6352139880961626e-13 0.0886676718197053 0.272950662817001 -0.2214426555187359 -0.008320511573765692 0.12132539395791456
1 5 -7.556849815879623e-10 1.62622207943339e-14 -5.091005686041728e-45 2.2498212028976496e-25 8.297796694804337e-07 -7.352983043957193e-13 -1.4067611556526613e-09 -3.8674071525519404e-10 -4.526261461356576e-09 4.939293267119838e-07 2.9909384746764196e-10 -5.138921770679983e-12 -5.5066228858370605e-18 -2.04965816147696e-41 -1.4505427780495877e-16 -1.769698131186543e-13 1.426978334007004e-42 3.266878831636475e-08 -1.5785735017171467e-45 -4.065766003333553e-08 -0.20588365618887924
1 5 0.1790667730655925 0.23374834707508282 0.010536495468976727 0.17562429201749188 -0.7185349826944532 -0.5855320813922504 3.95293784374841e-15 0.06876825404169389 -0.43135287901916936 8.553920665779297e-43 6.096064359784217e-10 0.08290978129141995 -0.44895298026171354 0.1729442985863701 2.702776182835546e-07 5.4946973342406677e-11 -0.6119839020805617 0.03482349383008288 0.033386474032506046 0.41119423222278195 -0.38365787050174444
1 6 0.28178490357203034 1.5102036394847424e-05 0.5414267329742876 6.093127245027676e-05 -0.2683588085555146 0.4390700964177765 -0.43699486923055025 5.188858789336978e-19 0.30447244572913607 -0.6161733204349026 -2.323717902433789e-21 -0.3518024323781894 -0.597102613708857 -1.246015642944179 0.2235531256114569 0.4898957239834257 0.3943621813155866 0.3035138874697798 1.3139284158342768e-05 1.0227927875512375 0.1868045062109812
2 2 -0.2812195058838374 0.3489700533941095 0.2461349479081522
2 2 0.5263352211704562 0.5900840298043079 0.2139252887628112
2 2 0.15756643832267594 -0.5945447830360204 -0.11612605784249758
2 2 0.18838114980432139 0.10275823957100487 -0.2822317527933366
2 2 -4.621957780276639e-07 -5.176529925841343e-42 -0.4582288807590132
2 2 0.38313694478514904 -0.5888306969459234 -0.3531752787125233
2 2 -0.12311083541754193 0.2455836420535817 0.3669085329535106
2 2 0.44162778757235405 0.33765826779346175 -0.032478730822397474
2 2 0.5274032137209016 -0.18733705976604342 -0.03704122874818267
2 2 -0.5585388726568983 0.2674872786654599 -0.23416537252825173
2 2 0.5984200235517947 -0.10879922397556703 -0.09284972593701309
2 2 -0.8979264574798888 0.18412063529073983 -0.14261784823862844
2 2 0.04063084551100487 0.35592993670522666 0.08425062815264045
2 2 1.2385232026505898e-28 -7.981128909569948e-07 -0.4395619597483986
2 2 0.2652897582520779 0.5484993252629439 -0.293887805240169
2 2 -0.01914227848845119 -0.34437656336352307 0.16838969509852716
2 2 -0.16560671330748983 -0.2480132703362912 -0.22165771678534285
2 2 -0.29794717537848076 0.614172473810371 -0.3402243304811183
2 2 -0.3891216784448533 -0.3243322014610311 0.155845816509245
2 2 -0.4489370453552032 0.6112368643513144 0.2862749310198316
2 3 -0.15096086036256492 -0.22350609933239637 -0.1410290978539304 -0.09975574622933955 2.2265878923022775e-17 -0.17828155471359125 -0.05992326924739693 -0.0477487909270966 -0.2281317484096193 -0.044438411742259175 0.30618311139777493 0.10081395663775759 0.03487381824569191 2.6595022003868403e-31 0.2156118907087022 0.39672870033131735 0.29635425597213694 0.45421632484520974 -0.07808202775307473 0.3246603469415575 0.2334846768473923
2 3 -0.12222628625277682 0.11755943995143514 -0.48268720655630193 -8.079978891929762e-08 -9.061462077173612e-39 0.11466998409450473 -0.13591901299095804 -0.39327592798572686 0.37487799170023595 -0.09668004215788939 0.49298838896774777 -0.09545067367049725 0.03460402173468604 -3.182235074525537e-06 0.1197604134584242 -0.047662227830668445 -1.933753819311216e-08 1.015182747787676 -0.2725470186288654 -0.3925351845409507 0.222953319037703
2 3 0.3943395422854586 0.40494414425319 0.2894707314532549 -0.022782132578247894 1.3931566681966116e-10 0.3083670343268208 -0.04270981107880871 0.401616132492582 0.6289905958185531 -0.2835044104565514 0.3723025587184557 0.3033328132385992 -0.027020850427582573 -1.3099779519120446e-08 0.5425405503609712 -0.285350974908948 0.15653588381735897 0.7659969372509499 0.38618048035094255 -0.16368918209715314 -0.3329993387174198
2 3 -0.24268083612316244 -0.013726757135331391 0.5173883139007537 -0.06351287715845928 -2.4505384924273754e-07 0.1666489696047365 0.16544805057241377 -0.15989151955803788 0.12691804921240138 -0.10282040425787826 0.3028074573231386 0.05743020156061247 0.20158169120417532 4.660208508702011e-06 0.22945323779278162 0.16957562430100784 -0.04122660375790197 -0.004878666013581895 0.11282937524748571 0.2473173113274581 0.10242730842125863
2 3 0.2176374106610997 0.11006884569027515 0.13000046060002765 -0.2848567610307753 4.456037053098432e-27 0.34242296985493975 0.18203386604940397 0.1352439163966696 0.32667371118808647 -0.02678605119034875 0.2001360827944616 -0.12132484470450225 -0.348594002274683 -1.698545834067e-09 0.26240139664949685 -0.23135468694461478 -2.2565404602616233e-12 0.4399763373040649 -0.3167811257619093 -0.2556884997225659 -0.16543314768461304
2 3 1.6514287098335793e-20 4.2471423806653094e-26 -1.3564030359215348e-08 -5.26983155410828e-08 -7.150639255727277e-08 1.3185349083638738e-39 -1.2006606518616694e-08 5.5318748837567334e-40 6.339601161586501e-28 2.396762381818814e-08 2.995798700308063e-09 -4.965500254954646e-10 -2.6388722567010452e-11 -2.9099607925204058e-06 -9.632794464944927e-21 3.057027135295898e-08 -7.301766270288824e-35 -1.6081684769745367e-06 -4.5219657648940016e-10 -9.001635496147766e-07 -0.117441300243259
2 3 -0.08520568461084344 6.370450536046893e-32 -2.7116092538862132e-12 2.719792987987165e-26 -5.321619609639034e-16 -1.4057839568550237e-09 0.01849685726261938 -2.5893500785100336e-30 -2.44325013112764e-21 8.017328503211121e-21 -2.2617617712401254e-08 -0.006360688866107952 5.085762653919929e-14 8.479405616858719e-38 -1.4049624456808491e-08 -0.2659267144814529 0.23209998467631268 -3.4762081728658553e-13 0.22205246784789934 -0.25180553122418553 -0.18149155337970038
2 3 -0.4784967722279386 0.4090256205092835 0.05751028793706176 -0.3073131871178574 1.6672481873312302e-06 -0.10235215700676983 -0.35397521951541705 0.3964268103124599 -0.09159395116688711 0.23330932013407799 -0.0783472081756395 0.044265282197294656 0.19203785170221885 -1.5570579047787224e-09 0.3252553330443814 -0.02980878645920634 -0.3214142318807066 0.760988189503816 -0.07367879085830278 -0.5392454254339958 0.33799868630893587
2 3 5.0764392969238754e-09 -4.762943747533916e-06 -4.789063656861075e-12 -1.9138769849098033e-12 5.117253401203829e-37 -3.903012549443034e-07 3.356134489528066e-23 7.552474417616036e-09 -1.0271822104447036e-30 4.351741517713396e-16 6.94542047925325e-06 1.2623339486266947e-10 6.454931107264613e-18 6.812649432015774e-13 2.063493178085583e-07 -7.804725090165694e-10 -3.0587738836912796e-39 9.517679702182295e-16 -1.9307821168043512e-09 4.822055480412233e-39 -0.3097828040600536
2 3 -1.0814072409310968e-10 -3.17133694649848e-08 1.649002691836651e-09 1.9648900133490378e-08 -1.7183946744410198e-07 1.4013729606099159e-15 1.7825615947003127e-09 8.583815306325149e-08 -5.0086272740756505e-06 -5.833231820254227e-08 -2.1521328484015147e-38 2.8430304898654724e-36 -8.713203551913145e-12 -6.65985660666176e-38 -4.148026887159699e-12 -5.824514533615845e-10 -6.111213855523003e-30 -5.284830064400654e-16 -2.685539150103015e-36 4.428679841431719e-06 -0.32225296227687944
2 3 0.09177889715393428 0.08608965696938661 -0.4321744080797188 0.3297572533605652 1.848394257841765e-31 -0.14719826150762053 0.2401887155239038 -0.20164902241573435 0.025238255352269392 0.40630590926338994 0.41245822988042025 -0.4819754169965721 0.02915304948756379 -2.9363741984606306e-40 -0.305420633089835 0.15228099708644588 0.03625576571016791 -0.5726318300189566 -0.009527644159076308 -0.010322920553542659 0.22371891511943873
2 3 -0.18452215925054394 0.15388320610351017 0.43011209189096256 0.2855623659452067 2.08508896154934e-09 0.30145040036324205 -0.14325358035465144 0.3038589931433478 0.043319204950600175 0.3868687334253433 -0.017809754130385786 0.2843106696982877 -0.2003248262360406 -1.6376025607276744e-37 0.22305610184593433 0.06737090155440928 -0.1506840024383862 0.4801949534988246 0.39130845563764194 0.19573464416262754 -0.19197373499853732
2 3 0.4549306501425279 0.06524371949306072 -0.2961752810989254 6.638990159927941e-06 -7.980287733133287e-16 0.5899757808046581 0.3319686554960884 0.05012297557040667 -0.4754405281290596 0.03671760063964986 0.22851965346148295 -0.6546986484953506 -1.0763919895817107 1.8827960365499513e-28 0.13490607532814095 0.3131124679221302 -0.18626009343319508 0.24009300953624255 0.44004562057169394 -0.16750105627906903 -0.1888539310659567
2 3 -4.351974036743441e-17 -2.9305787968806162e-06 -9.287957555204975e-07 5.915435181179132e-07 6.248836542971429e-07 -3.1972406169277973e-10 -3.71643329274442e-10 4.842285620781037e-07 -5.162853407315117e-07 2.3909624355966192e-18 -1.029325943325904e-10 -8.39020412286202e-07 -7.235246935699828e-12 5.8755757361027675e-40 -1.6917025093329092e-37 1.3800830948896974e-12 -2.2195370182262955e-08 -2.884716905430205e-10 -2.8535452054775147e-07 3.2301350169098306e-09 -0.059487055078529416
2 3 0.14057747566725862 0.46313864520816833 0.13550789720719073 0.11148556899605577 2.6052428250167436e-15 0.27278887523686274 0.018093383322372435 -0.23433790272834018 0.2923021652906417 0.2076829263187022 -0.01456358916400264 -0.4241912220682229 0.41388584105584947 -4.571593113966413e-06 -0.11354963880532909 -0.4462721760688276 0.01193456581641599 -0.1317515795232303 -0.2502168623310959 0.10579468185592254 0.189813237078563
2 3 0.3856604382945023 -0.09277281001036349 -0.5737917473819396 0.12864924804840858 1.7950620615447325e-08 -0.004508718664414651 -0.2492567349901695 -0.5175892549889163 -0.04808760477057084 -0.0730421247022522 0.025957954849177227 -0.40944174295205527 0.41479477804338233 2.5542607303313818e-09 -0.39759782712604835 -0.32960883661004126 -0.04422811875058485 -0.5045326736859924 -0.33762851693092605 0.11530383101590774 0.32926055206443555
2 3 2.685628277563817e-09 2.330383040982208e-06 1.5966619014637434e-38 2.1443056578777428e-08 -7.121231123221454e-16 -7.797999845564811e-07 -4.612006887751984e-38 1.2915595930323395e-38 -7.354929713682257e-18 -9.231482794810363e-08 3.6219312490588203e-40 2.792447446591653e-25 -7.750884647073509e-13 2.5525267477282637e-24 -6.283451125918278e-29 -3.6282811484617685e-31 -7.182072776854956e-13 1.4071371063162083e-32 -1.3389834924088373e-31 -3.2970778650442755e-10 -0.22647685673363394
2 3 0.30409786498525476 0.2540410969349638 0.23444326502189283 0.06177539329485449 -2.39332407125927e-06 2.443829891814133e-26 0.26019257286456987 0.27096592922001483 -0.3800716315244757 -0.3270665951895062 0.22624989794825417 0.03537233318259083 0.26209341633085914 6.21913289012284e-15 -0.14041283988490721 -1.1656922470875692 -0.30515371272016045 -0.2241529660465987 -0.2551013268884761 0.4217591873836114 -0.4027176194528091
2 3 -0.02891760806028631 0.056020097292506385 -0.6549400120923828 0.3306177372759208 1.1583567097969148e-07 0.429831866991639 -0.198967923495843 0.02201401114939846 -0.11731848761282491 -0.14138885706552978 0.3989754071200424 -0.5811294435291751 0.2573617982480688 -6.411356833992271e-16 -0.4630059876713682 -0.2091286828773028 -0.18896148868638096 -0.36383579009625633 0.20086984089274731 0.39794047382842207 0.18679588745979872
2 3 -0.07971539686569923 0.3370534370717404 -0.11487710879531111 -0.05839973573192211 -4.879533589387725e-13 0.2192542457460641 -0.12133427994425805 0.18702309708663692 -0.06734138873196902 0.055683334630372165 0.15633571761843637 0.239585294444208 -0.17694779922098222 7.937311314406364e-06 0.13677013765993165 0.16292049992747368 0.2296223231095967 0.5214926079090201 0.2503680429438549 0.4222246170659756 -0.08077343130171477
2 4 -0.0014774928229892203 0.4119784755138565 -0.32518037794690763 0.23776153918871573 0.17366402602351136 -2.8919437546080906e-09 -0.11419865803693642 -0.027311171529798697 2.648822529305824e-07 -1.3625013262946033e-18 0.37254751976909006 0.5706985852739888 0.5247235712863134 -6.972961849641301e-32 0.3792388134554538 0.31854027689961023 6.254860946837198e-40 0.26932533463225555 -0.30643391491731065 0.3148993886838701 0.296053418162717
2 4 0.3515934748609885 -0.5730701130839877 -0.08434351092162724 0.20246188877985288 -0.15943856322566968 4.640786240058926e-30 -0.08855954992336895 0.2955675080376655 5.52029446613584e-18 -1.291809686969597e-25 -0.3770431575584404 0.10265618003962435 -0.33749235274682476 5.101799355252125e-37 -0.22960933746442794 -0.046450963970287515 7.809615716698858e-08 -0.08352990013350263 -0.04817082362744276 0.32505210758009107 0.21352023582718602
2 4 -6.930948703682306e-09 1.9038306831892283e-10 2.1145939072814697e-33 1.1569914048204916e-15 5.745834193924378e-33 -2.431994413712375e-07 -2.8320417215758963e-36 -1.2910512713328051e-06 -1.252937030125961e-11 3.6696442711360584e-23 -5.5911215055562406e-15 -1.0822208616774154e-07 -6.2474200897261055e-06 -7.716049074504762e-15 -4.526587832123357e-06 -4.3489513956252585e-18 8.814066721449135e-29 3.561406121600583e-16 3.809105503906798e-06 -9.935110318979413e-36 -0.2760455637243635
2 4 0.13477792717207787 -0.002639711476506722 -0.5612411579853556 0.36489580865690047 0.17342089279331352 -3.1656464329198936e-32 -0.09812478301718096 0.1766664217899318 1.4472794890493614e-06 -6.225098017223739e-37 0.04926972783308475 -0.2881667890750623 0.07214182598581799 4.8730273730447046e-06 -0.18723980858329703 -0.16209902985645913 4.730269884626787e-10 0.17858545824953972 0.22648930845055665 0.20329077570232681 0.3364106433115466
2 4 0.18630736547254884 0.11147775034226678 -0.11183987114862565 0.044768178465423115 -0.1905042989635044 5.574148846341736e-36 -0.027640338833813862 0.13684141728694757 2.149221134957673e-06 -1.4577622290883855e-10 -0.0381557168461793 -0.3791096104809069 0.0836803423718933 -3.203744249879401e-06 -0.5568463000374728 -0.3843386020586183 4.480394405486023e-38 -0.09359888258872749 -0.23544138389803368 -0.596065618787649 0.0803902548244864
2 4 -0.4360071376028799 0.18106979540467164 -0.2686574954197222 -0.0007111535825638932 -0.0012703529364389479 -3.9199827034413497e-07 0.0782265049971356 -0.2154340346531266 -4.4063714048639334e-32 8.617446660140333e-13 0.1319457013820339 0.10282082911796034 -0.11552798135099623 -1.262020597962581e-12 0.3213345390434139 0.4143093143535715 2.5729064126531677e-15 0.3688651256958222 0.44497759656069674 0.2529281624806798 0.23575299899079713
2 4 -0.20224654533699113 0.4019332643034597 -0.32639405466238597 -0.11150244703364251 0.027011406900518196 -3.3625186019109575e-07 0.1582397266424966 0.3011825072180429 2.775667467732294e-09 -3.7225654963578537e-07 0.37661772654998776 0.48196435380236086 0.48419927716828787 5.431725875888867e-09 0.35229942925953234 0.273167362488031 -4.9736230607570674e-37 0.2100776283826464 0.10116332174547617 0.1993861748631781 -0.0961219704132136
2 4 -0.1265204622328985 -0.09136885772637705 0.02901399218708436 0.20720079583788373 0.05280738355273475 -1.910004248183055e-16 0.0214966558449683 -0.7809797212189357 2.197962254933009e-18 4.9746328945364265e-21 -0.049272434854741545 0.8014689167161803 0.8859449595931206 8.092259457227909e-06 -0.11879896453641561 -0.06717591629580802 1.437931980794232e-08 0.4120219908351444 0.07072422864577717 -0.26003649022565856 0.10023413617312546
2 4 0.18595669031263598 -0.18662289229436574 -0.11262115721071794 -0.05745698930072566 -0.013013460650199732 1.5055007527208082e-07 0.021272142275801965 -0.014408908629961772 3.581932943802224e-40 -3.5489510318610094e-38 -0.31411528906491143 -0.12296806736142846 -0.37359726730883813 1.4098380953117326e-23 0.13367826551874915 -0.05488119854131661 -1.5326726660374722e-37 -0.4714751288244167 0.08104841954758406 -0.39049201521716 0.40834536519991693
2 4 -0.04473825168577703 0.6091448397482815 -0.6637515503300845 -0.29142341127461147 -0.1103734037813479 -9.824190945591973e-07 0.0033693498212354345 -0.4428851747447024 9.150727299411586e-17 -6.281107942940835e-11 -0.05064686417401877 0.5126124364927578 0.08661317050111772 8.711216107832463e-31 0.07970993304250217 -0.04821436892131117 1.5442806465973044e-07 0.022567331832750327 0.28489969074800187 0.05669613109190343 0.20287519882676824
2 4 -0.1959520835438563 0.4443426502854424 -0.5076281822202129 -0.05816473850307197 0.07494372751615341 -2.6669242361373083e-25 -1.590648722674847e-20 -0.011726644696914942 1.6180873425852272e-06 -7.519277954985632e-35 0.3865107348473992 0.2416043372157709 0.4138642015060449 8.989405795289986e-11 -0.024068356682069223 0.2853169916960551 2.930895553110574e-07 0.7030573984954172 0.2982193636201753 -0.48364277666394806 -0.09663297212319938
2 4 0.2543521697857102 -0.3292070440305894 0.5726278263173188 -0.25053346831096174 -0.5412334963592851 3.3002086008538767e-09 0.04841169017071093 -0.6155373288638221 -2.6590618621591473e-06 8.431796204401352e-12 0.2790535637673788 0.7235307189984518 0.9164408527253245 -1.0458071292237152e-12 -0.4752431266289728 -0.03845780983404276 -1.2683288929551233e-09 -0.14152158247831545 0.2251249483301334 -0.2881664896154713 0.06933225557479354
2 4 -0.026239131669532373 9.57906729021448e-08 2.6052810453888894e-06 -0.34168922738251506 1.315677563153131e-28 2.035053278244227e-08 3.0111366231040366e-07 0.11792631117553108 -6.331069522128697e-37 -3.6055080792874625e-40 -0.1723873572688932 -9.62452523106921e-12 1.1600486218177144e-11 -5.446431409850506e-08 -0.363295566559634 0.37163500995489407 -3.182094061110878e-18 0.12077509134232788 0.32569248241524246 -0.2852996745241642 0.03197515236473232
2 4 -0.15788360901043896 0.31185833148062597 0.2625619062109188 0.31638606120076185 0.21857959183113798 -1.5428067273042125e-09 -0.015615429078874471 -0.13650619526347363 -2.783410025511315e-07 -3.9311759054991836e-07 0.22302647436823309 0.3482096818761082 0.3050210414516915 1.1937637580178727e-32 0.12251093334556623 0.1840003268220204 -2.8334621279882146e-25 0.2403839473162828 -0.06140697389233131 0.4142613739954744 0.28425165401274716
2 4 -0.29395511090290305 0.6419299698176922 -0.23580595403359922 -0.3471281893353456 -0.301227461233698 -2.2727983557380208e-11 0.2519554823742498 -0.4186779110472371 1.0545043344028541e-07 1.8579778165930745e-25 0.2616141781615449 0.5291410083786138 0.19289844822140778 6.945830656262967e-15 0.07646000471678742 -0.0031693509414233174 7.502866427143583e-07 0.19465875095420074 0.016116849301502728 -0.36555394527093865 0.18969509715757257
2 4 3.313375119105311e-10 -1.0570480142263119e-06 -4.82681081392969e-11 -7.158912067760076e-07 -1.1788601355038096e-34 9.834012050741843e-36 2.729457118588916e-14 -3.4154490111039953e-06 1.677073152789393e-10 -2.5074406956494747e-08 -1.486228156134041e-09 2.7633042927966807e-09 -1.965549726296872e-11 7.592906626920284e-13 -2.526165934892149e-25 1.2280629129606295e-12 -3.0381804276640305e-33 1.8859345996838246e-27 -4.8206173542245435e-06 -9.542905080241146e-11 -0.35233699157931603
2 4 0.18274808079912816 -0.6649761762593168 -0.007893878856252624 0.14291833261124204 0.3168747987479322 2.00456560356813e-13 0.17921545297660818 -0.34981885097076837 1.042274654159122e-09 2.059493504934722e-10 -0.13358212749556997 -0.353808358392137 -0.5808654365333958 3.0834704931747507e-06 0.3440557860681633 -0.010667431324467834 6.61685641118668e-12 0.007609862148928174 -0.13452169390532737 -0.015456233183322897 0.26143132356368715
2 4 -0.3418645635404731 0.4672888451459009 0.2452828140673648 -0.212924247937096 -0.2862164652785063 -1.9454446398540565e-11 0.03423417099320669 -0.06319009383792462 3.1940854491945585e-30 -5.736486821968586e-14 -0.11206759030053744 0.5336545405616275 0.7423256378319957 -1.0282829069772392e-19 -0.14757609614391254 0.2042140167547903 1.076647862748473e-25 0.23079674582141646 -0.23242494139182146 0.37103139203805324 0.3958029799091811
2 4 -0.3404201498826766 -0.7723004683213242 -0.04582356358598248 -0.01453288935805374 -0.37974138134419155 1.4257284184824554e-14 -0.08320950787810842 -0.12516248213548614 7.434029107415811e-35 3.230632879062907e-08 0.03289282475824828 -0.9057294428198633 -0.6475904342163672 -1.9618192011066224e-12 0.012877398028903279 -0.1848995720532477 -1.1135610060778709e-10 -0.3445383013438988 -0.07030366718341831 -0.38054951114736224 0.3508608683171969
2 4 -0.31040092947646764 0.4519551964111518 -0.030360034603394894 0.36625163277395695 -0.09629140343982584 1.5538166063516572e-10 -0.24415789367459653 -0.38832533150691206 -8.994247588059946e-39 -2.099812774383591e-09 0.06286082393180435 0.27619362075342785 0.5300609392344978 4.965271674526073e-09 0.4324357386954094 -0.011095409154136742 -5.595558951425456e-24 0.22104491511228225 0.36574624873030886 0.2776840951381991 0.000177124121976557
2 5 0.1412723320102719 0.2933912752064 -3.194768302361972e-11 0.1508598080090211 0.061785799817212765 -0.13456330713980572 0.3329924388319748 0.10060358877289338 0.22731142180963723 -0.12439160297573876 0.014316167037787625 0.6245786096854942 0.3031783285616599 0.06030888079481392 0.42775202124392764 -2.8840785883383087e-11 -0.36497041983822404 0.053181638189760745 -0.26035912310137405 0.12855765473863368 0.05706736892534349
2 5 0.355765961681726 -0.09179901576629622 5.769549909547525e-07 0.31845599685948767 0.09140337850484019 0.1378975428648919 0.15697591822491544 0.5169112191383274 -0.22693774352332846 0.40312993439854455 0.6646881050088811 0.6499162193218114 0.2140391082073587 -0.07021649817151482 0.3547738339995178 -3.3043632217853525e-27 -0.162826347403935 0.15130580392324697 0.29042560993770483 0.41708935011236214 -0.3069869547566679
2 5 -1.376819481445785e-37 6.077219499786904e-32 -1.5165814404697696e-08 -8.364562855417045e-38 -6.018375154222464e-19 4.412612547250704e-06 -3.2191419495123475e-36 6.111801679088905e-37 -7.870345942252439e-10 -2.7056382614015395e-06 4.789558611641153e-15 -5.272332090725367e-17 -6.446279555244243e-10 -1.012692009034732e-34 2.465336508133955e-09 6.800239742667233e-14 -2.1512280919823005e-10 5.977770254453186e-11 -1.2650381601660863e-35 -3.6508495219450476e-07 -0.1447075000755386
2 5 0.40413557289302954 0.16413229043412703 9.578863874246381e-08 0.1274392547235724 -0.5203973080582671 0.31581688294174015 0.41625052615574576 -0.09440190140326506 0.2169568170152761 0.3332533441541969 0.4105107819644098 0.2978739408262426 -0.07686698690096949 -0.21484439745432735 0.5024460313740232 8.480411387682435e-13 -0.23683426106277655 -0.2212854969100987 -0.09263536277551274 0.4161892803953597 -0.06768636157067989
2 5 0.1597358572829101 0.3474687860969728 3.5570634456926435e-07 0.2785017446755902 0.4501502081983002 0.07108338261008258 0.06377072519384928 -0.5188088903581807 0.2748136010433137 -0.22312637004189517 0.0671338667213664 -0.433565612117565 -0.19274801000071426 -0.2303978864494028 -0.29711930384193075 8.645090097920191e-09 -0.027612834070487865 -0.29380526140892704 0.13828131987459755 -0.25699703445038596 0.3505046013011633
2 5 -0.026414762986421612 -0.12876698246645782 -2.123136963390673e-08 -0.2801240368728815 -0.1753974864319144 -0.012982352227200898 0.056298465507467345 0.036313005966912525 0.009199093584492262 -0.09111493068378616 -0.057625804248889106 0.1680696070143461 0.18153704357077224 0.31024568198702795 -0.16936391138474735 -3.4729837090140626e-11 0.13689991922542907 -0.05232882090338698 0.0654670900613733 -0.06302682372202645 -0.0011541455373759737
2 5 -0.232719696953789 -0.09565239572846691 2.8484241321053817e-15 0.2077097251579043 0.16785427564471128 -0.06439893459372822 -0.2122170038568943 0.0004834963132684507 0.046671905967403476 -0.033069191928776935 0.3661524831348646 0.07035714805543844 0.05664274847213236 0.25360745898008036 0.10608247553808257 7.430351787972927e-06 0.37636231577977264 -0.20417106419475956 0.09084821639860344 -0.15681778638385027 0.16969846897337368
2 5 -4.7940735663046185e-21 3.777836179148368e-33 2.4532326284810106e-12 2.864909647884656e-15 4.2198060749162696e-10 -8.241955216029117e-27 -1.1403218826084682e-13 4.055150360509228e-23 -6.870127939822789e-07 -1.6119651871127278e-11 -3.624468998279946e-40 6.283431013054272e-07 8.272390746581306e-09 3.084333069688765e-07 -3.437885548882684e-40 8.274876741806925e-07 1.3138614752778652e-13 -8.724872816680176e-10 1.3604646985642004e-36 -6.882431735880638e-16 -0.1619665491420091
2 5 6.946442774505966e-17 -2.5251527858702286e-20 6.073533611894363e-30 -4.705270509690332e-18 1.4899561690342745e-09 1.244396688046993e-38 -7.005672258121845e-06 -2.4605397719977394e-25 -9.622636389340219e-11 -3.965235949356959e-12 2.6646485407597213e-07 4.604732645395767e-42 3.006570354387824e-09 -1.460298171869004e-06 1.3983931723545442e-35 1.1858599979866705e-18 4.6364391090943934e-10 6.902106699162849e-07 -8.314434803881658e-39 -8.712379565248776e-07 -0.3596464002045272
2 5 -0.16540560901501297 0.1441135847213256 -1.6603780108233258e-23 -0.10524771935877275 0.24473210253192687 0.029713509816459937 0.3478032624167564 0.332298181656643 0.08278158481746101 0.2028709062726247 0.06072007731033071 -0.21429717021482253 0.030044552223812495 0.28341463948111795 0.050359260774937076 -1.2300460039437328e-34 0.04480568382575496 -0.3489259777000896 0.2791065047673902 -0.06421495961501265 -0.2016140277295214
2 5 -0.10035860785394307 -0.11746092721823853 5.253099609964049e-08 0.015518285076976173 0.15712062591625528 0.24965726415532186 -0.1305206305497805 0.3000627496896547 0.12902215457228952 -0.19739650418099777 -5.981665934210217e-17 0.13431616966794982 -9.511100971302167e-09 -0.2868436899600769 -0.29338413442119304 -9.909860359187036e-11 -0.13600331465327745 0.27185661947214057 -0.014708378453750675 0.04371821417203529 -0.04005850630988462
2 5 3.2360410055675646e-06 1.1980437062361922e-23 -5.042722425730207e-14 -3.606936716616612e-31 -3.376620177228429e-41 -2.895001096707086e-19 -1.2773716515873074e-07 -1.496397209381927e-16 -2.705043853422155e-06 1.1515629188979537e-10 1.0409930069280543e-38 1.4344860660976366e-16 3.862180419426607e-30 -1.359319223211927e-12 -2.0964826896216475e-07 -7.78579570866212e-42 8.596205384859908e-08 -2.1856161339848193e-08 -4.678578153636641e-06 -2.1231389654033285e-13 -0.1015772174108403
2 5 1.2162201793117463e-35 -6.329566667459635e-15 -2.4766361666636848e-34 -5.929795409477813e-09 -7.311254793562392e-08 3.9425205769913595e-33 4.711510993706685e-41 1.1549985208939889e-07 4.16557191326513e-31 5.261528276685774e-19 1.1121670202479504e-17 -1.217150536165402e-06 3.0340393089164194e-34 5.254928402836052e-20 5.640447079550343e-08 -4.356013571394301e-09 -1.847763549382757e-07 -1.443148363299308e-35 3.741933854882873e-08 7.937024416714653e-24 -0.12727980396940963
2 5 0.03834631810229367 0.22226189834496743 1.5411788339652164e-07 0.0007637934914500949 0.8232025683458839 0.02503011264422815 -0.03340662536387739 -0.21140477004405803 0.22635669357018146 0.02775836810498432 -0.494638677591364 -0.34446344812106144 2.1218978127243975e-23 0.025853679258352476 -0.35525353764278156 9.361176621824685e-22 0.10342559849617637 -0.06682983349988927 0.6558650112026547 -0.007142388808177774 0.08692884630760978
2 5 0.20924915067662717 -0.08189780124564898 4.4141852795162166e-20 -0.2656124248512841 -0.2291027168436337 0.1706142025730501 0.4492296236997788 -0.01584222010881067 -0.18970258445125823 0.08367935734135544 0.574315899721758 0.49096999832085336 -0.054928844847177395 -0.05632665237835809 -0.09167693293991658 -1.6958881584594614e-13 0.26576912306661415 0.2898921382302946 -0.1598661917122094 0.32928612357472786 0.0347079310944315
2 5 0.07832482642660896 -0.038102464278771654 -3.6773557881219565e-10 -0.29062064480622485 -0.29450602444836155 -0.18444921193297054 0.33902344557695735 0.511510493478675 -0.7518112701616249 -0.004842845888583098 -0.31427767261676937 0.2545862791548426 -5.020956736298612e-35 0.2770990718254046 0.1536548216940436 -5.165883018116254e-14 -0.2638079205460041 0.4687366679701364 -0.057115940638795375 0.20740878121528225 -0.134590450499107
2 5 -0.08956411968538214 0.30604174654963207 1.1217724354674156e-11 0.3519584156447802 -0.03812133800049158 0.23232089391440786 -0.09479377911264011 0.015631906332404463 0.2562849529332511 -0.3298868539932634 -0.395604500549153 -0.1320225862822433 0.14953336886526822 0.19569514144611042 -0.4875384477649975 1.235806618917946e-06 0.26946184056700023 -0.1959524239275972 -0.17830259709404758 -0.015873204198957838 -0.16881512154952794
2 5 -0.3189589946727203 -0.11282584196265415 -1.9071971084564104e-31 0.11080983038236975 -0.046860898566223025 0.20890545427338172 -0.00479137912077301 0.1984868113860638 -0.05958876809459103 -0.32303335499052 0.11967045029847198 -0.054391855831407473 0.291444054434476 -0.35689964377998473 0.2889576307267683 3.924922674950839e-07 0.23958395787984288 -0.40137995054331005 -0.36029229286736597 0.30633002208847987 0.11290555227384766
2 5 0.1435511244932982 0.1877433359977863 1.9525228150515553e-19 -0.11664028495613753 -0.15335571355914393 0.034399724889423014 0.0501172184965181 0.02559032172106047 -0.05970226467138131 -0.015909611274167006 0.05725698330504548 -0.04578255328908774 0.2714129155139509 0.22922846490022145 -0.18056819938378685 -2.1978464535672954e-06 0.2137601465533146 -0.1256799955608724 -0.08215533986211578 -0.3001611273818552 -0.28695518757966576
2 5 0.06193934730783411 0.1289463544278974 5.133565277538022e-14 0.3443561296062543 -0.05034213446249331 0.22013699787489116 0.3401834640500431 0.26612347063205827 0.16672252782517924 -0.1855201122466116 0.37089392493261575 0.04269937805091045 -0.3354169899066736 0.2520309668008412 0.00013425336693945596 -2.7141155582876873e-14 -0.16740275285323772 -0.3670088431198991 -0.294453747127107 0.4487692989856981 -0.2260563197783733
2 6 0.29989352506115136 0.45232479844862494 -8.16900859411542e-36 0.47753396224460454 -0.5281794477644506 -0.06433838644393784 0.009880775181040666 -0.0001360726362980953 -1.9140762101486876e-29 -0.32991425380529793 0.2732165310206956 -4.445963614821484e-15 -1.2727993599519054e-39 -0.4613856677035012 0.1932733148688109 -0.880533932813543 -0.3462659729490069 -0.18884676649929452 -0.39103771556932704 0.4357974299701613 -0.5044004609176728
3 2 0.38407963388335836 -0.3107811312672055 0.14666042599620666
3 2 0.6089805746453121 0.4470545894988843 -0.27942955948133097
3 2 0.28300919997893265 -0.7671927879356037 -0.1726675015010195
3 2 0.07968926426501549 0.043239614025842074 0.48241863366263704
3 2 -5.295678438897478e-19 9.49932067367451e-57 -0.455706467628259
3 2 -0.32548392848040764 -0.3665045588092872 -0.3340289557822767
3 2 0.7075294022775951 -0.5949161131745244 0.011996313122876119
3 2 -0.2076019914422834 0.4204189685370741 -0.23364910155867785
3 2 0.649293711266234 0.6330282016715046 0.45582137084243546
3 2 0.21441140850968096 0.5207257411738465 0.45166471630727756
3 2 1.275444913178336e-50 1.7554508431117192e-09 -0.4749725696879299
3 2 8.138265289646128e-59 -8.699997290197423e-14 -0.4370190525174613
3 2 0.31360221582556685 0.20896243772849343 0.2985929463818352
3 2 -0.3340747275784622 -0.0933275725930618 -0.4598578961220963
3 2 -0.6145135181564506 -0.2691630233136246 0.1570438097661224
3 2 -0.07714579169996606 0.6497779477901418 -0.32441111378371934
3 2 -0.46301894405198646 0.21075024074234883 0.4045319630690829
3 2 -0.1496341726517988 0.6351592472751845 -0.11718425675544945
3 2 -0.4363377778291635 -0.32340888166437887 0.412942057827983
3 2 0.5073800187998581 0.12473527743923475 0.4939042311954673
3 3 0.3288085953214836 0.1176197966468344 0.4344193712010482 -0.09356122151388585 1.253906974985941e-12 0.29018395597991414 0.6258745660636997 -0.06562392852706402 0.11454030562790132 0.09036688557849376 2.0979427989498857e-51 -4.478949882822582e-15 -0.31352877169688337 8.676553635129374e-06 0.4672948830644503 -0.17784473548025137 -0.21767741296177026 -0.821658436062188 0.3944933305854361 0.1433685565878463 0.07496308079323222
3 3 -0.09566960717496055 0.2337566872052551 -0.045144945174897075 -0.24679498755559792 1.2889842992980437e-14 1.776944105665723e-58 0.21062822892547162 -0.009234859793078557 0.2962820350094969 0.3654503875237265 -3.561442917529434e-26 -1.045631566629103e-16 -0.04239109813582018 -1.052606061658112e-52 -0.5320595638530098 0.11867495390183865 -0.28614049963098176 0.4009944827996086 -0.6280157076438695 0.2522299562534517 -0.3333345861447743
3 3 -0.2521471153375399 0.33627521347989925 -0.7444907596185846 0.21582073118598352 -8.573999847736318e-13 0.20810255301992422 -0.06469465315326686 -0.5244601184504446 0.29485751805929933 0.014513260885764873 -7.508457714721257e-11 -1.0398427156094893e-12 0.4122280354629457 -0.00015837372797130564 -0.04848269118651879 -0.07223008403599458 0.3116963969423925 0.3801459185955628 0.15115465139710688 0.07195575795379984 -0.15756879008537542
3 3 0.18591620880415427 -2.486023911606854e-19 0.43306108604629656 0.05117908172115003 3.454402726802658e-42 -0.09694638544507714 0.15877384901277125 -0.13401851649602323 0.02267590059859122 0.16121365310992453 9.19568272036983e-53 -1.1433733784418744e-12 -0.2095556910547575 7.540403866471912e-05 0.47403676017591573 0.09511129303934109 0.28850920021396764 0.2589644603883327 -0.038014144642631996 -0.4329029959370797 -0.30352145616307036
3 3 0.4351246641284867 0.20968960108562804 -0.1705162991644483 -0.2451392481849942 -3.1387565516245044e-19 -1.4397313230452766e-11 -0.8039796434894749 0.3993464092071087 0.12910744039051064 -0.24639890691831004 -4.722975711930367e-31 -2.6007680607227423e-25 0.3265938827174424 -1.3097795906189804e-54 -0.08734095486803371 0.2019189008458427 -0.3688274123057453 0.023337449986632196 -0.5426247155731093 0.13000366606943775 0.4250203480917581
3 3 0.00476996837352529 -0.09187954292986401 0.39094009577164673 0.16129971204979876 -2.99457455730931e-38 0.10748855341339986 -0.5366161860386436 0.3059734086701236 -0.0852244662226456 0.2385912182669397 3.668238300567092e-46 5.286925121793552e-39 -0.23045424997332353 -1.3522068187467181e-05 0.20928984240360612 0.2505676723605959 0.22766940502992047 0.024580748428033906 0.2862308562802648 0.29160212305111405 0.05903358328092642
3 3 0.01874188964122856 0.46445752699394116 -0.6372843451183653 0.04387422563137602 -2.3370863293258633e-25 -0.00015168288596237932 -0.3383069404429662 -0.21606555255589802 0.3943392947614228 -0.017584526468792824 -2.0763568267389626e-55 -2.543623254040289e-49 -0.10223714267437208 5.2440493994032647e-17 -0.08586192734420987 -0.13537914433041012 -0.19975787495047517 0.5882293890997621 -0.3251023596761095 0.37392632380259794 0.3397425618326904
3 3 2.0671376219405364e-59 -1.639969071957269e-50 -2.5074774096994614e-16 -6.576146030573283e-27 4.467171298188383e-14 6.379454887137243e-12 3.575308565538196e-42 -6.208517082384857e-32 -5.877639000598287e-50 -6.590164622846852e-60 9.678486236584323e-57 1.0799676438673679e-32 1.819254785061372e-56 1.066073734452125e-10 3.4207682666615857e-15 1.0660766973662904e-15 5.255925761383693e-13 6.863995550993407e-53 -5.4002292343409995e-12 -1.3550108100992208e-16 -0.330070814209684
3 3 0.1556841036603207 -0.3537160067765254 0.19582586588115025 -0.08502707658280538 -1.4597902974580865e-46 0.26136523992369093 -0.06888142407805566 0.5155698644065202 0.21829792491250133 -0.08181757460856352 -3.3151261559763086e-11 1.1472055952423507e-12 -0.1696211441518864 9.854254503239467e-05 0.4745305136648125 0.16747261518361073 0.033708618047146414 -0.04386666505922611 0.10308265727231901 -0.06125585747235957 0.21421803735663816
3 3 -6.572821523238428e-21 4.361696512580657e-52 -2.1497149844461348e-14 1.7859121536261968e-29 2.2503197301045464e-37 4.436278706397642e-27 1.552468663499534e-39 -2.2894569626967373e-33 -1.4798458752259914e-16 2.617832278550903e-21 1.789358785065816e-30 3.1106288012858375e-13 -9.541828323553043e-12 -2.1091206987758107e-55 -1.4691365375709861e-55 -1.2349080696541778e-13 -1.5588960753937032e-16 -1.6926154107567056e-55 1.1713396602030087e-48 1.628542743325228e-26 -0.1443493097919519
3 3 0.13914224471175493 -0.6331081268652654 -0.3459675729997896 -0.08331331464081829 -3.025690915293608e-29 -0.354000797421054 -0.04118745733323304 -2.0986900035840877e-16 -0.2068764442618413 -0.0696492311180506 3.647738693071049e-57 -3.8285470374454696e-15 -0.03583481354035827 -1.040708015199952e-13 -0.1284185077559216 -4.43949662573307e-44 -0.11488871497372664 -0.4950075135059396 -0.1384908914121627 0.07471545600560832 0.278570960275899
3 3 -0.21331620977801394 0.035508110571173174 -0.3167602521603055 0.39853433104554226 3.621640081755851e-57 -0.1417459954521951 -0.5592618593708721 -0.6179981522621523 0.30653864478709364 0.28460930569443793 6.317357685337449e-11 1.848693374777841e-13 -0.2626634815852719 -3.268120908359248e-05 -0.18716646701831183 -0.8912865681199321 0.1615623528866453 0.46929284257116943 -0.2924942778932742 0.4073197428858114 0.42532250041985753
3 3 0.5679604169756802 1.6804344051736725e-11 -0.6341711982067795 0.12249001770174149 -1.7020956820223727e-13 -0.3912371974355577 -0.7486393995693525 0.0040383202858571806 -0.29860353467796913 -0.33124037412844265 -7.707856529189412e-14 -4.156214050407947e-11 -0.24258678820150678 -0.000170528137577702 0.14504416085488095 0.3926157344895405 -0.26964038735623985 0.05507724618378209 0.3659036314184434 0.30457077745959715 0.10002029842254898
3 3 -0.01385275136844726 0.001754948654989375 -0.008620420014087814 -0.0883055410838861 3.156595410136842e-36 -0.00015320643552838804 -0.011393388584089168 1.0575662982186338e-16 -0.01151887891495535 -0.019682386555760076 4.418257425090091e-11 -1.5067270334041283e-32 -0.01087662948202241 1.5636559509335365e-16 -0.024527007552778077 -6.475290440794631e-05 -0.03193417528756952 2.861803775246164e-15 -0.03980229432919534 -0.02269345167534929 0.10116902289470987
3 3 -0.33680653285590717 -0.8847869267359075 -0.24247463180325002 -0.13849999227658064 -7.836400884018341e-48 0.36350413175851426 -0.06818559208160516 0.6788647143166889 -0.31847998845416153 0.04922889860303289 2.123831633476072e-55 -8.294975740817984e-59 0.0064368237428015385 0.0003831081713422968 0.549816979373545 0.5129043971202711 0.17053180328422612 -0.18761764502832878 0.18483009112883414 -0.282551728152066 0.5080830534452954
3 3 -0.009856196848589238 -0.19140409139024203 -0.015587183137875315 -0.3443362001042541 -1.6493588622218954e-34 0.22361351911014718 -0.030679695638830773 0.8756859716080443 0.21111141611921885 0.13071627534816072 3.425625896945185e-13 8.328402718070183e-12 -0.02856102780461137 -0.00018400051851960513 0.3008177014736024 0.4686917905921986 0.13629501794800236 0.45203201235893026 -0.3561619174169079 0.08834916711666543 0.24211341046426257
3 3 -0.10003914733629253 -0.034956164454994866 0.4272123616914615 -0.13380149340405395 -1.4159331739832433e-13 0.24588818461305958 -0.15129091971200745 0.08326854352812439 0.2980874771265319 0.29146829751807407 3.0724220390822084e-29 -5.684671615526584e-45 0.2861020657454165 0.007573492141802402 -0.026932112199561722 -0.12311029489261947 0.06831186698929796 -0.6745478586621007 -0.06958938413363017 0.13314067697539067 0.24336811561950916
3 3 2.622503109490099e-34 -4.137384381582429e-27 -1.2837306451277962e-19 2.1332998656796652e-54 -9.645817549636055e-17 1.5076353131714743e-15 2.6686437801445625e-21 2.0913530862604266e-51 -7.900701585462105e-26 -3.4434070590323632e-12 -4.299394760325944e-20 3.5778560780217375e-42 5.778596372620396e-41 2.14536198325117e-22 1.9062179903613892e-21 -3.578383135953178e-38 -3.345496115456582e-42 -5.727816441952641e-20 -3.4817498842882856e-22 -1.1652894150771807e-15 -0.25955137772623815
3 3 0.3239439431214244 0.05538168482600915 0.14446363034250398 0.37150669675886283 1.7433074145583328e-56 -0.25220397437282055 -0.17520958323174746 -0.0653997721116048 0.411349230574037 -0.302576618839075 -2.493673192277378e-38 -2.0935211351576136e-15 0.3796338292003172 -0.004055648117514852 -0.23234893924830946 -0.6459927564808348 0.21070712135537772 0.7491981825280899 -0.20579881960503998 0.2262317214489963 -0.074549279208569
3 3 -0.027571372374495765 0.27651468669518836 0.13153174051790198 0.1979042612062768 1.6552247317664548e-18 0.49474174646384467 0.4906322012314357 -0.3819111269604756 0.37031992797334373 -0.06397530228653486 1.3618972011605108e-29 5.206665385840735e-17 0.24509924472842082 -1.3398725830203156e-09 -0.5403878027490803 -0.3972414715791073 0.05796652962494889 0.2586342991143487 0.21540397651091947 -0.19289156504603255 0.10018070640117983
3 4 -7.877888493872197e-26 1.786773940612747e-55 -8.310628038329932e-21 -2.0333241378732533e-21 7.305166609255063e-11 -3.316142385580077e-57 -4.3239822081048654e-11 -2.0046277761389077e-35 2.044528665199642e-22 -3.9097922069705284e-14 -6.056740266901549e-25 -4.206472815262456e-38 4.12820197667855e-21 -6.350902735949952e-55 -4.0989237271296405e-14 -1.1532486815222277e-42 -8.341455629349619e-47 4.20938559947902e-32 8.542242995668027e-16 3.48274672775833e-57 -0.34926869393281973
3 4 -1.4206927833711627e-15 -1.321059288532962e-52 6.607958734590896e-55 4.891568535636724e-16 -4.5358958971715065e-32 1.8159959999386604e-39 4.810938760559358e-50 -7.284714107002713e-23 -9.045863646909178e-11 3.463256510334053e-12 -3.450693000291284e-15 -9.86374419050197e-25 5.7899213186858724e-30 1.1027311769961772e-52 -1.5252015986654215e-46 7.925398533952233e-43 1.2602938612086245e-43 -8.038698363597707e-27 9.372623040393877e-54 -2.643414036229824e-54 -0.12608712577968023
3 4 0.41625616623337286 0.31492066021493287 -0.0008626125164060336 -0.020765901681991192 0.46947507813237915 0.06314667218191501 0.03606484174788717 2.8213544542778666e-42 0.38616683207696495 9.051378871953905e-47 -0.29878590536192823 0.21794274080046386 0.019228418246122318 0.000861402972119328 -0.07050165888457699 0.23502258992561703 0.22247103889530295 1.6424141268585292e-44 -0.2801821835905808 0.29380094814071234 0.12570924913395518
3 4 -0.09979968954450505 0.3617426299362642 -0.029519243257884617 -0.4575398809614416 0.19990418472314928 0.2889778586298486 -0.27791928786463155 4.752567831385184e-12 -0.2543173335914903 6.076854694977087e-11 -0.1693382616195031 0.15576821842495672 0.21227716109766942 -0.0013964992302830175 0.2811191685846241 -0.26124494023396483 0.25174266345306273 2.6120646904500685e-13 0.004248471259003705 -0.43378617577969725 0.303187775668543
3 4 -0.1291347988775129 0.29328837249677364 -0.31573860799162157 -0.5262807655322734 0.5785977080456646 0.10160885334206264 -0.23168358805251862 1.7713959782567678e-53 0.06234982934059847 -4.3660919329799734e-14 -0.1578459278299971 0.11431601718563965 -0.7364557947707793 0.00016925399809055867 0.40147761044119834 0.055485088603705886 0.19353348779999943 -1.1929115418086262e-58 -0.3311567551517911 0.06435183921951729 0.20841641541978312
3 4 0.2339796574998144 -0.782203374865791 -0.2835394773913335 -0.03885577175210339 -0.44465824177621455 -0.10215458832128874 -0.241185904689376 -2.6819082834298536e-29 0.401077353337131 4.106368031242541e-57 0.26416849651719176 0.42869549441645666 0.24660732021108225 -0.0010266899173796053 -0.08595565950888313 -0.35690644567414986 -0.03540699467612521 -2.9094637105461183e-12 0.4361086545835083 -0.10501849205660829 0.4273321144793705
3 4 -0.0017896138702434522 -3.2794083120496277e-13 -0.00029580892132117484 -2.7442638005663822e-05 -6.609842656180033e-56 -0.008684192210273195 -3.761751221505527e-17 3.127918783437115e-36 -0.005112752477567762 7.677135516144628e-15 -7.048310212168565e-54 -0.0019377603719975926 -0.00011834032187233362 -5.433292448395177e-11 0.004393958339608531 -0.0003533204595988993 3.7254210021432116e-05 7.83073751008128e-51 -7.408719942757628e-07 -3.19899190427354e-06 0.0011181102505843311
3 4 -0.12260803378835274 0.0672871173079552 0.02827516938410164 -0.24497840279492447 0.04883051447926618 -0.3072740180704023 -0.00489835860268288 4.0938625463223777e-32 0.23290088042095194 -9.688958777704164e-13 -0.18874043892784248 0.34814305134142065 -0.43730911755847707 0.0001368748004390139 0.1321886489388707 0.022208926925468466 0.047235864711353485 -5.027563261661601e-25 0.2157608992619404 0.238325037171294 0.3809782092597187
3 4 -0.2722470296438648 -0.28077924452645675 0.15025139093730466 -0.1462876827384736 -0.14606037057416127 0.22138402217110303 -0.10169943593847058 -2.5250593013449962e-12 -0.2131703495354971 7.884394516673311e-43 0.439758886758246 0.03955438559414916 0.18000926264880296 -0.0005302702882112252 -0.1256105422599084 0.16404361402561335 0.08749226854565874 1.7812239061032827e-13 0.24718279292617282 0.13307324253479716 0.3258303888903938
3 4 0.13774252150181793 0.06567291360354904 0.09851778381641933 -0.284802842531729 0.11595827778557118 -0.20924945351481103 0.008887319370322635 -1.412296026735842e-21 0.32440490015373846 2.0872173522976064e-56 -0.7541379219943634 0.29285394877647697 -0.2859506096519726 -5.935830331721534e-05 0.45103696620857453 0.06326776964107363 -0.16562049263502218 4.54273854341183e-19 0.18218393613767558 -0.2900204672987196 -0.37735644332780743
3 4 -3.241405489760405e-21 1.2350137556981333e-39 -1.3677630158451458e-25 8.410584689244277e-12 1.2149243194026475e-57 -1.0096160034535397e-11 -9.134604206308069e-11 -1.8308949748365289e-59 1.69575907147571e-15 1.3229556739332979e-14 -1.563779811713165e-43 4.871173906678839e-50 1.1656152868758781e-21 -1.7959942767993157e-47 1.6824121976575776e-16 -1.3723234635864493e-13 2.1208129636696777e-58 -3.3941719164935414e-49 1.882069132835994e-53 -5.68761404264747e-25 -0.21627158344242425
3 4 -0.18891908806321622 -0.024534907025225938 0.39287511874942116 0.34735944042967526 -0.30094424450131896 -0.11172959272569237 0.021962311429182247 -3.2754330812541475e-15 -0.1804801029227802 -3.4113828167000236e-11 0.2967449590482088 0.2388120364167743 -0.038893102552199715 -3.3693171156145616e-05 -0.49262452684374786 0.15857202217433095 0.30867030818743674 -1.0498021909413203e-34 0.19090188577272182 0.1991733926272198 -0.09626262170808302
3 4 0.1385575444323768 -0.004335292100894678 -0.054384265699475895 0.052010029198348524 9.229059334635906e-20 -0.02247886219511741 -0.22126125202993954 6.103091889527643e-11 -0.17843013993976475 -3.3817196579950283e-43 -0.17798703786117143 -0.3031317382210436 -0.16687968712380422 -0.00010737503738929257 -0.021379221245076654 -0.1816814363850672 -0.19209709716280796 -6.309241789941285e-37 -0.3382195809985081 -0.007441097094544228 0.28278685136148535
3 4 -0.5043613086101549 -0.15758755400195398 -0.13142190045719496 0.42118614187957953 -0.8439284878855275 0.24977253282443646 -0.0179847316870626 1.7116904672581174e-15 -0.20481770277138814 -1.496344364754936e-31 -0.08781961391418894 0.1458444597648424 0.3788629907576568 -0.0003529274866995203 0.21759002154587018 0.16865795411796536 -0.37408959448340046 1.0935189997905704e-17 0.2758285032039157 -0.28744580593714275 0.324062076468106
3 4 -0.22034904832325464 -0.03041109545315915 0.28107059633741827 0.07513035107968445 -0.2143359929375481 -0.2693394088981921 0.009175647438977157 6.000090431728145e-44 -0.2541406973209347 -1.0237498254351345e-59 0.13451184937621302 0.35898028133297266 0.5429418223163412 -0.0005548485494610298 -0.4827805733296275 -0.2271299589975767 -0.172668376897124 -1.1694672287093886e-32 0.17104576989786358 0.36303611882200715 0.30375655908099414
3 4 0.48654907911719236 0.4334396831038085 0.1513571174166326 0.05422768042935873 0.6513264394041883 0.16506922585522268 -0.3898875923458974 -2.1055656196081355e-21 0.2550234821167546 -3.756012592750109e-17 -0.2506657252711888 -0.2792138357951497 -0.19505489673316148 0.001046739261722872 0.20835951696845098 0.13646731516660476 0.3452925169718191 -5.0281294442310854e-11 0.041228518296121175 0.2838574268272166 0.008300185827850108
3 4 -0.0676224243724003 -3.673570125052806e-11 -0.28872176327395993 -0.22914065012211907 8.050464658874532e-56 0.20261142841547286 -0.040276848044757195 -1.0370564162630124e-19 -0.416625692555897 -2.4216646137940903e-36 -0.006455580334508858 0.1565066199459776 0.1539769021047441 -2.4428902035420363e-17 -0.009594951849629572 -0.22807578812625703 -0.40787942321955306 -2.0208588307566777e-20 -0.09923795711223671 -0.3507558760568268 0.1833165142580291
3 4 0.3002349265323924 -0.7079289434662058 0.47670382774492154 0.5850058425006394 -0.22527789334803294 -0.014296027781499547 0.18278657731627118 2.4480991380771773e-11 -0.3510738454098821 6.088791334226406e-38 0.07904160494166869 -0.07563615312907956 0.657451178292982 -0.00017411547326221427 0.18823050081410472 -0.4970036058842212 0.2231055455059888 1.4592198594662392e-47 -0.094272213072521 0.020544182890384996 0.07856248319952044
3 4 -0.03847905863995572 -0.277530149641506 0.37070985165198744 0.3140619243281577 -0.47519253203520573 -0.37174734847702917 0.24657629315874863 -1.1869979643884442e-12 0.02742035519475286 -6.992592289653279e-54 0.31741331352761326 0.2868556712944651 0.3696653783272966 -0.0010070386078221045 0.1588374160696652 0.11322206388916062 0.3498493671776387 -4.4123576859541087e-14 0.082829970223735 0.22540486056797435 0.21737949116484293
3 4 0.6129771336870399 0.012576323505566577 -0.30746136340889596 -0.7194012001035456 0.3475581784747415 -0.23878494264672043 -0.06108906313703868 -2.1251813764860326e-55 -0.2607572568890266 -1.3535347371089536e-46 0.17431360221176603 -0.06449357677963283 -0.7034203419861295 0.001683670051707071 -0.29859956178750147 0.3686615626725127 0.26111112752876087 -3.388863228291412e-15 0.22929936358350925 -0.3069816169171231 0.24711261527582315
3 5 -2.5430374118038356e-12 -8.539574838478217e-24 0.2296693614456419 0.3107257504788353 0.5585571798278492 0.2588861627911797 1.0515514160544924e-08 0.30542199738001846 -0.3243840796262647 0.05128686500109695 1.4760798626560223e-13 0.0087196422960307 -0.38833901986626956 -0.7263357999191111 -0.026121196500677835 0.2736773204019997 0.08838302656376013 0.15896873177569823 -0.11215952227977795 0.11406078806393653 -0.3210077457956991
3 5 -5.2730608750723216e-23 1.8640226129847077e-26 -9.355608278686228e-39 -6.186866137470123e-16 -4.8291504914207985e-50 -5.317471143558143e-44 -1.6582978084939807e-13 1.434323784428345e-42 -1.3984962112332812e-14 2.513358552249908e-29 5.9958054368417076e-21 8.079606679263796e-40 -2.021388201121756e-33 -1.2790267496715317e-10 5.912354630590201e-19 -5.224319986015436e-18 -8.176766045853132e-18 2.619771355005883e-34 -7.482301823477394e-13 -2.1272747701095143e-30 -0.15386640100888804
3 5 -3.1421946051731394e-41 5.373523077794606e-14 0.13856137617794625 0.3804526077254861 -0.042222351989628315 -0.23952892255922542 1.7227662980701903e-05 0.25766777806498875 0.2410890284951462 0.5509654707485194 4.642593908712847e-25 -0.4262206723463512 -0.30447877075468016 -0.3373408969428089 -0.25125631608228777 0.42318856777978064 -0.26909179828592994 0.05179839741727109 -0.2734508238265512 -0.0915141151216774 0.3668814179618689
3 5 3.732480499288846e-59 2.8122701888005033e-18 0.18541786258935722 0.2301855290604685 0.5331959685270977 0.05428721952929398 8.787454720372969e-16 0.1991720003352856 -0.010804173610866484 0.1459413407460292 -1.5040964822888258e-32 0.06787449615056111 -0.6745236206718145 -0.32384247462278265 -0.3692823279181929 -0.3473405809819025 -0.09273796722456147 -0.5887957542597294 -0.14214476327333056 -0.0920211697636111 0.21899487501942252
3 5 -7.553793566083169e-25 -1.423562831718008e-13 -1.6658411996827879e-44 -1.6328155707416936e-13 2.73715045503873e-22 -6.224023549884108e-28 -1.5063907197188475e-18 1.1203716146318785e-23 1.4583658479370448e-14 -1.0708684489998178e-10 -3.636348839101369e-54 2.0132395886705627e-29 -1.00962036508503e-17 1.2073035183178373e-58 -1.3786931788894139e-39 9.370743085383619e-61 -1.2035088835634945e-48 -4.4576541964973116e-21 4.903861275380834e-13 -1.2013560228762707e-57 -0.37790519061563976
3 5 1.3230262069611685e-10 1.0122186500248552e-20 0.044713509373900784 -0.4950022530422074 -0.3337920671849328 0.35775538230958565 -5.590432919059238e-07 0.14447491407209492 0.3449102730953375 -0.7350369883176608 9.84718338740554e-60 -0.10054114797551342 0.3528586317308101 0.6232632097420949 0.32705212355973234 -0.3268528061850962 -0.1211526033875913 0.027279257306287746 0.08097840235552452 0.23203731675425934 0.15693276305068343
3 5 -1.673549472429361e-51 2.4004480352633124e-36 0.0813288137269391 -0.5916905700074239 -0.6617519820206083 0.1092847721600539 6.9536227172335515e-56 -0.06689871597387986 -0.4794543527195328 -0.003479958206316001 -1.0675540524204947e-10 -0.6010167492086125 0.3861581022025216 -0.009619993211435795 -0.0027170536187309654 0.2735067960289261 7.702677893373003e-59 -0.11792354900407886 -0.45124278789128164 0.19317193107805022 -0.11942133898940611
3 5 -1.4148173040270094e-17 2.4042617518758585e-13 -0.10453877159103633 -0.11648482578747545 0.5485945585020677 -0.23515694914974625 1.1531671486831448e-08 0.16094440244590505 0.16863583899388643 0.2709188394192957 5.375327164716862e-41 -0.24562988705117356 -0.3842549176768623 -0.4288802397505858 -0.1176293409160077 0.12563574945936073 -0.24543796189712086 -0.5907942698342978 0.13303545962895105 0.35306529173272516 0.29136592026794766
3 5 -1.1626582933249158e-12 7.304370233944441e-44 -7.029263585818463e-41 4.870056090557749e-11 1.285972349652417e-22 -1.758963828144872e-24 1.8356387347022948e-32 2.8888981873711704e-36 -1.894536726727373e-17 9.269475435671588e-20 -3.378373794208771e-12 -4.4218984876366373e-16 6.456290542639129e-21 7.216828206146233e-14 -1.2074601751071872e-42 -1.4978943704529493e-11 9.937634115275513e-48 -1.7308514089454915e-47 -7.87609805247332e-45 -1.6759238312073147e-42 -0.3377613812145457
3 5 -4.716739045980961e-41 7.542927451740642e-12 -6.79932939888856e-14 -6.714216170024126e-30 -7.60019318299928e-47 8.642250609788704e-15 -1.0972428110870924e-36 -1.435836676538674e-13 -3.7687762470719884e-38 2.002309529514835e-36 3.0248444573829802e-27 3.173022616364375e-26 1.7161403601847727e-39 1.1196514800012202e-18 8.654260835167655e-15 -2.93468629568291e-23 -9.601705747051521e-12 -3.6623380273116565e-15 2.8557926739840233e-38 -4.3798980497382474e-38 -0.35046988028047443
3 5 3.063975905892622e-24 2.147840884099684e-18 0.16541472166644644 -0.6303254305822145 -0.23130395223740102 -0.1186030903495445 -6.43277564172552e-07 -0.3671439131922353 -0.2845774689143278 0.4194770705921966 -4.269475228594268e-47 0.32857337827089567 0.44033629957580894 0.2756358407468168 -0.2678067037594261 0.48929984119879233 0.08834495347089533 0.46954814919175036 -0.328740998131696 0.4485512978436969 -0.09438245549147525
3 5 -2.12199299262504e-14 1.4797519326956112e-14 0.15407309819563988 0.18475478190180122 0.5125150704284427 0.19892419902720967 3.675501595696878e-05 0.1801820618504078 0.2737330949392049 0.47145607786165084 -7.407694227548908e-28 0.04919979055248814 -0.29347046999050497 -0.22631990669233493 -0.30247391108671484 -0.07822780803304613 -0.36180022989882615 0.16660909617175598 0.005170513423910055 0.293391769985745 -0.21779961561541997
3 5 2.1001834419437605e-12 -3.6247013826618363e-60 0.3761816453294729 0.48824014068153254 0.12912750393729885 -0.19498192613750356 2.669079281048964e-06 -0.19072105942163695 -0.20096914487737455 0.2417155786931342 3.6210144197591123e-11 -0.0018254005058046228 -0.2935291858864898 0.055810029096878565 -0.38738567969168575 0.22562284109168643 -0.2890602420761421 -0.5450456423642637 0.07961562102879999 -0.04411440743933655 0.316921275633469
3 5 3.476670841006745e-43 1.62994178448203e-45 -0.07613591852417599 0.1867330902752034 0.5239320820833901 0.5068145163555505 5.154473326191739e-07 -0.13575178305043956 -0.02678944606558712 0.39094995098979296 1.6471935490747234e-44 -0.4332205149492722 -0.42117048381125893 -0.16334067918224096 -0.3086032170641349 0.30248804402767104 -0.31538479373046585 0.25284614483032647 -0.09019445540781874 0.16940575196378355 0.4387734381305138
3 5 -3.481912068094246e-44 -5.849097829134092e-17 -0.11081644210113827 0.3161361948455679 -0.04855118121341852 0.35781402102546656 -0.0003282142186879507 -0.28108342288268673 0.18629883924445623 -0.3301749073361047 -7.063323100415679e-41 -1.012219400143574 0.1978437991612194 0.40941872171437543 -0.3622912476558577 -0.18469412847936995 0.24573635095683674 0.26960061481382497 0.19661130733416587 -0.7924301275548569 0.08677570364620862
3 5 1.825702800558267e-58 -3.057335729302464e-23 -1.5167038507529246e-46 1.5308333146552975e-19 -4.3520350724174443e-47 -4.021923172896023e-11 -1.4886754229632203e-13 -1.702007041549841e-22 4.1644426617342734e-13 1.4860235007106452e-45 -5.887408784942608e-50 -3.837304758985777e-28 -8.13194088338318e-15 -3.99980975016248e-52 1.2671177549857697e-13 -1.3480129729150641e-12 2.9920847404246075e-29 -9.82582879178534e-46 6.757480887630855e-24 -5.525800505398064e-12 -0.2516279512858963
3 5 -5.0922410663884106e-27 1.5903889457014764e-12 2.553768930694225e-22 7.79658483776502e-13 1.0644452699712169e-11 1.3378981133913705e-13 -6.041320503668383e-12 -1.6680510136526892e-13 -2.2213212436596106e-50 2.4464723565741897e-56 3.0435686963231965e-12 -4.659936596262366e-18 3.5371888008734084e-14 6.536176507958277e-55 -4.423990611257437e-13 -1.1054530745287644e-12 -4.835794179415355e-20 1.4045088756241233e-15 -9.491925807443462e-12 6.256428089288826e-57 -0.12536745131284366
3 5 9.438437674697134e-48 -1.0176911192601159e-16 -1.5005995639933619e-54 1.765152558943344e-16 2.6287439866509133e-34 -4.944897885186602e-38 -3.634041540889032e-60 -2.6221705474394164e-57 -5.125627102113571e-22 1.4555400886456426e-16 -5.665674711013781e-58 -1.8127958929216405e-26 2.803514843140796e-20 -7.485616681183061e-18 5.991933826636649e-13 3.31256010028302e-11 2.176328142624575e-39 6.277552400748182e-44 -1.6792558733866722e-12 -5.389238903836659e-12 -0.29495077485266175
3 5 4.060951752653514e-14 -1.8843395750576147e-19 -0.06585668378175767 -0.44751211734756047 -0.17117136042104383 0.33787036802680664 -5.719925819333239e-06 0.05898546322728072 0.379140123113743 -0.002207295775979524 -4.937264969097979e-12 0.1717561124804715 0.2916369368720873 0.21205867618352436 0.4500829929915677 0.2422833381928431 0.1260001310046597 0.44789362472488636 0.42760750673132025 -0.45773723429600305 0.3912643690428386
3 5 7.586351656106986e-49 9.448582472881228e-28 0.2945397175909556 0.31894909758766504 0.29657702774675515 -0.2971559434108338 2.6751858592353877e-11 -0.007520477987789937 -0.38585486945275027 -0.027825819275420122 1.2304664423195596e-42 -0.1552477872305876 -0.004661364966534303 0.11517539503073228 -0.3337794932243351 -0.21146155291995955 -0.05575314485214208 0.20437997531292704 -0.25820146095435487 -0.2282742721130023 0.09147554137988304
3 6 -0.2316530084251505 -7.78012156042231e-13 -0.420611325930846 -0.15027096407394033 -6.548887708240144e-09 0.36705530506254896 -0.7294583986954826 -0.5708733969230361 3.793609128990345e-08 -3.839384785974474e-08 0.83355507740785 -0.49710254713952595 -0.35574669205323417 -0.25369349349417 0.8158343748212619 3.209582270662857e-12 7.984756844778459e-56 1.5284666852903947e-46 0.38495778294224875 -0.14567171873298088 0.05908118406718655
