Number of NNs: 3
NN configuration 1: 2 20 20 20 20 1
NN configuration 2: 2 20 20 20 20 1
NN configuration 3: 2 20 20 20 20 1
NN Layer Weights Bias
1 2 0.24239526938639958 0.3534213161553594 -0.3898583532683125
1 2 0.10352573885674375 0.25591039970962604 0.2444661348923665
1 2 -0.24753083116547633 -0.0905348486890992 0.2946719813432964
1 2 0.5895204989221994 0.04111499601880884 0.4815106638899576
1 2 0.6654526668892286 0.06882757940341613 0.3827576885307791
1 2 0.3123974668318166 -0.35976003123956674 0.44137770408521715
1 2 0.44110936768470893 0.2874088232058873 0.06693503255736338
1 2 4.483970919352101e-34 1.736971394322058e-21 -0.28640081703214904
1 2 -0.5093093373953722 0.5101857915876151 -0.017699998933637193
1 2 0.4236106162611613 0.47076899515971515 0.2480641455063232
1 2 0.5848326111642358 -0.008948063312106886 0.3765996308537025
1 2 0.18636230524972086 -0.28002468362176974 0.40646867242708784
1 2 -0.3274929207188112 -0.4996523327946705 -0.2547032615390269
1 2 0.26941379211269345 -0.8365665519063649 -0.4722846953482585
1 2 0.1953294332484818 -0.7985672241337185 -0.1600912629186167
1 2 -0.5329585372451907 -0.22595307344790885 0.5069827220116477
1 2 0.4998233793280787 0.4188774054696431 -0.069188237885365
1 2 -0.15783029515718475 0.7024261338224447 -0.32612900924056093
1 2 -0.8987108890640365 0.48647607100775186 -0.3044460156784502
1 2 -0.12034894454967898 0.39388005833401846 0.23994892893668218
1 3 -3.30480601684805e-35 9.434371106013507e-45 -1.7276509457299817e-07 1.260514088299343e-19 -3.1826579749782325e-39 -2.579679862855091e-18 -3.789023569986161e-08 3.634560147288961e-11 1.3091882139222504e-13 -7.119076132805567e-08 2.9522363385304805e-09 -4.153743913643227e-15 3.2607132219241205e-41 -1.4401654411182425e-40 8.327951726741928e-15 9.401302248944082e-08 -3.942067981013752e-13 -1.0867062304543102e-42 -1.4152609238710372e-33 -1.0907143718511436e-27 -0.3722984958569153
1 3 -0.280022445918852 0.22328024830785592 0.32905148017856756 0.3525382339023159 0.30297474404866725 0.05750271622100208 0.38102608315863973 1.2846993019623161e-17 -0.09040744456754392 -0.05730667491929724 0.025547322761222225 0.30725769563091676 -0.14403932486037055 0.7309974057865325 -0.32152243489767135 0.23084470913645236 0.19855739135593584 0.20255643292810357 -0.22392500195042753 0.1343643991980211 -0.36201754424215454
1 3 0.020606913663726658 0.24298915451459924 0.10885528091916574 0.3377713581964256 0.31266503697468756 0.042073131332917436 -0.07604837531225073 -1.1292156990947862e-14 -0.026561108052638276 -0.029095295577010773 -0.29740944930518576 0.14016578302854701 0.36402042843789245 -0.9550652675786506 -0.009684259996101374 0.34913285382107256 -0.08476908374723154 0.09380289780943661 0.08477844982007127 -0.11018385671087721 0.1605904828656383
1 3 -0.13653539797011852 0.26385646035115073 -0.34260458482926665 0.31402568091104893 0.2169549658178127 0.02608600767161552 0.09941775127843744 -5.090340995152859e-07 0.19024172996227393 0.11750851795189853 0.325959841749073 0.028543999079178692 0.29696593189544895 0.873025251224304 -0.4404341840487801 -0.033429008465842534 -0.39333358235556887 -0.5014983099300775 -0.6305450165379037 0.31976669241735595 -0.09845808702183494
1 3 0.08883104337652306 0.33238760818613594 -0.08262937007121894 -0.10106781738960292 0.20822306652940895 0.15588517096190616 0.11473853663855801 -5.916067172807041e-07 0.2816504554992554 -0.06063053729590769 0.21680924844735583 -0.21534690716570576 -0.20183599389521792 0.6271762769354092 -0.5680307236007659 -0.21348553478591323 -0.16631611596242948 -0.17347042268034074 0.052798196749200194 0.2454897405369072 0.35197712531818776
1 3 -8.173568993863609e-35 -0.3561856186295365 -0.09651563988041574 -0.443606778595101 -0.3901505630049412 0.18658744667004237 0.34749496809137886 1.3986758779657009e-08 -0.049994391844555536 -0.22822697404678446 0.07272738840246826 0.2033838236421866 0.41347102471195507 0.6357394529032618 -0.2694555887339942 0.0804725635814493 3.429421410890302e-12 0.08958737304654325 -0.1312058106194888 -0.03200703172900367 0.20447913528225353
1 3 0.2298111076956921 -0.28494600513757 0.032781234504817694 0.34690102378810944 0.14626423868458566 -0.09579488535671757 0.5529613398876212 2.8454525890531884e-18 0.07345231400925344 -0.16433236397107123 0.26440087549013885 -0.15367620367819038 -0.5501637838864202 0.08012741367642118 0.6495231129913676 -0.47562623306453833 -0.21774466085890956 0.0430600413866332 -0.09716721376774022 0.2255965210424885 0.14203788109236976
1 3 -0.06272739128551454 0.08454902724737336 -0.14375370145935112 -0.24085360725454744 -0.18011570037567343 -0.42214023465731054 -0.11631442270410933 -7.613499807180761e-42 0.28939485544964716 -0.06522132233083126 0.29618454217930457 0.27283019078088416 -0.24156189556820887 0.060511946865712624 0.3329513910044308 -0.3157346847303802 0.2632067837685762 0.6542436358600427 0.4486607192566002 0.35175766789689555 0.04112593570421537
1 3 -0.2666132013939588 -0.24026314424085463 0.4045652220764605 0.2674123037585791 -0.3429877863008282 0.02482487843193951 -0.15206464274182852 4.5806947115410345e-10 -0.7722901971739119 0.1207989973486971 0.07795711543649804 0.28356203266897895 -0.37264937366996925 0.3415046135306866 0.08365591504662652 0.31847659749813256 0.43280519832210657 -0.8872846180543124 0.15406835149170534 -0.17828547712986403 -0.019675266225673407
1 3 -0.3675455456585831 0.22562249920143634 -0.05125152764556961 -0.36852507507670845 0.20194434279855836 0.13920355729906364 0.1442790368514052 1.326153438553716e-16 -0.619729063170675 -0.2277678034453344 -0.04715347337255769 0.23268087933826392 0.09990145507100945 -1.0858988010614803 0.280354121021226 -0.29904479189159267 0.25836102694069835 -0.5200429820500413 0.2595982580965158 -0.08990627123829904 0.3478426370471162
1 3 0.32865192731688175 -0.22979802980207112 0.03558010480269452 -0.09034339745359568 -0.035407092061428745 0.19884213403639567 -0.12097217783161444 -1.8790082181416853e-08 0.34204465472817236 -0.13750209666156069 0.48254208813040605 0.2316567562115486 -0.3802273653908537 -0.4348924214549542 0.2427441783222539 -0.2505536682018796 -0.14194224108024467 0.12160958711194002 -0.6115895589990676 0.1312980792085525 0.3478084110927918
1 3 -0.2834908583525451 0.3640567070804072 -0.27438084786336875 -0.12489020608554936 -0.2484616251560775 -0.1484731196701492 0.12964872978782588 -1.886587196546921e-22 -0.07473183103022403 0.3608382335949368 0.011631253357475092 -0.10161106585493691 0.2577816994900462 1.1049467225457752 -0.5282686977541432 0.4101014514284998 -0.36784234682081696 -0.49294027238861154 0.16293014330708105 0.42523909498207757 0.43114278011171975
1 3 0.33034462184530494 0.4106467077422117 -0.39110126054540423 -0.04236406422335329 0.0686379461666189 0.2964221863309261 -0.417962650714051 -3.1933939532234277e-15 0.8011527770814001 -0.3656025512370214 0.24648079403909484 -0.1314407029053821 0.07231255669565863 -0.563551109080133 -0.09624137671376419 -0.24207625714153772 -0.06121047343548073 -0.4521202291751603 -0.643560937223967 -0.23935321439254292 0.3087286055106572
1 3 -4.1316273520916695e-07 -4.424777815001332e-35 7.652068132458281e-37 -4.947479727117742e-34 -1.7295850908969706e-07 -1.0516028494514283e-09 -3.183336935418874e-08 5.214940069582869e-07 -5.486720296697652e-42 -8.243304423205243e-12 -1.255041961262366e-41 2.8983187069221926e-16 1.7021780058165776e-22 3.136771644430407e-39 -7.997375115282985e-10 -4.931520190710118e-36 -2.2770067145787761e-10 -2.1467515493726375e-07 -9.907359271452929e-44 1.1196244936931622e-25 -0.35479829653504086
1 3 0.05006406179607806 -0.26520723368317367 0.4214232093677836 -0.12159696700297372 0.14598275862311483 -0.13496785885867496 -0.26798889235585815 -1.7926248044874344e-42 -0.6047879162313596 -0.2845485870117801 0.12643370381601599 0.17812223170764205 -0.25505240606804097 0.6725376561169115 -0.35655928875883436 0.4037413107275256 0.1862646555323007 -0.8018145835755601 0.09632393818506213 0.3196143543504304 0.3189218814986839
1 3 0.2825661248955861 -0.12041781975696793 0.29393942868501943 0.2701482218631761 -0.2554380491527456 -0.17326362104792703 -0.28863174830172217 2.0934947978293327e-07 0.880873433517799 0.07764197561726326 0.1902698823501575 -0.2850146524659341 0.05798410897595126 0.7777521930521363 0.13597804166492586 0.2117976323470046 -0.048360208787939826 -0.9220577852276639 -0.48104281670482746 0.4148144881442148 -0.2075079049133989
1 3 0.14299338090914868 -0.08161978584008257 -0.14345751313995223 0.24012440098066037 -0.012250962429778954 0.38251129510089865 -0.31501170808981005 -7.259381553089335e-44 -0.14587913992229473 0.245032841694321 -0.010098326155064096 -0.18660946863955902 -0.43498923694373437 0.5817626708725414 -0.004483025524790451 0.2731241499445116 -0.16900909894475136 -0.02051634319071815 -0.13278727451434022 -0.03570702273897838 0.013326183018322784
1 3 7.913013616971282e-15 -1.687393317716065e-41 -4.0331884469145923e-07 1.0899223218997372e-12 6.262696725013397e-39 -7.542891911840007e-11 4.244364939174106e-07 -4.950123126522536e-34 1.645010774109332e-18 -5.588408244480053e-07 8.52147668760908e-11 -5.588576586229627e-24 -1.4017572483034426e-10 3.153883424735133e-32 1.0465207325782009e-37 7.040431021370155e-11 9.152140727307145e-45 1.0457898161239294e-14 -1.238677998408912e-07 3.699028419484212e-16 -0.17893200950488772
1 3 -2.3764687243923263e-12 -9.41165719157253e-08 -2.585185026497043e-32 -1.1857888704931727e-27 -6.191247617984069e-14 1.1924589042975371e-09 9.34355870603177e-43 -5.542700162984076e-44 1.73097306356425e-44 -8.0370823904216455e-25 2.0157127322442766e-21 -2.836876488209017e-16 -1.2021001460010634e-34 5.259691490428811e-14 -4.971226369974196e-16 7.758351505912837e-44 4.74605877634015e-10 1.3481902313823156e-07 3.301545579395213e-41 -5.708207032172604e-35 -0.1349202511494712
1 3 0.328208756954095 -0.11827423757319674 -0.2598746501028343 0.19115593366062658 0.04008950561113197 -0.19653908047028495 0.429038195004417 6.185121535565204e-36 0.42752748397460955 0.307885953618553 0.07012180884898545 0.28643098381678656 4.726732108571894e-12 -1.2930890424673664 0.035009907210450365 -0.4277065507786145 0.2544349470276581 0.5374468407956569 -0.05532958996647835 0.2038217986323571 0.12540034329342967
1 4 -2.1724392316765118e-16 -0.12119967910931063 0.2843329486608125 -0.4336406905636605 -0.15225135917808974 0.13250289075348473 0.1665328745231808 -0.5165551398710467 0.2863953013640113 -0.0933435733664788 -0.005823371597221107 -0.0655296374875456 0.1665034091719016 -1.373513825813788e-14 0.22952445926015227 -0.533761949724865 -0.18427587528923092 6.128054018277928e-19 -1.4257344567711582e-19 -0.21208439817077512 0.3563987981568164
1 4 1.0054233540216854e-34 -3.228194364500228e-21 4.714767647882632e-35 -2.126680292038087e-08 -5.160234194075464e-08 4.8637253862969156e-08 -8.497725493791314e-15 -4.5174751984178465e-35 9.245029139475316e-18 8.864366632518458e-42 -3.4240583711357964e-12 -2.7719567106270353e-45 -3.1799112480339536e-11 -1.2328208156075818e-22 -9.584674053408218e-25 -3.60518044637034e-08 -8.388067776339139e-31 -1.4753283465071733e-11 5.0077770703013834e-23 -3.1906569247529517e-27 -0.276019645511859
1 4 7.519172097847575e-17 -0.12103268766766086 0.23519155690989213 -0.3337938322484989 0.20510985095752648 -0.24967016107811818 -0.2494822996414385 -0.10539930678658324 0.3246204211380552 0.20839896256268378 0.31136458497656955 -0.1999391576279799 -0.0767090493102741 4.17681204892327e-22 0.38507794976943716 -0.16239490568255818 0.02355534646469523 6.6086680423237276e-15 -2.037441430438661e-09 -0.10224165953613848 0.015995491875186292
1 4 1.822429778551745e-42 0.37193030093708457 0.2668235491731077 0.4355317470702797 0.1257249672964607 0.230275662265316 0.2257533114946877 -0.4724330374417771 0.018460134429356772 -0.2290698549673001 0.18860215901279068 -0.022604193570430527 0.18494568011624177 1.3050063075735747e-10 0.21737449143657436 0.2612558768794696 0.20479739404541814 3.270828318085497e-07 -4.1164509172651925e-46 -0.24215200496275882 0.2008092233573729
1 4 7.853669977762411e-08 -0.17610638655627642 -0.07445177814152268 -0.15382906793434817 -0.06871492277507875 0.19526636652245727 -0.3839788354286037 -0.5902829576643764 0.12367032592600302 -0.20431250473376436 -0.2521864530955912 -0.25375361474940294 -0.12214594326077263 -1.1832187611734033e-08 0.1397543339531321 -0.16795481826479802 0.10413595611436025 -6.946509579234544e-35 -1.3729789108284717e-09 -0.2697232258941895 0.35901637220776517
1 4 1.2123084459378128e-33 -0.29580627437783563 -0.33847269908194594 0.2688128062777308 -0.047972946808849344 0.14322665535823284 -0.11822083598719352 -0.2377840159485087 0.3369668084464105 0.29199827770226716 -0.2998638615025527 0.10283423286770224 -0.02019362779313054 4.730179586113533e-10 0.2612093264806586 0.46439067407132556 0.13766302706443484 1.9215949240505496e-44 2.0626258545808064e-43 0.011028381572525971 0.21249197905898104
1 4 5.0261626735109954e-11 0.014788532957705616 -0.062199414837981686 0.23407150990260286 0.4041047844777427 -0.4032398306399253 0.17685842103698055 -0.39817869110801923 -0.3232047749820016 0.17887423730636645 0.016570873145339646 0.07404944103996786 -0.12279076610433245 -6.386844240482705e-11 0.22129944711423735 -0.10558101475214897 0.3872588548331649 -6.164354013460563e-17 -3.2814324984361376e-41 -0.33008112940967194 -0.13370869172418604
1 4 2.5786709656510578e-27 0.12301752686898007 0.06903173692719532 0.18410967944259823 0.12963505642040513 -0.36566510211653863 -0.0527730842640949 -0.174396785294428 0.12475054738366027 -0.1011796434555372 -0.2165432319895821 0.28993951577942445 -0.3206493944988931 -7.552240000075663e-10 0.0029548400688563263 0.4140015453263863 0.24956991212749766 -7.638314877131384e-45 -1.8916186048577832e-13 0.26924995852813466 0.09865580344072031
1 4 -9.315187163772744e-38 -0.21586797247615555 -0.1629926337811348 0.42497786085604095 0.08211352982269174 0.09992900909541141 0.09729496445395694 0.012783129718471538 -0.312599193255986 -0.18275133090207377 0.1094816697529627 -0.2077481799450123 0.5847375316861445 2.8718364895562797e-12 -0.17595254693386067 0.32152025975909193 0.17562408206372407 6.155020994742029e-12 -1.1824778630438958e-34 0.34420296031585235 0.14185628542882334
1 4 -9.8515793983629e-10 -0.11202075874622006 -0.24290306693383196 0.4521781779692781 0.2744458072523985 0.305145182320556 -1.0215141362869298 0.03814408306186806 0.07288306806901543 0.4386077675660955 -0.11795085132101006 0.15952919803899915 -0.17006490564383311 -1.0597970751592933e-10 0.4036769858829097 -1.068444341266804 -0.2562990311065004 4.88140242467069e-43 -9.408772076894394e-09 -0.7666684405317906 -0.020266461451963362
1 4 -2.9066289314901625e-14 -0.25736390239636037 -0.1604732110594839 0.34462668288596615 0.37611938754147417 0.58071662828864 0.17933985419218784 0.06629580956716144 -0.31887190666380516 -0.12748992348893293 -0.2032634043518098 0.44211495550708846 -0.46802217938503166 1.3831265281012388e-25 0.2420044072321006 0.1109075172951955 -0.17751177793398337 7.348210170807563e-13 1.2548509476512208e-11 -0.2877875796303844 0.05707292226985754
1 4 -5.539282282235766e-12 0.06947394563026049 -0.28513675574933595 0.043322835560427285 -0.2292137994053577 -0.05760704962149139 0.08261966028017581 -0.09459231374898952 0.08309027538303124 -0.44916270104906475 0.053904481048910324 0.25753841012622414 -0.3312401320763594 -4.172707409839819e-07 0.3954409235174566 0.03177137549272619 -0.27042465083493783 -2.473377339843306e-32 -2.7739089986098578e-15 -0.39124322415944307 0.15713141352814888
1 4 -5.770603593426159e-11 0.25579849811889704 -0.12388035728422715 0.22360838796148877 -0.040593754035637274 -0.042538011703431924 0.12007554740232228 -0.1765135699104487 0.37673285849636434 -0.21724166703171977 0.21726498766247745 -0.08479520606989949 -0.033160350744132754 1.5506532395277123e-11 0.009604013536141057 -0.22261573384911165 0.16490747817602378 -1.9840509310729006e-09 5.245950945484581e-10 0.20342542963499524 -0.05206372077428331
1 4 1.347493209559931e-07 0.4086413011337517 -0.3107434734227267 -0.06357235725148562 0.2598846871793582 0.48714802369764815 0.33334629513747793 0.361326074997952 -0.16911704484492437 0.00483719843228003 0.2997081938993157 -0.24972956361179105 -0.3649840042153248 6.783207145105316e-16 -0.3005929631489245 -0.19912632944212158 0.2748002251853937 -6.545039248487239e-46 -2.881108428141865e-14 0.2838160621636969 -0.22548782566261916
1 4 1.4247200151624444e-14 -0.19113797041644712 -0.35274027673835784 0.02278649988486148 -0.18833330863736653 0.2586337087311156 0.22890406284791578 0.1540315091847984 0.036853222463855646 0.1811314891019442 -0.05862727288270291 -0.49756887034434266 -0.5460028193602479 -4.44887178590357e-23 -0.25057280588307224 -0.4085015907375217 0.3038825010717555 -1.4325617015002786e-08 -1.7239936029521204e-33 0.31260682400983314 0.31753356120117004
1 4 5.808305995658241e-12 0.32995460739202837 -0.23618043391015273 -0.0672968375682121 0.3351250752180512 -0.06406012295974153 -0.33945642434765505 0.2564540147176509 -0.04081998602763515 -0.2571232366824546 0.3159661447267523 0.3555736030610621 -0.12100505759901185 1.8618933096964793e-16 -0.05431261525086654 -0.2456348987712556 0.1728936886798866 -3.4003702676513657e-37 1.1826280841907141e-38 0.4049262645790474 -0.12380232219574544
1 4 -1.300091064503786e-08 0.35237059040137253 -0.2188497677244079 0.34322676262960816 -0.06375461661478965 0.1299552773805023 0.24427717857473677 -0.062080466284601205 0.42496539067384786 0.008258027298680507 -0.06302565323341802 -0.012487100343007276 -0.3223427291267937 -5.915287271515843e-07 -0.38700992046832844 0.10838803448983636 0.10645179692057445 -3.333308988174142e-14 -9.5349593141331e-25 0.2625906531231365 -0.25847939993660773
1 4 -8.743339779821637e-28 0.31849523082059195 -0.15243297459064306 -0.13885308595345075 -0.2081321255053907 -0.10511876572299227 0.18200114216491892 -0.7129043806734735 0.09971875923025299 0.727031665581755 0.3231340366222291 0.1936436583014714 0.39399169907337855 -2.5183410433099984e-31 0.071377055979354 -0.3133543908288121 -0.08072162098011074 5.5495277830074964e-08 2.3546859041395173e-31 -0.30560543189500133 0.24487725369483157
1 4 1.3964795630329691e-08 0.055219827979451665 -0.29853246529210237 0.027206422298843763 0.20595427119346435 0.23598798161836582 -0.43916731551905175 0.3730112965051275 0.034416451661041354 0.18513320409367787 -0.16404013713590837 0.17328402797599193 -0.19149530341202084 2.087469236074183e-34 0.44659581956723593 -0.5435951139186058 0.21349392795087738 6.575374694191614e-14 -3.527120113972258e-29 -0.4414407723236964 -0.045131000349839086
1 4 -8.35930006369818e-30 0.36122177267104266 -0.21833753099011144 -0.12228542179800049 -0.342741791935012 0.33266794224987456 0.05322462282883984 -0.280094602320797 0.27640977027168134 -0.33068413846096073 0.22156485959487693 0.01691545221138472 0.44725440303670644 1.9832874877614993e-43 0.40519784582983065 0.08484279734223858 -0.010034069565148232 2.2648917730650685e-42 4.426025554277533e-08 0.33000648459420423 0.006395734101554935
1 5 -0.5714349406229485 6.953668656693037e-20 -0.8112490419324252 0.30144501899408777 0.4433656572466605 0.46556712887021523 -0.35594592687973237 0.31857230943780945 0.48360312953892615 0.6091451009008813 0.8247515716972253 -0.03296109398809537 -0.3250946446982793 -0.28628618387762683 -0.38070444549203697 0.42604566574784314 0.09306625371202783 -0.37134870396689035 0.15666107921641126 -0.256549852754404 -0.21204522896294367
1 5 -0.1067322364767475 4.276880005923644e-12 -0.3734705491223366 0.3435610949151069 -0.24680436097884043 -0.1408995020687664 0.38781170786254743 -0.18681557732671 0.21689254352572737 0.3269508636081934 0.2375677812496457 -0.3226675849976452 -0.24460371818101834 -0.5165704055220693 0.13969834696166683 -0.1973836892744448 -0.2564732271036624 -0.0256918869930617 -0.1775487288507827 0.10415321840406808 0.015289204209695784
1 5 0.30413222957124003 2.1528115518634336e-17 0.2795257875248422 -0.08189763005171988 -0.16527495143571458 0.1577934548486238 -0.08469008632109058 -0.26228306318704697 -0.26639106316948896 -0.7963293918639438 0.2385895622648973 -0.17465019425034706 -0.2782842591305168 0.49114835866875356 -0.2547578971764106 -0.43000329474731697 0.3372906631311759 0.5450765659781455 -0.5574163599653249 0.05989796902823532 0.38758625906364724
1 5 0.25591873180448205 -6.6557356335473e-07 0.2201632742227584 0.208456923082165 0.0431724978390426 0.3637713821732434 -0.34887519929764277 0.10410563841248108 0.13652181081445905 0.6013940900987936 -0.3637510326229826 -0.20304856719374065 -0.08774484650865891 -0.06006866004972471 0.22909847818699727 0.07798150345700464 -0.1725810869962415 -0.1793013071368669 0.1904886836798037 0.25945941627780394 0.11358490119885911
1 5 -2.5288106288444386e-23 6.71618057462719e-09 -2.0443102957526556e-41 -1.7827720921335276e-08 -6.741218660392822e-18 -1.6304180040208538e-31 9.503917135773995e-21 -1.1793339166957404e-14 8.016649925805084e-11 -3.17433698744923e-07 -6.597597692279092e-43 1.692342742978823e-10 8.269141372433257e-12 -6.266067357148839e-09 -1.980090311269269e-12 9.965355901962563e-35 4.7470997534642925e-43 -6.087311937459133e-11 3.333554825872279e-10 1.4123322589757282e-27 -0.19530144636422309
1 5 -0.4443857742485295 -9.023448849959021e-45 -0.5379345407307732 -0.12246037872570487 -3.927817353360151e-24 -0.6899185159202531 -0.5266028660408623 0.2308268385616996 0.3430389768749199 0.049875844362742436 0.32383665428469866 0.5522645622315894 -0.20637005739699638 -0.11317063036912217 -0.2806905902348841 -0.0028497750926624065 0.24862596549350638 -0.0759517918457176 0.1866758668323065 -0.23128226859522133 -0.02243067520701122
1 5 -0.30746014668558147 -2.2008419336025694e-07 0.030537316087873488 0.0710512425490956 -0.19189635106560848 -0.20748233611753805 0.30084718565234536 0.4375345254822156 0.4975139788583535 0.9373973855395964 -0.6118207656003155 -0.3728687201374486 -0.15660696626339748 0.027240747126920626 0.01924463200406341 0.06749305071196525 -0.573341032277068 0.06691334322799736 0.4774555157246814 0.05222844139493415 -0.011583280511897338
1 5 -0.11132318836103156 -1.3634616547056888e-08 -0.35186286711134385 -0.05273284292796504 -2.213322478526717e-08 -0.3835157187676222 -0.25820243493510225 0.01803033894913277 -0.1470402935595536 0.12490754028918237 -0.29266816714142896 0.09953603797152501 0.3793673389913311 0.5040176848445674 -0.5131345909791639 0.13483490805090148 0.4044465711672421 -0.15487865181379631 -0.3129977942105066 -0.12210938066373818 0.16545052230349713
1 5 -0.3664857997741521 1.5606538249204693e-12 0.17962270669171496 0.15844369133669306 -0.555582395938101 0.2912360721077495 0.38991849915148485 0.07965063934250663 0.4551573479930908 0.2296641344957326 0.09188258510425192 0.368070591554825 0.3288340856914815 -0.1332982097514568 0.19277273381390597 -0.1646528701856727 0.07632229178488913 0.0002869596479667571 0.43024783228629676 -0.21680468807156944 -0.16787349070180319
1 5 3.8335487356912947e-34 7.331324776021516e-09 -8.196802554412635e-08 1.8749472372286833e-45 -7.758281661197968e-13 1.541894587370813e-17 6.859985580605215e-07 -2.0864624224212757e-10 2.1009963011579747e-17 1.0232109072907636e-07 7.62308365953056e-11 7.985297784825753e-44 4.6792227003731806e-38 -2.0840647786835916e-15 -3.630144563384075e-29 -1.9665416898684833e-42 2.828291421752552e-11 -3.209518192727071e-07 3.990647210426456e-33 7.271382359243187e-13 -0.11849316705555968
1 5 3.105435875920665e-14 -3.2292343937995928e-27 1.2734901352119283e-36 -6.428426503527948e-09 -1.1914860438641559e-21 -3.604593884590456e-15 -2.160478947553557e-25 6.894877108442765e-07 -6.998887657625484e-11 5.336711023917684e-13 -2.2763037134406293e-08 -2.867861344690478e-31 4.808495531930373e-13 -6.803988932807024e-26 -2.657799305813649e-09 -2.7851371762461508e-12 2.1374858837761562e-08 1.3337818165811248e-09 5.8767862387537525e-46 4.9542953350551284e-09 -0.260010796567941
1 5 -0.22682139494908363 5.760530482823751e-39 -0.23536757666735 -0.14123062106769405 -0.25361770399933115 0.26729856121572704 0.012860200748816915 -0.05992420173891977 0.22190387668775174 0.4548278759203687 -0.4963617040539135 0.3725448562197777 -0.17355980470869797 -0.22513280927452167 0.18057967127094018 0.21205952959429125 -0.5661976295776268 0.056367338900961975 0.5111067669816551 0.13939671614241322 0.34803084325955475
1 5 -0.189166788751025 -1.2147386650608456e-26 -0.18665338163386985 -0.02757085490769621 -0.0021147525399515814 -0.30658544861322706 -0.01515600441135414 0.024793938494291234 0.26315305629999436 -0.006846155187324435 -0.12747913106558073 0.30600233522630627 -0.21359153127052485 0.2536064966956663 -0.387132378432001 0.32046145465377834 0.4365677850039862 -0.06117454282116049 0.4372937191358763 -0.08713053082811378 -0.08718224766554886
1 5 0.07411929308996867 4.72421798901046e-10 0.10827805110937307 -0.24962790405852936 -0.17654687445322392 -0.01754770179574807 0.2820547206029806 -0.08635762433450715 0.5432437102504238 0.8182630459335075 -0.46353197094309584 0.33756842482616634 0.28667058230827874 -0.24008612424902817 0.5906944076804599 0.10445773470089685 -0.23033255044742684 -0.3484508233184667 0.28913498255985803 0.286721011022343 0.24944035100475478
1 5 0.21263561577886203 -2.639606281318573e-08 0.02615391096303133 0.10040017022502037 0.40600302532396815 -0.051657873314322235 0.26636144025937414 0.15099771660559808 0.4676308347666298 0.7027887992047627 0.0031326767627673016 0.16802307297832494 0.3413802184249473 -0.49927867907220447 0.2215093643027731 0.2958735952151847 0.16063746358188538 0.09674290304434795 0.20541961558120833 -0.11874308905504292 -0.08725958082695937
1 5 1.869212730982936e-35 5.90551462066108e-07 -6.844638777088805e-42 1.6026338381256787e-14 5.659251524195414e-13 -8.030175827547748e-34 -9.154492837651456e-42 -3.69085907054274e-46 6.446705473229806e-08 5.314945729281416e-11 1.3854669572619234e-37 -2.89016666548956e-14 3.53622776308307e-41 1.809592676012266e-46 8.891178279765058e-10 -1.0624640111369962e-37 -1.0591060047599312e-08 2.320033406650145e-13 -1.2590832109239699e-19 -1.3666340666995012e-07 -0.21876161097352922
1 5 -0.028525265669108322 -1.7015796920417714e-32 -0.14398046838050374 0.36556803724574094 -0.10157259412638069 0.037897573412705624 -0.197594684289171 -0.27241892876982454 0.58931322054616 0.3527982467992045 -0.30026764435682574 0.15389726558921013 0.1884272672411222 -0.28401172462777147 0.4612514254023126 0.17941550256780447 -0.25579978662030495 -0.2493492168669459 0.234489012033202 0.19918699023900846 -0.09621016605782509
1 5 -0.19826692362784776 7.77052082692183e-41 0.2041311298454181 -0.16145581512073262 -0.321328497806059 -0.16234269135837076 0.28683688637945626 0.023080672688185658 -0.2878610411514023 0.44365412440493146 0.16131019210320177 0.3231621754650155 0.14227901857782582 2.3297045900592284e-12 -7.135954156175219e-34 -0.2649137036733968 -1.4812633306343245e-27 0.06369757750918696 0.1403210066084952 -0.3779825892297329 0.046520568158295195
1 5 7.441334581900447e-32 -7.996183057182564e-10 -3.8073722316463554e-09 8.023506599833246e-47 2.8339334376682213e-08 -5.239365256363005e-34 1.1588373458749805e-07 1.6449836214699562e-15 3.299765311485463e-16 -1.8111966709334913e-40 8.729290210284634e-31 3.7995688918078264e-08 -4.755399058545025e-16 -8.73368857312486e-34 -1.0443298060735863e-08 -7.68360421067216e-11 1.7385737708793482e-20 5.621131714309199e-15 3.742060949961585e-33 -3.3794655912524373e-41 -0.34760770427186055
1 5 -0.3155769500848119 -6.720673867946026e-07 -0.26385009077761806 0.3078269281724403 0.40499895562132293 0.1650549230265471 -0.18150458524579405 0.16557220292479738 0.2741478927673249 0.34957013962094496 -0.45541583778908007 0.1578638740319733 0.22656078228549964 0.08540416723311954 0.24458374158027055 -0.03945236199537862 0.12894803808639724 -0.28760143427269885 0.26335264235683764 0.11737836570469719 0.17823107202324076
1 6 0.5135376862498914 0.4600187973771753 -0.6126707326189023 0.09874773219437792 9.794475015709222e-05 -0.6711178573852313 0.6010816031368269 -0.602052741385798 0.056464525459879684 -1.3329725641247341e-11 1.6604999727194483e-08 0.6940987257035066 -0.5960127672110777 0.12981632117312814 0.4535327320139973 -3.440433827196059e-39 0.3219573366738081 -0.4491660334763961 9.286777861950894e-45 0.33990235861528917 -0.5285931256100681
2 2 0.06341995971864457 0.0764265913018667 0.08602557062235361
2 2 0.07832234289906283 -0.7189009836754375 0.06369094344289365
2 2 0.11413747173927283 -0.6098488122715627 0.332217032696029
2 2 0.5544979786108026 0.1331211445880597 0.05584220962436944
2 2 -0.3878693241675158 -0.37538776068723434 -0.24371152800748802
2 2 0.5631772419436963 0.0034132732886139345 0.19165363362432147
2 2 0.26361115460540935 0.23857418133233613 0.4011422465602082
2 2 -0.45841664500586715 -0.6281551057560816 0.12534089274444493
2 2 0.6924764546869656 -0.7511050132407485 -0.09523983914534147
2 2 -0.42699461469573596 0.02034560118085008 0.43086441987203494
2 2 7.124805188107771e-40 7.32445528791232e-57 -0.4449812514876944
2 2 0.5820771925558181 0.40271079549783156 -0.23261851917512605
2 2 -0.7311975805859994 0.3069083042562959 -0.3433940395096255
2 2 -0.5166926881820312 0.5942040241869629 -0.051914704634286435
2 2 1.865396140201393e-56 -1.7584730238474952e-25 -0.31846257291855606
2 2 0.6998777397914462 0.07245596605183285 0.47719035592617276
2 2 -0.0009252221547266153 -0.4466823810224492 -0.24284550842424435
2 2 0.4075385008937086 0.4542101235924136 -0.19145887565754247
2 2 -8.184498758469388e-11 1.1455508588024483e-52 -0.42442970042022676
2 2 0.4665122209928032 -0.3391842826976449 0.5306152356556872
2 3 0.13423304883620849 0.6135330285730373 -0.6495810525464938 -0.002261673379782649 1.7418389534567598e-16 0.3363644069737036 0.2203220764649702 -0.27890544258624056 -0.03308318292263665 0.18962693079656678 -1.4083564494387144e-11 -0.28214285732615685 -0.44785328264714785 0.16911087230755556 5.359496764556084e-48 0.1205726040148239 0.3027098960907181 -0.2830435117713939 -5.5825315225867585e-11 0.1784753477214303 -0.2807636913118717
2 3 0.002782990819546475 -0.03521300736978994 -0.1826157652188039 -0.3008497163562573 0.3436501834312199 0.1559658280250006 -0.11378595351975973 -0.276400997230115 -0.6441263929953869 -0.1920069380709132 -1.7462995468562732e-10 -0.5421608318212535 0.4615448588130879 0.2177216886048368 -3.7403756870975997e-59 0.1391487010996736 0.12290338465767843 -0.7028621299467894 -7.21597411805465e-11 0.2267744608275151 0.3005198505463618
2 3 2.5994260006382425e-11 3.8308038905970916e-50 -1.6920247432653684e-34 3.323571134735539e-52 -1.2723119747652225e-55 4.114376689005374e-42 -5.11647326596847e-11 -5.221394990433553e-11 1.2790572330773837e-16 -3.0321397904801675e-17 7.161870115011721e-31 -1.4284154388293123e-37 -1.7651936437841797e-14 1.0293234723460776e-11 8.268158974321439e-33 -3.254401653773352e-13 -4.996643059455321e-14 7.064510565519496e-54 -4.383931779516193e-15 -7.063648527889014e-15 -0.17451155049394565
2 3 -0.09221114575983061 0.5503498060153404 0.43376775511241794 0.29536656972622244 -0.6721199297971304 0.12630917082281934 -0.03414588808529693 -0.23367289895577545 0.5236033246371874 -0.28751665806924387 -2.0186117879260288e-55 0.5574745735453975 0.5089634170797627 0.37428027681053766 5.66309921638632e-49 0.2484758343872974 -0.2868882641866047 0.4560798510725698 2.7601947674428384e-20 -0.06504510217798377 0.09184507534818834
2 3 -0.19583799646778388 -0.02702722398431698 0.34945110289362663 0.38557437016067253 0.0057282125793199825 0.2855595739219425 -0.13549594992411496 -0.31927302957460685 0.453085021955717 -0.11178286648621892 -1.2957840617906822e-55 0.41507002234777146 4.5871685639122534e-26 -0.1626550376151274 2.3677251291038738e-57 0.2769949266800984 -0.42700714256662026 0.012864040591103463 1.370411991004552e-15 0.4115210276837666 -0.26902970641734986
2 3 0.036797611766437324 0.44438270326104523 0.1670437814119617 -0.22092194979945115 -0.2971911164736288 0.15431805772841833 0.056612017524956364 0.38697863254724374 0.16935627655368912 0.32189094331643703 9.470101248553705e-13 0.1482937452635944 -0.08473847868814725 -0.36129306042932446 -1.378347228016806e-51 -0.21583807145107947 -0.8073352738583723 -0.0714334852033304 1.1041647423100532e-10 0.1275118948751578 0.09271228213571381
2 3 -0.027837976885347195 0.3279104650804602 0.15304829287677263 -0.5475204703480329 -0.3528866122204853 0.26501422028321847 -0.28528122219387353 -0.24216675780475153 -0.14075091837838555 0.08404055161552096 -1.2426359436726872e-48 -0.8617517032826201 0.12785014132704736 0.4417208848842195 -3.678740643683928e-11 -0.11020531878547976 -1.0609974757925567 -0.30245069439688216 2.7728638796307883e-10 -0.22563178012091745 0.25364915825896606
2 3 -0.18246729306268325 0.1838513203831268 0.12905137729133176 0.017958604925680577 0.012775441459065668 -0.06949398453375437 -0.1164812641744171 0.06137594882987254 -0.20841260782578724 -0.2176060937093883 -9.452071745094292e-32 0.014186771794236231 -9.622577347023439e-20 1.3313756564772369e-11 -3.2015032414080515e-23 0.2483329323349936 -0.04080977541939677 0.013749994809010103 9.660175335268998e-23 -0.18822099007712126 -0.05127582181841673
2 3 0.14945972273711533 -0.028742114740729026 0.2800857931083002 0.12782417485402212 0.0040928289868496425 -0.3641190244595372 0.29290192439811213 0.05990859424547667 0.2078333139313812 0.27184718204883856 2.3046863248096195e-12 -0.3419831443718514 -0.6309598206298606 -0.12466461922196949 -1.4882712546377785e-13 -0.17040393645525478 -0.1317496002328558 -0.0837832592989725 8.681627207442355e-55 -0.2436686965154346 0.09819913457153644
2 3 0.3077022584586417 0.5071137510681581 -0.20675611934678467 0.31276514155780216 0.08470175533006845 0.245936803036007 -0.15501134393543362 -0.11201809538357005 0.5589785856943956 0.16520906054616724 -6.228676356196339e-29 0.39067443507283933 0.10635414075958989 0.6231621656929591 -7.365588357228976e-26 -0.230078258352355 0.3270095228352501 0.3817496160057944 -2.523151921080138e-48 0.05228409485710549 -0.044245622461222545
2 3 -0.10212034070454899 0.10953150131460962 0.33234227735353117 -0.41678937315214726 0.8046689704458515 0.09937269056814531 0.3018899455590108 0.18519627712795 -0.5498167844152625 0.1032720761155901 5.597754077144493e-13 0.2696259559563308 0.21877134695918973 -0.014211991597320138 -1.3356704803358986e-20 -0.3846928578170348 0.9867166533891661 0.5055359283856785 -1.4226630499448763e-20 -0.06781512883115096 0.05986960190158614
2 3 0.3359546700196887 -0.24484466579066996 0.3941807934582142 0.19160477646089757 -0.0040411150211535855 0.16404672269670337 -0.022732869101666477 0.027906321658674287 0.1867858503889212 0.23433732627672507 4.58258040380919e-45 -0.24105872345256912 0.0026947202464145397 -0.05067289449923808 -8.159878233347017e-12 -0.389373438897799 0.260675116665159 0.17746902502532524 1.4619905131183516e-57 -0.35922092258899707 0.33216494010686504
2 3 0.14852471701975237 0.3364465951544941 -0.4250563787838976 0.030643818656095095 -0.35952265571637293 -0.023751860859847658 -0.09643353548609657 -0.3312176724239673 -0.3401203966789352 0.03273016665479469 -2.7093458343982688e-53 -0.41320736641484296 0.17622518017491276 -0.22254178684394157 9.770953788200178e-55 0.3962990512257656 0.8675965962121474 -0.166651797181339 -2.745199502577728e-14 0.23216017106474715 0.10768455545535265
2 3 0.3007327893753427 -0.2217162876525932 0.34315756417852467 0.36312326855233157 0.2849345256447857 0.20537688707004506 0.32817505116886186 -0.24959273225512754 -0.18865429409192866 -0.1667189665897492 -9.857718753509535e-32 -0.3868544283671852 0.09540871950692459 -0.30799105626305845 -1.7132475885690816e-13 0.2734844479356651 0.28273745936177225 -0.11473444870347778 5.011248238603845e-13 0.36898305180764196 0.19399613768949156
2 3 -0.2502233742217575 0.23643747083935418 -0.4144355596116572 0.38279428562673407 0.2119864918727116 0.34504468621662837 0.38800737818637865 0.012298290852554364 0.48026370733315876 0.11777478087184465 -4.711828172942246e-56 -0.03291778239097417 0.4504969286954481 -0.00699097050213163 8.617130514611217e-42 -0.08341411154218219 1.0599799375736492 0.03603223114124389 1.0647986491534163e-10 -0.2166812080449886 -0.027605916566322573
2 3 -0.3223548471988924 0.0783265384306977 0.27053639739836477 0.253824423585611 -0.24399639248904859 0.1657935891730734 -0.19428352628449502 0.011388219074116693 0.11024021159086544 0.2775917482476658 9.890182485282198e-15 -0.3612998626734493 0.49020909191298273 -0.3419453253483976 -1.1494209638828975e-17 -0.08024621549735923 -0.30195971326632975 -0.44365126431853213 -8.049834410515359e-48 0.3765869728861574 -0.15622921269559945
2 3 5.3851175216006076e-43 -9.496460432458137e-12 -1.3727932607237538e-22 -4.693346158419888e-32 -2.2916170017052694e-30 -7.780864432933407e-17 5.095294140579551e-36 1.1336415648249612e-48 3.52763952441773e-46 -4.2208910713804516e-20 7.877525181588969e-51 -6.169370606287615e-36 4.5382368169373805e-52 -9.10041359775358e-53 -9.840891137214676e-49 -3.766623954286177e-52 7.673235603035486e-12 2.2283523309205626e-22 -5.381279446959137e-34 6.218221488679255e-42 -0.28137736056005175
2 3 -0.16413138804766894 0.00029662205820360125 -0.3664665157915066 -0.0759859774829636 0.838950470200088 0.013845868222296337 0.023880420340599076 -0.4644490144181787 0.4750720540277086 -0.17675931001244954 6.755549376521158e-29 -0.1741542044635332 -0.6430596003361331 0.43787428981030596 -1.144477763292348e-22 0.40614485039824644 0.8888922004644629 -0.45117130013189183 1.9381523167974863e-56 0.2388999095738225 -0.010912564955415515
2 3 0.2331750509485363 -0.22720781590736736 0.3465789745252308 0.21081822395535685 -0.5574101960829047 0.3902463396819093 0.16285160677122587 0.2008215562947373 -0.24014742210456577 0.22744110753873006 -2.732005337960328e-21 0.13755337985020166 -0.48105820940118016 0.3226489995265522 -6.601434060155039e-55 0.3582357066809306 -0.14538622545840116 0.37122448244444356 7.832571768518036e-42 -0.027298258329044773 0.3209320732218305
2 3 -0.0425502354761865 0.3292675006364951 0.41839249591639965 -0.07737916208851447 -0.60366393392618 -0.17463876447353927 0.2779218971071217 0.07831873520412408 0.005538506889784743 0.02404274983848892 -3.213494697327046e-39 0.29717578984663046 0.19890583704951828 0.30090674592409467 1.1104416058902848e-21 -0.2501344390159917 -1.0071522608042185 0.10064523240648728 -7.026920975872865e-12 0.14947426556444057 -0.0128910479439112
2 4 0.06869907840473809 -0.48946601377213955 4.492097672776728e-39 0.1725117008346654 0.372074925934071 -0.3241218946708108 0.08834624580751307 -0.011650662489379475 0.1081046125034693 0.31447450512644376 0.27707589734284793 0.25191165791471265 -0.7294295577477207 -0.3117406919441932 0.15157781896531322 -0.30177737075339 8.059414940945528e-11 -0.2254900071876431 0.2899852563320996 0.46461338601558916 0.023398866075184738
2 4 0.21087105441744944 -0.7727707597970012 8.295979999008181e-14 0.0662916808498978 -0.2157255134176918 0.28853001879015583 0.2762539935214024 -0.2061513730172672 0.19476762765709008 0.3503838981979166 -0.6307175588808601 0.11149512876035572 -0.18532061439483496 0.11768805965468995 0.016919974647070693 0.1614696959077721 -4.681781154348177e-18 -0.18590615213786993 0.0014106384293742997 0.0434832380673542 -0.04074691866604693
2 4 -6.210660427277922e-36 -8.725075891150157e-18 3.591061553675316e-13 -8.705728588861335e-11 2.4900846453998148e-17 -5.2870391661135476e-30 3.02085327873727e-19 2.9017038801868634e-11 8.815306915328077e-42 3.434061342445684e-46 3.4601752981677616e-13 1.5470194767521306e-56 1.6787188262603414e-19 4.876442980366818e-56 2.211300592799948e-11 7.729753053387541e-16 1.12029531936424e-40 1.5593963877596165e-12 -3.817306092565508e-11 -1.0514099946961715e-16 -0.2926739734766525
2 4 0.3528939783387753 -0.1538938709117688 -1.643360496835639e-12 -0.24998888183742943 -0.4373297165663549 0.32426502637735866 0.6960767949412746 0.06234859946852095 -0.06037269228285664 -0.003391806495876743 -0.4856765761203833 0.29993650043144643 0.4220421914528062 -0.05819233519788986 0.14507695369588683 -0.29557197197800456 1.4225990297680528e-11 -0.5030810686426597 0.40968252488218215 0.3077829312886891 -0.006666982163392131
2 4 -0.3723301197357342 -0.41852380577224235 -1.0063661216311454e-54 0.291205721672135 0.0833551065670541 -0.2154980746037756 0.3018331368558107 -0.08164335758281602 0.209775937402079 0.11599289076180455 0.24262289152037653 -0.21708999021758532 -0.26951944731645955 0.3045340003515653 -0.3851806752382089 -0.24000199943784054 -3.1063139406602854e-20 -0.13265061436916162 0.1372393945964342 0.1012650177195667 -0.022618477887756075
2 4 0.2304185484926408 0.2009538780150664 -2.740156354562046e-42 0.18037479461006065 -0.0766139266652125 -0.3277793554648183 -0.339097662687044 -0.032206591942002524 0.1614396466158253 -0.006709263379657767 0.053024174784110034 0.3249040628940275 -0.5603400539354905 -0.37986007342312483 -0.21495731399124418 -0.2716901373690456 -4.3523734418413883e-16 0.1943516982687796 0.22557262648750329 -0.19934838046637493 0.039489424445518034
2 4 -0.1539748513704337 0.3612238938539605 -6.678471359165089e-32 0.1951955774964057 -0.24138937018036782 0.039500997136623126 -0.07467902677964734 0.18545282534454766 -0.274170385155368 0.3091792658719926 0.14972877349754735 0.1539572114210252 0.5491045808519462 0.36278396735840723 -0.011857040988300269 -0.2838553608480759 8.46048856504538e-25 0.05502144775086809 -0.2712429824766134 -0.2392759342510661 0.19041489292428052
2 4 -0.19229229033409986 -0.15199412942321855 6.322371446917526e-34 0.3639788744805909 0.003870822146614411 0.34682249339472615 0.2951924358662433 0.22058210769153294 0.39555097215176305 -0.094659094761576 0.08194516818075169 0.019358054115524225 -0.3693645681290817 0.3689119358684856 -0.4161582918433324 0.26575561536363246 5.96380567624632e-48 -0.3467169868243542 0.3288430258309838 0.20413891771609693 -0.36798644236603856
2 4 -0.43102713638049167 -0.5512596706899555 5.3184388630065656e-34 -0.2279339440143156 0.026621593232653767 0.42609029596545533 0.34682103804519726 0.2044143675831613 0.2576407774710142 0.021928702854914477 -0.3716203969926095 0.2306475595914418 -0.41475395817021327 0.0772359731920633 0.029724033857031696 -0.022396484140432438 -1.0945278271458265e-18 -0.3952882311473433 0.30721727343977684 0.3673017775011856 0.08046566517593544
2 4 -0.0005995851549348629 -2.270456219324914e-05 4.016624110456398e-44 -0.20900469205313318 0.16661949898317965 -0.35308485375855764 -9.16896342903351e-32 -3.531495240689975e-16 3.964130339889838e-32 -0.15321697880393118 -2.420594280393701e-34 0.14794019969730743 -0.0008637228223205449 0.33027917073540236 -0.130323388627547 0.24109639682918851 -6.253751948673801e-13 -0.00689970796924144 0.044781326529901695 0.14175998909171822 -0.3608487950652591
2 4 0.425086465347401 -1.1825627823760216 -5.237211253180278e-25 0.2734552459989512 0.17968549723803015 -0.0879665724822348 0.4202246061510743 -0.017865613219856157 0.1624932778479934 0.41445055184240814 0.2702756740877826 -0.03774261259000051 -0.45101331852165005 -0.2722795831178848 0.042636967807210005 -0.11742209463706384 8.866909230150065e-14 0.1724367131472462 0.22143338025327255 -0.21507633662278064 0.1313424536816384
2 4 -0.3173441112215463 -0.39304507398740346 9.641432611065369e-11 0.2819695910159571 -0.22949464081877363 0.04821422566658554 -0.11771022886614183 0.27769076116178343 0.15948337271361143 -0.33911413476692503 -0.3333118666009083 0.1695960167880841 0.08423458796817425 -0.082372902358483 -0.07374613529303933 0.33312493216818534 1.4502437553965117e-21 -0.5609549921118817 0.038824914445066604 0.36695072502863285 0.22663991767829939
2 4 -0.5337136726740676 -0.19991095168261355 1.2445000709648193e-52 -0.3511551709629445 0.28043232868215184 0.10539761456649045 -0.2377662488498871 0.010245521414547295 0.3752985763453345 0.03471441205638999 0.32573316428967625 0.08988950096908342 -0.2877453538481759 -0.3399099406423324 -0.1041016123546456 0.20914469477845937 -4.7470290091596034e-17 -0.3963941041984598 0.3515885509516507 0.4260529096336178 0.3562526396471889
2 4 0.03942516430968636 -0.47472666792482443 -7.339288528812288e-36 -0.22584496186951886 0.5494850204509484 0.012337823613994613 -0.13287226245412623 -0.01738149387609292 0.04890123191582432 -0.3423546774827016 -0.9820507575807074 -0.21224636302247832 -0.15206482425099588 -0.0244055471589205 -0.5821970078276287 -0.13513612471590292 4.262433632843424e-22 -0.15364264596801447 0.19122711476319165 0.37046969445496186 0.28166333271704264
2 4 -0.42454462667321774 -0.06664096231077839 5.642664041636076e-16 0.4400690483111204 0.4957497514382169 -0.3625432197590918 0.2619806175365346 0.1762233822756492 0.04889784744551027 0.012563234712392936 -0.2828013053370415 -0.40565657623967855 -0.007234066013529504 0.27549929490135533 -0.14631449470248828 -0.1646828687612039 1.59330615637642e-37 -0.14922008975238996 -0.04254748911606125 0.34504914078668164 -0.00860258315151573
2 4 -4.2822688711620316e-11 -7.570429683107238e-28 -3.411775530406434e-14 -6.879124843975043e-59 6.449704653163421e-21 4.91994492568067e-58 -5.998045124997161e-19 -5.583148921435762e-38 -1.1350830940122023e-55 -4.682584655690138e-56 4.332217709884721e-32 3.2648399825169147e-56 -3.9840236652671356e-45 -3.826927462434474e-15 -1.2078440257891524e-52 1.315314951140391e-10 -8.679533868867382e-12 3.1519247664969363e-19 9.451263014248497e-42 -8.76190976992994e-18 -0.3794531457822936
2 4 -0.233426749703248 -0.39171832085848446 -4.212128944864026e-25 0.2852686438455427 0.27881721789075015 0.1112159214871226 0.41745872207711704 0.22951157361872068 0.1408406796187519 0.1922422757598425 -0.5327066631451243 -0.20337363828224275 -0.13438650998195434 0.12667264621867433 0.11874883997716149 0.310042192212831 -1.5466844723221082e-45 0.05309124349897908 0.32759345841489906 -0.29580148773348236 -0.266885502034239
2 4 1.5997076074135967e-40 -2.9656210899776614e-19 4.174753017656129e-39 -2.148963343405308e-10 -4.562047184532146e-17 5.945322817166227e-36 8.5716327972025635e-44 -5.298312494532338e-50 1.6199852023607853e-57 5.853344508067612e-29 -4.516338196220252e-12 -3.1696424632373935e-51 4.4973720317641616e-15 -3.8234124800419485e-42 -4.0018615809415527e-29 2.1266922826387961e-23 7.047006896839147e-12 -5.949926912429884e-47 1.5119740504140713e-13 -3.078940928789195e-17 -0.35586073482024094
2 4 -0.8664945102085941 0.029667025074966328 5.0529238339427385e-11 -0.5574739968367936 0.49260686364971845 -0.5439962559094605 0.2545441144468726 -0.013609409853909184 0.5109891163814665 -0.4832575309691341 -0.27557991259524217 0.2677653743136796 -0.19806786641514745 -0.009658267530538172 -0.19504913008117156 -0.23938649497856251 -3.9611306294369105e-16 -0.49475250122696124 0.39457316946217375 -0.5161620429949549 0.18431955683843446
2 4 -0.3817075293881879 0.10675409536886853 6.106968050854881e-36 0.5298600990114756 0.4890590699324174 -0.3201415253638378 -0.357386640037181 -7.75216277848841e-15 -0.02710316015621797 0.37620774898833276 0.46642629725257606 0.13021973704545828 0.3221216149618776 0.25927240914352245 0.2679339561557388 0.14820740581930877 1.1472245095045046e-12 0.2679092274375495 -0.1370606148750916 -0.19760652456692723 -0.37424813864299944
2 5 -0.49291945988702557 -0.18360631765039775 -1.807541554774925e-59 0.4160636414985306 -0.11664700019848635 -0.3005710046428735 -0.2996459958059269 -0.3425568071863466 0.19634824516507354 1.2364876609751311e-17 0.30728682958429915 0.06803621388342648 0.22124298332824166 0.04034563592691636 -0.3787090937031053 -9.149468230435378e-14 -0.27490763131268375 -9.081663966252124e-55 -0.5747759621376736 -0.5893446925709147 0.2370596222014382
2 5 1.2433816784935523e-56 4.733280557863638e-12 1.7849800457655851e-43 -7.531124240809392e-51 -5.27406648713192e-13 -2.842851627373309e-13 -3.6793254383607393e-16 -3.036919634176201e-53 4.84292831481888e-21 2.5494010591310495e-57 -1.98247488345811e-39 -7.478981718187714e-11 -9.067932887281496e-19 -2.7228821995739124e-57 7.465665886114836e-36 1.9769749747418944e-13 -2.942340512924722e-25 -5.205808263370871e-30 2.2187773716419014e-51 -3.2950072844102264e-53 -0.16747855382215573
2 5 -0.40240711479660335 0.06606749973495116 -5.914406102640544e-34 0.3944059359510263 -0.1690370985700067 0.28828045070330643 0.3734777227862643 0.32721531523417285 0.24181162958143448 -0.06468382267911021 -0.5318140929490357 0.48631509983348986 0.0414452219762754 -0.34401627618771086 -0.3441068916774699 -4.886594160109551e-46 -0.4543725882551904 -8.0116146651272205e-56 -0.7955109097783799 0.36500935752995883 -0.18988490166768712
2 5 -0.2888727130836753 0.25986223790469315 5.710782012201768e-57 0.08240415372013032 -0.13696467476281052 -0.2090746884665498 0.24892245529521015 -0.22331876428288341 -0.14705336320484463 -1.4946863064591134e-11 0.453697170622981 -0.20681029572437123 -0.36268624025857776 -0.24791473749009887 0.19506358754282282 -8.067160115498136e-29 0.10034601944127562 -7.209257167722437e-51 -0.10197408227794001 0.3182772423616908 -0.13827092075036979
2 5 0.18264670946775297 0.000987095527601037 -1.873483919027209e-40 -0.24764460462235613 0.3392564404995798 -0.2560240712047277 -0.3120325827457103 -0.018654546246809012 -0.06800171483632833 0.0407309572495893 0.38577019404024476 -0.1363219978254491 0.27150192541864104 0.3629870087081332 0.02719651391865552 3.849975266785236e-54 0.35853162335276295 -4.3061146847472153e-13 0.5601900268770015 -0.43936270660392823 0.25865762648865925
2 5 5.549101122572931e-55 2.44181754679594e-10 2.593635513386399e-20 -6.267837239208432e-29 -5.626797410603694e-15 -3.053186225625144e-54 -2.0395381588849004e-58 1.1215210198475035e-48 1.2942233501142642e-32 2.0390888034214596e-45 2.9868334035733268e-15 5.750070920455162e-12 -5.6880169129479425e-19 -2.559559996990823e-28 -7.28336381479402e-57 -5.199192827986251e-25 -4.714514951025303e-46 3.033249229873755e-18 3.357371023620908e-39 3.280588968659021e-18 -0.3708849954362012
2 5 -0.13190499628986763 -0.25821884916268084 -1.1142830725237219e-52 -0.3630013507336241 0.11130169477267618 -0.1681977048261702 0.09181259751492654 0.31629867078013574 0.2677669766140159 -0.0057380480579630935 0.2765793759350209 -0.3837859326704551 -0.1339474349442914 0.004209305313692774 0.0910979753346358 -2.6540456433209938e-36 0.2716006855816914 -2.690386374621944e-55 -0.7300289873579106 0.7677452543902863 0.3739794613748576
2 5 -0.12767195728513706 -0.1334754308542796 -1.1345333958280366e-21 0.2229881058048852 0.20874286801183942 -0.008082789052298475 0.1298118434093825 0.28698218932559977 -0.13023245904296193 0.15457283814195433 -0.24187075689836526 -0.27253428712428046 -0.24004963340403127 -0.45320840656114086 0.3159240770223413 -1.0971629367538743e-25 -0.2524989349059603 2.477334794281351e-23 0.06733191474673134 -0.14052956074434206 -0.03344226843002836
2 5 1.1120817325933817e-14 4.9089788139543165e-43 -4.1867526006118226e-30 4.640613847481106e-13 -2.01723897959379e-20 4.8087123744491e-57 4.776194257809462e-35 7.633848871594486e-18 -5.446153837370669e-25 -5.959915452015682e-36 -9.149306706761104e-49 -1.1778568223950497e-18 3.273866411446168e-44 -1.7033215712131943e-16 8.908182839993373e-35 -3.2719972291056037e-12 -7.829816586355505e-56 -2.6470197598956913e-11 -1.3592586393891548e-19 -8.936529030107063e-55 -0.3166026297687046
2 5 -1.4973934358974528e-14 -4.2000628230169923e-38 -1.7497550158820997e-15 -4.6234892249091344e-49 8.218649181135631e-13 2.762749767775832e-15 -1.0233211423387038e-11 3.979532665266407e-21 -1.4657723831699023e-27 6.778270792617718e-44 3.058778026085124e-11 -1.1893819448434576e-14 -1.5399135196943269e-10 -2.135714811621311e-34 -5.953055631292644e-29 -1.0382297792672794e-12 -8.004016830998459e-13 1.337999096343754e-39 -4.96941914482029e-44 -6.8648980338209e-36 -0.012865654900395151
2 5 0.8608372748019227 0.004739417437511315 6.697919479239455e-16 -0.17662494745519056 0.38167331072576427 -0.13664763096240753 -0.21383611892823598 -0.07887765010540082 -0.1940517741624091 -5.296835181709717e-07 -0.0696194951031218 0.28655938136426484 -0.37787362530217716 0.5454308068405075 0.3267627532391745 1.5165857357700805e-49 0.36230916781122435 -6.838708259753424e-15 0.9170993209421443 -0.41465570174662225 0.26789518293613673
2 5 0.31955147849595816 0.22625245869635124 2.381596982003604e-42 -0.05433037329985455 -0.15193397941866388 -0.12345504342207456 -0.24576791094067296 -0.010051420188456759 0.3397641298510807 -0.025024950329087237 0.15119513640418114 -0.08955267385605241 0.29729950116720166 0.06489943528212219 -0.16693057739623415 -4.3154541041490355e-45 0.31815688268334086 -3.6602867051539693e-53 0.32934876808316593 -0.3747054808797158 0.29024215767454914
2 5 -0.1733545197961093 0.13453463581454705 3.824353064104322e-39 -0.3548824738666883 0.19742950278626945 0.07992023773526737 0.25507129066530365 0.01198488918697715 0.2707229337096868 0.030342241075389378 -0.004537197954344306 -0.227373312020164 0.29816756293662783 0.30267262638260545 -0.3486670211146455 -3.976260957231844e-15 -0.09500321319021374 -1.2067752294218772e-11 0.176779329053089 -0.5044686201875188 -0.2595946595937416
2 5 0.19451351722489713 0.04305095523832112 -3.4203412875518025e-21 0.3424203926946178 -0.13199942899086645 0.08087629196744972 0.2124400071570157 0.40424018839402415 0.20301854958667373 -0.02833429343652671 0.403366133628423 0.4636995939109019 -0.05295346369730088 0.5262598794677102 -0.12454535225631876 4.476845669736465e-12 -0.22696521713660442 1.3005498095624067e-30 0.4222054513202444 -0.39038673102770793 0.22336230711670288
2 5 -0.4142172358729569 0.38495721759122103 -2.882490039175654e-14 0.16595951075067222 -0.3484649842483346 -0.5793447819353554 0.1187345896976332 -0.5807523321394134 -0.23549156684561445 8.408214109496689e-26 0.07935922976274294 -0.6845147335507454 -0.3822112174145137 -0.6246910052253045 -0.3367713837168467 -1.9115127807664196e-10 0.023236977370115788 4.142864607030669e-48 -0.035549428422997666 0.3019333913280214 0.38370364039089694
2 5 0.2039043465972251 -0.3843774123769791 2.1732053267583264e-55 0.23829447783440774 -0.10450968662265618 0.22337190284737396 -0.21816531637284162 0.020804382965898465 0.15803077269584107 1.3294572335056009e-20 0.05069031478441265 0.010208708713420214 0.055623434681532774 0.07871050072825769 0.11864320605477113 8.534926650307428e-12 0.028708111488269794 2.8062890910678664e-10 0.19748698366066936 0.15703341679928828 -0.3760721412630024
2 5 6.443457486952086e-11 2.9848014202392224e-57 1.13414663978766e-20 1.10820609713766e-47 -2.763157297921227e-13 -4.80897741293617e-22 -7.320400506874753e-16 5.382444026827178e-22 3.4213959357908433e-29 4.732750543279487e-19 9.428027086419998e-45 -9.725367213034046e-11 -3.2083065695629076e-42 -1.7928263435135049e-40 -3.2287418836780487e-56 1.40840606571522e-13 -9.691662749463666e-58 5.335000004457705e-15 9.850124273485493e-55 9.879836452519798e-24 -0.04472654247745744
2 5 0.5267073813673914 0.20358947993587784 3.06762259903573e-15 -0.150110884050268 -0.23112514110010474 0.34698691649867636 -0.09807226798577884 0.1915774963138409 0.2575819303047479 -2.7822905005699652e-14 0.33452991159811146 0.037165302204824086 -0.22995264305580018 0.6189759891566852 0.32988565588087276 -1.0688948861767353e-45 -0.058624278327784045 -1.577641394673906e-53 0.7968538603049183 -0.848082697187223 0.04480626310512021
2 5 -0.13894051483178288 0.35746501501705236 2.1889742323033895e-55 0.3125259195336789 0.3254261096313886 -0.09808753320824755 -0.40104677777019004 0.09600417087059797 0.3205032338570759 0.04979562131617404 0.010359888862226507 0.23893927809047613 0.028738522352279142 0.576036299212522 0.3289544109323316 1.2677196155237774e-56 0.28959982277530316 9.184563232859318e-52 0.5661699067125079 -0.45624003931491136 -0.10388839907280492
2 5 3.4332732486827176e-46 1.0002430705730286e-22 3.8743790166886453e-19 -6.639080672076892e-38 4.466813757840494e-35 4.1570440565926964e-11 -3.0139363710943784e-10 -4.6536864121981934e-14 3.3962141181144292e-40 -4.932291646752093e-29 8.183848959155298e-16 7.70716872761281e-15 5.647278541973599e-27 7.238977224713607e-48 -3.420869308957585e-14 -1.1006967474799008e-52 3.585948215603928e-24 6.4218415525540085e-59 3.857892557588743e-13 -5.608692716363527e-14 -0.35712362758861094
2 6 0.3171956732481086 4.903419256574169e-07 0.6864023665546459 -0.7077223767687603 -0.2976372555836887 1.389699326004737e-37 0.1443739312871802 0.4779534663467832 -1.3804028752642543e-13 4.475095561233012e-07 -0.07426321068620664 -0.19533622664358707 0.4811906867163927 -0.2882583863658842 0.9463796115130209 0.5680261532169257 5.294777009975258e-09 -0.47605827561438446 -0.38341588373073526 8.98530718018365e-53 0.482334918731124
3 2 -0.011830272671361337 -0.541681275953541 0.3998676922035434
3 2 0.5314029589892223 0.15673203825988563 -0.3847169352168764
3 2 -0.5412582715422067 -0.5085316150483195 0.332004834509599
3 2 -0.7809588151839273 0.10299421580019245 0.10806171200103885
3 2 -0.5166361537055574 -0.4549745613636958 0.15327557894282554
3 2 0.37166546645864945 0.08651781508994899 0.16216775764893818
3 2 2.215091149754541e-39 -5.9121348738548915e-31 -0.18992861107465697
3 2 -0.1668028204242421 -0.343612931502764 -0.18607471773794484
3 2 -0.05448238096021375 0.4210693541237146 0.21477427862510598
3 2 0.27639186643870856 0.6088117738050874 -0.336005105862346
3 2 0.41349030524625036 -0.4998869902203742 0.09972057800325276
3 2 -0.23766082479958808 0.11807545588330076 0.4188139717320085
3 2 -0.22475705152369735 0.39908278978023815 -0.09475548143778668
3 2 -0.415024248361317 0.5077369118390413 0.5368975899660893
3 2 0.2461973694617721 -0.5444951076145396 -0.30365367562502504
3 2 -0.24367272107900378 0.5481411594183454 -0.10004213497195459
3 2 0.46180500625572685 0.14778595766872832 0.4184364034999644
3 2 0.7442342301038324 0.4887528434371292 0.31744851577121036
3 2 0.20660298989044806 -0.35582942907416615 0.29304254520850265
3 2 -0.07723759996911006 0.4821744213782421 0.3512229062093158
3 3 0.16422316010458074 0.19788615943819332 -0.4227383133812388 0.12442074995306213 -0.3628001504273783 -0.02389201624968164 1.3526514956033348e-48 0.13069289355767227 0.2579496759208404 -0.48359977053174014 0.45410394729663706 -0.09737995099303617 0.01986390757782866 -0.10281440503634953 -0.07017198576626046 0.5121977309216825 0.09678283615364444 0.23300958631252786 -0.1899419328315759 -0.3886811254747461 0.08528128733632966
3 3 0.00554379247548529 0.47186369914484105 0.023340853603934033 -0.11965847247216259 -0.6247675483571132 -0.1928288726996835 -9.85149509718339e-08 0.37653275955668336 -0.1567853710305657 -0.2962740495980847 -0.2344261190823848 0.16661126458034586 -0.3223340478398146 -0.1924029074000436 0.3589786917629971 -0.3052821345863547 0.3172525206886049 0.0729187641539604 -0.02533867272557444 0.14108249014280508 0.2857881257627105
3 3 -1.0175385901020677e-40 -9.469128656892896e-42 -8.775335804378776e-11 -3.0601399155019924e-32 1.2314396820249791e-09 -3.664079234928789e-38 1.0823596052229488e-07 -4.7280324622699256e-26 -8.030934122590891e-15 -7.74844341822284e-09 2.0949828915865766e-39 -3.4176555083043195e-19 -9.278905352451583e-11 4.7157017780450934e-42 -2.2153160980524736e-08 2.6217723509814643e-08 -8.022409343368024e-10 -4.3459669683117157e-14 1.6666479702127855e-34 1.3859594690451882e-20 -0.3554805548802622
3 3 0.24018598686408726 -0.27933819421689315 0.0002419377790371223 -0.38693884445574467 0.29359199516491374 -0.10154028336613072 5.1358965353071235e-23 -0.3098275554069261 -0.23406578993183783 -0.04628446912354719 0.12291995139486411 -0.027637488858365887 0.12660244189134076 -0.04389165799657835 0.06568236703344194 -0.41878700622506915 0.10185864030064579 0.30755830762551367 0.14002172167462912 0.09178073731087609 0.18512637963462297
3 3 0.20441715435693814 0.09684830376298059 0.18909947763339452 -0.16040950846098814 -0.13703840613831694 0.08690120238481733 -3.346325591258112e-14 -0.4666916144464233 -0.08123099279715636 0.22597456470638336 0.21350710396502973 -0.25093605135290614 -0.3728525461849975 0.02779160253424552 -0.5205118962095083 -0.2863661668640504 0.3625350703076175 -0.2832466024391927 0.04668043064021801 -0.10224291784110397 0.2309019757517647
3 3 -0.04772897488611593 -0.523172641491819 -0.03380837733396924 -0.4935026778831801 0.03695671464704654 -0.17976161306524663 1.5016487938478458e-16 0.5085534296473333 -0.2141990533367795 -2.2463264959692433e-47 0.3148273588744486 -0.3053193267395161 -0.14993011038702622 -0.020241624164991534 0.5089168888125889 -0.02830564857464014 -0.3204617550773019 -0.26296875324204577 0.222106896713644 -0.24605294672207012 0.05272026284206042
3 3 -0.31395278174724534 -0.43215283612803546 0.13003117469413655 -0.3310422148317633 0.03964788903700452 0.33308358280592576 -4.2785794195894236e-35 -0.07753179889557824 0.18775570467727384 0.24654923740919438 -0.036721405348946606 -0.2048789109687878 -0.4476309535230097 0.19840193261460073 -0.39132089541777465 -0.5469332083292583 0.41920055482336477 -0.19165798602595394 -0.24258444529393805 0.3700401295436198 0.22472636243069744
3 3 -0.19631888731226013 0.02614188461648963 0.18469569436172856 0.08110213948474276 0.01826860916496779 -0.08837435505028829 1.042418047214993e-07 0.58474404732729 0.043734024823619336 0.04959234352814345 0.4217573063951519 -0.11397410801917325 0.3218927850200062 0.2072483411749977 0.6220310187005338 -0.09720396367766425 0.4073757611359155 0.37452674246525586 -0.30837964485715286 -0.32108933773310977 -0.29939981533856586
3 3 -0.16939212338310655 -0.021171580618654248 0.20892420127624736 -0.8154748674483824 0.3342018638117301 0.1066183363007488 -4.090967762254588e-10 -0.39736434046464575 -0.41335558645588916 0.5001847240417117 0.10753645974896671 -0.2685371397271079 0.31115402417781324 -0.3288215022139379 -0.34604231814887676 0.45705603463579264 0.44683480865662983 -0.09759246714031353 0.021600079508817652 -0.41713319285822587 0.27304478119985964
3 3 -0.26674227162983083 -9.567170449032716e-33 0.3569579688235441 -0.08018639136757952 0.14935638271572454 -0.6330185752805031 -1.89663532158859e-37 -0.06552080819878398 0.4035333052555467 -0.0029841104715605986 -0.5670445139137724 -0.2955077733259732 0.10574969164443755 0.35842504450608575 0.00032292206664398965 0.17279678060387046 -0.11500012066403809 -0.4020109952341828 -0.3052227814765123 0.29119747482597275 0.017290644528775875
3 3 1.4472868649611863e-09 8.868901034670671e-08 3.1917580797714445e-32 -7.41664235056823e-08 -3.6498609400004076e-16 3.2025420429633196e-32 2.0335969394788165e-10 -2.3344086650760507e-29 9.151596330370275e-42 1.8586737087655655e-14 -1.5930250689382416e-39 1.13984368057759e-21 -7.142057291677334e-24 -2.2442194424958292e-40 -3.8311053654725867e-23 -8.120166937491371e-16 -1.9255320212982707e-30 -1.00894855560143e-16 -1.2563562079096853e-10 -2.800107743302191e-09 -0.22391230115754868
3 3 -0.16667945002408072 0.4619329463679386 -0.3174543179225646 -0.2951445745560822 -0.5812729273706522 -0.21890995867356317 5.736728043792164e-46 6.565763729579258e-42 -0.19078460708941933 0.26771245999080806 0.27888106673875124 -0.3014835405169759 -0.18757559434806306 -0.05074177703097448 -0.17946333223839034 -0.012284878792986368 0.041757290369553494 0.05756347140211786 -0.06041592848100854 0.15669337274776923 0.13670353071411162
3 3 -0.2419072786266069 0.3961190166513498 0.012763735007196563 0.5078806627493121 -0.290333435477686 -0.3419907381109159 -2.6185148009414423e-15 0.0669748455192625 0.2953509369076774 0.10733566783221707 -0.31408246336957724 0.1626889070279764 -0.21037518541125164 0.33569957544529405 0.23945014229043116 0.025785954958157404 0.21645400012012372 -0.009932861787058309 0.257875921999181 -0.29276492681563693 0.25059382742144387
3 3 2.4819471002670234e-39 -1.6699832439588464e-08 -1.5038053471599152e-41 2.1551157683743973e-27 1.6577408715846935e-19 -6.168428978901631e-19 5.207662046676083e-34 -3.970988523723926e-11 -9.648450301257274e-09 -3.954680363185825e-45 1.8602023477087275e-44 -2.327630986282416e-08 -2.397659593185292e-08 5.1468032627768596e-42 4.901575930800395e-13 3.512054132313286e-40 -5.289110437332984e-44 1.7389181118038432e-09 2.342605730295945e-18 -8.476403288298199e-08 -0.22004159701965006
3 3 0.21313358386471176 0.11680121839120548 -0.028671061240102602 0.6693116290836257 0.15502738408870143 -0.07605089718948384 -1.1688405413031056e-10 -0.2542710090803698 0.11253838037592781 0.48200071281214474 0.23130748460587308 0.3161452908924634 -0.07309135176283793 -0.2524871302188693 0.3328979586403958 -0.19214982398830258 0.3491580374912747 -0.2727162738350965 0.2479934611230562 -0.053169030517782816 0.31461621881481977
3 3 -0.3910349966009378 0.11875280591650703 0.008944712976644457 -0.14201443772230804 -0.13735500453833657 0.24833941937424345 5.245830830922411e-47 3.821577620257668e-45 0.3569955369819674 -0.4451605370696991 0.17216604944876632 0.1145132675253363 0.3736121583850722 0.3576647738395351 7.159795569225411e-11 0.0853920533876495 -0.03617229846867394 0.1354556617695911 -0.27248416964138433 0.19479037376867364 -0.3446296762538396
3 3 -0.6564171644790423 -0.14598361671841945 -0.39365242725990085 -0.2784966235942837 -0.3955060465569535 0.26514810878195905 -2.1397982026998987e-09 -2.2072963769774324e-09 -0.15078261030867776 0.24182155416895076 -0.16818341689060567 0.2936629135487397 0.09341963175844469 0.17745828873797273 -1.7459155259277873e-06 0.48141676153732565 0.08731527151853798 -0.20236320740217806 -0.18828562170549257 -0.2100740228362829 0.05815501130470066
3 3 0.3377225124185773 -3.471179622611854e-08 0.31372008758745007 -0.21695289083651756 0.33738083405894576 -0.23266545913384126 -7.71157160847304e-15 -0.11592649054248509 -0.08892872504459573 -0.3857198720198142 -0.36152216533867626 -0.08069322550446673 -0.2875463498428432 0.44129687747961605 0.14061849340445315 -0.6871197115431911 -0.09560308006971073 -0.19774243281470452 -0.13336132459561734 0.40583210619340226 0.04220609019776752
3 3 0.19081596162314224 -0.5189725103225571 0.07660651771842814 -0.02674638973754044 -0.3948177114750433 -0.09652346882733856 1.0152686090129865e-42 0.32365062088209523 -0.14319448289053155 -0.333374715593457 -0.2008830768305274 0.1708649303073865 0.4877918840057306 0.2589568123103174 0.2975938771160029 -0.004474809106715533 0.24771692029754666 0.07074070823417175 0.34377614669861717 -0.3803634483406528 -0.18031049103723382
3 3 -0.0748716911958698 -0.47890747389814825 -0.035229119009908265 -0.06371879179870418 -0.2074101719399981 0.39225742647405293 3.240455636788385e-08 0.01855610985604936 -0.28152883602720946 -0.20515997899926017 0.2541359397245237 0.04310920059091879 -0.18527652830928257 0.31979804621779934 -0.23732035682347127 -0.39209564961870824 0.1465225360783717 -0.09420635647443952 0.27859652487736986 0.3869639987867008 -0.1792489511144516
3 4 -0.32964144596818895 -0.33445649677167744 -6.217568271064886e-49 -0.1730016217594917 0.16381110082630393 -8.47196496363994e-22 0.4262753781878643 0.5607370066779819 -0.0024333421548996615 0.4232838254477998 2.9079526620311754e-25 -0.34700113678510636 0.39849866683465157 -1.309662542436872e-10 0.21228767851093422 -0.2001672562658906 0.5813438402245187 -0.28067587919498177 -0.15960904560714176 -0.32704813036851094 -0.28975436010216704
3 4 0.34737806281351175 0.20704220264447695 -3.5177572472359277e-10 0.09841347541664332 -0.10083482011750004 0.05874940310244449 -0.30521487231845734 -0.396223598318088 -0.34949869343615647 -0.3433834734107887 6.057006712595143e-50 0.059852016290248146 0.13482860166878416 8.32883297977049e-37 0.3437837597723455 0.5324812708579071 -0.30472242081619844 -0.16894011967753247 0.0874446762038714 -0.36682701288362324 0.05716285405742809
3 4 0.4006956148873064 0.44338220374757265 -3.670810829032094e-15 0.020593318891735417 -0.1834876808759138 0.47286295035389864 -0.3936274979837666 -0.06288568772549197 0.41079795152494747 -0.05026320056636428 7.956683224293169e-31 0.0226597543598874 -0.09817765573910141 -9.811417958001836e-29 -0.019005175626422902 0.21005321155873904 -0.5358257019638069 -0.4477267068293532 0.3361023451454595 0.40989214506232874 0.13776375772948032
3 4 0.27903568419969177 -0.5928115031941571 -1.6029001960560576e-18 0.01937170274351048 0.39869101784900235 -0.3348192105113275 -0.37875320323661427 0.03458384365797477 0.6129389970670095 0.07258642957828741 5.226932770407642e-15 -0.2668678061212402 -0.27754355722203233 6.3404118275576435e-31 0.031612048229024255 0.09570814370892922 0.19459585960582926 -0.13963360824415977 0.031121643408514907 -0.06387354405258006 0.10439090495379692
3 4 0.10816998414588608 -0.15127755926620434 -3.241114401946309e-12 -0.1482905807105357 0.41456091461477224 0.15035801531793044 -0.24833223771474708 -0.2302955969577552 -0.22460194524582058 0.24332763763357285 -3.0838311491554735e-14 -0.05997476822402133 -0.0723856532642183 -7.068919730585434e-18 -0.07683334799378477 0.4876713758532636 -0.3816105850325507 0.38568761012737257 0.13742255266853612 0.031787791851296994 0.37415991499285894
3 4 -1.192386963849519e-46 7.298307727875555e-43 3.42204011436276e-19 3.7959062758272705e-14 -9.93141479545086e-29 -2.8140182679560835e-35 7.276954385584212e-49 -5.99566118865886e-08 2.3439966528905907e-08 2.9083450426030253e-19 4.684976165584025e-08 -2.8075598774370142e-11 -6.550688427730716e-10 1.8171006278460533e-14 -1.0983686411606564e-07 -2.850763206600969e-11 -6.972226594993226e-19 9.154408366766412e-42 3.9993394450217984e-11 1.345446062605819e-09 -0.3574190915543489
3 4 -0.31459472441238284 0.2686473491311021 3.554048686135369e-14 0.24722824248391143 0.28263989236721815 -0.3497613739853842 0.3242286762522494 0.13797082287095352 0.6374493306084146 -0.023647776431777234 -1.2301912500990472e-18 -0.4987711910743245 -0.034328345781493345 7.29536462353533e-08 0.023513222925997977 -0.1452715047126823 -0.16655497678742015 0.18859113083626275 -0.33677164481464367 0.2460545092726925 -0.13695996129238946
3 4 -0.0022780505748759717 -0.08838206360815219 6.427708412936109e-43 -0.32293328092256757 -0.167776961076996 0.008962317658489972 -0.05711027077048892 -0.00012411586244896736 -0.007915805397871107 0.05923832636027173 7.761236880351542e-49 -2.311552548374151e-47 -0.058011094861419366 8.18927095629367e-21 0.04855960160251315 -0.22415670595516798 -0.017865404902887846 0.04303500908000198 -0.14391972573421913 -0.7072022227872299 0.08428976604893239
3 4 -0.13036654495542827 0.01807345439500891 -1.4178307763103745e-13 0.3567054902512794 0.006623206970718218 0.18738434352632147 -0.1513113370064207 -0.2534699652646554 -0.010964490274826062 -0.6982520525874982 1.3052158579216916e-42 0.2508024868710551 0.2149144745731536 -7.524071580771196e-48 0.06471866697663355 0.6240316927213312 -0.4373247525775687 0.18402255743860144 -0.05598826852876751 -0.1139535746462485 -0.08094242666042778
3 4 1.676127723105435e-45 3.5948387887905027e-13 -2.7814296746364403e-09 -9.632781665929133e-50 -4.907018991263086e-09 8.420027999119405e-19 1.9387054200478793e-47 -1.4646106553637496e-12 -8.492064762581703e-16 1.527054184192766e-11 -3.4486746049030384e-10 3.1126919200376782e-40 1.4704842182797608e-15 8.900043500459794e-14 -1.339755877673378e-18 -9.619352426570755e-34 -1.0533115713187197e-48 1.5623162116562953e-38 1.2000266584213154e-46 -7.309558141724209e-08 -0.2268963399307492
3 4 0.25565079346725583 0.05108806412479423 1.4040938511318018e-21 -0.019190096237199684 -0.07870363196320194 0.4974244297989992 0.3940524491034877 0.1514617479669046 -0.18559880562833572 -0.6138313902912038 -5.290445726167901e-31 0.4492423920921544 -0.21891604435632575 -5.370620204971951e-12 0.3944302264363819 0.3918360513858688 -0.05750817186903993 -0.44483570226363656 0.2746635316868034 -0.3391206412903313 0.2577154251214863
3 4 0.0706057635870814 -0.4585445382277604 7.689674383535151e-10 -0.09853877740207734 -0.2962680140459724 0.2682895409861686 -0.13280160302161612 0.3779193703059539 0.11762978766450975 0.12916034546281058 -3.971801568143239e-18 -0.31893521407235825 0.4266612654528272 -2.6435242262566128e-08 0.07929534335081216 -0.03899436855839625 0.4852039833865024 0.1829894550207137 -0.02027829814367946 -0.39314550745185667 -0.09148679309243345
3 4 0.23575025284379278 -0.15011233931936255 -3.507179548371096e-08 -0.31592622995434677 -0.013305360866831532 0.003179489423315053 0.33080039202675926 -0.013660934790391219 -3.960468080255857e-05 0.2242886591437551 -1.1569946083588822e-27 -5.2946755877706256e-09 -0.1954906875341341 1.3738289738238049e-40 0.021478633744162957 -0.2164204615636601 -0.1003594774330364 -0.08331514801072487 0.00010321232193403362 -0.2868916829841873 -0.03365926233443083
3 4 3.9196228029980475e-41 -0.7112269377241323 1.1091476029861794e-10 -0.05835370642444776 0.04189965401520123 0.18294805979885084 -0.4325140147209251 0.24384231321716926 -0.6794634895721351 -0.8865410530391437 -7.706746452100373e-50 -1.9052289997344585e-10 0.10066007834741031 -2.6015115543839978e-48 0.2840402498310306 1.7680166964685826e-46 1.1998882962359912e-15 0.3435617377276763 -0.4703341481168195 -0.1434297488662481 -0.24201600975199708
3 4 -3.9396610288329245e-35 -1.1283465514178573e-46 -1.187356153161074e-38 -1.602074496085702e-08 -8.152447814534174e-08 -2.1867247245450212e-09 -3.290403074982673e-10 5.8964208247934185e-08 8.673169476894747e-14 6.106429325551741e-10 -2.127615314276252e-19 3.481834547630526e-12 -2.11762898297575e-29 3.1776646422901376e-11 5.666402896380496e-46 2.12920527165401e-49 3.1755829890623975e-46 -1.2728124810871756e-42 -9.773880872369812e-32 -3.9980273693328085e-13 -0.05547807861595494
3 4 -9.877833611214343e-10 6.971059204893089e-11 1.634447443688316e-10 -9.961361120627536e-43 -3.471619862316377e-32 -2.9768677175197483e-16 2.722129832988037e-11 -1.3549493571405087e-10 1.5339132606248338e-13 3.686051533804378e-43 -3.8784670909357414e-13 -1.1360667889492505e-08 -1.1327329145927538e-08 1.7133504075374258e-19 7.227319752802616e-31 2.177762596555817e-20 -1.9313886815699238e-16 -1.3942323115889292e-34 -7.276261576741728e-44 -5.5213572247946876e-09 -0.14760533344907276
3 4 7.637036439684152e-14 7.5493376825123e-15 7.198177030295376e-34 -7.692505317561145e-13 -2.6853202231707083e-39 -1.9616907550225397e-41 -8.64620598650248e-13 2.972605413875387e-12 5.235592458461422e-41 1.8462902595017845e-08 5.736580502378075e-46 1.1371314176581027e-22 -6.452848341509012e-43 -3.727657929635489e-23 9.59507898347278e-20 -9.601974490589841e-48 -3.065168143883073e-36 -2.2942561871627824e-36 4.3306750799235693e-11 -7.673494192977515e-10 -0.3604621623518881
3 4 -0.10758063579816435 -0.020908215571309185 2.3802764398779697e-39 0.32703318082697375 0.23961502518998817 0.2659435956013535 0.31416768634271836 0.4627539990850769 0.10375318253738923 0.36119623400088824 2.1211994853693552e-19 -0.05676538079379031 -0.24402190018759692 1.2845069959564928e-12 -0.27120330792691266 -0.4332619270817755 0.007682593696830668 0.10483883133873381 -0.3706226694353009 0.2927528425171408 0.16520143120644737
3 4 5.879789182522407e-13 1.0895467470373327e-22 -1.581623693427112e-10 -5.986720943553908e-08 -2.4232423515080607e-37 5.70489416223579e-46 -2.5401819605748086e-37 1.0564211410987215e-28 -9.677169095308433e-13 -1.1339596635732746e-14 -5.73809880342589e-46 2.513203141170927e-42 -3.1398253869972625e-26 1.027294948372611e-16 5.520228488980068e-29 5.06317202667665e-13 -1.2591248742341895e-45 3.7686517990864673e-20 8.085628327389112e-13 2.822901640752233e-19 -0.3862490402516805
3 4 0.38657865989509244 -0.023200830470297577 -2.469816054988942e-27 0.22280642018337538 -0.36373287701098245 0.6565529373278058 0.3700780776948109 0.5175634249315411 -0.10318267230078029 -0.13337369903251084 8.02705233072984e-14 0.04172864059589969 -0.3777587255457525 -1.6800633013112514e-36 0.3566060182939558 0.4187890180712267 -0.1340276018577949 -0.43663209837710293 -0.28929562270336556 0.40106820554481837 -0.370260954527416
3 5 2.3439732549183377e-11 -2.0560032928315347e-19 -4.415529110413673e-46 2.593647042174746e-17 -5.938617708263442e-33 -5.563871691949142e-19 -1.7231303904595595e-30 -8.845262049281242e-42 1.139408208911999e-32 -1.1455247534914184e-07 1.1868329113070101e-07 -6.1431179966122256e-24 1.7415373130490825e-11 -5.484045468631775e-10 6.428373494267595e-44 -3.5177133009511895e-40 -1.8618080424625793e-15 -1.9755000311109575e-10 1.629939442937763e-09 -3.8247685922328196e-08 -0.2692033923893892
3 5 -0.00016927089821256198 -0.002182961609216366 0.3042750798796468 0.30754042252777214 -0.12251175408504529 3.802390248007362e-15 -0.08926888610430753 1.2386513454186751e-48 -0.045442223438048594 -1.8610721323893837e-35 -0.37663597223957457 -0.02540241326055815 6.242767553179361e-05 -2.3839142044788887e-32 -6.427038245747595e-18 6.024038982232598e-17 -8.501633407025045e-23 -0.3253645529293842 5.436904122465552e-35 -0.07848845273349783 0.0778558944182763
3 5 -0.016341431410994006 -0.4867196698376733 0.1517395408750856 0.09564357061171079 -0.08796272988727136 -1.3056159288669868e-39 0.24792325043854177 -0.2270676196987441 -0.256753512230007 -9.633021280577234e-27 0.082043207094388 0.24609392984719428 -0.050976481179437434 0.5567123817591183 -5.984087909692365e-31 9.155887782014853e-12 3.490995957899772e-29 0.24974794503798312 6.709114955714474e-50 0.49124434239227954 0.3607670443422452
3 5 9.165629933883905e-19 3.2095858809988492e-40 2.5031553759257108e-39 7.0890429476504574e-09 -1.1544883518994681e-07 1.3473388532320596e-16 7.472207550909719e-33 -4.018376368624664e-12 2.4505760622748165e-46 5.1310178947268225e-09 -4.3202164832753244e-21 -3.323752698067208e-22 5.3242484750743535e-11 8.900332476945998e-08 -6.633769437441058e-10 1.4352569449098456e-21 -1.1926482827492204e-11 1.0867451968337403e-11 -4.19752992853322e-17 1.2729994120472664e-12 -0.22227168888145354
3 5 0.20259428961032447 -0.37765723827831027 -0.5735408588240718 0.6730016218659729 0.07553584004843096 -1.934666037874492e-44 0.47867591619041755 -0.23464489988982373 -0.012183946270284173 -7.447837637142044e-37 0.2228563835058055 -0.18022849183012174 -0.23247752314836131 0.47034052446796754 4.2442584610612215e-23 -3.2155790203825416e-36 -2.6526859048020635e-42 0.3591303314255297 7.234462837256506e-08 0.28243670166829016 0.2266534400500772
3 5 0.11238119179825078 -0.45407735212996037 0.1431066087937276 0.5089991475054793 0.19064637212294788 1.92299206832791e-28 0.4345473649050786 -0.23653253424920043 0.03389650360464087 -2.6221160297184767e-14 -0.18338973348843068 0.10905218737507899 0.22649859818578078 0.4769792985493482 -4.682445840521485e-08 1.798500955459393e-14 2.2148820047241075e-26 0.05136586674822017 -2.027399739327628e-44 0.5678618754989815 0.22736267514863784
3 5 0.13409430540596703 -0.19606734862119804 -0.514091240680539 0.3734304961912616 -0.07904499628931427 2.1823411943498653e-26 0.49641888255485833 -0.5668805691611422 -0.06796479264358657 1.0061272918561625e-13 -0.01212435265637788 -0.21204060928641022 -0.1920389530382574 0.6607244993069793 -1.0828036695995119e-09 2.3213718323765925e-40 1.6302275340717757e-10 0.03345224309699949 -5.558936432802157e-46 0.08516906614140526 0.14797030199164804
3 5 0.5350213137445256 0.025671037822216296 0.10677959950967036 0.624664662608937 0.05277645035396825 1.3379218995272749e-20 0.4621552734115127 -0.23445039867717216 -0.15564876251532572 3.0386314633268045e-13 -0.2053387817886628 0.4147927204282039 -0.37134344902032684 0.3047728371741324 -2.2581687421020117e-48 -1.2688569971607899e-42 -2.0808804720437742e-12 0.4439329271656606 -3.3129930305987655e-10 0.23461539489258784 -0.06938726385827498
3 5 -0.6183705207640726 0.0787753926287846 0.6633727914908305 -0.7491184277568135 0.01469774318675921 -1.2464548294958568e-08 -0.41376157431246113 0.1360826388021096 0.46361994914519844 1.4880441318573455e-20 0.5678772249822216 -0.3225829884250406 -0.04148732085194584 -0.4539911077662173 3.865790875081965e-09 2.4396417702557913e-39 -1.3441163670124704e-40 -0.46715186963982225 -7.70328352695678e-09 0.008132141530248283 0.3350255163667029
3 5 -1.3168709376870492e-08 1.484374971212454e-11 2.330619040663398e-39 1.5411241368009512e-10 7.298152952779479e-17 6.192442853606103e-12 3.2131748579637785e-34 -1.196480552982051e-10 2.504645613013557e-27 -4.12754234965836e-14 -2.140707827782133e-08 2.625603390286704e-14 -9.560173843926311e-08 4.213812528807621e-21 -5.496976253271205e-18 1.5115109981374817e-16 -1.4749839694539356e-09 -1.4538829595770349e-16 4.9727592570111404e-48 2.6918079509359547e-14 -0.36646558858220035
3 5 -0.09448775226531389 -0.03233356477271769 0.09094139463966411 -0.08350324647366739 0.06715701605478805 3.095792634918617e-16 0.1300989590647884 -5.522919989423402e-46 -0.2526095299353018 -9.249979239858925e-15 -0.1992756952944947 -0.014839875218247174 -0.019613475391095113 -1.2148483720621644e-42 -1.7272918993938773e-46 -1.659437798824448e-09 -9.153834623013839e-46 0.1733510100978067 -3.9288518867690787e-23 0.24990378362496757 -0.16413839378095998
3 5 0.1469637141810752 0.08287100316577804 0.5069830580609119 -0.29077742150828284 0.11117815370585488 -6.889964630118518e-41 -0.011519249798968083 0.2331007954161223 0.0019937077581339033 -1.3258246657532511e-14 0.1898020685854516 -0.3064709697717596 -0.2834187115585036 -0.4137963312592717 -5.190933803581991e-08 4.699600804861301e-33 -1.164131484299955e-20 0.20645700431445382 1.9044954673811805e-11 -0.2182337670746147 0.37727540773643803
3 5 -0.5147563292218172 0.5423665430953077 0.3382982938108555 -0.3568594788965649 0.419773692736783 -2.2499267678717835e-13 -0.20774025022078194 0.24329890188384093 0.12248441155759261 6.296190989062066e-29 -0.04725333337355255 -0.09105040970507744 0.1321111483038977 -0.5817318007733139 8.446462502548969e-19 2.84788454821489e-16 1.2582095816015647e-44 -0.35800949569016177 -1.481241136056891e-15 -0.2850151755175585 0.08279514488089137
3 5 -0.7440807175185857 -0.07322913925327384 0.3211468360304231 -0.771756275617069 -0.07088537114104883 3.9834167335165583e-13 0.031075476780647822 -2.165460988715128e-37 -0.34691376075623415 1.817759898732561e-43 -0.004691659756156633 -0.4416096830644339 -0.21967585252060906 1.423550112642037e-12 -1.3385740263873965e-15 -7.056506850475222e-13 -5.405548931570872e-44 0.03257815540156056 3.798604656516387e-08 -0.3729972924566014 0.12646910582035636
3 5 -5.779800538885356e-09 -5.069973516408075e-13 3.912321572024609e-19 -4.88097747571697e-16 -4.7660709108554236e-08 3.726964794743362e-12 -1.5342563547246375e-10 8.041940563890467e-09 5.272275159792938e-41 -9.515642640702943e-19 1.6038053139866044e-18 2.3727156460329453e-11 -1.7206666803060352e-34 5.1940771510649545e-40 -2.1944682563985174e-19 5.30952773266508e-09 2.8265420176338506e-18 -3.760931338063113e-32 7.556714081316309e-09 -5.18978363052196e-12 -0.03719388252148398
3 5 -0.7230590400771849 0.28565112869239945 0.5338436581450875 0.03563040564613485 -0.05717054964497203 -5.339742976103569e-21 -0.2534201433564396 -0.09468217994432614 0.37022452156365576 4.98010091405862e-35 0.4291625961569232 -0.46815902886475486 0.21245761420041526 -0.6720673139983132 -6.437758141327357e-11 -1.3648780432487837e-26 4.628840792203375e-12 -0.09506047246542551 2.333996056175208e-08 -0.10148678182855767 0.29764908160148423
3 5 -2.822170140113764e-33 5.4784371097647816e-18 5.465896977515185e-13 6.6867839498987496e-49 -2.3417502202354793e-16 1.5718710593729568e-12 -1.5006179147086196e-12 1.4050085636751955e-13 -4.6998656132493236e-18 -2.2906602353050393e-20 3.411558258025787e-21 -3.6698828246943045e-10 -5.698999639744978e-08 -4.559542064309821e-50 3.2462533337701063e-10 -6.503134385797783e-10 -2.027990414843555e-47 1.5454452913778272e-08 -4.181388020256412e-45 -5.824781014017406e-10 -0.261887440624738
3 5 -0.017734234182235277 -0.07566890763439713 -0.17056699017768265 0.6721372444809529 0.047348402132369675 -1.728118689291047e-11 0.29194942449991146 -0.23439879607897038 -0.02685727760487008 3.920660474376345e-09 -0.5014807655090227 0.4191142726811103 0.2832674192677993 0.3964712439602862 3.1454481772854514e-36 -4.740773161490456e-31 2.361443202513985e-46 0.38358724542507094 -1.0381392418457256e-11 -0.16984616778338274 0.3058296939316002
3 5 0.42692476031432275 0.0954360052168304 0.087620442586333 0.4420979618687271 0.08965282909215469 -2.681636139082391e-22 0.249621423475775 -0.2319897217055584 -0.4620859179086005 -5.151312680129823e-29 -0.30965681960933383 -0.2424051220670086 0.1650676319321542 0.6456516276768144 -9.956034692498261e-27 -2.8954835699507377e-09 1.1480899584246972e-12 0.22998871427259066 -1.5456577580188541e-46 -0.07133796270541977 0.2861145279383121
3 5 -4.842345615113872e-10 7.333460765543875e-10 -5.916780943846286e-19 2.2826278870484306e-16 5.800306398128761e-47 5.473451316101123e-20 2.522828644883891e-12 1.2317764583090552e-20 -3.268401634795859e-14 4.28264751290492e-09 1.315451988668947e-09 5.23349808292399e-10 -1.5817815238254266e-10 -1.7040151653611526e-09 2.331180080764162e-27 8.877636755600581e-10 -5.226581759229917e-37 -8.38940044300032e-13 7.605674283251943e-09 -1.2471508702846297e-08 -0.20974351835528338
3 6 1.4089299510952616e-45 -0.04005882852968007 -0.4446485766466887 -2.707822140424947e-40 -0.43944047371524364 -0.5102521102565397 -0.3568384648636499 -0.3672277878149906 0.22999197333205024 2.611504845982094e-05 -0.26681881523042883 0.39466320603359184 0.8658913115546873 -0.6627466965186317 5.087541496028006e-07 0.6159457978602628 1.1787378505075016e-05 -0.3986701290722885 -0.3587676977646636 6.972747631566805e-10 0.41774486773765424
