Number of NNs: 5
NN configuration 1: 2 20 20 1
NN configuration 2: 2 20 20 1
NN configuration 3: 2 20 20 1
NN configuration 4: 2 20 20 1
NN configuration 5: 2 20 20 1
NN Layer Weights Bias
1 2 -0.5838793643434267 0.1903714176580704 -0.07825860273631675
1 2 0.4073528142568472 0.4696642734038931 -0.2897065166762156
1 2 0.9396872351095105 0.5042330427374676 0.023377907791481894
1 2 0.30810461583711185 -0.5897542661071963 -0.31746252646384515
1 2 0.5253845097084573 -0.3694723027673052 0.03423784268655096
1 2 -0.4938425297933314 0.0994350083979596 0.5734323956360134
1 2 -0.2955646941176947 1.2036351213700553 -0.2282212088226133
1 2 -0.6195981114660757 -0.6563570444336557 0.2703942921648666
1 2 -0.4815313059792383 0.3385566693126598 -0.23047032883148533
1 2 0.5103610518508749 0.275586496973132 -0.4670863514578475
1 2 -0.3603164570259851 -0.2736304046748633 -0.13373565907630233
1 2 0.7428339709013713 0.19388738123779603 0.04383672784352944
1 2 -0.6560045346102545 0.05036228447491389 -0.09380107503677605
1 2 -0.33029154957386775 0.3977730177964947 0.6232412392175506
1 2 -0.17783204811068232 0.1267097989784711 -0.4041540682274445
1 2 -0.5205166935425749 0.22401998629638106 0.11033490771783107
1 2 -0.21742816969875042 0.6661714448797498 -0.33611242704241673
1 2 8.455463983508595e-50 3.6446527833011457e-97 -0.49527803623127103
1 2 -0.22774795932289416 1.0315564761848388 0.17471513011961806
1 2 -0.5273473848975679 0.014923665956382235 0.3803173797567021
1 3 -1.3779086368488912e-99 -3.479568982218644e-97 -2.136299356121363e-98 7.520529035558777e-107 -2.6915846186205484e-107 3.9614543278769463e-72 -7.838147443668288e-73 1.4474153454725667e-51 2.7283379782550107e-104 8.482373195906937e-58 1.0171595174062529e-70 4.21900193064315e-110 -1.777067133518889e-69 -7.683715324557652e-86 9.141213557286095e-85 2.818070880007252e-69 -1.1979798771155183e-59 -4.5115792953825954e-110 3.7263392021465605e-76 -7.462587015780113e-75 -0.33584975793429206
1 3 -0.16651823725916118 -0.3010117606719856 -0.49060178850440916 -0.3322924583941246 0.13668133952396955 0.39078124001624104 -0.6150592081897102 0.3943841187702022 -0.6468169447102741 -0.002237462984581959 0.08194693640786851 -0.45798434992092174 0.3189811772715275 0.4200090236457233 6.4005181374102946e-71 -0.26906624987019306 0.6027271594434634 1.3559742134698625e-68 0.421973377167319 -0.055228212026035436 -0.0049138397283718
1 3 -0.41173276151628163 -0.36902341517774795 0.33024134729263555 0.6782414732506995 -0.07718680682301007 0.14782565968848563 0.5125612990143252 -0.2584422044748612 -0.04412844156007386 0.032897278345096787 0.16378636919400008 0.5366048868565816 -0.5566998712289195 0.2587631930659018 1.9604265633524836e-45 0.4285500807213415 -0.6094753996440303 -6.429012024228417e-109 -0.158147945962312 0.07190131917668555 0.17939285862609283
1 3 -0.3787190247811108 -0.09239455414556966 0.14150679653252018 0.14965252444489988 0.03848733827115711 0.301999153465877 0.43134592787342046 -0.31379453137709273 -0.06819224773523401 0.2901113893949933 0.07319275119375276 0.1859379461022776 0.06461354755223879 -0.04755270684139887 2.0630010342656335e-43 0.415378506147666 -0.48390186761972964 -2.435371308295248e-97 0.06848994469841313 -0.22355085458355295 0.39572752952354245
1 3 0.7070137890198761 0.6858542380078231 0.4669137761334749 -0.7137118295991192 -0.04731504465822814 -0.09837364166457872 0.6551260773938825 -0.8229127797229149 -0.9430456157467847 0.21203938903980332 -0.6808734663599075 0.08010455327823246 0.4281005374907402 -0.23765993204392652 -8.288448953596186e-78 -0.18239437755011198 0.6617903174819895 4.212747685436491e-96 -0.05824457046001605 -0.23306757694546995 0.08613599990259857
1 3 0.5716481815439586 0.4349445497517591 0.35057430261813205 0.3775696099371304 0.1705056623257509 -0.44457584697806163 0.08657294940222464 0.08814422798500327 0.016590052228351502 -0.31362616022933454 0.41809849354344586 0.4190437342099344 0.7123708286257916 0.10666962573734298 7.161443075685074e-56 0.04263477535997514 0.2938925800051096 5.730321244024886e-47 0.2453349461397031 -0.4237078731004755 -0.08945054682448518
1 3 0.3462638371741499 -0.3825300791007711 -0.3060387415852892 -0.6093954739726845 0.2151397284200975 0.21839200768998732 -0.45543477697398205 0.32303641193428323 -0.543107006995942 -7.1577094950238e-80 0.40766402037089383 -0.5894943184516386 0.18202145247645982 0.46299889876318756 7.758327304566963e-58 -0.2096700349626341 0.39536200130267657 7.212048989692178e-57 0.25039865234375736 0.19061999541932945 -0.17807712193001457
1 3 5.23941228852268e-50 3.476937564450992e-95 1.946516493317617e-109 -1.759394965476114e-111 5.846369818865337e-79 -5.067566950965711e-103 2.642607530298699e-106 1.8163523657383863e-96 5.967942647550135e-48 6.155301372052759e-54 -7.690500767873939e-79 -1.2261995108430112e-89 2.2968475188340568e-111 1.8057411431445927e-69 -3.0781416815775403e-74 -1.7428235681818692e-109 9.43935361562348e-44 6.007411589375346e-107 -3.7686448052071314e-79 -1.0484662092182511e-86 -0.3667313408358304
1 3 0.38490921629472424 0.25569761639602845 -0.1925631673605931 0.5547651554010375 0.38484264912491134 -0.3940673443907703 0.46345294036970913 0.7895114675465912 -0.5207468336769756 -0.04004959087343943 -0.9559442374119199 0.36856569436090153 -0.15971090985273242 -0.22524429592035033 -4.977443395493834e-72 -0.020214026277104478 0.42227725608207967 -2.914127035818317e-88 0.40631712322193825 -0.32109408985713017 0.03257434894696519
1 3 -0.7165044409140343 -0.014161618328111756 -0.5967763536232917 1.4936353150271755 -0.36890400263829376 0.38929711602289185 0.7916304387656216 -0.43095701228602146 -0.5603244861229496 0.40507609010799783 -0.03808407073497443 -0.2707432312189469 -0.791048693202281 0.32389073192219847 6.477818040698528e-50 0.06866301756038234 -1.0676560315898285 -1.0554497831306424e-63 -0.5379833856508012 0.07655426513032096 -0.03279620119493436
1 3 -0.9078300605409798 -8.446446973803978e-08 -1.4280078094003748 1.6135817571939453 -1.1449800170204378 0.2526708553052392 -1.2439146765507825 0.3449896130906484 0.9024434174766768 -8.100171017141037e-54 0.45047717168883483 -0.35860915750280864 -0.5525220607174905 0.5456863024405825 -1.8326806424531208e-48 0.5376108322110443 1.0115978610066836 -8.335424549795812e-93 -0.7047062042655855 0.3411652830125275 -0.2474512106670828
1 3 0.255088441493011 0.8875768367471517 0.11939800279749788 1.0859774700825195 0.18549726835433097 -0.007372715516983688 0.06833029895883291 0.46322876373415467 0.4711697614793258 -0.37748520454673534 0.22607788302378648 -0.4197711666964629 0.28840822920249615 -0.3971594333876869 6.268514691955254e-47 0.22329092809292078 0.3463954751799549 -8.197743283837704e-101 0.2283720166709383 -0.14340326280833873 -0.11037638911848094
1 3 0.18290293520189874 -0.4475758680269907 -0.23619730042058468 0.21735951444667584 -0.09028183801951026 -0.08540502903236943 0.6518728933158896 -0.031320834212632716 0.15837007159328653 0.22276258411474692 0.03309140893537921 0.5157102143825184 -0.18829864632826115 0.05190307587492525 6.112076000329971e-46 0.5485337927585473 -0.35693643449928364 -7.496302494644508e-83 -0.21516398089126212 -0.09806739857759499 0.1266186223994362
1 3 0.09622273984682914 0.012549255417358287 -0.30077485679314525 -0.07942821455278916 -0.18054872731008206 0.2459902232320894 -0.5584936645399845 -0.1317687779920823 0.006089359934292126 1.9121688316500872e-66 0.42022134092279056 0.12377473169031616 0.3788278655750754 0.1655505071732492 4.853706057129838e-37 -0.23798982100833987 0.5896878259797709 2.431688625774098e-87 0.18164251390068836 0.0984237858379537 -0.3958640672351811
1 3 0.1490195697110232 -0.24539187671589413 0.15720970650716012 0.1850278462461247 -0.2405726139035094 0.29046221058123034 0.1854000599235899 -0.1007702060636708 0.46985663902495295 0.23378501222653633 -0.10228628542196239 -0.09202479639458427 0.0241587983851491 0.2515666091438793 1.306305153787188e-70 -0.20864021317077236 -0.5762912618472389 2.3209636778624265e-73 0.00901736095528435 0.18714775681907247 -0.1037220311728282
1 3 -0.16492753965642107 -0.5916651247553919 -0.2936701166268965 0.6968169586530946 -0.34713187662748374 0.13215258747181585 1.0610758297086302 -0.03908196930674532 -0.8429161886937893 -0.057307736339843415 0.2222231326999491 0.3859433894876297 -0.4076253151197302 -0.18054122360566718 -4.937429667518856e-65 0.23732512418805943 -0.8623377865495212 -1.8419344811082062e-61 -0.5470023429378343 0.02203891390000884 0.1747964496009722
1 3 8.13697787531731e-55 -1.2261682594764127e-87 2.88342109254173e-66 6.255183102047714e-109 -2.7917338209525666e-66 -4.095266436648306e-108 -8.903341205322737e-58 1.3814933333308017e-52 -1.037881802068755e-51 -3.332858110913791e-103 2.882171177962472e-66 7.612688566903472e-82 -1.8352422750430234e-43 6.421965426287849e-102 -6.293677798169897e-76 -2.246487863842146e-73 3.1467616795032195e-94 2.104972123293777e-67 -9.33789965766649e-71 -2.329720640908887e-101 -0.14072349535719395
1 3 -0.25502712103177444 -0.049288802700199495 0.35867017016643415 0.568117484429181 -0.11633376999812263 0.0856998748155732 0.4741160796172561 -0.10948129968786985 0.12666192842726523 0.16488866669581376 0.09310923700653836 0.48467069310618865 -0.20356387080494606 0.07611118718966749 7.367216110345097e-50 0.6207758824949666 -0.5400975613104912 -5.013811318484407e-95 -0.16439241904008417 -0.14389071193824815 0.09188688201420533
1 3 -0.058787058210614036 1.3968174615678872e-08 6.998688839691946e-12 3.071451712288786e-99 2.3936021125364604e-58 0.27624982541024384 -0.13698345728195943 -0.04891370301059798 -4.7560955743040734e-30 6.019324987780901e-65 -0.10395335640583936 3.169258076744897e-99 0.09417721524050343 -0.21414998610594013 -1.2326290070591472e-44 -0.23970880031134345 4.838234270089456e-08 -9.945182109033207e-105 0.2670559617531976 0.18745226652684163 -0.3445513198425891
1 3 0.6141453871930173 0.4083045349131308 0.30394604435830885 -0.12937377053873994 -0.07358483065138992 -0.2686280719138816 -0.3447067853396653 -0.46181949514812193 -0.2968145881689657 0.36237647131148115 8.371422320841825e-87 0.3758674679515197 -0.050636864695538616 -0.35867976222225906 -7.979485660170329e-85 -0.6156786078223792 1.593881039352548 -3.618731597118927e-53 0.5392984075293149 -0.4244802261379614 -0.22542292164438463
1 4 1.9636493326605648e-89 -0.6136809219054389 0.5678382993722779 0.3115497998942719 -0.43981390187099806 -0.9830086699353898 -0.6303733986829824 2.9956641669288926e-28 -1.2060888207090183 1.462638316919569 0.8684389957517842 0.982069972191556 0.7588068060735833 0.5009077880901193 0.23728147195690302 1.1760099805520536 7.58408372657373e-109 0.6592348941014871 0.0011010827646379083 1.0532686993314484 -0.49848182284315684
2 2 0.18026658510666815 0.023694927241916464 -0.20866640469304684
2 2 0.12081606040754103 1.0452480424751975 -0.5323364468138548
2 2 -0.8700797892120383 0.2447187159932832 0.12417935262350888
2 2 0.017894212942402968 1.0084159211554986 0.5552802417286037
2 2 -0.3116496656376954 0.06707632136382587 -0.12773239943724077
2 2 -0.6109214119631756 -0.3910726093849277 0.11704035073663958
2 2 0.6915419866740229 0.08189580035268883 0.44219336420148025
2 2 -4.4495858926969773e-79 1.620463974003185e-28 -0.3777026699089536
2 2 0.3985535788403558 0.27337695562508135 0.30146331625394074
2 2 -0.6126283673180234 -0.5969499001303149 0.31924257316202664
2 2 -0.6876785442053777 0.025225529203411926 -0.11393613022222657
2 2 -0.534939348853565 -0.06111283372862061 0.1669686943073287
2 2 0.7798637978099769 -0.5423904887665453 0.17336586761088865
2 2 0.5635339908675098 0.24829996459045098 -0.1803478413212695
2 2 0.020345590863925775 -0.03657991154097618 0.3080333204748132
2 2 0.47203985615527627 -0.8941134041209244 0.1422611826932734
2 2 0.4798083802043576 0.4133580443627826 -0.035270605679097906
2 2 -0.47319420787898747 1.3018907450410167 0.24972688855976216
2 2 -0.6245246429270229 0.595850940761822 -0.2667191336889016
2 2 -0.1709922955712282 -0.16900870469746232 0.5089848525182329
2 3 -5.664835214745863e-60 2.4588780123725753e-78 -1.6330854694019497e-51 4.806042415039065e-26 6.20489808649368e-64 5.872088457255311e-24 -1.4517182035218793e-48 -4.7866892502685216e-39 1.0304307806541055e-73 -2.760637822127476e-45 -6.299646302066994e-28 -8.743718307046764e-47 1.601510561766135e-57 2.5309746291931797e-40 1.6825491458622295e-79 -5.947020049889846e-22 4.589244381106957e-61 -1.8396824209878187e-84 1.337335870134099e-49 -4.300704834160429e-24 -0.28003745041305406
2 3 -0.04435429670951968 -1.1465918181729522 -0.06015416408817897 0.22572922105117627 -0.037360758430341826 0.05539171565515073 -0.28386874776002785 2.685811098849046e-30 -0.08993580614005169 -0.11009767931838364 -0.0227043173082234 0.2463560589343039 -0.0476112310387526 -0.6960911027560115 -0.11234948368696875 -0.22312878002439182 0.0743814150785635 0.19021748784244752 -0.4001754716163957 0.08165746209486704 0.26747655559618105
2 3 -0.036238294851531794 0.7202840093531419 -0.35030199446939086 0.04530212397124445 -0.16894842728812795 -0.4170259073788158 0.3043423456922273 -6.399934105045802e-24 -0.28405175483518963 0.19638068728616487 0.39141568219632444 0.031033854025697142 0.3197975528829395 0.40770213733431154 -0.11512143127247604 -0.20663195902172513 0.06114283664072041 0.16608636388433481 -0.02316941039455166 0.2775180912820518 0.2784098225501449
2 3 0.08251510480562461 -1.3316165789686292 -0.007119220403736087 0.12274224500427557 -0.5162282591162689 0.4045933327135105 0.11818731162165375 -4.30549201318039e-76 -0.46126818770545824 -0.47670020639775135 -0.08705564554064502 -0.3249425274295616 0.18282333199274167 -0.7441153329237625 0.09993036793858927 0.4518516634705351 0.22820921477343806 0.5329175836520826 -0.5337906674544391 0.06745836638845708 -0.16287591486216824
2 3 0.2902520852625216 0.11804618127171632 -0.12823993912505183 -0.2326986183478192 0.04462947114961675 0.1604088029234668 -0.43168757412424436 -2.6309954358085094e-78 -0.27607654857884795 -0.23520357817785761 0.213337007833556 0.20096921099812065 0.2765504720641204 0.05228911005811848 -0.00100302826448349 0.11256193100600657 0.1739352702257515 0.19124656193754558 -0.436721447662283 0.25211001862331645 -0.09141902318505335
2 3 -0.05509305920704154 -0.41734557419468377 0.26842953155886545 0.018025710423712933 0.2584137247648711 -0.30362158148181184 0.14993827544208485 2.408830829349451e-72 0.3600398598223076 -0.4473684461438803 0.2079337434382804 -0.2292587263353792 -0.32307625402156737 -0.265558968169722 -0.20619052222925452 0.15526336326153975 0.12642673123655043 4.5259773596725044e-06 -0.3885620071313721 -0.09788009928123016 0.30787834902962213
2 3 -0.012082486348801122 0.08291291984077935 -0.1685602770646021 0.25500319788110176 0.1969118792643725 0.1222662362283601 0.22465050728569233 -3.4739815350560704e-23 0.21535762698793465 -0.08810722824534523 -0.314907005156686 -0.055540575070267335 0.3613638266321045 -0.10643412579793715 0.006330387926928612 -0.42682669020527486 -0.2672790818714011 -0.05325376253625543 0.3421819316518647 0.23905724743770307 0.2021883938775575
2 3 1.2836240556220963e-47 -5.475608623092437e-26 2.1746001121723965e-54 -6.9576272493856226e-40 -1.9808696786005244e-21 7.933440697080985e-32 3.1039068599644333e-46 -9.595921667333046e-27 -4.323485502885595e-24 -1.4498749337136447e-21 9.544542216044641e-50 9.173210446417506e-39 -7.882521488576109e-36 4.0784535862458068e-22 -6.319782864308812e-84 9.146962972650068e-46 -8.726382900592285e-73 -1.7051595107979775e-61 2.1393443649298275e-81 -2.5548036978007794e-22 -0.33433369882703073
2 3 0.07783282840085742 0.22798875015579606 -0.003183915437638427 0.014795182075516061 -0.23844938914076205 0.17035887387485957 -0.07359925877711661 -2.3237447741238958e-57 -0.21287561644357508 -0.21157898413099246 -0.11556328656461 0.2677864657114263 0.02037830640006747 0.25338225920564783 0.44449971009472866 -0.17785814031407918 0.30125632418006226 0.13627037438515077 0.1727940629801605 0.06796532066191195 0.2552281352490145
2 3 0.24079611776307985 -0.670311695729992 0.992826805452934 -0.39157909276658726 0.4198721570947928 -0.9958165421164721 0.20233296930094655 -3.35968493607388e-28 0.21357958879424802 -0.47641975858566593 -0.028870003708526257 -1.3087939813376488 -0.2513872424581915 -0.7288735711295128 0.3581238171979639 0.04875716304734239 -0.2440224970123627 0.23787037577344738 0.11549925849387589 -0.21848015802859694 0.3620636250201967
2 3 -2.6640002761924954e-24 0.9918975408550228 0.21105491021956713 -0.17028974680442127 0.8267246369372521 0.2061052571470266 -0.45683080614000265 -1.4762544128259224e-84 -0.7974015178090075 0.44041799494458767 0.19024088286837085 0.15546348945619895 -0.08166179393348 -1.000490493328275e-83 0.015327106385010697 0.7523447218067763 0.217628741644176 0.307634104316153 0.7764230910227632 -0.13835321668439782 -0.4559730359085095
2 3 6.039252536444937e-64 -5.64915134202022e-22 6.165267409725934e-82 1.1296158449195638e-76 -1.0102499717032922e-75 -2.9846316292684297e-61 2.6426750777082367e-59 -3.683432067789973e-71 9.996140319698388e-27 -8.285055411278935e-59 -8.631179393634846e-71 -1.0948809187775099e-33 -1.738156823657897e-28 3.087657531741069e-31 8.40342241512711e-26 -2.876018278034047e-21 -1.8292814042000247e-81 2.2471732365722573e-72 -1.6543715442521566e-31 -5.591984154948667e-29 -0.32387306435082375
2 3 -0.0033746108717969165 -0.18573892924221488 -0.5840089438121752 -0.4370757041842537 -1.8324714583761554 0.1746389301658345 0.5637625098583043 3.15456843273465e-51 0.49911007174675065 0.25873761724524336 0.6258536170706888 0.3004187542116439 -0.050707800846367404 0.3451599172816599 0.5228834443088703 -0.17141551096304697 -0.26084722109921016 -0.28688129877794305 -1.043519721424644 0.5224668014926922 0.26171980100396847
2 3 -0.16785064939217292 -0.29304349514273725 0.5688075778624412 0.3907721945897972 -0.07297009678702707 0.014171877641564698 0.10613677184943021 5.308414289744167e-49 0.18992064219755586 0.09093607736106073 -0.9331508839315062 0.0263215223140452 -0.134729035684116 -0.18256857995769538 0.16856514586757027 0.9372679589814661 0.3249769311322106 -0.25808431121833664 -0.21783960536519897 -0.3223811833323724 -0.14877219948921058
2 3 0.04682816888177013 0.06569473968206938 -6.087544355446569e-66 -0.01384237484030063 -4.433534203027563e-24 -1.3283449009201847e-46 0.0802898388749224 -1.3803002357742108e-79 0.19581736126647523 1.3254639843135453e-35 -1.0231353210105187e-38 2.4534448199185744e-59 -0.35744331909039645 -0.31887436959130194 0.22885586192760782 2.3017742403638966e-71 0.29240599722294935 0.04181840739080492 -0.11895518122144652 -0.12258050289039653 -0.40187392152947277
2 3 -0.05418675570763604 -1.00989962669661 0.6354493713660536 0.5351022865070189 1.1349460091467642 0.27292810492452885 -0.15112799485251227 6.552438591187279e-39 0.034568577052527055 -0.25795243288318465 -0.9959361445202245 0.3542379553731678 -0.18777613985809471 -0.6238538019767638 -0.022978463474225407 -0.28810482242740587 -0.1304427281018918 -1.5490593813320988 0.21904677020184393 -0.015096460740990485 0.3319724140874533
2 3 0.013295489938861156 0.03597503182351193 -0.38656693029150024 -1.3114281141692683 0.9872993606284497 0.6258450029145499 0.23271845867214622 -5.409765215082313e-22 -0.08254828874972536 0.09813296493246815 0.13625831462556343 0.5952413699887557 0.2405728053402322 0.8176993243298789 -0.33227270747748916 0.18204794987195377 -0.10746544720508294 -0.3864589582118763 -1.5127451979101025 -0.012188887638827089 0.12792496653052587
2 3 -0.018958119246587614 0.5388005815533314 0.1845019597176281 0.3071722600501454 -0.1303048347453506 0.3422434327158808 -0.23418530810584515 -9.147371638075721e-82 -0.4840179714971723 0.4270482251922214 0.0749884114465829 0.24056368630968078 -0.49856142618157623 0.23435258958749028 -0.16306626221988313 -0.6462256565207981 -0.09326718758051207 0.36889723655649354 0.2315996899526376 -0.0009922816848581218 -0.2925720243261255
2 3 0.02224983290323577 0.552545300542972 -0.4472435692102505 -0.5340200790233115 -0.21633863239688395 -0.05705797745923456 -0.1846539002138402 1.7317552817387112e-62 0.37803083556543393 0.30322971566508145 0.46874596875958874 -0.1804057983560842 -0.2707197707793806 -0.12141801670138577 0.26793574443405405 -0.5752313488829144 0.0035423383844229855 0.06962217253784748 0.5560787659016885 0.30158221456774165 0.37761650239231753
2 3 -0.021979015019557728 0.732490263836631 -0.5719273780471748 -0.33194426658063525 0.34781736587030476 0.09675370984152926 0.26614185879185565 3.8617978389330614e-26 0.06052984178285482 0.2819229274255554 0.6209916988028755 0.33407855383533364 0.08047407946291672 0.35769125062451823 -0.2915500276539855 0.1712648830797948 -0.0984957965582528 0.026284920722259804 0.4828897401745968 0.0724677009643376 0.30352381852154064
2 4 5.4446224709958503e-14 0.22975273648936248 -0.1372760340360302 0.5471287673518235 0.4740050571027021 0.4979301290887923 -0.027894502735366093 7.223892777043333e-82 -0.18926264651368496 0.6310253399941081 0.8298684926338796 1.6683719270147323e-70 -0.7924865552364594 0.7676317011993431 0.30560836103365935 1.9098863544159652 -0.32767573248432463 -0.7363928437219316 -0.5641509435460227 -0.1852534709255339 0.38510117981144276
3 2 0.002959943892710068 -0.008424946963374032 -0.1536156952910227
3 2 0.5673934986599185 0.29955866031782163 0.11273484083922418
3 2 -3.070890903397116e-39 8.663553259055859e-54 -0.34747228493207516
3 2 -0.8082970707435185 -0.40281224308956753 -0.19017901722948524
3 2 0.3017028634174626 0.7432680763645819 -0.3982635906309235
3 2 0.668396136102055 0.04918531789304285 -0.2998707099326606
3 2 0.965643363522287 -0.06260547502291162 -0.14530478416468637
3 2 0.34507839119154404 0.18425654843271028 0.3121289576904462
3 2 -0.04210718977297627 0.07377409562560307 -0.26525085495731804
3 2 0.43892011402887554 0.3953445174019747 0.12191441965664475
3 2 0.6246826149924334 0.4190936616199465 -0.2646609437243592
3 2 -0.3603597914688328 1.4099088568790923 0.3038732108560797
3 2 -0.03590826135016785 -0.4115851708594786 -0.4963365970544949
3 2 -0.3144654803566915 -0.20542350986499927 0.05249723784586867
3 2 0.4239690558694061 -0.7528136245451281 -0.4507142904931415
3 2 -4.0980501566324805e-51 6.649339118619542e-72 -0.4607199068004545
3 2 -0.2514038923196312 0.7527702264576791 -0.16526989156693503
3 2 -0.20565678502880677 0.5117738087896737 -0.28897819108829603
3 2 1.1068053761026437 -0.42651442608195783 0.15040029934018156
3 2 0.43449492048949917 0.48288384837851744 0.28151563577314614
3 3 8.370503850269743e-55 0.19247967472742356 -6.91098903473461e-25 -1.0029837682826133 -0.15635235301555392 -1.2267356027308973 0.308281496824559 -0.050442456925726104 -1.5157329265953822e-52 -0.38901394610953816 -0.20485452176170948 -0.9514614998382986 8.847963704811567e-20 -0.0686326944509639 0.2620247316636325 -2.455702599537305e-19 0.050373424199197096 1.0373011043726288e-17 -0.1758400766227666 0.02855222521690828 0.5620717078476656
3 3 1.9796421879046047e-27 0.18643732523828455 4.6624085453824314e-24 -0.3042185810758504 -0.24471882552916824 0.37128897188791693 -0.0545501962160696 0.3130305426623537 -1.2452800445445425e-40 -0.24917994350851247 -0.2334303834446295 -0.13735351916530728 7.62238757582022e-21 0.4224360625193251 0.39908450078618124 5.830262136482249e-32 0.1923435742706644 0.07570787076963839 -0.3497948768897144 0.4480253477477183 0.36410870950681684
3 3 -5.3251806544288164e-17 0.4705898504833084 -3.662204820911205e-70 0.4076607055170606 0.20341342322391018 -0.3664935769590892 -0.12809030946546637 0.4442893861918509 1.0379232758658384e-25 0.27332842368126836 0.5754884069526176 -0.40015601664512074 -2.070890839101267e-22 0.18938107312126862 -0.3948239456441477 -3.3188301418406552e-74 0.018991309615549012 0.6637431339323677 0.6127165870058092 0.3994952766332608 -0.04829758912488381
3 3 2.536252701677426e-23 1.0351582219322613e-24 -7.440167467870403e-34 2.504280562634203e-42 4.6469525098979617e-63 9.44041064897863e-47 4.638902765187878e-63 -8.750076474360033e-25 -2.7698237517153935e-35 8.600917576299254e-18 -1.1194399116196335e-59 -1.4809331970091171e-21 -3.3928844062935516e-53 -7.086533166748415e-47 -2.4042007429904122e-42 1.5388420377925685e-20 -1.0256979901029107e-19 2.855825405018838e-48 1.054082337012518e-21 6.449544035072034e-35 -0.38062555981469465
3 3 1.3888751075533505e-39 7.151801549640825e-20 1.0918706900215694e-73 -7.920334740574251e-66 -3.0070242122855894e-29 -2.730200155081775e-23 1.978906149207153e-23 -3.3960197388742524e-17 -4.112717934207633e-26 9.947982025873644e-50 -1.6834343573509622e-54 -1.4045137887661812e-36 2.443806809731312e-73 1.0755527242629883e-45 -4.015684652689356e-63 1.6698518513455135e-74 1.3615808787193646e-22 2.383350690337471e-51 1.328653637839254e-53 1.881422744877855e-42 -0.22822938890127828
3 3 2.843744625766703e-25 -0.5413998227368509 6.044616406730433e-18 0.18638314755670823 0.53481523493242 0.49788487883010835 -0.870075381948326 0.34639820962833856 1.2899822739746271e-20 -0.4877714133534293 -0.03202675074156619 0.3453776760984181 9.670121696096784e-55 -0.17300128297733616 -1.488666743004174 4.786606524975864e-17 -0.9463897023497628 0.641322721634439 0.6850534233852968 -0.4364802615100825 0.2628800997247101
3 3 -4.204569028774163e-39 -0.14166747012584377 -1.1769029729722362e-34 -0.22529441196572084 -4.560811306681339e-71 -3.17887549410745e-65 4.994111781041562e-55 -0.21423754876798468 -2.126622773176919e-52 0.32856912639432656 3.2910890054596726e-17 0.14796349037399115 -2.587663606631154e-38 -0.21388116517210162 5.045474105020278e-60 1.1889460249521525e-20 -0.07832800453063754 -0.08109251107515837 3.4869006049882194e-70 -0.32138706989985205 -0.04025337745436979
3 3 1.6776973277183277e-51 0.4528153254657052 -1.4585510994191959e-24 -0.16157412317154018 -0.6020442774682953 1.1772592872064684 1.2316247033381067 0.37725003626518716 1.51011330183838e-39 0.08365544875188505 0.11523549265449641 -0.0484028884050285 -2.306476570917083e-72 -0.1154520000401218 -1.0464490715862529 -1.5319874800427074e-66 0.9021712983169503 0.1857757915032074 -0.6720586340387991 0.43976385350404495 0.20776068336321776
3 3 1.419659427439916e-56 0.41165847412859147 2.292441894514821e-35 -0.17694338440738935 0.662200690408538 0.08381948384974042 -0.6971869366260038 -0.08453654288648801 1.8953966573404297e-16 0.1589190967986789 0.3030724691582722 -0.04799783487493421 2.138631751836198e-16 0.006897805252891787 -0.9334311893036643 2.8358870767762643e-43 -0.06556607278882119 0.3363076115027938 -0.10527517585485086 -0.3772604512148693 0.1779224356021838
3 3 -4.20511835227587e-64 0.5678094651201698 2.4945244983305216e-33 -0.8982162453191637 -1.0088896921637767 -0.9000601682952606 0.045366121000225676 0.31359787134027334 -2.6526947174666753e-17 0.23898401706505248 -0.6534463955563509 -0.4185596981114966 1.1319076445128742e-08 -0.45301617653825893 -0.3174121003318953 4.0808004324104044e-26 0.6311751126643479 -1.5564886874181731 -0.5795487353135242 0.05537301701129317 0.28629063630627793
3 3 2.481752523072542e-16 -0.10278669149310304 -4.217295126319564e-39 0.2810289166389047 -0.005710137599801248 0.37845629192050173 0.6978489391647635 0.24967965109696724 8.374568970087366e-15 0.4596588675105961 -0.12099350780235076 0.27529578696612905 -6.191265087511941e-16 0.17230624490719335 -0.9845919978259521 9.699048231027745e-75 0.08786411416718422 -0.2812339974504992 -0.49988707885510536 0.42217528515415537 0.17938408585607962
3 3 8.368622371912155e-26 0.21392208971872143 9.066033391991962e-31 -0.44425140577931505 0.5503410229556815 -0.2655401933493034 -1.117516206311736 -0.29190209237057557 9.28412667087106e-21 -0.47041253747589107 -0.23112130770256953 0.46050341339266976 -3.0666971172794964e-14 -0.30503101535130617 -1.6234049363908871 1.3590099866453978e-48 -0.7061768453924898 0.5957728003109064 0.637521331543121 -0.36527136856906744 0.1362080040682823
3 3 4.38766701705552e-50 0.07987899106995111 9.4279451326485e-17 -1.455940424397913 0.619737121672956 -0.5418323909249342 0.40494226996439325 -0.2534335505754811 3.5057546948963615e-13 0.16428549765129968 -0.13679855213199632 0.003101287930921973 1.0006296795589022e-49 -0.002847914582222679 1.1876545981425592 -3.370939552209663e-19 0.10688559691683294 0.4050731836247812 -0.02217011016381764 0.2940322849538631 -0.15457244079280322
3 3 -6.2414184007593106e-18 -0.21094767700016998 3.859317174731288e-27 0.3601608100989077 0.025179127578040257 0.5308472460031232 0.2611134146171635 0.1019708942082916 -1.8123177348132713e-15 0.19690946304226037 -0.5254387749858198 0.14777542653700196 -1.0350011624017874e-07 -0.0007060760205798474 0.4712674209584869 2.5875575051473693e-67 0.005311974429080705 0.17772179936855464 -0.2743387234751555 0.19693874870910738 0.35194920226073595
3 3 3.0892324918967295e-68 -0.02825982325145191 -2.4835397930941515e-20 0.0394062175761596 -0.026978792739945023 -0.02289781301338459 -0.026733240544099927 0.18146843149999808 -4.2342632264158124e-39 -0.028262239426105958 -0.027346729063823263 0.2283144515402559 4.977454751412046e-47 -0.012203809324366667 8.330148665815826e-17 -1.2069027160179847e-24 -0.2890508627507753 -0.024266611584218334 -0.027014352847639703 -0.12494282240286023 -0.2277201220926087
3 3 -7.697923516182465e-46 -1.746611212549595e-67 9.884220288057853e-44 -3.882117459126451e-19 -1.2981362687006654e-61 -3.225542490802616e-72 9.170289484417979e-55 9.036640564522035e-45 -3.930294030457316e-28 -4.0588333902754534e-17 -6.3279313037946705e-37 -1.7680256585294906e-29 -1.9213900910179172e-18 7.338899461635608e-17 6.04403316218014e-20 5.136047477842641e-26 1.4905600164412446e-33 8.915792384679347e-28 -2.0839043446087652e-16 4.93003486597239e-23 -0.15450984572268692
3 3 -2.1675814005158878e-21 -0.31716734739946995 5.450645463861652e-21 -0.5377577260683563 0.4456005448138604 -0.1785417188075921 -0.3249544918160136 -0.1945635960044671 -1.0536447552769957e-12 -0.012827180903810053 0.4415490747788582 0.40329904524523186 2.4794292371327568e-08 0.0753617954223417 -0.8571493353813024 1.8471893894874175e-45 -0.060265382752642385 0.15845252109113386 0.6209336452332721 -0.2312507482231617 0.07202891973252491
3 3 6.758536161802039e-19 -0.2319818774370878 6.6953394586548796e-71 -0.30573643222744695 -0.00890720564709124 -0.49973753455939735 -0.16499637115999272 0.3469103028500788 3.0994032151560326e-16 -0.3517991965619452 0.18017044853919534 0.330798644862976 7.090761510105574e-07 0.22902822215542265 -0.45094193604748317 -2.5045434038443392e-48 -0.46724545120230354 0.27106783846309085 0.56896084536239 -0.16355594427384665 0.3186378423236511
3 3 9.686041967990527e-60 -0.1220022866310301 -1.5116927510859833e-39 0.6987644013781042 -0.21550388262507209 0.06373468887449199 0.15368460275149876 -0.4018773008122828 9.118270135647502e-40 0.18200003418340108 0.09860062275442669 0.22191441355800862 1.1227875419371032e-36 0.014938901826712305 0.4566371516616527 1.7659732227293552e-19 0.12874953899265168 -0.3446023617138927 0.5277335918050292 0.2822668252546634 -0.14120084849857137
3 3 1.7859133274998913e-22 -0.13024862592744296 1.7397923056715986e-18 0.19809387203471499 -0.643130095401496 -0.19301057191188395 -0.7963820478720761 0.3018320656380684 1.1837951002470847e-69 -0.34187804589688114 -1.3403925396458112 0.21646341318658127 -5.812727526969013e-17 0.22899563842440376 -1.3008580891565424 -1.7819325287956496e-71 -1.6747482415441304 0.38623316550723785 0.253769616126247 -0.133505891109405 0.2892205878192575
3 4 0.8571621294321378 0.2768790834571332 -0.5117175856825812 4.910315553310929e-39 -3.2994660536485297e-18 -0.38377224966997453 -0.2152323166532689 0.27167305456058916 -0.2325928525760323 1.4515985446361637 0.296747566185943 -0.9318562770053371 -0.5028775385458786 0.4821666943053242 -0.08420992523321881 1.8349672662645234e-12 -0.693622596490485 -0.5476141635625676 0.3968684537192459 -0.5566289198499125 -0.05619959972389491
4 2 0.26917299620333124 0.5392694075757462 0.37931348655924735
4 2 0.9652301259900178 -0.049785200999806725 0.4502587647186621
4 2 0.32465720248717683 -0.6916671167055022 0.4011341220041067
4 2 -0.3619777848472734 -0.30113028719860924 -0.2131740040591318
4 2 1.3298424132407988e-76 -1.4287885170601236e-112 -0.4677875032674293
4 2 0.5280599757020125 1.074679901912046 -0.0520049159752403
4 2 4.762018814378986e-114 3.6800581248856297e-107 -0.26268222622899146
4 2 0.2513935632048656 -0.5498337387845886 -0.2931714299581111
4 2 0.4270177753660337 0.12840671908043558 0.4416669860389831
4 2 0.8034208959155817 -0.3695127881365574 0.4300379498590403
4 2 0.49563851526360786 -0.6739035980228729 -0.39246759320160934
4 2 0.22337653311692413 -0.8716034762301622 -0.15770370242249981
4 2 0.6840102092504942 -0.2627670623332776 -0.15056379961035105
4 2 -2.6896184852589107e-105 -5.224811104093397e-66 -0.46117321758685464
4 2 0.630828744820236 -0.497529383516093 0.01846532573399287
4 2 0.6241544332970768 0.3454819580350422 -0.2127813027635426
4 2 -0.21482963694186752 -0.051598477100461226 -0.25445049798518043
4 2 -0.22526441022968113 -0.31002500251128545 -0.12226951322816891
4 2 -1.485228029216138 0.5212472284700889 0.09036620384527168
4 2 -0.6479306604915842 -0.9027589581892914 0.15980409726673755
4 3 -0.12969487436334315 -0.13006492532543545 -0.11065030517182016 0.27641181100377404 2.4653899279118383e-88 0.017338687980262172 -3.744870238208993e-116 0.7146619290131675 -0.029052072814238345 0.38266527107898796 0.5323398188671921 -0.5880379793762314 0.5550003105321295 -1.5058034475853865e-83 -0.08241254212933462 -1.8098118028883978 0.30045618333721885 0.43050222548346173 0.03129036025042467 0.20858827399531035 0.4929173695329071
4 3 0.2090455235248293 0.26278062151340886 0.46705001812888436 -0.5005917366987757 -1.0443887255483162e-114 0.8675371359673448 1.2333345635397975e-79 -0.3528469249170788 -0.009848004414373081 0.17570697033700172 -0.19620884794029617 0.4156210720058583 -0.6403131278902618 -6.618808023513433e-75 0.1689746983418945 0.311657438839932 0.11836946817344603 -0.9900918031594685 -0.7346924355999285 -0.7757368424058424 -0.00938691629288965
4 3 -0.7075421462464022 0.1476144618860486 -0.008658949776149444 0.5208561146431712 -5.4593801978325635e-118 -0.15906361895720347 1.485317287313798e-112 0.5170522300814995 -0.3867744387536846 -0.027033077801544406 0.35684485938270927 -0.37694464151230533 -0.1587825114330463 6.262799575277061e-59 0.13687229640649928 0.315103248257982 -0.25833013219821493 0.6276869249795491 0.22281690182814196 0.16744692858423088 -0.12218124761719901
4 3 -0.009964301940610739 0.17981322370205 0.22380573424913996 0.28692690063732457 -2.5112811302363457e-101 0.024740451852669598 4.0374565422221975e-79 0.5863662266481251 -0.4286066836765678 -0.021035952070389684 0.3332393931697704 -0.23365794709371568 0.378664123436103 -2.3363710882845735e-107 0.028326911890651434 -0.8953825172195744 -0.0977365514737351 0.6377961283640619 0.15046495501662902 0.128733616239534 -0.45045571101799126
4 3 0.029336216127950062 0.08873249816871369 0.13457954672475342 -0.2689961598575204 -1.6429944594217104e-77 -0.011857724760690316 1.6667030054805615e-116 0.0483368759987305 0.26651803071984204 0.0055974900849088995 -0.25067384964527445 0.5392158223960852 -0.5508971834499836 6.555231877322735e-50 -0.03888368217834541 0.20709574578843565 0.22980885248761138 -0.3824231826436687 0.04182931167048591 -0.21616880984892722 0.2392209904538967
4 3 0.030928791819080207 0.23014386916413065 -0.6260071693046385 -0.005515016858305888 2.4109698755787613e-107 0.5128440799879945 -6.054054721771053e-88 0.25296426723724286 0.24761630521530728 0.24533054795354434 0.3079597184422183 -0.9586907419123328 0.5726076094915661 -1.0537439199302048e-105 0.07956734984653875 -0.45585643239269735 -0.07154529081813643 -0.32113706204133546 -0.3245425124948488 0.23059612903280605 0.2406347868949078
4 3 0.1702764795582212 0.033214199033399096 0.30461943703683325 -0.178635850299182 -1.0560317661853017e-67 -0.29102565463827623 -2.744265250967333e-75 -0.3079134207779756 -0.4131624974609087 0.04043433651084092 -0.03080536034831246 -0.10327888284661413 0.12474923172206295 1.7343957580431139e-93 -0.1152410233346877 0.4142640135149355 0.27104596279588794 -0.36957029618402504 0.2553883408291766 -0.23517419519592075 0.3250473472404963
4 3 -0.09153020747782349 0.23294769023801606 0.23211997924812974 0.003341711215631079 5.374703410956764e-72 0.11857438813381194 -9.203676062517308e-117 -0.5999113416254342 0.18329344504859454 -0.06888479587719905 -0.5378880516621318 0.4784634938216951 -0.6050608968837022 4.0894443762436e-68 -0.008399831741733423 0.06932385632595849 -0.23818805093721357 -0.48620516536666775 -0.3161235762352544 -0.4139712441945255 0.058644792012942766
4 3 0.19440344186620892 0.5155737782972173 0.33179938203372494 0.11544606295814838 -1.024949081043592e-52 0.39586998100873527 -8.142857597676205e-69 0.28462677861798924 0.2404585284997944 0.484246372299268 0.33419624612564774 -0.3861360856204507 0.09777741881850496 -1.2456378566290014e-83 -0.3351606764589181 -0.3868757039993989 -0.13747273860689 0.23759084733280905 -0.14787379684556212 0.3234602222187841 -0.30364949851791595
4 3 -0.31748187840935777 0.02792830319566453 0.3907334970664395 0.13684877213963426 9.045373211825461e-84 -0.5575961673939577 -3.272791461944902e-50 -0.5960055042394944 0.3938482308103805 0.06940250728021712 0.15104257192914242 0.32321175024851057 -0.5098211611217021 -1.4417057954302873e-79 0.27693831175285644 0.6336951039699832 0.10009403078427025 -0.2950185488720021 -0.25450927185782146 -0.3462300222210068 0.4167921492237745
4 3 0.05701190677310715 0.27273069127711147 0.18640237960337058 -0.4973848165921897 4.5835101764829345e-86 -1.9366998407775817 -6.923206994238399e-50 0.3505002090815194 0.022904744777268803 0.2829700248994607 0.15324527743956168 -0.06468769709859634 0.1152480865247972 2.110776641860204e-107 0.06467220623547533 -0.2121702551164859 -0.004777111572769198 0.4194659519396236 -0.013587449276290357 -0.6921473576852074 -0.13545515517662912
4 3 0.14920026153693386 -0.3355921342596848 0.33177402518528865 -0.18361962301546958 3.266140299918191e-53 -0.20046378619925678 -7.546091903093597e-97 0.6884496249472688 0.4580467029403981 -0.8552466624834869 0.13847360476002035 -0.03482312114262071 -0.3319880689685319 -7.235055695006906e-115 -0.8593877008280129 0.6290243026717609 0.1629816401283124 -0.6142643861427595 0.5612210009095483 0.16902521359397465 -0.09866135574690296
4 3 -0.00964509125222355 -0.07233376875379854 -0.0543303182259561 -0.6154994849569644 9.41182398438083e-111 0.4875824995891857 -1.7060301904628756e-61 0.2177020641329413 -0.16947688536848954 0.4979910043723715 0.27226450519178774 -0.6432948199774975 0.5309548612081396 -2.1894030420398933e-115 -0.08736112150637679 0.2535662316299872 0.00125367303558125 -0.4839388972522677 -0.6238736172732646 0.569198230241619 0.19971972278483344
4 3 0.3558669183519294 0.3614521483504442 -0.6605698786006313 -0.022296570409372773 -5.640710173542721e-113 0.28264321765004985 -2.1850971420438167e-60 -0.6322129644682397 0.17297081062291556 -0.14628499788245208 -0.4986170941940036 0.023520156113162997 0.42703250606142823 1.1560388723180716e-91 0.590863228032658 -0.4631841555636039 -0.03252209101881333 -0.22547087832362947 0.0607462238713129 -0.16629773047753252 -0.0025246009467627837
4 3 -0.22570773767084387 -0.09906561894964988 0.46836848642796736 -1.8267203783488895 -1.1183913433407813e-76 1.444155215746355 4.233885757545056e-57 -0.8643473454382763 -0.2123598826032412 -0.06883353546764351 -0.23883315029316587 0.5489670023486463 0.2538134779286095 3.549311363416265e-55 0.816683573033584 0.3271653128962613 0.0012117540362793706 -1.211717127280816 0.22617090914917215 0.5622082978339977 -0.4980655438709342
4 3 -0.47949541126928763 -0.16509268940547825 0.2790015382089883 0.390401677425493 -4.594707175075199e-111 0.6007885280860847 -7.410158250338818e-75 0.33946644654607966 -0.5629075821557881 0.353615830177628 0.5493216596544133 -0.05883723570977627 0.04962062678142344 7.664641890977842e-88 -0.01560686890269794 0.5014460474280569 0.21849086353317335 0.6753733265560541 0.4414871086019059 -0.029229172570871542 -0.19719855837854358
4 3 0.024413588719664647 0.13727547277695976 -0.3903604541878966 -0.35652545129459573 -1.7643310952524982e-73 0.7219172621389504 -8.488780742176111e-105 0.25219599876487714 0.14791943736060736 0.3164625818770563 0.09182133665673298 -0.6770284094154573 0.2970328772935883 -2.923396250179489e-116 0.34275901228307426 -0.36726892347593126 0.12448142055284617 0.3886315150797424 0.43620179798705966 0.18312301024642275 0.16941684844618424
4 3 0.3344360125833882 0.341004189659673 -0.22947123395590488 0.18491698879860097 4.513601176678366e-53 0.5180469681531783 -5.0623583898193465e-102 0.36818929781096116 -0.10533449187640068 0.12441523474361323 0.4536922685616966 -0.5935817963539087 0.4984043073902785 -3.067339122856736e-48 -0.10482914659405834 -0.39916429882502336 0.08776785448841427 -0.2214543577281182 -0.06367520667117423 0.36695896056342464 0.40516868821413776
4 3 -0.05546769740107675 -0.27006214516402466 0.028099494634461895 -0.3862829327042176 -9.295244784389603e-57 0.26054498779010904 4.842102953850474e-69 0.06362460565819193 -0.23356609501093709 -0.6907690736801968 -0.24638824995939196 -0.42069206425924843 -0.09517752292920019 -4.7791730809991684e-83 0.2815520298043929 -0.01162972164947574 0.16816205896584135 -0.8167459255583112 -0.07241913231328598 0.47415201346416247 0.23682706517225613
4 3 -0.10686570565727951 0.322034699673747 -0.27694199611862463 9.19051575797265e-82 9.088586135241892e-101 -0.8624594245014048 -2.264153331469026e-82 0.7225171843259336 -0.02145157824243557 -0.1781005228893296 0.5643369218011016 0.42305642332343757 0.18597504815213786 9.710761533703302e-61 0.4796605069509653 -0.6377118054050117 3.5206914127996414e-64 0.500256689677443 -0.09048923943709447 -1.0989546592629713 -0.08891985531832536
4 4 0.45199472365930465 -1.1091650457986515 -0.9611977629558193 -0.7548922110301998 -0.4956528989204279 0.5955563564009043 -0.18552490159475504 -0.4789878231432839 0.8532732633417778 -0.7464325805518368 0.8116725238147235 -0.5207076829055508 0.4881264901201315 0.5572656353444113 -1.353622563770822 0.8794464269727769 0.28383426307860865 0.6244512382323564 -0.33296906604696 -0.8422409855782768 -0.4556862500234435
5 2 -0.18539563259959038 1.0366313829526483 -0.2172860261759485
5 2 -0.7285003796834065 0.6131710972288303 0.6290725810293288
5 2 0.668731722718741 0.27493958915390626 -0.5521929437485394
5 2 0.8768720630880772 0.004026749678219282 0.14872050313985244
5 2 0.8113643800770345 -0.3355474823826941 0.07102428453292764
5 2 2.092152873509609e-80 -1.1603540212258797e-18 -0.46767340637354937
5 2 0.41543805940042317 0.43648413976773676 0.3895866322312372
5 2 0.2190156762987345 0.6692230852804056 -0.3572881851719791
5 2 -0.02124003128656888 -0.48464133527182424 0.24262365504004715
5 2 0.7278578298025281 -0.3456306400556555 0.48819496717855215
5 2 0.9348468405231086 -0.15885472060745315 -0.15341832940114025
5 2 0.768181646627279 0.4112518340883107 0.09921809243598102
5 2 0.8383218342859843 0.4669362906750855 -0.33198644392543925
5 2 -0.49946814057714606 0.3970810319764692 0.5050612779748341
5 2 -2.137919038034193e-68 -4.2268956317873745e-53 -0.4839264674231582
5 2 0.8917288446453066 0.48946388552064735 0.43497686425247206
5 2 -0.678301591278905 0.18049329546576479 -0.30321593796021395
5 2 -0.4198844367395708 -0.10025289771638476 0.24548550801013036
5 2 -9.568561738850468e-77 1.7196980247323338e-73 -0.45592876152438083
5 2 0.0886113875847231 -0.7454445193571304 0.5994219018998374
5 3 -0.16292989005650915 0.3135502343086715 -0.5187709769295937 0.5448728375881958 0.5459354609987574 8.283150890682766e-30 -0.3687854355100714 0.39514424115492064 0.3450761369558059 -0.10893406031764748 -0.34973361323672986 -0.20957849961965924 -0.49573204752600014 0.2848150217082493 1.1823262043670662e-23 -0.1420354170833505 -0.108301421604238 0.24136895463442554 2.406517714011261e-29 0.12502399469904274 -0.08315728112727845
5 3 1.1214509052757337e-39 2.0729804408345408e-41 1.2018993178436993e-24 5.94532993341532e-71 5.451555440478691e-35 -4.875627940401914e-28 3.1647199735536714e-73 -5.005617822873545e-76 1.5453527173708262e-27 -2.67422482147425e-30 1.863704101198642e-21 -3.603126450797841e-74 5.005941600396447e-76 -4.967723404503261e-22 3.043972197976397e-32 2.804318646986615e-53 -9.68076705815538e-77 -2.5861253046089975e-77 3.9931094720153274e-24 -9.464958509714127e-74 -0.37501735094407823
5 3 0.2324656488510714 0.37568689832980806 -0.018190010076491396 -0.15167123870275964 -0.21787575098370018 -6.326804706326879e-24 -0.13252496699740074 0.7515785477486003 0.0903327283058296 0.004000690477956375 -0.046483504733066235 -0.4838389480564956 -0.014926859253747931 0.024237583119580887 1.21766060517233e-28 -0.282919969632965 -1.1354775732602203 0.06791950241001372 -5.943842319490911e-23 -0.37934079616518007 -0.00960082656241774
5 3 0.2602628893844371 -0.5672196525382963 0.1919865573402127 0.01664966022743589 -0.03586015061716106 7.095724594096291e-23 -1.0489961415484141 0.11495036948696451 0.662321854656993 -0.009587719244990257 -0.12773249505760628 -0.1559794884335248 0.0061012230072094945 -0.7536194089522352 -7.490656173002964e-67 -0.24661825719228345 0.09153047707351492 0.1747383781696704 -9.055616628126063e-55 0.18417244703114116 0.011843971932308541
5 3 0.5365441091561889 0.2726334599902454 -0.3684983781838008 -0.16470524908903894 -0.3659597212390916 -1.8881213964570147e-64 0.19162261710362258 -0.227442338782171 0.6333241836993843 -0.7617188663925175 -0.7597368247811984 0.04081415331882822 -0.38241162478647095 0.09660568289544272 3.110455140804899e-83 0.053985457586104874 0.31952319714002614 0.06713863854273178 -2.5163762480065335e-69 -1.2062013223529091 -0.1405468661872878
5 3 -2.6558902542508076e-59 2.1367469835254992e-38 -6.416638104871517e-67 -1.6585428564670325e-27 -9.423869006304129e-81 -1.6224250218180434e-43 -1.2431919695701568e-56 2.8097925029226615e-35 -1.4677415746692886e-59 6.104923103951039e-53 8.501993100275227e-82 5.913766079014712e-79 2.8276727190092855e-38 -1.7748649326404755e-82 1.2364956469261335e-35 -1.4171915469141918e-81 8.770302453349227e-24 -1.3151811162608361e-34 1.501832370421982e-54 -1.2627442088042096e-20 -0.27329453835518436
5 3 -7.528914612419414e-26 -1.4573284816754862e-81 -1.1828833103474428e-50 2.832101883370602e-71 1.0188375493915576e-77 1.1379822727307961e-61 -4.913167586377776e-46 7.629763120241453e-51 2.463635422798017e-79 -3.727584727056281e-69 4.8844849916719984e-23 2.121788405972335e-27 5.1052413540668834e-76 7.261228254552895e-67 2.074452609421439e-60 -7.919353124560668e-33 -6.113660069658013e-44 4.258417034566061e-39 -6.834965863274963e-76 1.2878493251480671e-72 -0.2687729002036006
5 3 -0.23799903365140043 0.42337693969719004 -4.420550495949849e-15 0.18812090695972025 0.47795393635752 -1.1916587102472438e-26 -0.098994657212823 0.6276219489302933 0.48865866380834305 0.24767013353466363 -0.7397871198338156 -0.4024095140410805 0.1608132407063472 0.15659152484072777 1.0558859598100581e-80 -0.3073204700723047 -0.1237550237729272 0.43744360823727607 1.6690381797218318e-22 -0.24066437226414716 -0.05943117525886434
5 3 -0.16298905080699674 -0.05344521121290656 -0.24677040424669677 0.41403517721264177 0.3404158300457452 -3.7017610989094883e-54 0.18769898039083868 0.1179791796926484 0.20583645122147542 -0.14225080168347887 -0.26252453397564424 -0.009943325255145515 0.5034298664445506 0.24778110383420734 1.8178943763900383e-24 -0.13956752353244775 -0.2595573723878858 -0.3751092825200063 -3.2352225449579635e-30 -0.1348111279332684 0.20709887064205748
5 3 -0.12043404422775825 0.4094393190692472 0.4804993096066041 -0.6480712403025364 -0.4383087070633506 -7.100296291629809e-23 -0.16387146482426757 -0.8136701878149456 -0.10212370078516564 0.2657332093932931 0.5396229813702661 -0.06245594597072529 -0.20429494447657456 -0.1674997341416588 2.5187445922453688e-29 -0.18084809189249368 0.528777379114215 -0.13528031509444755 2.478219820198234e-35 0.19883573954461806 0.44258729152466897
5 3 0.7054226891624351 -0.01647303716780975 0.5957276016529274 -0.5260960275027905 -0.42845752579405055 -5.524582188371645e-35 -0.26427918080821516 -0.4327771366565409 -0.15251306133272335 0.3164594546525913 0.06994287315744707 0.14716536149870807 0.06887874565881814 -0.020799537609360496 -3.1270026621977764e-61 0.43593511154991477 -0.034538654577463364 0.10554611684303149 3.332053000861106e-52 0.19986737236889945 0.4128716412233485
5 3 0.25530454862739416 0.4613615066025492 0.5118523511928253 -0.6488212941867737 -0.31356386374747214 4.774066815984399e-65 0.3125438411505802 -0.6092784109353219 -0.0841074550453418 -0.1944787461393698 0.7406148296161008 -0.050271276935001705 0.11745891765451001 0.23860139705604852 3.5226985383577793e-63 0.4431773563040611 0.482437770910509 0.1345539692675412 -1.5629491222317304e-21 -0.30020961148626196 0.340242682130707
5 3 -1.0187017818906405 0.0766092512175258 -0.27160008262997626 0.2688256027289662 -0.0696095319657482 2.0843118794168518e-22 0.3122932141451064 0.8513344141825303 -0.20324824763861274 -0.1284730518887181 -0.8347824650623875 -0.27202689860920687 0.412878190872368 0.1977889879679903 -8.378753945587734e-59 -0.018376301777119575 -0.9010379448906614 -0.12457279245363921 1.1854981917094118e-50 -0.36537238913513986 0.21797464508930134
5 3 -0.6501048557403422 0.07636860238412022 -0.7233320010033629 0.15700595410397253 0.18432463702438492 -3.8749375004275336e-65 0.2967383069715537 0.7153428842128641 0.15792192124541854 -0.32441639792356103 -0.2371510859477493 0.05354970203837676 0.6275920590998376 0.43217161015248906 -5.619156471376955e-29 0.1546943126225658 -0.10940750208303286 0.35343448715088016 -2.7666300549435804e-72 -0.5660709215550133 0.047852710195809146
5 3 0.037747857977652025 -0.5757543377644406 -7.357294391970086e-05 0.10605829774728966 0.6855982729157476 -6.455971392759414e-78 -0.06051250545019446 0.2630414697829968 0.1604448658447559 0.2120373228581593 -0.3585584423254559 -0.6404074063064843 0.06591429080033219 -0.489079718133591 7.224468146027998e-75 -0.8039761604906216 -0.07563379799169861 0.05513986036460298 2.2547196579300074e-24 0.07442659742925109 0.37683091386541945
5 3 0.4738320579449767 0.32035298866492606 0.7996117101592785 -0.31064501353658897 -0.27402605313965606 -1.3827900209135215e-64 0.17141787359982888 -0.6650566639965477 -0.37870433273163784 -0.2554831197612098 0.038542813300056385 0.46883767228059753 -0.6068300709605241 0.38140372805898765 -1.0034908808941104e-51 -0.01665561725150264 0.47163315983856285 -0.0006556307422426584 2.4617341935317637e-39 0.3616165700959613 0.45743104451888683
5 3 -0.31377604374536183 -0.05317645468911189 0.1328091516490564 0.0339135587728227 -0.1471724483520899 -5.4012313606946004e-24 -0.04041396115406482 0.07175257791099775 -2.278518547897238e-28 -0.06687961602188604 0.13135882062822818 -0.0006197548802454437 0.049793701417207036 -0.010473822601820271 -2.135339785874897e-57 0.1649007593394958 2.4160676587885357e-45 2.3328725987402786e-49 1.0151278719572121e-53 -0.08172645818899028 -0.19424810108329427
5 3 -0.29851700148982535 -1.0234331984778748 4.1277314461968483e-32 0.25327102403067664 0.45238730915183695 2.201043357124806e-75 -0.6283460502342775 -0.10788821108379075 0.010313828380427409 0.36454430759293166 0.4014030835205872 -0.3263653337845253 -0.6487401810193723 -0.3050375167672851 3.6716997584593384e-60 -0.6053953553181682 -1.0663672473391827e-80 0.33117352647920556 -2.8962613574937377e-43 0.07666612390388795 -0.028204275049735824
5 3 1.662145178108e-23 4.687931482006372e-55 1.3439597555670071e-38 -1.4438922059486079e-24 2.1862386483064652e-42 3.5985898048251865e-41 7.768544080075771e-77 -2.3131351654040375e-60 -9.423887277908383e-44 5.6419306506412036e-40 5.49670247184457e-38 -3.135417877050329e-22 2.0891554402439354e-76 1.0383977632614863e-25 1.8998692620027902e-20 -1.2028060776671986e-53 -5.538435184902377e-25 5.765746402248002e-77 -2.5087104762690045e-82 -3.634387204542287e-67 -0.33731119474416127
5 3 -0.9832694970844165 0.2599062608696801 -6.966394120881064e-56 0.7085249403958559 0.2485515446418662 -1.8534454830442223e-77 0.1082691167863896 0.08782388792257005 0.28901643221328327 -0.1857314057780664 -1.1211055087207513 -0.4534251776786783 -0.030838987548536523 0.4349711491524856 1.5556812612893562e-21 -0.3200755993050648 -0.12400181616416736 0.20630187461834076 1.895105748205962e-22 0.12388525137273473 -0.001636473683306742
5 4 -0.23874539141866485 1.4612004924035356e-16 -1.0534291870123462 1.5645649145724296 -1.0374695426153617 -5.872843147338903e-46 -4.973714081330022e-31 -0.598579376077418 -0.37943528665322734 0.5292806284198338 0.2937436984304412 0.4476461265470853 -1.537752180332312 -0.7031933040369899 -1.3954563440819183 0.5613630411069516 -0.1327531171425426 1.0682364428057596 -1.6960138552758285e-19 -0.9116599751938885 -0.13210891798498414
