Number of NNs: 3
NN configuration 1: 8 20 20 1
NN configuration 2: 8 20 20 1
NN configuration 3: 8 20 20 1
NN Layer Weights Bias
1 2 0.23236937836763058 -0.17390656050875392 0.002387900948779916 0.17672851542735404 -0.24953130254120506 0.0251689995490134 -0.4078271468957856 -0.527365764331306 -0.33374321697909065
1 2 -0.14943870157232553 0.16617837900834917 -0.24575444645207964 -0.0970723653071546 0.4581952970464464 -0.41361528275016185 -0.20428166106691567 0.06551233546371654 -0.32316389073844143
1 2 0.12333919059708169 0.049377684862029037 -0.22977151103821944 0.2285699498991518 -0.23568379209476123 -0.35413256637822305 -0.28213869172998507 0.8246143849008668 0.5262788059966973
1 2 -0.20253003042298034 -0.20889785540553021 -0.12980558962913313 -0.121803902291495 -0.4079374548607085 -0.10540596084125581 -0.03973226002550826 0.6427332487325045 0.19645361039695303
1 2 0.3348326360782337 -0.5203204257824214 -0.24219925967705616 -0.2161026612983377 -0.4357485119005411 -0.1408389534623202 0.4539999884912274 -0.052209986875312475 0.18955025465542943
1 2 -0.40027040530560565 0.13334027111001895 0.13216490070183654 -0.20270818927588152 -0.23153044704559395 -0.18201961362682825 -0.12289031199308838 -0.31350186610791614 -0.34648806339060073
1 2 -0.029462755626774483 -0.2733492049219129 0.4234466419204292 0.1427237221863706 0.534769808176006 -0.20719017529141037 -0.3616993270074374 -0.38884508282766067 0.27335899804605607
1 2 0.020119873187629412 0.39125473163801855 0.5709747816404921 -0.47029412986670505 -0.1855019432505877 0.23523516534658265 0.41693264397233987 -0.14870763916404914 0.11417818092161876
1 2 -0.048532598279351434 -0.25858751116697154 -0.05853482383738479 -0.4990970107892985 -0.124229873074309 0.20109785552734546 -0.06239593629087969 0.6091745594524229 0.6814131485773921
1 2 -0.20437224507432467 0.41309855253484806 -0.3024559194341112 -0.22735721794155989 0.034450830003750155 -0.4894031908790317 -0.473454240504224 -0.12839641413431796 0.33277831017249027
1 2 0.15860549658112236 0.00936892594051383 -0.471256692600296 -0.4559482071306139 0.20687135772567927 0.24419294166627212 0.28393410053921364 -0.17338973265157248 0.15160082081428133
1 2 -0.05721369835165839 0.09727561834857557 0.30113562723084103 0.3042843895802853 -0.169271170253959 0.6019245638483467 0.44749719664785464 0.030324124602894974 -0.04428901109737736
1 2 -0.43434199474964524 -0.171631197964257 0.5807135001695596 0.06991621967497608 -0.37989236407384397 -0.09633613841175243 0.07755591076282836 0.3619123070606438 0.5292331394682016
1 2 0.3133251084708499 -0.14532791430272402 -0.1196832714907607 -0.27658161398294584 -0.44984471497201667 0.11422012537440006 0.24616624606569737 -0.7166293322894413 0.04799130108295772
1 2 -0.4884214865986889 -0.45326590414599355 0.3795017713543402 0.10727822829937203 -0.5018791603201045 0.20043039072881724 -0.0930750752494546 -0.4426681121689211 0.3502345023687351
1 2 -0.22658142638492254 -0.09592991424437251 -0.2067420783837111 0.4787400396474323 -0.1005290563556553 -0.5895843333182534 -0.42063636643920455 0.30815362819915143 0.2707330603484905
1 2 0.31766272153559444 0.12265401886503216 0.5471694854965486 0.23075990742059635 0.1513745853003778 0.08425624288220841 0.18567928915293194 -0.09348858572700693 0.5410201114266688
1 2 -0.30132717488718064 -0.42526878846223076 0.19685193020269645 -0.017892082088479692 0.13755819731349875 0.3372467814714303 0.325943260638584 -0.37263973945404893 -0.37759139847365364
1 2 -0.46482886485016683 -0.386110290675794 -0.3613411255724915 0.06688442466891956 -0.07362352978888353 -0.6066419713473135 0.3263499563517574 0.2638430084415024 0.24488686869462073
1 2 0.00665754788079899 0.049479034217822994 0.8825500291176329 -0.4011583061222502 0.05483301775272501 -0.2556558327001826 0.021152836054703496 -0.10235846326536269 -0.003709005359769584
1 3 0.011815412186006062 0.37263762284751106 0.3530932477980144 -0.46480540419387995 -0.1733943081163736 -0.06817964209727169 0.020473027006560136 -0.22122841016381292 0.47382274748242503 0.15174767753728333 -0.20763549083237104 0.16490885265679686 -0.23873951029618745 0.2654565810689727 -0.3814114114674823 0.017443057948854288 -0.004001340451310823 0.10291850520192942 0.0908756251975456 0.3844995887604276 0.3359891550171548
1 3 0.059649191938648954 -0.015757616335472662 -0.19935907949716375 0.30624708339429985 0.18635376732120412 0.12226476749721579 -0.017451714084932256 -0.359045854478253 0.36889539960265627 0.3296736330467721 -0.10394123922880175 -0.020436270134320877 0.09416465782734733 0.2709622210481078 -0.07975300112631137 0.32823256033439446 0.09192802342635101 -0.12194596450766786 -0.3516277275016677 0.37855531703290207 -0.16664021669193987
1 3 -0.04823868017995744 -0.3358262830643218 -0.8197135899949767 0.6546973631532168 0.23058575633993944 0.1736479479765659 0.358207379937503 -0.10339567076590375 -0.0593250980450977 -0.3449927303921654 0.4162925657962648 0.12813955052361278 0.27773470307932063 0.4424566600182294 0.26163714744065203 -0.048338249783166885 -0.06091838856863613 -0.21646469389503545 -0.12681211747248028 -0.0051553578034309825 -0.12700847390721426
1 3 0.22612758562638197 0.01039943624925763 -0.6758538195716037 -0.25282662689989704 0.0032810508439824753 0.5934392030880047 0.2653048183314479 0.37076272189077936 -0.6669879675326168 0.19629230611065596 -0.09881898257459654 -0.01735363851872485 -0.767835664885936 0.419491240695965 0.1874371307098616 0.22133779561596234 0.003585354897695615 0.5081821547291233 0.02821166754697508 -0.1464108298839099 -0.2973156394355128
1 3 0.09963628449909585 -0.15181318827223364 0.0768683758424938 -0.24664796749361934 0.3227196164153217 -0.26294281211497084 0.29807226562907146 0.08474756951561718 0.24799706339523744 -0.26050138270062506 0.01595923728273342 -0.09371161094927692 -0.1453508740582884 0.01740137851783758 -0.3104466300065032 -0.19971006076223038 0.16182536845604323 -0.014317465607927366 -0.0897627478933153 0.11246510515734351 0.11196815927974749
1 3 -0.28166876060870905 1.4008096896466978e-18 -1.3932349226101383e-28 -0.3431741045212713 0.1291352511262031 -0.1976738796500992 -0.2279217339328112 0.006474432622138869 -0.002214009894676822 -0.02748186517437782 -0.34069464362530677 0.019093465598162506 -0.2968695371268749 -0.3561869054349286 0.28919528236948805 4.11186811091759e-11 -0.2659150217666642 0.3175103164604135 -0.2223083225123396 0.25899211595266436 -0.11259051753417665
1 3 -0.4702938642544559 0.4578581067339382 0.2393637035625798 -0.24394462353140625 -0.12669281911585392 -0.5434931224917654 -0.07401782081134606 0.15681630263369056 0.47427844437283007 0.2459837797977433 0.3732654063980954 -0.33475537818404005 0.5139302573379364 0.2546329517273669 -0.39177411154798103 0.06006559406033538 0.41499646527193634 -0.04035155811336264 -0.05863967502748374 -0.11871256717805036 0.1327270755656226
1 3 -0.0579546268031791 -0.206898253099499 0.23554452642361176 0.25389457248653513 -0.09065893995925209 -0.10028779420894963 0.3750587201297244 0.028907315365479972 -0.09752031120546066 -0.15500721376625068 -0.13377771057754145 -0.12278686830950934 -0.03369981739929516 0.414602334686068 0.40699449647968117 0.15019145519695676 0.04211194097052172 0.23074740449096398 0.11950050374019076 0.13415418958838424 0.05835362346865813
1 3 -0.34983334149989925 0.3207112813069982 -0.0876162408375867 -0.4842348584035254 -0.16159705975770153 -0.08765347239851118 -0.2692915085109073 -0.06979567832154614 0.4009737131869138 -0.254803508570549 0.1257675023137742 -0.017005227875940578 0.4360172804842728 0.09061867729268921 -0.07843101533612204 -0.20851606198175918 0.18030577817534282 -0.5734727433078329 -0.19889978027301933 -0.11182718992338514 0.3570972198622974
1 3 -0.19302897417439768 0.43432730428961125 -0.27561624261948053 -0.2569501604965669 0.4973603113629965 -0.08989668241676764 -0.12008031762306623 0.06434029342965333 0.2042712244022711 -0.5296384524647019 0.07199470118662801 -0.6899029361188648 -0.11965449057948539 -0.1366626739056451 0.08711638758468718 -0.09893060839149552 -0.377861896886228 0.002790893053703278 -0.3483053821360435 -0.30196456658812965 0.20550980450834716
1 3 -0.10459032770140127 0.3426702515766825 0.32651385462431964 -0.18249695864781315 -0.1234794601140934 -0.4228849970518852 0.11526853941893121 0.13955001672512563 0.479288827942992 -0.086677312457008 -0.3727571699503772 -0.12936169964028577 0.2800825711184359 0.3013223284010967 0.29172033241269846 0.24268676945457693 0.22089504129299894 -0.08861625816785287 -0.3107561850667906 -0.0519877709449519 0.35745132011703107
1 3 -0.22017599772640242 0.0003661017299894893 -0.6992524473828957 -0.29711151437892724 -0.17629952064971002 -0.02819975969802157 -0.11177177020237054 0.38489634795399935 0.11396754950870272 0.11933731676179489 -0.7486357586080244 0.30383227678192587 0.1919509544282813 0.20480256198140714 -0.08711045700578428 -0.05137802336019073 0.0660943030436607 -0.1605300690109927 -0.06832638169371417 0.16396848791008767 -0.20932762881749936
1 3 0.07863359682089943 -0.049859691352142924 0.11076065525871143 -0.1816945135383846 -0.0762791982872617 0.15853959597913866 0.39251717261768027 -0.09239891795949264 -0.09397131891720882 -0.20315394993397423 0.0056485001515061565 -0.08963219471024171 0.17345429588775996 0.3326807575112994 -0.3505009358806926 -0.6028505816330086 0.31918397074099464 -0.10691796364708858 -0.9416383820232155 -0.05338036391842829 -0.16861234538029232
1 3 0.5185822371178221 -0.0037149996264030263 -1.0300611038213834 -0.6642103226818078 -0.165666390390345 -0.10851602564737473 -0.14205697966923145 0.1172277031695789 -0.7206085074254585 0.28592706306897214 0.17554163582739893 -0.0878744801351463 -0.18619973357134223 0.05706954108464127 0.3654372114532697 -0.3278560684836915 -0.3802086136316441 -0.001701252071422266 0.07759993008522295 0.5213801218389814 0.013287970525595546
1 3 -1.9518898395605392e-19 -3.493572272015875e-08 -9.450948855432549e-31 -1.710760082630484e-09 6.439108443165591e-10 -8.980076818851426e-09 4.361484957146239e-37 8.402686826454659e-12 -1.1557109846624289e-08 -5.1143111235842283e-45 -1.8364736183251618e-46 4.359703956470867e-33 -1.7830743658237357e-15 -3.586182701486654e-15 -8.256411841398952e-09 8.19439070507157e-14 -1.6679269066215153e-10 -1.4490975428844763e-35 -4.367197586813129e-26 -1.0990720474014396e-10 -0.04273975898593374
1 3 -0.04046505542415763 -0.43908540150078734 -0.05696788312837653 0.2487406651083252 0.2074825598969204 0.34231981873131784 0.44988382558275436 0.2935616307483556 0.088237123441214 -0.22235663373901965 0.4216887437657924 -0.266373572136312 -0.09911500870778805 -0.06620025362757279 0.01717840868268956 -0.1742890020391868 -0.23242150901675734 -0.2290219896947066 0.20672319980579723 -0.37741365176526515 0.3478475596790741
1 3 0.048248796897298565 -0.43724806548824313 -0.2393244742875524 -0.10300032050278553 -0.16233909472131666 -0.170126125095943 0.40706412663835106 -0.16037933695500795 -0.3157439527590585 0.18475643608677958 0.570485752212544 -0.26919893192638766 0.08500268555519186 0.02805341528427069 -0.02432119447739597 -0.4387354042068261 0.2613763780948065 0.3812331241740373 0.292070303506916 -0.021373154613891245 -0.3109869836161112
1 3 -0.0757367682120249 0.24664052419824273 0.41055787413666034 0.41539302362660796 -0.39042012352953676 0.5048983939584984 -0.17117937590218285 -0.07089900066726237 0.4453722801493914 0.0046431619177678424 0.0757156054643449 -0.4053930008038607 -0.019521646367163904 -0.42969668966688834 0.12076372583945022 0.38597583897514465 0.08206107969052855 0.4109346335533068 -0.014173903688788372 -0.16838522476629977 0.14556976901339438
1 3 0.1605540864076621 0.24633845066120974 0.15743816218885553 0.0925950749144141 0.1880599069629168 0.17082843349729526 0.0025175405799745384 -0.45671400878232765 -0.0660131760350583 0.18019342620254064 -0.21326260403629155 -0.11768762594631621 0.3223240300854141 0.07372368294556457 -0.25860435063806436 -0.15162613429230928 0.463777161246201 -0.09092464058287097 0.4110199837661306 0.31425307502310934 0.026285421303780077
1 3 4.900755633368575e-11 2.1409843373439226e-13 -4.248937377103742e-09 3.5326768326804094e-13 3.4420596145727463e-47 -5.2831443084242045e-14 -1.0459077562218548e-20 7.628507637577433e-10 3.7074181301014516e-18 -8.769251830800208e-27 1.200204402506403e-26 -4.2070409542571773e-47 -9.378275344001569e-10 -1.1389300159803473e-14 -2.1185850155677235e-08 3.989975225495463e-48 -8.460313781871992e-10 1.2450690933245417e-19 -3.218325613210037e-14 -1.3500870646956158e-10 -0.2865453411670675
1 4 0.19572817955697888 0.06560070963851604 -0.3698902077710069 -0.9958564747547972 0.3762678920716693 0.49770626583347144 0.43405214505971146 -0.5328637379018444 0.8278314333303676 0.8800908725075428 0.4663067669943713 0.4807962605570814 1.0900198003507935 -0.4508222439264547 -3.8920480150267417e-31 -0.4615285047765459 -0.5864899913061195 -0.5132023933936725 0.4658384012329765 -2.213035959437145e-50 0.23449234006621808
2 2 -0.3646321779139664 0.29791145508067424 -0.2303477037162964 0.23114635463059605 -0.2787197030633522 -0.057756323119996796 0.5034898612422353 0.17059203265976824 0.15380110319697465
2 2 0.10978807808894277 -0.2263251980933669 -0.3824130055734352 -0.5106933363818195 -0.35125821221511005 -0.3645006440463003 0.008196377149466786 -0.37706537161119746 -0.08286603017492251
2 2 -0.06894428592204352 -0.14049718081639995 -0.4002525401588815 -0.11605254473329586 -0.26673867634591075 -0.5344414508230899 -0.2072993597094427 0.49833867733794723 0.11235145044257426
2 2 -0.3692794617718105 -0.4163103772492216 0.39569340618451093 -0.12219851456026205 -0.2163817672710649 -0.27415451941871194 -0.36099531566075294 -0.09740314424114616 0.3533784377077751
2 2 -0.41848244050068 -0.26613646437788063 0.29234657871051917 0.33671972285512275 -0.1112278288935023 0.4446042992631079 -0.42069648787876524 -0.7863227014260422 -0.00288049869211544
2 2 -0.15112833149866198 0.27588936288591037 0.2849188226794592 -0.18487511021117495 -0.30400840754454134 0.4603102125917361 0.056851480764807845 0.12900632796310266 -0.4116468826092809
2 2 0.28195390917699753 0.2616234635706291 -0.05395673614511534 -0.1630857516135984 -0.19736715687776576 -0.12908564992587512 0.10917663558728571 0.11459993258168238 -0.39047630942290795
2 2 0.15780757728866782 0.11858111023254249 -0.1018261702573017 -0.28583581370993394 0.07581730017258899 -0.08977644838524261 0.15104796475130858 0.28104480765978224 -0.46348814530286037
2 2 -0.36675988182437635 -0.04766442656871805 0.17486917049254366 0.03273401994289512 0.3410958818606264 0.23517279793202248 -0.6906737971848028 -0.10142892408332384 0.19439167580121364
2 2 0.13748257156671898 0.16577648272920592 0.4211231431744401 0.08900676987191923 -0.03549570535505853 -0.19899273680137994 -0.1914041070262257 0.14228942624383997 0.518313124245363
2 2 -0.1742247105006459 0.2747752951431965 -0.21766974039526288 -0.4125293213478638 -0.011801978707354529 -0.5575632220713876 0.14266863986904177 -0.5136758038289527 -0.28699139079853664
2 2 -0.0011616615178800505 -0.114044130622728 -0.31493194125858026 -0.022462013537188765 -0.450670357181493 0.1354570639383327 0.6391171412084 -0.6049510737598557 0.23422693894664182
2 2 0.26190904334897297 0.29939756995203254 -0.3517577795412934 0.4263490733800905 -0.40560490514428166 -0.083650949633568 0.29080222583925275 -0.15634467727815385 -0.1275047816731333
2 2 0.08702719671151633 -0.5188585177349556 -0.5077709266425473 -0.25892274160184103 0.28800555748565754 0.19403786944287618 -0.4087400876004147 0.3332443975600706 0.27556068143421114
2 2 -0.17826269194341837 0.044451569319393175 0.18451215931306328 -0.1116172871713879 -0.5773792670316681 0.05701659824985115 0.0901387398973804 0.7710302208769205 0.38200784372647856
2 2 0.21082680908682977 -0.38954267044921687 -0.13478959090107986 0.5508374429833885 0.23593599028604265 0.4848581155956723 -0.2597171114155495 0.04013616077558134 -0.3671502662365316
2 2 0.15511642356021443 -0.05602113843158012 0.429850861087078 -0.4234618759151399 -0.46316239981366925 0.386094729916048 -0.03206475088515574 0.4283715410096047 0.6137653079202768
2 2 0.040052958481344804 -0.0028571141177337806 0.09153351395500263 -0.14102217618717244 0.05819199316162412 -0.0482032126608426 -0.10047924062727545 -0.5794451239909658 -0.46122525053884744
2 2 0.5133893144640377 0.38222011869674755 0.042817502782367164 0.34511291805506555 -0.09877348134446069 0.013737600221086365 -0.34534349604655673 0.1687463501319966 -0.2947027757973869
2 2 0.10399825146015829 -0.39256308305441723 0.21400987517811515 -0.27082943185293873 -0.10326630244426538 -0.13794675457194736 0.18527660155933823 -0.1574095793519628 0.20610308842818462
2 3 -0.01708277801108225 0.00557235732440193 -0.09078261080689838 -0.16672224991110807 -0.4232259327427441 -0.136669676841399 -0.03864438119748112 -0.15755572586391875 0.1715090864797872 0.3005958557525632 -0.016677001652727657 0.06747168050389361 -0.24192102903673487 0.049731337687775296 -0.6151319639522967 -0.33534684112993707 0.5276508938056886 -0.8440599513993594 -0.392886832434011 0.16848646033333953 0.30778582328430154
2 3 0.14602320336395058 -0.010112079691072133 -0.5756173861747338 -0.19047128648314682 0.4224506344253902 -0.1716971318163317 0.29296090874619835 0.31473746026872973 -0.26338519902804375 -0.15845543813791246 0.29061433370329126 -0.03979461296420005 0.11244302420879221 -0.5711478485454696 -1.441126037537469 0.3313001573170742 -0.29140144645836263 0.4610141092852905 -0.312480558085583 0.10420372106533662 0.3306646440041855
2 3 -0.031009646013365273 0.036354853702644054 0.40774645218289907 -0.19895728084853417 -0.21264874345218462 -0.16433319242350447 -0.025428702272543974 -0.001048411371767883 -0.03153902153768966 0.08941540491885262 -0.42608524012361404 0.3463322888045997 0.00506789524094896 -0.460890717091001 -0.42996765296003503 0.2912460286128932 0.3860465434570841 -0.5639764456165395 -0.4973611405604853 0.23627678962542975 0.044865140589188224
2 3 -0.390404116235892 -0.03175712608284106 0.007635315985802287 -0.33636062326432686 0.2982592012445639 -0.1351642805937816 1.4702088676661122e-26 0.08390093928741647 -0.26369438046089466 0.32272655052188404 0.2643094513616881 -0.2508683281434881 -0.0844315218392493 -0.2823060244788318 -0.37130106926382694 -0.9493905566268842 0.4902455968681516 -0.07213086700929251 -0.4438247370303192 -0.060235719998048325 0.25239600442570886
2 3 -0.05544244315875472 0.01023470929063776 0.2621421416581087 -0.14371969468115492 -0.4161627085430257 -0.1322571069780523 -0.2629218138864212 -0.10875529207891148 0.4387244443884555 0.5790456141950628 0.30795826537585563 0.031563013914885286 -0.008863205533747972 0.15256528418617143 0.004726672096672716 0.2631310044929232 0.5840726899457455 -0.6280753357075489 -0.5426635497750165 -0.13819851068851702 0.08667566302683957
2 3 -0.3413379043088965 0.29017181148904136 -0.4243349705433212 0.1039653350411857 0.32959351874161713 0.36780041538961245 0.10602030135767701 0.1404853252532486 0.35319655879054146 0.11509281806149824 -0.2801427728892532 0.253889946084322 0.23250850395119332 0.3320171157338959 0.12352860638455074 -0.3343934468659347 0.18571099794291132 0.24495951700933985 0.6796840403045781 0.036704207075376104 0.17768520944552502
2 3 -7.070654952786166e-39 -6.6449816506976834e-15 -3.886526561206604e-18 -2.284583537747277e-15 4.224580385007235e-39 -2.1459991054526322e-35 -1.2916975231924549e-06 -6.977533807526691e-15 -1.56755097258042e-34 -7.182946613848163e-41 -4.674517505914071e-13 -2.0596803474899364e-08 6.558260973635244e-39 2.712024975630627e-37 -3.0251315063712454e-07 -9.243784810203728e-24 4.370996498072288e-09 1.2564465147077059e-08 8.173715738746986e-29 2.1507203599548834e-15 -0.2846989941529947
2 3 -0.1979289309346219 -0.22755483869527052 0.08910130227824883 0.4065717563788675 0.019688830240697237 -0.023689419233381144 -0.2930419975443735 0.2815770213876787 -0.17566706526482048 -0.24837091272351047 0.44131797518154664 0.29937092090434486 -0.29365384084186275 0.0698180172244724 0.04730576680530339 -0.27990037894428127 0.17513854359289505 0.5552745959717137 0.51691781073803 0.2034744145536499 0.05526877879449757
2 3 -0.2247878557124677 0.07682465808086485 0.24965768905373917 -0.16221137838407676 0.12871259010632696 -0.20880456867618435 -0.08903832639640169 0.0686508312024423 0.10070720802603374 0.18191074302195998 -0.0921359557158478 0.1962755682268139 -0.09494793449725096 -0.07523428565492918 -0.29471517514902285 0.14972367380979718 0.1132060513954379 -0.40322194565068853 -0.7177182609378047 -0.1924817529174348 0.07851833570861844
2 3 -0.3636218848632831 -0.2130715245715154 0.04859622633579684 0.30860195302196936 0.2256407716377237 -0.02518927385548961 -0.2946599794867911 0.17807428043395393 -0.13906264332505425 -0.08376452638488253 -0.10076474091307833 0.11474397400426467 0.4128029136796903 -0.017359455934587098 -0.23511520475471925 -0.11861927028411619 0.21312125602549334 0.24058702704885676 0.403285549491638 0.218762363042439 0.28615833771118304
2 3 0.4682078294638054 -0.24806421514601912 0.507289058257254 -0.18687633701552958 -0.46977337119100626 0.4550990942290031 0.24470136444160667 0.24611679431159963 0.42495670399223706 0.2738639126965221 -0.22085615524627403 -0.19529487105351853 -0.043885595717534566 0.3681365196839523 0.5195584352340784 0.09221526452778978 0.11968358644152449 -0.29454816473253936 0.3656484186190554 0.2542767868873719 0.10831371109053632
2 3 0.2312759111600695 -0.12297175266910156 0.46855898624406317 0.08506504547227678 0.1215512606955382 -0.1255405327096202 -0.32690139127142154 0.26455304947416425 0.31615004563790705 0.1894858136220449 -0.030777944998307674 0.16866450415122372 0.17521947642451116 -0.008031990634750559 -0.10725330013144828 -0.18373084476903495 0.3344487716997282 0.001536062238849696 -0.24358799596854414 -0.3479735259153298 0.3023660736845357
2 3 -0.3519242469414724 -0.1389121663831247 0.3840512744779348 -0.3893344795028275 0.26923947112657315 0.11071442263763236 -0.22756082429291516 0.217476550149355 -0.036683937938478135 0.3125621037634145 -0.4627108024107345 -0.14736318987491337 0.05229465670424709 -0.06720240357090627 0.3089553630294096 -0.19089989939578442 -0.3169879331258674 -0.35454747751273535 -0.5705097738683917 0.24105091107521479 0.24265472720641662
2 3 -0.38746809454950254 0.1563257569550751 -0.12968969884224024 0.2094518322204544 -0.08494460415925835 0.10443347266353585 0.08595015684312825 -0.0001458873974682427 0.29274488338604837 -0.47860428937512195 -0.07359821781969711 -0.03625834772967798 -0.11524044342177674 -0.300188137709732 0.5016608847318288 0.13212529660895866 -0.07462308911077763 0.20535835679204925 -0.6056072621741166 0.17546375318965785 0.2403651228028146
2 3 0.026966329437047215 -0.08049037696719456 0.13079120702225397 -0.2552829032951951 0.001378998257192481 -1.676106641761443e-09 -5.932500780857859e-08 2.5177560479049687e-17 -0.10027700725760073 0.09257516363631908 -0.6425385466376707 0.19920074727267043 -0.5213074179407304 0.4545465496598242 -0.4049865741376899 -0.27761338111501166 0.24725988255644046 -0.34141436600081143 -0.4224286746185726 -0.23885013511331307 -0.2748171167965896
2 3 2.5837456453912075e-22 -3.7774473181213798e-06 -9.391335326415558e-07 -8.673750560285474e-07 -4.318728933105591e-19 1.0411561493388202e-15 2.8774830334968013e-19 -3.0137256824694644e-33 1.4458784655832934e-25 5.197070466725697e-08 3.5760295079515426e-14 -1.3733937366949613e-06 1.530188153777364e-08 -1.860864815445089e-23 1.6927355734405802e-32 -2.1770996690788235e-06 1.0404084000402674e-08 -3.6601968609174385e-15 -1.864550637905787e-36 -1.3292949392310385e-17 -0.17994699609890683
2 3 0.08819430351090118 0.10839043199270343 0.12363553798809555 0.3618632117618767 -0.24065628925716212 -0.12742833054775918 -0.017601332853129696 0.10291490548975647 0.2336667166763362 -0.34083603387526207 0.23386267160243776 -0.3704781226980333 0.32522080944894804 0.41570707566380705 -0.32018455782736704 0.2223275017276899 0.03774142652919183 0.22353356096683197 -0.35440087049479496 -0.21690024198219715 0.21764459255412402
2 3 -0.2873652472515588 0.4426173546156042 0.0014303956648427352 0.3864276908216963 0.264049193269599 0.15725756392060117 1.0826896453301063e-13 5.6917393163779924e-08 0.4195771811420165 -0.04347605342224125 -0.04869228176170996 -0.19796929602595575 0.2127365161843389 0.18544955221605122 0.1039086238255634 -0.44018796565476814 0.03482867933022723 0.1844628655195554 0.1724883598908196 -0.33161523470531645 -0.4251663707467885
2 3 0.2686929632825676 0.06471000779887097 -0.6030587774399856 -0.2176842472427152 0.34905902449636916 0.0951442495543448 0.08294046097541821 -0.26871638516228524 0.3872009682296564 0.20466171088098167 0.4789460164632154 0.026664190898457566 0.46673786229223674 -0.16598932002731145 -0.170364366440681 0.13997695417850253 -0.006650953821689938 0.7627223399639136 -0.06702412087125771 0.18490808423742863 -0.3581087047665104
2 3 0.21252623322086378 0.34440834752216154 0.09583503833734588 0.12120299229102639 -0.18403434700982166 0.14311852841740177 0.07026716300452185 -0.11352878610780848 -0.13103858159876636 -0.11866549020890269 -0.058921686112785567 0.43796972123933 0.3007778834682236 -0.052959588579282846 0.08176198461760802 -0.42850052162343716 -0.263243836792099 0.49252665272866564 0.29279686835472696 0.4450782634548946 -0.25327519711843516
2 4 1.1186023983127626 -0.6479050108722723 0.08410409053642406 0.6996611313289536 0.48347578735631647 -0.46713371799659664 -0.00017727919193137907 -0.091658770202029 0.4224736701938891 -0.046147134513872826 -0.4672777393542553 0.24259667539258736 0.13778418138041834 -0.03730809472525425 1.0997902114016844 -2.383210346409202e-38 0.2460038853850459 -0.4819332922164068 -0.7083682925607423 -0.42482737044811003 0.42874398728976904
3 2 0.036774904688003214 0.1763623721145156 0.1887019963771324 -0.07369794448447384 -0.43524932583644116 0.10037881737309642 -0.5017698678934114 -0.6782335880176975 0.3097644449589437
3 2 -0.1449162474053106 -0.008692454537015833 0.01841017762730834 0.03506346149813997 0.2976941365674133 -0.11551065533390988 -0.09057149682070567 -0.3458025340065867 -0.15341600123613738
3 2 0.6082157320309856 -0.3067977697018066 0.11470430910966133 -0.10321635229410742 -0.11381352315896312 -0.05876467559827295 -0.08919896769397162 -0.015287544767341184 -0.3245275734419746
3 2 -0.10127245280676221 -0.23012272858835925 0.10046803467195581 -0.16986888362025068 -0.5295659745121296 0.34662803557292804 0.03510105346168549 0.5320306123913691 -0.25633579121331884
3 2 0.24417928880281506 0.05184469491474515 0.06894935413396955 -0.09407495273630853 -0.3059245420995444 0.2254283550758083 -0.18926197032855516 0.25311160005524674 0.6101457822029217
3 2 -0.1740378038867248 -0.13452462611009258 0.3544840183303839 -0.31076016360303543 0.27234608570431396 0.157776915840015 -0.3410327035059162 -0.49301396323609076 -0.3139561013113145
3 2 0.3190362161849743 0.07033351533795709 -0.15319192607512486 0.3552191410166802 -0.5425624885393575 0.470733248031498 0.18985047457098297 -0.06256283134944773 -0.21170263456330982
3 2 -0.04082152887104859 0.14534279710740314 -0.34536982545798445 0.06785232232750431 0.3929342752406895 -0.0043270180753518265 -0.25193424166735906 -0.23704653578589413 0.5479715300113032
3 2 0.3857937890528366 0.29761367430734326 -0.37656877933041816 -0.09090538924925548 0.12405091708514278 0.029188552639330092 -0.5767733495193298 0.4207779360316165 -0.2765661730413115
3 2 0.14254324929852516 0.16910608941776026 0.05461470414795473 -0.020866816165798056 0.005350784285987728 0.02880706703508219 0.10947103950326693 -0.6946479313939692 -0.4470995485305553
3 2 -0.32743034488599143 0.3999348198492768 0.4147688593898152 0.41836516372977933 0.0630391006331946 -0.024155744741682132 -0.07802999940028019 0.06837759916391649 0.34718161796344027
3 2 -0.07002970440130449 -0.4050459838160251 -0.1314473788805435 0.431845649612232 0.3176545598470823 -0.19184843063752255 -0.2914090226720477 -0.4029960332857719 0.3979504616948513
3 2 -0.31610163512592737 0.38508726211305944 0.1140110577323692 0.19133968236894733 0.25921299015235094 0.2399269232230618 0.15012904750708927 0.2796122846146602 -0.11785433361118085
3 2 0.2373838146804698 -0.02567305270850521 0.14629690812310733 -0.4169884052063906 -0.3311771292946908 0.2441876647422627 -0.12112208741444791 0.28230303455951644 0.41137839270052423
3 2 0.18943711673990687 -0.33619236006675585 -0.2521593302467474 0.19893183503233625 -0.3627808306165116 0.2175820168701616 0.6502196335230197 -0.263467051605977 0.03841583594165525
3 2 0.28706330868935426 0.06231360356818729 0.18295482681682704 -0.030215412197842736 -0.13325897459949257 -0.28233480883027967 -0.1935018397439527 -0.046799241692634656 0.29755684993519443
3 2 -0.16713773846335453 -0.48237355047275543 -0.14650400737113678 -0.019388321204448063 -0.3000006071116416 -0.33811723117716536 0.054215979101152716 0.18565510668075533 0.35302526154909414
3 2 -0.21249153350372124 -0.32310401702958397 -0.4011356461958093 0.1968625103324705 -0.5324810829482418 -0.21808287931855008 -0.31277789970944625 0.3130985779795586 0.23824811270415286
3 2 0.1279647727139653 0.45116450493659765 0.25373403940838407 -0.23233986564598638 0.22390818541018018 -0.3250911371802544 -0.25736436802103335 0.10847129512506998 0.42026369942236896
3 2 -0.4189278278296786 0.031343054132269954 0.20127600505400303 -0.18965769216875822 -0.2392828530624622 0.10113142512317182 -0.2729007824460906 -0.535084268055653 -0.18238710659495802
3 3 0.4203589507635686 0.5604850652249669 0.016721124460841168 0.6244117302951335 -0.19271351139113374 0.23993366247648706 -0.045487141007643776 0.2397333453859419 -0.2346091979870612 0.48146957166629906 -0.00017826612396413264 0.005175573478606079 1.995129585577078e-18 -0.34840763256192714 -0.1578345001291979 -0.0846050476776178 0.024603336891590395 -0.2376076212107324 0.10648566932892124 0.46851762803466196 -0.3373615668076478
3 3 0.023703367554281967 -0.11726397571797009 0.2839197739994624 -0.14888963369819455 0.14537025791996439 0.1998531971315802 -0.06368036013896296 -0.3673588631448422 -0.21510673463639465 -0.8521686018327793 0.06190981159289555 -0.30781605164572945 -0.3447756500573619 0.35571012193160867 -0.03555209988220803 0.23305375743994555 -0.2708701251753733 -0.07489213499907517 0.3804504723567445 0.032921633557812746 0.3336601364876071
3 3 0.2490855180049939 0.00471890541669117 0.0909136438757506 -0.2535203159104568 0.3286556064516492 0.2325883919822999 -0.1376848872177927 -0.12844469362336877 0.3315277814846679 0.1767008499240991 -0.10255005685705496 -0.00777333818815088 -0.19999863779819893 0.46688605204132017 -0.4651156201813301 0.1634061854522908 -0.28467979095462814 0.21644322980277056 0.3339148171933124 -0.1346521051133379 -0.40836606607133025
3 3 -0.1093143867903859 -0.5158666371680635 -0.16110487789012942 0.008635986227322664 0.3892534089063424 -0.0761089460551336 -0.20038718148589948 0.21923031454242 -0.32164717479198657 -0.36372785465541624 0.38310199082309865 0.3050707727236149 -0.3520724897992631 -0.17887751639094393 0.09720685424254652 -0.13108699721610123 -0.18625398971726712 -0.3913011700162481 0.48856920702391593 -0.22421843133849576 0.40573979081880207
3 3 0.06727308837885848 -0.24680480901637358 -0.4541046742634205 -0.4384182823396023 0.07190265117939973 0.04579605049217371 -0.3648884127986999 -0.08442466371432683 -0.4815413823048818 0.06730157350756999 -0.3420482092378542 -0.2937249048360483 -0.003114209829016978 0.420811218569655 0.19288141529115826 -0.3126528759594098 0.32719028525818666 -0.21235780501457663 0.5358004983892704 0.29234553466617297 -0.02455520669738835
3 3 0.4175473874680681 0.16296187939143253 0.6175067097658542 -0.11608298894092674 -0.7314761482463534 -0.11514045314520767 0.11527826862559688 0.32958135986824666 -0.6635621481614032 0.7619675843862049 -0.35438946538966093 0.36822628516476613 -2.6500141431349207e-06 -0.23841785070106244 0.2327202944680521 -0.3973045043134588 0.16480084185300226 -0.2831889578501748 -0.39015548853336063 0.5227237461042286 -0.4743751460822579
3 3 0.31404217332786494 -0.06952999123465954 0.37082878606004827 0.12062656679904023 0.22083475331216793 -0.3217304691681106 -0.3926502382991603 -0.18002453043683955 0.3484513782848454 -0.341861035391232 -0.026684474052542 -0.23356742645843545 -0.03388162689033477 0.2210335552512987 0.3892523015511741 0.13454847205379034 -0.27842873298637044 -0.052109429722694334 -0.4400055877749506 -0.6946942083426868 -0.2783545840500982
3 3 0.32819939140275317 -0.5115160833798481 -0.4743780945881693 0.17836781197925503 0.06616592626222456 -0.008391946246587036 -0.26778495716305933 0.3744643029228074 -0.24320087866752094 0.12471012542304868 -0.2864626233647426 0.11142803633564327 -0.18012602519379484 0.1785249492364543 -0.2207258234378621 0.2452287352749693 0.046608255710777445 -0.011653326158077454 -0.11105256913424479 0.21329193890524162 -0.09126714569327501
3 3 0.4349022193095676 -0.04038706236125149 0.1660275926955671 0.11453827691737692 -0.10774012711877187 -0.10889651395208197 -0.03749143688598854 -0.17639081404661897 -0.16390867598607076 0.2301552067893114 0.2861331059320306 0.3063546569968899 -0.06741681430001965 -0.12526114853492773 0.23854317690779467 -0.13755212659748547 0.15965012330463296 0.05561849177826431 -0.26311807606792037 -0.02158124010739798 0.27436186288837877
3 3 2.6898107093045995e-10 -9.32231665128288e-24 -4.1183732355656815e-11 1.666399137793786e-27 -2.556151503103812e-07 4.773680410939826e-10 -1.8396841713392045e-05 -4.257468155893505e-07 -3.856653800788409e-26 6.920654470253146e-16 8.011744809124504e-07 5.750972993667203e-07 5.49364412960505e-26 -3.752610474208103e-06 -0.0004714106101216096 -0.00016431519512768373 -0.0001751509149230842 0.0001395265705436886 7.932692133206741e-12 -0.00036402515510462475 -0.0914800090630834
3 3 -0.2755502185379169 -0.10018311672276485 -0.012637509497773789 -0.16321756966313336 0.4300620270222971 0.024100188296744693 -0.05036486962894594 0.49862557835265797 0.06424853239020752 -0.4873414697274197 -0.0610600546518236 0.2530786964775148 -0.004684668537253933 0.1068075799337986 -0.17075035947586986 0.22856330043885983 0.08483927445544236 0.15031144394578147 0.4638355217259141 -0.05406724042900468 -0.10827152538419002
3 3 -0.05543205730191839 0.25623276909752163 -0.08415410017994661 -0.02097777594562036 0.08641582295673798 -0.5832571945413172 0.12509220094926923 -0.03272072302075964 -0.12422597188702429 0.02843796958074611 0.03406986844474997 -0.04005670693474412 0.0001773052991715192 0.477229606439672 0.438148927249864 0.15035581698983236 -0.2819494802423954 -0.26471114708686594 -0.004271710386521953 -0.4909787731132419 -0.03784523807043466
3 3 -1.4459917760160767e-05 6.562663223000634e-10 -4.583401394803961e-26 0.000588411233272787 0.0002357366880262291 3.381719983718969e-24 -1.8181464142456691e-28 6.3874471463379625e-06 -1.1565844527278481e-19 -6.294711973539155e-25 -1.1837670118599234e-15 -3.646471485141313e-05 5.096499874421851e-10 -1.7054220093620371e-09 1.8151590060908798e-10 -4.2450470455585535e-05 1.0887946757550426e-18 -0.0005434033520496732 8.354975496230443e-05 -4.165392246628247e-06 -0.3396615214293671
3 3 -0.0006385751878897852 -2.7830058622252185e-10 -0.00015735136245071624 2.0227741577972075e-28 -4.631001054308811e-06 -2.1082665547360977e-20 -6.160337068248988e-14 -1.1642998684625507e-06 9.458296199108462e-05 -5.628381268872529e-06 1.8989513725015586e-20 -1.9655665659942433e-25 -6.218482767827808e-06 -8.363945824625639e-11 -1.6776096521727893e-09 0.00012416953621848504 -7.16025914210494e-14 5.112902262226733e-29 7.96263914024934e-09 0.0006211965732879439 -0.055476174858298144
3 3 0.46012666407072517 0.43993169951533534 0.14332597450562923 -6.464026848805108e-05 -0.6264635571025624 0.3022399732521895 0.09294190314747167 0.24946374902391022 -0.23439124071679468 0.5508335562806125 -0.31169024012898583 0.25365869978565125 1.0907391571651406e-06 -0.179069361712988 0.4257611556007293 0.2060290646570426 -0.33810095025927706 -0.21073502510324527 -0.37732850096633214 0.0913464867017548 -0.4168150721956782
3 3 0.39867100996391436 0.12148088831370556 -0.14314192409865845 0.3815972183864957 -0.14978413353285738 0.2590372305294523 0.36674558772306515 0.11126344433607634 0.3582936777496191 0.5523341670702416 0.2965881564160146 0.3952910337049485 0.05585094551209507 0.06636862139449462 -0.13677575122988547 0.20860554599357603 0.27983515718576024 -0.05762740399413641 -0.3113797133159384 0.40874980550663187 0.11195764185616008
3 3 -0.02363147626133205 -0.06536348533115471 0.04696874239754619 -0.36262863946322876 0.331629866091275 -0.00970793086480543 -0.09231723481062432 0.45107398827518136 -0.002808390136950828 -0.24732830557965493 0.1319261605324467 -0.12281234635931197 0.15300992209086928 0.32381013437704265 -0.27601183251275585 0.25689519545056255 0.34298525950170544 0.05909655775163864 0.06821004078451234 -0.2223487110556783 -0.09282710387972287
3 3 0.015560349175006075 -0.07111591836134491 -0.10987348561699492 0.5189643662365251 0.17032042444273157 -0.2656504577015515 0.433882239168242 -0.04302966093368957 0.04437389005592844 0.5099538304422728 0.27551280525913774 0.2727395223104541 0.20530048636466405 0.004776122028659177 0.1168431248916005 -0.2812607636938294 0.4251109661759514 0.08312656981272548 0.1759513288211818 -0.03224688283040553 0.054032603352013604
3 3 0.2221697428832427 0.3232279719666802 0.10355222595697167 -0.8187360457002733 0.07317201246049054 0.26512470028094304 0.022837374977008915 -0.284514519071357 0.5307464019650362 -0.3287927409115626 -0.4379470845476934 -0.38095595863515447 -3.155372932213527e-08 0.20266319062923258 -0.3939731697443945 0.3153266836895416 -0.07513890204807332 -0.3885811360179665 -0.18087444298262562 0.17360901590379246 0.3862505563913712
3 3 0.4095096411970205 -0.05955799420176702 -0.05632943081507105 0.1147906299433779 -0.4057206799021959 -0.06486872522219403 0.03253072443020476 -0.011439834128616695 0.2914484080514935 0.4492452398112785 0.33062153832247976 -0.11110013591020396 -0.0697222396010932 0.0860557771872465 0.17023278306023265 -0.3509839254392383 0.1847440951120944 0.3060344797803657 -0.014799733589520154 0.5145634782205177 0.08103582947551431
3 4 -0.5233835591520749 0.5782683130319598 -0.7952666112045499 0.5724170954217964 0.16322960352639712 -0.3968562670544452 1.1797753535210003 0.18480468285658944 -0.21257559132969514 -0.0021589949259010225 0.2365073007001272 0.49691667207518403 -1.0337429250264899e-23 -0.0001381133080974859 -0.8451857279397025 -0.14023644092389806 0.6203685496830585 -0.1564166211066079 0.1931503362766511 -0.11171849520595376 0.02809796986876443
