Number of NNs: 1
NN configuration 1: 8 50 50 1
NN Layer Weights Bias
1 2 -0.013364079144337375 -0.03021753101975293 -0.2913549871643865 0.2837723520430535 0.2346752335548636 0.36912456771597707 -0.35853065292171943 0.4308595333744928 -0.04665405931949973
1 2 -0.33295327394993357 -0.1901922070921001 -0.09426631048739002 0.2052127987612394 0.23031995623549079 -0.05272445719739545 -0.06439086880518186 -0.11757814799958351 0.281957883471575
1 2 0.034874184661266704 0.4166835371784109 -0.30722582132355974 -0.15669594393309977 0.2889230973222796 0.15345823303923398 0.07739635788413672 0.2864241999108425 0.1152625548241232
1 2 -0.09000182153365581 0.1365702461164909 -0.17838882285946372 -0.20727690319549041 0.03845617566013888 0.3023154103514676 0.3478152223397462 -0.33958048719166334 0.003290659739157599
1 2 -0.502551966879454 -0.10426302423289212 0.08136303696235593 0.07584797508929489 0.18227179150241118 -0.10622846310429777 -0.1606917344681815 -0.1612405234068043 -0.20520254515581568
1 2 -0.008361049267218599 0.3112494853282252 0.35916953246493843 -0.3718448873997205 -0.07159277863824859 -0.09936691305894504 -0.24171972463229016 0.03752587906501047 0.07202976048812211
1 2 0.16138619227491324 -0.0013475099782756573 -0.04314440565167681 -0.3284938378457031 -0.17008869617979835 0.2007429563827717 0.16869949006181298 -0.18950370288016852 0.2806327703880777
1 2 0.08455526493281976 0.3083417012583936 -0.18652962562120884 0.026918312798431366 -0.19525753612523875 0.11814168318583122 -0.023878915025737902 0.29713960669382433 0.32852659697358866
1 2 0.12367768472380515 0.18492263769997838 0.5147582057586262 -0.14927617220427025 -0.26306720241524734 -0.1939004516620015 0.28680033844996083 -0.20666179894931525 0.013155945186918686
1 2 0.13659271586261035 0.13887371025120454 0.1491084663999846 0.4721605725598138 -0.17275147679482408 0.10955800063327954 -0.3592379065298681 0.09718048735568739 -0.11355855540356222
1 2 0.1083659983111089 -0.1395579329937054 -0.12415849322657747 -0.2821588840030107 0.24455834018293152 -0.04198885441918794 0.14781705219735833 -0.2601323302253853 0.14140003781189164
1 2 -0.12735632899639845 -0.11011384732786703 0.2667447881444642 0.32190697189166917 -0.21133606379866687 -0.11327317006375334 -0.4080674694151264 0.0978827765801997 -0.23159902607631677
1 2 -0.11534986722908053 0.009981428157786465 0.13898963377584703 -0.02906549505493672 0.35303949269597906 0.14088894743258484 0.33637315935970574 -0.05002751944334228 0.10906341465648861
1 2 -0.05255798624364146 -0.005359154326185536 -0.044979816887465114 -0.14140179859983304 0.1960413916143306 0.24470494281289146 0.04811826961731502 0.2813305396469276 -0.29786458520575476
1 2 0.10476579615439036 0.10033958911169091 -0.1526528368170013 0.2603528220414235 -0.15811067096356013 0.38939278726166 0.12165248185954218 0.3133829599559349 0.2702350248774572
1 2 -0.15040406814816407 0.24993537419909245 -0.006294789495586969 0.21433168301950306 -0.1638069476666855 0.07607197685557285 0.03575487423726283 0.1693528457208859 0.10297155118599984
1 2 -0.09090662881248542 0.34074769661394455 -0.18568239274974363 -0.3958938309918272 -0.1921056923043634 0.16453702232552808 -0.29355258079887303 -0.04225703573734957 -0.236421404295535
1 2 -0.09526048834263938 0.19334674953633998 -0.1736585892248646 -0.18859408962213695 -0.028494504253078267 0.2574382279536593 0.1395975198109618 -0.34044485850658335 -0.24148155228037843
1 2 0.19246416282115075 0.0739449512838555 -0.06472277727536305 0.16757304537910758 -0.07580940031207697 -0.308009658049303 -0.2000294549022238 -0.07270377190030589 -0.23357917493826086
1 2 0.27459662043849364 0.2398074771583234 -0.009636046881706424 -0.21494885961139842 0.01262495196446304 -0.02314503981452749 -0.12065541421326254 0.18824425305431722 0.31804107841701734
1 2 0.05729549845596806 0.0558796372904357 0.07287662142961909 -0.233213759768038 0.25636288312901295 -0.03657522062101617 0.14715195237457812 -0.34579383911577666 0.013366347996564658
1 2 0.11070400158467145 0.20985415960031537 -0.23938093566738788 0.1183893044201556 -0.26118518325090634 0.09650781374101113 0.2830429111272618 -0.15995931236268296 -0.3502481813095984
1 2 -0.31312105968074727 0.03266221171717056 0.09190600662690548 0.2994775384361964 0.012564851219492409 -0.20201466079738056 0.23670285543480943 -0.12507126829105178 -0.01629352613058827
1 2 -0.264992270230444 -0.02820505043503066 0.08774408454026371 -0.13035970942288602 0.1329744418127251 -0.1124895609062113 0.2089113083133762 -0.23903405752866605 -0.1352863597299995
1 2 0.23939928848343595 0.13174231836282216 -0.24417594074981913 0.3394052867327356 -0.22322963650634317 -0.05233430869764582 0.3949565577793875 0.4213927296446185 0.12472634239965844
1 2 -0.030095127817750762 -0.3362820869559952 -0.025856646921102212 0.07340550153132007 -0.22685706134555714 -0.044846412835407565 0.3818620494059242 0.14070098396091707 -0.19101116307933402
1 2 0.18176615364474005 0.2969988918070357 0.1433588032506846 -0.11340702120204663 0.011058595829776714 0.08582745704991686 -0.03730821628134817 -0.49588871521192457 -0.25223245369445696
1 2 -0.011562444824281336 0.16072948915837146 0.2277646224633404 -0.41617565118752675 -0.44596991687454335 0.1575208060549903 -0.23088395545822166 0.36129427074645243 -0.17152522657588537
1 2 -0.29697488661055116 -0.27322510983344184 -0.1412025838488066 -0.3740153895572132 0.102186538085061 0.01451941675655686 0.1254203356926131 -0.043614231086804234 0.05122985514693405
1 2 -0.011982565485567994 0.04240866887572898 -0.21695887942594627 0.3336223931452213 0.12947206948640583 0.18224068453501074 0.45120119805722175 -0.28203669791695274 0.14757327905517953
1 2 -0.0934852871827917 0.24055695203314992 0.016237284721728307 -0.09921168874127638 -0.2998526171564062 -0.04750503782423379 0.22753613662836844 0.16551513626391048 -0.12359423850623324
1 2 0.37516987693754567 0.1893190082136104 -0.16432518087042608 -0.4941657484110579 0.0008509515489994154 0.4852974720471289 -0.022108582575044514 0.14239245740031495 -0.08404503454533742
1 2 -0.010843516018618413 0.11437598872768427 -0.09069546604431597 -0.24455378786579712 0.04764747873532936 0.22373100511321165 0.1432948439754049 0.22369678299537968 0.41803617104484503
1 2 -0.1198853385984413 -0.02396195593513096 -0.2970184199771652 -0.13767999919602153 -0.2091910944939317 -0.1393504876237239 -0.40993484713109857 -0.2253929031311773 -0.22019737780310655
1 2 0.028041638506445293 0.15509431007848407 -0.20168941325554793 0.04131370582978686 0.14022556639449518 -0.26691061587850934 -0.14881858436741557 0.1322614922868277 -0.057712813097394865
1 2 0.2776225285213203 -0.15698940996193939 0.05991222099607807 0.40379947469302185 0.27615061829257487 0.2869680472763565 0.15978086318921278 0.1406684921264041 -0.062170587353024505
1 2 -0.07465758055487352 -0.12356267297530811 -0.16301289546648376 0.00397970604436985 0.12890868991521937 -0.17839643949449113 0.0015170367311438421 -0.4921285030374758 -0.3399233922360727
1 2 -0.26262717414532427 -0.24653411895534316 0.28144207479011374 -0.28969285088791624 -0.2027117489465714 0.2034617740843484 0.16537242473617358 -0.3435622567350387 0.20015778454733676
1 2 5.056210156500062e-13 -2.7562874573208513e-31 2.279942807275729e-11 -1.2678129567857202e-23 -9.322347026842646e-28 6.826714169225246e-27 3.563121798194188e-10 2.7140046461589768e-05 -0.26609352118942414
1 2 0.1230871044581497 -0.22616011916546644 0.31222339684607603 -0.2018290233027848 -0.19886370251860438 -0.020714980033164635 -0.24286792568549645 -0.15750703687849482 -0.06301148006950809
1 2 0.33152879358529386 -0.027226215996718057 -0.33188279249005315 -0.22064549390494317 0.31134240026323634 0.11603518064414384 -0.23907711881223642 0.2521820824586229 -0.03213241926872145
1 2 -0.15655697058184945 0.10604346981788283 0.11764974960737007 0.09388257562432872 -0.22204997761863754 0.05696768229457227 -0.20917820825676575 -0.1434736228318447 -0.04440649274756118
1 2 0.030228617091908782 0.15168575980279989 -0.029038016771492984 -0.17912584420330616 0.2811963555960995 -0.4064491858128726 0.2486551894603199 -0.047997590102485 0.10035531767679091
1 2 0.19335186076158084 -0.04417858891871589 0.1456486326580594 0.11726908673782031 0.19678352211524067 0.2074508944950755 0.08112292152377697 -0.3701389370119668 -0.17563215225614592
1 2 0.11627626230552549 -0.13233015069177412 0.1543997521467011 0.1727588147877044 -0.19992122243114008 0.022503068944569698 -0.27646894968384994 -0.40671748522578094 -0.25859537874047495
1 2 -0.05168466491488265 -0.21431367724679964 0.2610547554424524 0.12905146598968184 -0.28391969712458925 -0.1066066726755625 0.2542818105313375 0.07941078444074363 0.14460230673973437
1 2 0.17860247542738494 -0.18510131001871166 -0.12783504939314477 -0.2858626283394934 -0.15039400530351388 0.0582328222677736 0.19688084574487427 -0.15667853057368453 -0.06715190445131082
1 2 0.28559087746404516 0.161403233379767 0.1447998423716948 0.24201230100196225 -0.11619879291962838 -0.11164782901878897 -0.29376966867930376 -0.20909665193736887 -0.041641148527112905
1 2 -7.674324843440869e-07 8.2643142453914705e-22 9.89618060438728e-08 -6.520216018794896e-16 7.430811818171003e-13 7.5057249719516e-26 -7.20264149389234e-08 1.758153881137766e-05 -0.3074581341174995
1 2 0.2944236631812816 0.22951572171415355 -0.3118373295366687 0.1647859537440721 -0.26653190529383336 -0.11081086706528459 0.3001598022421406 -0.048023929370928566 0.10809659104273972
1 3 -0.04857726495291277 0.2805178748565832 0.29115633074842495 0.2208982989658031 -0.07592986019114192 -0.2976480815939124 -0.13616345474743935 -0.03303328403061884 -0.1423347017256356 0.003850146340246288 0.005665408722607395 -0.14083714983166762 -0.05602973073882556 0.05319802064251436 0.20025376798770989 0.1515349561299055 -0.02363063165520071 -0.11749499795192479 0.20870184694243532 0.3157356918285886 0.2107704476685721 0.06328809066453114 0.20922448912613945 0.0008064112989060628 0.04920385407430747 -0.04382586744722037 -0.14167307669090323 0.22358724754168904 -0.21562094704507495 -0.15402822742487024 0.0811301783988153 -0.19830579871898227 0.12718655662313635 0.3193624305761378 0.24521111362626172 0.09469067237652985 0.03314000596654645 -0.2648658402682109 -1.7080707590312473e-08 -0.2356885188265207 0.21144252860338664 0.19721259508098749 -0.08726920287217962 -0.15127087359538616 -0.08287266780474689 0.041487732849503585 -0.32443411549176576 0.11924374588449291 -2.8047229016658626e-29 -0.036655454540366166 -0.041904562883384525
1 3 -0.2853803475599749 0.08879633563764325 0.04749575760219768 0.016248355258057495 -0.1277976609058955 -0.0500371343463284 -0.07988708660639478 0.2058545861795546 0.2302026901159287 0.08211320529370603 -0.19320329263529798 0.11511308484639896 -0.1061292980560967 -0.056446427439315994 0.14843269019085795 0.04189486044606716 -0.2588757107345204 0.10471780672957874 0.08405953494867595 0.11063219965021563 -0.43311057121284785 0.16097750774317518 0.10187667695177233 -0.013346761798404824 0.0789619683725378 -0.04110727412571934 -0.307459359679879 0.02136488290422571 0.006995072520480402 0.1412067872757485 0.03719496700963877 -0.9043429111379832 0.28772888334310676 -0.021314096134102477 -0.24114895031981953 -0.05066152051504444 -0.019804428751994525 -0.11797400484379622 5.884450162603856e-07 -0.06353122643360676 -0.28306631142607797 -0.05844225791024937 -0.05378666739892758 -0.09397933212255047 0.15982024715504758 0.19874901298009692 0.06607999560513375 -0.20318543971077987 2.8009645374704546e-29 0.06862571385362377 -0.0730954208830933
1 3 -0.1744379497359602 -0.10528460083281031 0.0013736158065977876 0.08827506853263337 0.1743538591025322 -0.22739440101660927 -0.22594854224253474 -0.00918447687633774 0.12715783829474045 0.1904415271417919 0.01286789826139653 -0.14357634474146394 0.04807605036710185 -0.11089796471595699 -0.29156716784081577 -0.18471110071733948 0.07212128235271976 0.17333903058832517 -0.2615589331330383 -0.09425321476625448 0.2641371494133561 -0.05030191270154481 0.204137042859823 -0.013910875398473093 0.19612645494765651 0.16816382650122066 0.6305295239651109 0.290223602359732 -0.01930161932941945 0.22849849441242606 0.04319963120117269 0.11518286026499823 -0.1793456362672231 -0.012773351099565828 0.0005459422782802694 0.20556043747210975 0.1727224923452897 0.15761749445088868 -3.029177842371244e-27 0.08773374081837741 -0.23087511240859623 0.01277193495380509 -0.05765441950111811 0.2590831491484606 -0.13977998932495406 0.23049196204410233 -0.20769538349900707 0.11860019188166974 -2.0817009291685747e-12 0.141308725638834 -0.06051997832203766
1 3 -0.6123772351297364 -0.027641200725557185 0.3650464522708885 -0.2238874533649511 -0.2590785926025009 0.14623118099292523 -0.04525793378168909 0.03225549981832936 0.07140916392432103 -0.3585325228188773 -0.29510881547606577 -0.08123351275345456 -0.09989622607612451 -0.0013397151291819234 0.2958624310463042 -0.11784185019962168 -0.1826251122825434 -0.13247031763785802 -0.7025116264910061 -0.26187489425165683 -0.2407904864928828 -0.4101733570032714 -0.2238416055560777 -0.07858760266847445 0.08112843034359216 0.5143103547555565 -0.2781645029863568 0.19698775868397064 0.09889236885907081 -0.18129545841740788 -0.11526449355372327 0.23860726428806922 0.47159750260456434 -0.2006801026180977 -0.5143250679363831 -0.17762676993980725 -0.5109972806782851 0.12144079747938002 -2.8009139795024996e-08 0.04361765290553091 -0.17940869396765302 -0.21245021672471415 0.3481707360353615 -0.44347260520242865 -0.28726067871427663 0.15598713053487248 0.06685761979016144 -0.39990314316208686 -4.779497157767435e-30 0.016610378998330406 0.1198197600581065
1 3 -0.1992677969173522 -0.06907368405046832 0.23930088142729494 0.10129594658478171 0.27288115279687625 0.2279547749204688 -0.06641652978715387 0.10554728745030206 0.14408486986293165 0.03706260785464458 -0.17159233453268602 -0.09116625135613825 0.13399978375454605 -0.07207740443958424 0.004719618029944983 0.1834151166274347 -0.029283487643857613 0.25276647904379324 0.07173406988004163 0.015208601934515653 0.1387652827863689 0.08340023836777025 0.21696356234981895 -0.009837121328470682 -0.0059775493209699914 0.002207431421579647 0.06985895612704579 0.37206522591546276 -0.13169083606619558 0.0062453927093196054 -0.008305424475375522 0.26445408703800377 -0.26264076448786977 -0.0436053091817605 -0.057170975333307894 -0.12424538984133435 -0.014769876565199595 -0.30901168523991474 -1.88458357577875e-13 0.2187961903696163 0.21706604097748797 -0.05228362671068051 0.26676126538255013 -0.5242909582545016 -0.21199732718387315 0.2456683563309839 -0.3660823185805095 0.12073590824745101 2.0222982294815625e-11 0.18003108364363504 0.10231476867086053
1 3 0.031237207407021746 0.04080945283860103 0.0483578197709956 0.2549587820239354 -0.09455844635570507 0.13178502513999546 -0.07476896181081394 -0.2705530663775103 -0.051619815649587744 -0.1042053631706228 0.09202718391989952 0.02309103019195519 -0.03483003179995752 0.004006438229649835 0.1371992402604783 -0.058337016843208016 0.09465790982224226 0.14592322931035465 0.23331774966715457 -0.07607175443788021 0.10940755218728389 0.07752352529039293 0.15856400516547303 0.115502416869077 0.1470466972460914 0.03974902166644312 0.4585175629192623 0.059131966255847 -0.10279612918816236 0.29151486692975126 0.2584288698235487 -0.02654226237617711 0.06306583876009093 -0.05157161232089173 0.06763685332443216 -0.05378905289154338 -0.058731609929495145 -0.05628775230034691 -8.67043350334746e-10 0.05404217024362337 -0.34710022213723235 -0.06054969947773952 0.021547803662152684 0.3939070634011309 0.14533255627650157 -0.18991397681967948 -0.1849142401655714 -0.26555566674647 1.4992079368631017e-08 0.11354978085814586 -0.13057859878192166
1 3 0.07988213506592994 -0.021686646180284253 -0.09641532908874945 -0.15548884139714123 0.21050807849521916 -0.07768219651481198 -0.04726324134745686 -0.1395198721977301 -0.28549341240571313 -0.04575611215731959 -0.16230574546234164 -0.16914972558499483 -0.10812224517971045 0.042592763620517705 0.16658149335702058 0.1768238769116052 0.02347435266709398 0.17216731451173511 0.022730932173666653 -0.06389260308035896 0.16015203679719678 -0.05996525420432789 -0.17173317145223005 -0.13293813610303848 0.16135060049764674 -0.08708975675732042 0.17577949316684574 0.32300272620367515 -0.12110059331598046 0.2693368863267 -0.18344171736175963 -0.30911100733180125 -0.18566363434007194 0.29554613089248455 -0.07375523791790091 0.16423540054203287 0.324042444962077 0.16780062220477235 1.1599605399556703e-24 0.09118614072235783 -0.14239533209758654 0.23914341568455152 0.09515975250794269 0.4042043836992558 -0.07646887606032984 -0.030806083313875205 0.11632476660765752 0.0644397810938039 -1.0135746777683423e-07 0.1876504909063934 0.005000718827132397
1 3 0.1021949253547066 0.054691339735096996 -0.18045003542087332 0.2288351936702999 0.047004694289363616 0.1526270908351929 0.02018316539860891 -0.2718166728393569 -0.037983898618173646 -0.07092375011406654 -0.15119574297813748 -0.04597248167502741 0.06496566468677505 -7.934788074066337e-06 -0.08978409259267278 -0.13463946639503596 -0.16190279874180288 0.2054989496372469 -0.17260685963283584 0.13740581032102497 0.150358363473874 0.28831029621734355 0.10108017229499058 0.17684586618057435 0.24222870512697872 0.09944498254636155 0.04669593997070955 0.16935799364246829 -0.024696687891890473 -0.12411331490721392 0.15562418578265347 -0.11575876811865878 -0.2227491232522381 0.08341393687376632 0.18066156625422192 0.1847586985955639 0.17213092787025663 0.08851038969170746 4.763828361587087e-07 0.10743622023083964 -0.07651941126843781 -0.06764679141635103 0.13069992445063439 0.3934892396632729 0.19715377789941055 -0.13207763377309095 -0.06302376525978626 0.1550877909875808 -9.114175973146397e-22 0.16875064234227435 0.07761267217076381
1 3 -0.3264318304045829 -0.034827158121819655 -0.016575920358754673 -0.18454500401139728 0.5114328894701972 -0.23443174622001406 0.1622538268750292 0.13985914464330887 -0.11726057030047787 -0.08659226270250597 -0.020681768601366876 -0.051548906656461925 -0.11687793020753012 0.04278257484967468 0.23538753114566419 -0.05383389050953715 -0.18017890304718628 0.0589232013606112 -0.1465635090315169 0.23451212050464249 -0.02929953104831091 -0.05177606823542018 -0.12446205950923452 -0.2896058373874936 0.01629961265922213 -0.042630129590725575 -0.22835588506665078 0.24413040680382267 0.04288244027269943 -0.016173908579295664 -0.24087125910793952 0.19942868452718907 0.07587688915468277 0.16475317261627842 -0.1731242350245182 0.19993976602441335 -0.056107279647495234 -0.1474662402317298 -6.873785950782561e-08 -0.09096045855324723 -0.1535550262681602 -0.1880579475367343 -0.08867199856354745 -0.04693003482968407 -0.0878740520924613 -0.13450223966070032 -0.14206493672077372 -0.20604476475486172 -1.0692208053747261e-19 0.18746917277292496 0.07115754512287077
1 3 -0.4566893643710376 0.26030381466693153 0.5039646266589519 -0.35075456167762015 -0.053579015808684315 0.009591429529257598 0.19245780341542124 0.2770690262740077 -0.6661515652129116 -0.08445812714135927 -0.1448254826985175 -0.5452758857961698 0.29002606977841744 0.12693290855976638 0.06571017142431157 -0.03382276759446603 -0.29159560404142504 -0.645060718997527 0.27912495710968993 0.17925474692994242 -0.3024592634984916 -0.061948627104240185 0.04458164026877316 -0.07906640969367791 0.021363385767486358 0.20967180270100066 -0.6587835857078177 -0.8992357267109073 0.31146309443489417 -0.09040071434578456 0.40202562773573886 0.26828493207640247 0.5271725513514708 -0.17499308660145424 -0.058027581980599374 0.3200499109660844 -0.6625791405728192 -0.18317782566893923 -5.910223903369201e-07 0.00120649080187697 0.15060314663476734 0.1418269333810327 0.23620965193930563 -0.14277007052263507 -0.20611221705230645 0.05767090976769284 -0.1600682901346172 -0.317400492880111 -5.842058427465066e-10 -0.01920234015765005 0.17684163083551535
1 3 -0.1668699225251311 0.1447884026607293 -0.2992650255362063 0.21729381155422708 0.3777187724649701 -0.14975491295642196 -0.08014519990686186 -0.29587438939601574 0.04065375476170203 -0.47325196030871974 0.2590370752264169 -0.21584811233052054 -0.22106151852218303 0.08334208012292921 0.07116969245374202 -0.19472465106243703 -0.1090705117668077 -0.0021805277441284943 -0.06954142365979285 -0.17091045455721 0.021840560199759194 -0.02855953949552754 -0.10598626717765129 0.05465067430100765 0.22127174304338007 -0.0186201280246696 0.49614753770920234 -0.25167803891344426 -0.12063391726706311 0.2811749687638977 -0.19044904772310955 -0.08340281103312647 -0.004938645754223186 0.05550554107832924 0.014539587334358313 -0.08402238354496475 0.20852211325021133 -0.13041461618130404 -2.7092011615893986e-16 -0.12251839627386553 -0.23557145091775675 -0.1106448197129467 -0.06318325406519294 0.29130836716351155 0.28325258255879365 0.15942939679270685 -0.08656657024649424 -0.20325250551772403 -8.994753459174129e-18 -0.00776650759702533 0.12017753072470894
1 3 -0.07671740235113289 0.1399244775981653 -0.21530211802076601 0.2173741464775526 0.2752160215460521 0.043331403433540534 -0.07867873953850563 0.18579170024357441 0.03672229350921585 0.04373810524079092 0.15901736422127402 -0.130826748297181 0.05007710175160075 -0.03469103609791512 0.07949991567700274 0.2140866919176846 -0.06763025740113092 0.25332635756510646 -0.1861344120162091 0.07571646162326172 0.23102705871537654 -0.1886350952533895 0.09992490622611894 -0.200283437910928 -0.2494288576570382 0.11773992244882653 0.32595644130869555 0.39454295354504243 0.24406216959587684 0.09548730619749322 -0.1904864928514462 0.03364994005225856 -0.22192563240133584 -0.07337261107136787 -0.014810894956580825 -0.06586830971152201 0.033852735494974286 0.16164479719631158 1.1203947713473482e-30 -0.176519350686755 -0.12041867014197594 -0.029694849851779895 0.07873314976136389 0.40571637088201334 0.2612876292993843 -0.2318393247890862 -0.1156872691029991 0.055477479470728064 1.405553294553107e-22 0.2338476659173375 0.05361975252164157
1 3 0.0634141505034521 -0.0750963593615116 0.21216469498487453 0.0676378961919493 0.08240810073305874 -0.011247147032808586 -0.10078539072333627 0.014917223206232144 0.08249647435732926 0.21989177330472348 -0.20498963568200954 -0.021394166003995234 -0.23146225096612136 0.042423998293792724 -0.09843470918770172 0.09690142072701817 0.1639365846513208 0.11310308062891972 0.28967142354043324 -0.34428814632994686 -0.08512732310646913 -0.19104416739136382 0.11743126026164974 -0.2810423284594853 0.15911997014115833 0.07443513319695372 -0.03622983213026583 0.23994740300578646 0.04662664457335696 -0.1360983417301359 -0.12756268696973358 0.2159991073245413 -0.09496310132245177 -0.030558087305960484 -0.248629063532029 0.005668451517553862 0.0064211016290285005 0.14508611179878944 9.549819277596073e-28 -0.10507360352300489 -0.09737037037524547 0.16304631656816526 -0.09021795957387752 -0.1744748094310174 0.06822584124163131 -0.13784677222179173 0.10862057094636585 -0.17167900542715833 -1.5669611020194638e-07 -0.18576062693425494 -0.08296955800481698
1 3 -7.796825534927982e-27 0.008905479945572834 -0.1210370709620242 0.037009147773316126 0.11702572589748808 0.006171563427951895 -0.21834749968912398 -0.15654562830263688 -0.15110550196496247 -0.07532745701904663 -0.0613578675949534 -0.19632162832171376 -0.19286363098840492 -5.973846753856609e-12 -0.24450450613765567 0.16788216621002228 -0.16741630772432123 0.1657906465455724 0.025583098823508215 -0.26848973468136905 -0.20797069075927302 -0.03952815007956126 0.1453850197371886 -0.10546473509049041 -0.2476655639378888 -0.15740846504618136 0.2764845806868499 0.10790128093411085 -0.1275495652638941 -0.09942398111560452 0.025953143512502587 -0.10421864552491449 0.28445263843924956 -0.03510192367848552 -0.01616665130643937 -3.072991207260857e-08 0.16666066477345204 0.13448234015088154 -6.479391497168905e-08 0.04794316390626851 0.1094485176293512 -0.2142733767578702 0.12556260447030348 -0.1778179773768119 0.18398257147954195 0.059351300384528745 0.08574424884296947 -0.030592317073027304 1.2256085799759424e-09 -0.036878814246124894 -0.005639587921820642
1 3 -0.38301798110092233 0.2046279130399728 -0.013624121660144385 -0.2566125929992952 -0.1264447636217522 -0.10796342393733288 -0.0019657056225438627 0.29448266138181023 0.09582169851999212 0.034926941610022716 -0.00783166743364343 -0.17413379935038303 0.08806884047539149 0.060366684072407424 0.029746243589620858 -0.19365587305797366 -0.20089273369048846 0.0014202244564385335 -0.06120031654667205 0.09661557598833297 -0.262526335334548 -0.2778262465086651 0.06720822423960501 -0.23121872607307423 0.05964477171477791 -0.022715874116774254 -0.28537254774006404 -0.3564690529405129 -0.02181864028233838 0.018681925985343153 0.11743086693705357 0.15258768562729516 0.34220207017150495 -0.11177179941983802 0.12785950544674388 -0.04402250743125162 -0.25317413168944575 0.12904082173295317 4.3888835478074636e-07 -0.0505337508902134 0.1852056918581987 -0.13011344934227598 0.1138449459675987 0.0007862641655564695 -0.17841596464288212 0.14414272212539186 -0.24577336483016365 0.20674129865294227 -4.321995267511111e-32 0.22095812758961497 0.10065167482429223
1 3 1.971790925929855e-13 -0.19609323776206955 5.025749295753265e-21 1.109261915644313e-08 -0.057103576037920246 0.11612560802283081 -0.08580413842266937 1.9893640246974897e-25 0.004299136135571759 -0.16955518322515403 -0.004984553412784953 0.10968607339807446 -1.4775927724183735e-05 3.2560443246269885e-10 -1.1785023786857399e-07 0.08768431560100547 -0.14888090850265256 -5.4992888171118817e-11 -0.1919855564480322 1.4972700317615284e-08 -0.1755292634263625 -7.292459081228021e-29 0.2107602070045424 -0.19455430439108745 -3.019656066564626e-09 -2.529587741176452e-12 0.1743352246284983 -2.2606539180419527e-13 -0.03322634827163411 0.04572936537362698 0.07232665861935525 -1.6536260244044208e-28 1.0899983353396272e-27 0.09051509900696433 -0.029399067060021402 2.4132810422382307e-08 0.15499293466268918 0.07804398518104527 3.805237372999492e-09 -0.02350969692378302 3.065199952131277e-22 -0.008100301081149541 0.07370244055597425 1.5984993774925006e-07 0.008512511659148079 0.05703363259791335 -5.7994875155972773e-08 0.10626442050368873 -1.3700606680348199e-09 -1.2296923181388368e-10 -0.25636028898868346
1 3 0.2744080331363158 0.033629841299888455 0.05981447270843797 0.05983392653494418 0.2023308097515875 0.15217172623688904 0.22041209667394848 -0.14526638924343319 0.047994834785144026 -0.004262198774203465 -0.18006222909191846 0.17422323392459663 -0.043585501180829746 -0.1912718991581965 0.11088984266128592 0.22148852968712354 -0.1459401054651221 0.10751834091510709 -0.11024842018727425 -0.033652671107715984 -0.05258056216941244 -0.1458641360948228 -0.08561461086322229 0.07957291977714313 -0.044993746971564684 0.018602896141025005 0.19389484512242852 0.37650493085661696 0.013922245612065665 0.25937903997170486 -0.11268170167955345 -0.0748556229429402 -0.2250000751074453 0.2167478120688633 -0.224821285597333 0.13370617394910722 0.055836115798421154 0.10211187779566548 -6.6317971579089e-08 0.07788580971261412 0.1500932371034712 0.0702465582375505 -0.13957589704245094 0.44838351437388324 -0.14714948851191154 0.24227007993266775 -0.1103301041064395 0.15174662889563614 4.682586493619333e-09 0.21611861239285196 -0.10649121410764942
1 3 -0.038641886938482965 0.053111592913710724 -0.37147336197776 0.030190281332663913 0.20599423743848472 -0.15206914251064965 0.048180219149380685 -0.0856353311189613 0.19727887058608076 -0.22730671946885023 0.12423884588034105 -0.23487506163170763 0.027740865551732927 -0.014599440607179978 -0.2342763721361513 -0.08107536614606507 0.18148196835404204 0.4900228940477729 0.06116143760036334 -0.3504111283355243 0.10628240799426723 0.03488858396945907 -0.061406756040127 0.20326453622231308 -0.6152254081581862 -0.07961617542667264 0.5628391243965989 0.4105028332158714 -0.06068941395301955 0.06624244351555139 -0.2577682972389596 -0.1663070962387077 -0.204404718183385 0.10879127781230809 -0.043001533818168444 -0.19235983983302263 0.5815016113567607 0.1080574624697183 -1.1014194281218075e-07 -0.11413531541522909 0.07256786055011376 0.08919301317063925 -0.013259465057339192 0.3792637294225489 0.37135383945896877 0.06491612039747384 0.1551107272079462 0.2363245708707379 -4.4158309168323075e-07 0.025574621681952618 -0.33288207756079013
1 3 -0.22931687229852912 0.052128848883733724 0.018280649648367953 0.15338515651218282 -0.4802192597683932 0.12899059394582862 -0.15711942473695822 0.09257628274360645 0.0687751714665604 0.14220961991185616 -0.15089817196713884 -0.32606044368220516 0.19667514197327687 0.10957860770648689 -0.23946277164085114 0.03058907160567644 -0.044408424661440044 0.3089940912893248 -0.05486483564911908 -0.0776578200865599 0.06613197851280271 -0.3065398741011327 0.09580313019077524 -0.27008545561861125 -0.3623691134175645 -0.33644316414644404 -0.21948099972688317 -0.27214515897147845 0.18096910143679937 -0.16613362271363066 -0.003854083531657988 0.2931589446410174 0.15739636505313354 -0.25122804370513263 -0.13161164397423708 3.199507332910428e-32 -0.21085332998446257 -0.09832072838173264 2.184356184311627e-14 0.23478052415651257 -0.34037961105646886 -0.23508889392707666 -0.006026528639953526 0.03273473409174786 -0.08996803767712575 0.18725493642538918 -0.07106140464311489 -0.1844477357053637 -3.598848334851884e-11 0.030969043743949733 0.29970483710854623
1 3 -0.12637026378411723 0.06364942144556354 0.033977164579919616 0.016229536507384568 -0.4087362434689222 0.1543794942751797 -0.08423377577402906 -0.12994883522601725 -0.09274092560590616 0.12587660818304974 -0.24300274354295812 0.10119735636082008 0.048072261789599634 0.001078395028581519 0.17719904523884636 0.053891473541600635 -0.3589950541452661 -0.10485017728833661 0.04396041195217365 0.01878434311142307 -0.1617432049597042 0.11111346393118815 0.17439625053378077 0.15750573077717353 -0.26715347152136215 -0.2101575274655765 -0.20065428238912283 -0.26726218348396646 0.12933372271267918 -0.1856148219980906 -0.2159301161886354 -0.5447136321133171 0.19655866533109037 0.15944999629697917 0.08079659120785061 -0.029002701574108537 0.1304422872604423 0.04393870308569686 -7.283106139059684e-24 -0.2614353698499811 -0.06669850327415847 -0.2074276988701768 0.08222107221923892 0.12184501688626616 0.125800206054028 0.04012893194328286 -0.11959069251390389 -0.12466031945386857 -1.8088935849308447e-13 0.1625426900053543 0.05776013931977743
1 3 0.024875956774475898 0.04271946186740032 -0.2608560606684482 0.14054498682317834 -0.3873733511691894 -0.1883699121914748 0.15913941507472854 -0.14917569275567774 -0.16719444134158715 -0.1179713545405596 0.18860595225959118 0.06831882056838941 -0.1886589059634513 -4.154321313920625e-28 -0.2342756076509694 0.08819652727640606 -0.1254964197520488 0.04111637454586801 0.1748295106739843 -0.29904472691382683 -0.05637097328654106 0.06764836855953021 -0.1791530716205945 -0.12886464836184258 0.24198761526780568 0.16410803986456404 -0.12916520663140352 -0.24911736062381826 0.13732406046901632 0.06337433785164857 0.11237908519770724 0.10061517749205859 0.037075779309026474 -0.12739554639107525 0.015193025372090116 -0.0668479857798233 -0.1483217850263715 0.04767295752706699 1.9820205563193856e-09 0.20959581562053273 -0.026834225589415284 0.056247817636541006 0.1863254619420703 0.17235645301403113 -0.05417927117601793 -0.20873284734378408 -0.19521132708702882 0.06650219907531846 -1.700193045567736e-30 0.024530487086918497 -0.2011300208690785
1 3 -0.42610911764149373 0.06607666193727448 -0.0504425018239426 -0.0474732691780697 -0.3349522330170624 0.15208229419675265 0.12525076538007648 0.1214373802387054 0.0316893563238781 -0.029578090005745343 -0.032176599280505716 -0.021978491612925425 -0.038346217403197866 -0.17216911630215923 -0.00040753840849947235 -0.25667431407425206 0.038098404272577435 -0.20996847659407866 0.20956538669209218 0.11143214339500368 -0.03557627486376775 -0.2634714503706286 -0.1057261815983823 -0.05748219095080177 -0.29827357310071917 -0.3163750432841477 -0.225738022903384 -0.553113509658861 0.15934647111047182 -0.07291185892030347 -0.0732478582425115 0.0627665310849341 0.2870757992464246 -0.0063035242038668475 -0.04806477310824108 -0.15167055026427081 -0.24676220425779907 0.021574122587154382 -2.9128449866517047e-29 0.06448151038283628 -0.026096013870449457 -0.1702904406630528 0.15434080539969225 0.06375943557714886 0.16763908603503838 -0.15620592821049517 -0.2598898049996411 0.20044908776645606 -3.2696160566957446e-27 -0.04158276304679273 0.10740622861628689
1 3 -0.12028232864549905 0.19673140886940607 0.01636461770228245 -0.009797015788586863 -0.24473217973749822 0.08542577761761515 -0.10576713123314495 0.2898039480580143 0.34153964160877526 0.10259535655410776 0.26545003859170835 -0.08886184952938862 0.0480675403739783 -0.04446806443694883 -0.031100782843076026 0.02411709312393776 -0.2678662091707613 -0.28869668150144856 -0.13431069175296287 -0.07438372937501529 0.10003790287604995 -0.044898881625584496 0.23600191046210314 -0.24403331660502417 0.04294197829702389 -0.1294208649500228 -0.33171490568909867 -0.2291423418766141 -0.10039906408827824 0.06095707079250263 0.15071401992425554 0.01815387705564159 0.06842892145309748 0.16190961819507987 0.1550683036627636 -0.2507034680987764 -0.3367569309299256 -0.11039012435345383 1.0573439604265265e-10 0.05400426470590771 0.205505224520331 -0.11820822516126363 0.016756201572772474 -0.29878719075761945 0.004364508525237208 0.21962114206439556 -0.0022696197097036145 -0.11618210072503769 9.36360895415667e-22 -0.10239615069919378 0.16514733491291106
1 3 -0.23410864960535466 0.027345438450079407 0.2497696211019887 0.017794426022875422 0.1587409934327453 0.22609559321939465 -0.1557076843605569 0.10038751672537054 0.14886602871625518 0.06388890496951537 0.0006042666559423469 -0.20341031881951568 -0.07958281826472978 0.06294377683797955 -0.02779358313276996 0.04601365364087334 0.015243342264584481 -0.06477056538560091 0.13137663713673048 -0.08934514582359909 -0.07163295787161164 0.009138558950660113 0.012835414775443213 0.09792526840081965 -0.15149855991263547 -0.16278262223812953 0.21107329026544577 0.11291684286886006 -0.25531715008489003 0.19553488736543115 -0.11022024682433987 0.14393114149514538 -0.02825747370342417 0.09022337463139168 0.10119143138360016 -0.23020364914619243 0.1900537554114081 0.10070792510846814 -2.4866576469857045e-08 -0.147963074917205 -0.09832070889331226 0.20427761858369325 -0.056170939398456375 -0.19082405033632027 0.14154126096367517 -0.026761108071857043 -0.05712085543053367 -0.03627041777663228 2.876145761873971e-13 0.10462180969721877 -0.12234327347773
1 3 0.2162230728638361 0.08333944002595606 -0.2598285874285494 0.26587065552162614 0.018093231140940372 -0.39720561261148707 0.06487241832913777 -0.11409170449978781 0.23750596310409078 -0.2959191001691704 -0.0747040868818814 -0.10362244686541536 0.17574320316063077 0.02883644776506125 0.06958159611662082 0.04915101613437838 -0.04289368746020507 0.3177819283198703 -0.36280892729592606 0.08508117306972675 0.06247511181333806 0.14945234705068 0.01919241364201588 0.13503974878056005 -0.251015748174551 0.1380037003621157 0.3765976408854292 0.3799210963067479 -0.033582148648778426 0.29434236433879224 0.07265127204048316 -0.30206836606468157 -0.003863518322571185 -0.1252177358184869 0.049418947625171704 0.002186941698656125 0.383885733884659 -0.008527220240134567 -6.272782559472365e-26 -0.027212611822811986 -0.1913788711988902 0.3517229081200019 -0.21592265359834506 0.30464062458232344 0.22397748988936877 0.14500999492775493 -0.13336972066725009 -0.12213935691375266 1.6880137829519338e-15 0.06618036983457196 -0.20489963855338242
1 3 0.17300464550584413 0.23273703204619278 -0.23835459714073676 -0.07577999662462503 0.40676871226977407 -0.10915696266163721 0.035396939078341697 -0.10013088271235297 -0.20268814907145136 -0.126907169123884 0.07432728727245819 -0.1288906236575229 -0.1885352845875454 0.03177104367916901 -0.22949913498966878 0.09190556122239306 -0.04476062930493713 0.32194008558590487 0.0072452044239075435 -0.09991870480643873 0.24496711675338992 0.10270911103127447 0.08605552309489684 -0.1291438815435356 -0.14363389029920298 0.11384011506276036 0.3174399827419443 0.4435212607706694 0.07968785568986798 0.26449714290065607 -0.09248340575553506 -0.1823794160857429 -0.08596060053658469 -0.07276330639941225 -0.03479052363030132 -0.005365459708175524 0.06264102427761369 0.15441834808699156 -1.163992284147697e-07 -0.11293748950809866 -0.2282780218809952 0.016630513680493057 -0.06873496145838398 0.11021148891586223 0.024030758248465196 0.1272555208806227 -0.033730079740812845 -0.05260648652674665 2.6721605766150186e-09 0.2536787477979142 0.12632275821418817
1 3 0.0018918760062502193 -0.06285080858691658 -0.01520853402430015 -0.020757459344773084 -0.0010373394231862592 -0.0014570297078084172 -0.03241827692853852 -0.0239029062957165 -0.006644027806878119 -0.003077515315322057 -0.050192779654214266 -0.00043263545245264 -0.0030072435030256317 2.666124273931585e-12 -0.0031135111205111343 -0.0015610056048024883 -0.018673502016317046 -0.018480007256290457 -0.007973508826009716 -0.020406824572690937 -0.0077894222041528256 -0.005451915072552987 -0.01123109427134713 0.005774121184443388 0.005052680045543415 0.004061091103526594 -0.015856104371726774 0.000308417883236219 -0.014915563086131118 -0.021407724871202308 0.00024228017355390315 -0.012798442056853593 -0.020243971328071552 -0.027629311055516702 -0.012200026161524638 -1.1521544622450525e-05 -0.006655891550787617 -0.023209687139851727 -4.780387405510973e-13 -0.007562605737849675 -0.014144475311053282 -0.035338060264274586 -0.013479235676021602 -0.004142123882110967 -0.01856576755082807 -4.39266619709212e-05 -0.018895750272897673 -0.023230771038418942 2.816847603393179e-08 -0.02785707605938292 0.04533472485250668
1 3 0.23275526939419774 0.21461346277295476 -0.2968834227498573 0.18410117262160738 0.3477127865627716 -0.21709213108151132 -0.21250088901050135 -0.2845366197308369 0.10003366362629339 -0.28243134517284013 -0.04651032418377774 0.221721173458882 -0.17420352601536143 2.6667844852510494e-10 0.16030317549165632 -0.1399102576928894 0.01651406348642298 0.19910014626929867 -0.14763016965546052 -0.2529683417482023 0.1444256145625345 0.2016744569089253 0.264473171972234 -0.10286459547975059 0.10190893202610071 0.18245125775381785 0.25022175094728816 0.16560997678443276 -0.03831839790326295 0.1549840263513976 -0.18934739356028987 0.1688527777914041 -0.3497702946350417 0.2582797381384866 -0.14688366285698035 -0.06308533402241082 0.4563302581985281 -0.12884467375744293 -4.531676667058558e-15 0.2186770006210719 0.08382910265267625 0.2663424672025164 -0.024874164231424935 0.46679767499331215 0.06943603459811667 -0.18768586465353643 -0.06434465591656381 0.028578668174759986 7.737734462225494e-08 -0.12471075566130564 0.03432355452707427
1 3 -0.12185761728318885 0.060558563106990024 -0.15246894613780437 -0.2216981353945842 0.05524877946211975 -0.07738805871907853 0.19641643309868925 0.012870073096469188 0.24102249184797345 0.018113077394471867 0.01296886920843775 -0.09639255199224915 -0.2793499872346593 -9.798845060833649e-08 -0.206932014504678 -0.08070322481397206 -0.07019668059255207 0.028329038538858906 -0.0010926453860652767 0.25273805897070317 -0.2816430807433734 0.1757383124067269 -0.0974545207409986 -0.29590304076069435 -0.19093563372248004 0.06595071963276078 0.031733332122586305 0.23899591415165372 -0.248159847327514 0.19519906068441462 -0.12732690149611098 0.3229858505722009 -0.17204263788412116 0.09070959516150887 -0.1978193141040416 0.036732501511102765 0.05366199027237432 -0.2070379738258162 2.2540514598934872e-09 0.12405887833133923 -0.0967642409820968 0.13960464888071641 -0.13541439297772417 -0.5232290548451051 0.03291820736549713 -0.08622324970526034 -0.09156214255298231 -0.1207692934072243 -6.44276808604436e-10 0.18497652919714133 0.13636663981461924
1 3 -6.216635121072192e-07 -7.528066313534263e-27 -1.294187985601615e-30 -3.57897339616773e-31 -9.285585685967487e-15 -1.2427629087184628e-31 -5.7975698075413194e-30 1.3837568656302936e-21 3.5440688871278153e-15 -2.792915847175875e-30 -1.1521197581199396e-09 1.5466626939414187e-23 -3.409392150558858e-07 -2.7844812130885736e-08 -1.1678012435540669e-07 1.5358915515419141e-15 1.843823458550692e-17 -1.5043851859628536e-29 -2.0881310121618109e-26 -8.509540794284963e-08 -5.2137546551996814e-08 -5.226755810105204e-09 -2.4189303212101336e-07 -2.424495606572437e-11 1.7914464274007613e-10 -6.330364141222449e-10 -1.4318361394433329e-23 -1.1826333165646451e-24 -2.386401316165741e-23 -5.426412336376224e-07 7.41211728159857e-14 -7.538411865305908e-13 4.433896792842124e-24 8.156093441130945e-26 -4.940930398638419e-08 -6.931265981968911e-19 5.428242348897252e-30 9.538716748074926e-23 -9.442880640251818e-15 2.3854571246897548e-23 -1.4795917922065006e-08 5.9160031582374e-09 -2.34595378205586e-08 -3.654571048151454e-22 -2.132374235382952e-09 -1.3643315324042564e-11 1.72323279749371e-24 -6.428940559531406e-20 4.98642937531913e-08 -2.776476187213836e-07 -0.008480925899552877
1 3 -0.031177081360697065 -0.004499829157087554 0.04086136121976336 -0.06680767414407891 -0.25122485246154896 0.24571852944618003 0.19841928102626666 -0.00857056676143009 0.10288056326816013 0.09628305282037608 0.02862233370203223 -0.015568767929037566 0.14410449908177836 -0.030818172901425248 -0.1881388795886457 0.10595133171341954 -0.23122921614442013 -0.3517432348800026 0.010292846230464864 0.2370733371034853 -0.14850789893457322 -0.024117755336517357 -0.2172838582599208 -0.0056088397497602955 -0.14820458731400116 0.12273870577318403 -0.37824395476754363 -0.3499036712967234 0.08248740216751521 0.17570321573668105 0.109442742940468 0.024082035430460454 -0.061828301126448944 -0.2201481505039172 -0.03007390765352351 -0.18617735560889295 -0.07566444301898267 0.1597061323639526 5.878837188312428e-09 -0.07310446062407037 0.15128619349703837 -0.2574124389780054 -0.015605403203057411 -0.08859978719933419 -0.1772846047600737 -0.09005817366716155 0.1865672693331619 -0.19757640509165006 -8.285072894186548e-11 0.21203758174533113 0.06452198121382438
1 3 -0.011554968898056794 -0.1134916770468892 3.674317577506459e-25 0.10365328068190907 -0.1074773419456139 0.174269409830906 -0.0580582036320795 -0.20315341259657801 -0.056095417650511785 0.005985755266938683 0.061534890394560116 0.15791948117382285 -0.20353769885399334 -7.18214555498333e-21 -0.11060547665175643 -0.2423395959713771 -0.1279729003237224 8.865680200880278e-31 -0.06357995881358168 -0.12594564705170777 -0.1925834710002331 -0.05107792470894806 -0.13545583847332116 -0.06349522190208316 -0.17402085210818855 -0.11009504168835914 0.014355180744510716 5.913204047596533e-14 -0.046435607706881134 0.19475062088533177 7.962711750495885e-28 -0.21460522345483987 3.8847240618985595e-07 -0.01720516578248056 0.03703996088788895 0.18024553276246394 0.026260076366908074 0.01470050439708407 -6.423310306442219e-20 -0.029518065999877035 0.132989450558131 -0.04436585867195267 -0.09597018540054492 -0.32878038977278357 0.1694335809636814 0.13102384329126965 -0.02581992616987576 0.17580982917015045 -1.0950336137612026e-31 -0.04722295554315138 -0.20165887300369637
1 3 0.05453005647349729 -0.07392925062652178 -0.12127690924005836 -0.25189344618855963 0.2595084108272795 -0.01674880301139829 -0.2562464836275613 0.17972928422749881 0.36582633480648913 -0.04539689910783091 -0.12411396045358089 0.054940467224328805 0.023587925551465543 -0.07720408320667295 0.18470947005275412 -0.026474377283909948 -0.08477816229209072 0.019442864554863565 0.04731279773711227 -0.15366687930445258 -0.1286781461584708 -0.06349324356019165 0.13629551725693578 0.0032983923866838926 0.04618423572491488 0.14720692972875807 -0.06520828931371274 -0.11277140781079507 -0.033334045576058506 -0.229051417924699 0.102515386983786 -0.16351194233849836 -0.2848895972339845 0.18193652017572987 0.043889344691645654 -0.027536226520608977 0.004552089952665232 0.1626995560956629 9.059580230901118e-24 0.2124801497124884 0.045630711341704565 -0.032873331732025154 -0.39485877579837547 0.18148092178252198 -0.2302695613214898 -0.062380157191719514 -0.1714060871698428 0.1874881927083891 -1.4309914511130763e-23 -0.13197324539536057 0.007866928813982783
1 3 0.15491340625227198 0.1935471868755806 -0.024238855093124064 0.1786940699316567 -0.1641302834406465 0.049431685275504324 0.14148394447816348 -0.6484922830256035 -0.18852029512084156 -1.4995148836003723e-15 -0.019068676676938554 -0.21746419653157656 -0.041109064037907775 -3.1170683546425273e-22 -0.3819738202213426 -0.22288284593058855 -0.2293639191973192 -0.023823804059255955 -0.011459712990626536 0.05617832158680037 -0.01571637041904385 -0.2746448999337625 0.18818680295646584 0.05556104793925938 -0.14319523565115566 0.11033691451382006 -0.459187498696863 -0.2857778719481772 0.23536825788678714 0.029669020418487766 -0.2627068971852879 -0.12653743374286752 0.2372243454321855 -0.23524276672404712 -0.12033893956632856 -0.01846037139242478 0.08346710526401324 -0.09727754083875109 1.237223630096881e-27 0.07136134812670142 0.01529438421634082 -0.21548840276710685 0.11734445008730653 -0.1370621445515041 -0.1619232068094913 0.028512881819802324 -0.08511845671068612 1.0488713017877641e-08 -5.359219020751997e-28 0.06442973551795156 -0.26914259724504896
1 3 0.27432847043535924 -0.07596439173729687 -0.22566280066045966 -0.0768719984651854 0.3257092951486767 -0.03541556805378246 -0.0118031841777116 -0.025426844679197095 0.14305132619514915 -0.19713324053805034 -0.152989790572169 0.21175115986315315 -0.05033706016524214 -0.0699542437518054 0.16486693778932046 0.16136812213076532 0.0008120900917277128 0.1964641802679372 0.14464096415457478 -0.3136932247944202 0.17537732398661762 -0.1612883084837794 0.11686509376540674 -0.041199425328925704 -0.17790199805385065 0.20893778870242488 0.030323574261329155 0.32535385322527927 -0.1757862290348809 0.2712457672019 -0.22955762454615505 -0.10515186283818945 -0.2916601876850176 -0.06373024824048922 0.11667441025634553 0.19422690923667463 0.267061476634473 0.2274794524486826 -2.199842199799648e-08 -0.20478672629348157 -0.20069878466042598 0.17080372219859605 -0.11336751621775622 0.037518496812792325 0.009825464374210249 0.05502187806591663 -0.021563659825537897 0.24870320183626823 1.212440921390214e-15 0.227663076784397 0.07174156362633333
1 3 -0.10717999673794015 0.015032224755118515 0.04744081367997536 -0.21200366771854168 -0.06454976000483773 0.01696360861975725 -0.22199795660850985 -0.2266305081264589 -0.09298133475449223 0.1644003591385986 0.028298030320151338 -0.015261299757511884 -0.22451220952264933 0.08184580732821786 0.06577824879338817 0.1680879316060902 -0.1132037294490536 -0.0004992571030546532 -0.16416192271024835 -0.24523385608388126 0.07480228297770575 0.13312363000092967 -0.14364520652439222 -0.19046928209626202 0.14450048082554096 0.027703989537093923 -0.02334412168438818 0.09787614654017551 -0.0017134606815248517 0.10705651955069473 0.1934978659584992 -0.2243696904950857 -0.09743966102019903 0.21794964769957761 0.16532233210035122 0.2129361180120352 -0.24642265020236415 -0.18857009392811236 -6.007375237532779e-08 -0.16653565456037675 0.04557950163768721 -0.09928170677725108 -0.2512981699599959 0.0676547719016079 -0.0015911735780330017 0.15633108300097218 0.12372369284805973 -0.2297225085923735 -2.40632918385336e-31 -0.07652095983048877 0.22458645761495521
1 3 -0.2797638075421109 0.19953315008802439 0.05765866765449206 -0.0334082326972656 0.04081499387610783 0.15126292031634142 0.09354773150214898 0.18292828553679477 -0.04860449820757298 0.02593414949505339 0.17525659585911588 0.0251914147010887 0.015951701322091293 -1.9535468130256723e-08 0.04463674859356605 -0.16664138313267357 -0.2570050300170531 -0.3068706631550421 0.2386738647633395 0.22712238734987567 -0.10011375982711476 -0.11838216126722234 0.039243319788001 0.20599617381873248 -0.13378758815251182 0.013814537782787401 -0.14645467461113676 0.07924606246351758 -0.14628557743571244 0.2724199370054912 -0.07453659097458976 0.1627271233673346 0.20369536871673538 -0.16862392841083784 -0.2158180749562445 -0.015486667244995232 -0.3141227648145219 -0.16534349242104115 6.101317859055087e-11 -0.027697828470697985 -0.08938686083252555 -0.19023273537348537 0.17784828316160628 -0.41518245546509586 0.012654957584750095 -0.08090280363301838 -0.18203008134437051 -0.1005388203581271 1.057199687897849e-19 -0.010605781119662473 0.3328390921530235
1 3 -0.022362991501832987 -0.08334945806008567 0.14889161154714933 0.0924351289110006 -0.3251138188948379 0.19257954852832476 0.09233100428273795 -0.09397815608346877 0.24435818166203857 -0.041810992629220736 0.09772526428045514 -0.16527520152234007 -0.0866024869073575 1.355563952040631e-08 0.007061870033048827 -0.2590799474750032 -0.05292336570355945 0.197110249559501 0.014906160578238428 0.30884211985815835 -0.102096105842327 -0.18389826711337112 -0.22172804258524922 -0.06722389840636105 -0.002581981145794622 -0.1645985454655708 -0.2045086530035883 -0.11830687506571778 -0.017190111000893807 0.05289487204354543 0.014453670558094133 0.36240901429512185 -0.1507163620783373 -0.048976542535465406 -0.10587751371127496 0.03340305595482525 -0.11549206281891705 -0.045790920030990216 -1.0872314632700002e-27 0.13919269216983085 -0.008095106831151984 -0.10158114039993649 0.05777341566218259 -0.1852102224145238 -0.21900011874686254 0.13248822106712752 0.18906605054463588 0.26968186369034425 -1.904407779426811e-14 0.10032630817227149 -0.23280440743525727
1 3 -0.36431162614434964 0.22271436814100626 -0.09401359086727858 -0.01925838370982433 -0.0081080827119699 0.05741271194945565 0.08146256496771552 0.25426985335855157 0.1650719362854147 0.18228545900097706 0.10105024853395253 -0.08861137808997964 0.19961341526850981 0.1507447715597787 0.052649388698256167 -0.25440269012226296 -0.08543578644207672 -0.1603676298903536 -0.22150383501340024 -0.06255076016933236 -0.17941823928307601 0.02639887752005724 0.04867929797224076 -0.029163496548487225 0.12491537690498546 -0.027975467610586006 -0.2873055915652387 -0.31475683008766797 0.20208378705944993 0.1498444147158696 0.2430969995422984 0.3423938865276679 0.20874331500060955 -0.1723034969752601 -0.08968272976108534 -0.15157352442235653 -0.1455308915530379 -0.20743477277383324 8.21077789262336e-31 0.04668710637010806 0.17001055767576118 -0.07277645907710044 0.17151831490719244 -0.2767514752880227 -0.061669348394489204 -0.07607928655525682 0.15636979415670663 0.18633787253208936 2.967696188281819e-08 0.1698686099126799 0.13796011099030653
1 3 0.08636299384232955 -0.1476995106847797 -0.24610877811777843 0.2814581789243658 -0.33627364535688314 0.13575390903023776 -0.021600650162434853 -0.1784351981307563 0.2669298341465972 -0.11633752434199215 0.06695458243741564 -0.05972755237399499 0.04845949614720322 -5.481307310657622e-07 -0.060506486576738655 -0.08066841086669274 -0.21011700395141883 -0.22466262300354004 0.13648523007117624 0.001160584853849504 -0.1930051684971177 0.2173091330933336 -0.21413189541096092 -0.2330732458543804 0.262146575934646 -0.09519773301366803 -0.11881028697948474 -0.2751652400879063 0.06673476923181677 -0.1201073669161779 -0.08000407950382381 0.04011369955622061 0.09596955633626734 -0.2702466629090605 0.100627858736292 -0.1293125792044086 -0.043743634386455066 0.10976405712485786 1.0839967781354685e-12 -0.1267510777390121 -0.3397967113489301 0.13454298324182085 0.1868899566637367 -0.3698481615293811 -0.11338028399961093 -0.01645810609020264 -0.13923051849349077 0.1744793273118394 -8.770782388244462e-24 0.06523052746656498 0.1850190042110412
1 3 0.5282131887277874 -0.00563255436926933 -0.2978427561094908 -0.03781036656262424 -0.4223315357397404 -0.2849117471168058 -0.22735087486828182 -0.10949335341666425 5.550542922624285e-27 0.2826618758360217 0.006219622488651901 0.3337616504372769 0.15186428726658094 -0.005063433693713736 0.10858598019489707 0.22052739577483876 0.034637987772732255 -0.15771487502804793 0.6485806381405321 -0.03012215770716781 -0.020568978778641264 -0.02506265279988863 -0.09587528358789013 0.10395188039884759 0.030973873448373542 -1.006836955164193 0.2919068517760667 -0.46577898898048137 0.08690424626909077 0.10588988881818583 -0.7487505043064849 0.25477037303978206 0.07248400317768745 0.22925762441514166 0.07791094608791164 0.20311703822708502 -0.061072323865335114 0.0046531690773453545 -1.4837182037936502e-07 0.1332227275990018 0.24805756529276698 -0.057018029048555005 0.15131636579996566 0.23206440291379554 -0.1031697304400001 -0.5868055040761166 -0.10832139558581347 0.022393194643627715 2.2225452605082915e-07 -0.14641657409105102 -0.1974393177402997
1 3 -0.0242717831218202 0.024189211019768283 0.022921324825743737 0.2181455812778788 0.179049781793537 -0.02283266958671209 0.07891079729554784 0.1817115079469488 0.16976525080457103 0.2254585477923533 0.12041678154950149 -0.15029768449785783 0.1757885099302789 0.05114361569023627 -0.24299194509193534 0.08856593113799888 0.07314650853843882 0.11739088911889294 0.23444388529083016 -0.28665102559507144 -0.00011639348450886926 0.2175742307751307 -0.05659423289098372 0.0818158156907996 0.07141618103229726 -0.20082275581177264 0.4262390367270404 0.3758654643082792 0.16241109615132301 -0.005210934332640536 -0.07932569292341565 -0.16804150507923507 -0.1094226532842448 -0.1389470274003394 -0.04588416577874776 -0.10831182553830572 0.15692934985818668 -0.05445411248318247 3.0333628242422887e-16 0.12036803835016759 -0.030690438000255223 0.2224996379328438 0.13294090655835028 0.08835784459652687 0.2970637781817967 -0.01622262514449537 0.24072955843875474 0.2739465737354925 9.69031079391297e-20 0.14412725789167552 0.08710939501160446
1 3 -0.3816084349261828 -0.013964158712864244 0.23879151795586767 -0.0542950403188162 0.07232897817160255 0.30779821383808526 -0.03233594221605928 0.09809234523926455 0.18512976444300003 0.07650061739311044 -0.15852389815642795 0.2589693330753267 -0.08566765788345455 0.11295440160026454 0.08143971632594098 0.015247262458647168 -0.23099131747217103 -0.2518999711731592 0.10858438222677265 -0.015847886473264024 -0.204191929846263 -0.3402090858693171 0.2783528526584618 -0.2037923250343833 0.16819886344963075 -0.13922033507566436 -0.13815971748906658 -0.13273938292239473 0.0797838898595248 0.10482255773666523 0.334121495350497 0.23692515295667937 0.3523094128581733 0.0026097700490036674 -0.1321723077017532 -0.29112056175295387 -0.2596626591863524 -0.0638217280220328 -1.3415822571433445e-31 0.2194448625482986 0.029633295210331544 -0.09210892969259876 0.14403899228640843 -0.04832948236911875 -0.23733921630917762 0.22154447355176135 0.014034814453781401 -0.07443491484946158 3.245476312470857e-32 0.2072535555456762 0.19764477528355576
1 3 0.2165181729376524 0.09084559439015905 0.03222713843381143 0.2037720249829017 0.33281100350194076 0.0505867784281225 0.006279649981701398 0.002783396544297302 -0.17658770297089282 0.23161150973336692 -0.03400234119848458 -0.09677602724175792 0.20626631497845005 -0.007186613995195902 0.09951518588964114 0.029682194168821723 0.1323406565558012 0.2343247893440941 0.1741951884385738 -0.02260840963779619 0.1297325589236274 0.06581410277176367 -0.22192822098276607 0.181427233368377 -0.09991137893774153 -0.0682092064425103 0.026960791931331957 -0.0379586813229073 0.004444786419157402 0.17991981626809012 -0.25312955365384854 -0.1793757530843033 -0.10938303824332526 -0.13284270793052816 0.017417302389938986 0.16867008227964286 0.01006146642374136 -0.1873948758546983 -2.4229398640108465e-23 0.19047289421576039 0.14200984142552442 0.06794297317668886 -0.06465079048750384 0.051788219889821636 0.2562046785169942 0.05234489706571698 -0.04002617052740289 -0.0668418132162929 2.879232469410487e-17 0.06847442902421476 0.1826974792808686
1 3 0.08652153225196456 -0.08085692128112758 -0.17745103693301525 -0.10087370091354492 -0.2693667499118631 0.1846687292216204 0.14449034406578615 -0.20949169622097943 0.2041865254089186 -0.1875357139949281 0.11793053030226065 0.10055575237812528 -0.12834562174472555 4.744653274706642e-22 -0.15380172849985843 0.0557329380697859 -0.07385011326997329 0.08694545635359265 0.023611652086368565 0.12645480622878794 0.027679047476240545 -0.08701132703630707 0.16078106000271178 -0.11921128943475498 0.059150239951048594 -0.009882668850459133 -0.18859849683498367 -0.10611678515482781 -0.012030730592876826 0.18170929822073134 0.18809589506520702 0.21031927980448026 -0.12201424127630317 0.17442063264904495 -0.06813720798894116 0.05698253155682495 -0.06251019077014039 0.10907086043921928 5.436949328692023e-31 -0.1424531471150055 0.18582926954437745 -0.031165518336823565 -0.03705091898102712 0.044984267532129175 -0.11443989395893932 -0.22850295351254268 -0.11330919803414927 -0.06433747073279736 -1.9299982282967928e-08 -0.13098229599593453 0.18644062258928418
1 3 0.027891359929430353 -0.19961402111454637 0.12663470698643164 -0.1858870425701187 0.10991000441007508 0.015134876598227699 0.19458151135785354 -0.10830675798624735 -0.11942041003557782 0.06505977329899124 -0.04797152715262009 -0.15577687840704213 0.08841615802467158 0.053213323466494496 0.20201391977284974 0.3587187531407049 0.09128156819503934 0.07253129329256507 0.027357091488550558 -0.1610767662214048 -0.1781660326322089 -0.325212741277809 -0.210856097205417 0.22708914311936676 -0.4008747009841522 -0.29786951879816853 0.12246154846365456 0.11771072009195742 0.03399428138772727 0.07468176924337892 0.18527731189421992 0.043987607194501524 0.31448993894364863 -0.23568260581343545 -0.05245162841076403 -0.24873513231997385 0.07956239149894764 -0.09760875954920782 -2.1261807855020724e-07 0.22000325034174453 -0.12912511279641037 0.1379066893218023 0.21137269478671558 0.04567797526539896 -0.06281252779304448 -0.1761787602354659 -0.21269196951660643 -0.10410301910056943 -1.1102464941134903e-07 -0.011509673530273679 0.16448029300743824
1 3 -0.5183400086771909 0.004054552730690756 0.2283999363972058 0.1939864959439066 0.009591031119929727 -0.27408377143573137 -0.0940314229736364 0.20736747275066236 -0.026885580486177455 0.027070410864377295 0.16685568010141474 0.004630160988126063 -0.16255933947401233 -0.00518579218826883 -0.15881661478553133 0.2104282837161537 0.14468295825831864 0.15586222857645804 -0.03098124040152328 -0.23205973707592817 -0.03979883645762137 -0.18631556724141143 0.23415250728792625 -0.25673862840539013 -0.2517819927784106 -0.06019858590809927 -0.18452344129018375 -0.2836876324518893 0.1864833494621886 0.019178040927014285 -0.16466107163037302 0.11617285597080125 0.31101740314657905 -0.14190288665145745 -0.004877857825794928 -0.11767794744377154 -0.05447364171669631 -0.02995296787140392 6.389200520972548e-07 0.095924134721018 0.10148196837493093 0.23630824988603602 0.006782508842833491 -0.19912452150465867 -0.4725771431186824 0.09662878759308983 0.06756466679783259 0.052611646616310986 1.6083796417534174e-24 0.0649064735532374 -0.2354384188873894
1 3 -0.12566130298262168 -0.1458256555352678 -0.10917307388706764 0.03344073935324729 -0.42576810261874115 -0.24326921354675074 0.2491738727682271 -0.0013162121364981862 0.10162694946068676 0.1161974784224223 0.24095612816105041 -0.18743443193788153 0.3379494930729921 -4.777207862871189e-08 0.27737918440916376 -0.2663911204192489 0.10422850838935241 -0.11891731452091216 -0.12194643925985195 0.153322599429566 -0.161449133834413 -0.267150344848865 -0.2941541947271728 -0.2335075600956138 -0.22280672139795654 0.2887524590808238 0.03961235162640037 0.4816095753549055 -0.21444303377589766 0.23969455446331536 0.08584084290353962 0.1778097516287915 -0.10476906319114203 -0.004266876426697443 0.20359744606710892 0.1689775657720517 -0.15409131775139692 -0.1472348046363498 3.251719503834928e-08 0.016642056172913314 -0.052463041156628934 -0.18265239837886002 0.13265060434957404 -0.20825260529064424 -0.27471974066205407 0.020130349215465783 -0.11804127715962016 0.3541329638341025 -1.5244845362154034e-08 0.2585484302267083 -0.1856011793510322
1 3 0.2864254933058682 0.21222956425285175 0.019654310821401032 0.09692761327231046 0.3333596437154961 -0.014590353740577346 0.2439063640863733 -0.12711405861183953 0.07849125861463727 0.23248950705279617 -0.16162985295670043 0.2428210205449743 -0.17375407698091805 0.10072473652379635 -0.0673788220540274 -0.04054862846198048 0.08509154282899925 0.05012349283978673 -0.09522624462609577 -0.1331654491806507 0.1294294016605266 0.1843673767486127 -0.16449621763041503 0.22559214312155643 0.09290792237659759 -0.06614891076289528 0.18418874885628458 0.2921216759283613 -0.023592877930266737 -0.1953886364746506 0.09486509929760627 -0.42380447708475333 -0.18584568156022718 0.01889599475687104 0.18377441493863828 -0.09291969890609966 0.015442647497351225 0.07354107514597813 -1.154352203992762e-24 0.10667248438088942 -0.08554499148552747 -0.10081910630859295 -0.09428720399076783 0.41613823027170344 -0.10010424964288016 0.07799713418487188 0.2504503360279476 -0.14843842820680364 -1.3889367123680442e-14 0.23305527031753295 -0.01787551706414162
1 3 0.030330836417700995 -0.08517445879192244 0.18396019035621686 0.12762940242559062 0.16602654272058662 0.138638565305119 0.2062439233478576 -0.1768560107262621 -0.23665328828080703 -0.10842377492454115 0.10379846629576478 0.20315587950004513 -0.15062644594835106 -7.145271668684294e-16 -0.2747098177900342 -0.0806099914236169 -0.003528308404708957 -0.12481729616659806 0.04908770324506527 0.07700630898827882 -0.21950342174654622 0.025184747897397046 -0.07678522068633728 0.03252600917137647 0.012326492537101547 -0.2450343465745922 0.02165837124814348 0.27098501278375214 -0.23494087910784234 0.1763004460170989 -0.19704665924888845 0.4222356584156201 -0.10467961135772913 0.10235371301075108 0.10579500989455431 0.14270221143880743 0.04669699528540996 -0.16360079041751688 -1.7981208470289542e-11 -0.20817149177452499 0.17733190467505192 0.1601906795892598 -0.01003595050175962 0.06002751413347383 -0.25297068050481775 0.043598093541196856 0.204301500511054 0.09413253595765565 -1.328920259045139e-30 -0.08517790878604775 -0.026985927031658072
1 4 0.15526454338634552 0.10591437646890678 -0.3389353500032228 -0.5119568380575074 0.3102664445186829 -0.1345755600801282 -0.3829658520168978 -0.18133658595188823 0.33195686368134963 -0.915982614177349 -0.34419279026751365 -0.37322534809513264 0.19520869750613645 0.04539649421252557 0.3332407378979905 0.08841258219589837 -0.3598248246293968 -0.5033879463878845 0.6376369923162617 0.2545472871550412 0.22513706731491434 0.30270465793016527 0.23233290140477694 0.07136446436304598 -0.4810186371898654 -0.11652557479111612 0.014917612991865987 -0.2407306832538794 0.10991022555964017 1.4848008531918923e-05 0.17008673108847538 0.22340183612184783 -0.30557154858153335 0.3016640343367679 -0.16628807485023517 -0.030165659932100304 0.38559601549436495 0.12975920709256414 0.2730383754949538 0.518449735507507 -0.4907072472784785 -0.09889770404244216 0.3956265121776717 -0.06081569732590544 0.2652064426367673 0.32282386703713706 0.3116192131601826 0.37445458352002753 -0.10022811124610378 0.03567913187164779 0.18834634350549412
