Number of NNs: 3
NN configuration 1: 8 20 20 20 20 1
NN configuration 2: 8 20 20 20 20 1
NN configuration 3: 8 20 20 20 20 1
NN Layer Weights Bias
1 2 0.17764341102392603 0.10347163767859549 -0.38390280806293287 -0.513003113820587 -0.15970133615134838 0.5136101967854941 0.15016239745949575 -0.17568511703703166 -0.10033806150974803
1 2 -0.03316102901913473 -0.2273919123161141 0.01976248145580618 -0.6330078287582679 -0.49591601225063714 -0.07061253351159771 -0.4029333073779543 -0.49438288387332646 -0.14547464209783376
1 2 0.2864724509691515 -0.09306093604809623 -0.36734339001668387 -0.5970099899574874 0.4983087738690036 -0.41413736460297146 0.3202954976037047 0.22688249572728458 -0.04933208624671131
1 2 -0.3017358777024237 -0.2253031678702211 -0.4544735847178709 0.5114935764661246 -0.5288274055713407 -0.15823668781088643 -0.49041573155165735 0.2524847443797121 -0.16538612076481354
1 2 -0.42059695793933966 -0.28740090672580565 0.3589255501198631 0.09355798559624814 -0.2601478393997581 0.48144154826047336 0.2020894146732345 0.3960835563594367 -0.07398031250886469
1 2 -0.20355158063218834 -0.205631939907792 0.2035229960128488 -0.3244886935507518 -0.40869915091400566 0.2890912458595396 0.4506158134120271 -0.29146497610185546 0.20604417365553152
1 2 -0.05573020541985582 -0.14058657369402344 -0.04663417773133509 0.1783371147440476 0.22881263201181704 -0.053208408500057806 -0.19739879806554064 -0.5680745011917995 -0.3092469858113363
1 2 -0.4998889516015043 0.36922397226874254 0.18494456089144837 0.017982434585641416 -0.05094215803281886 0.22504004976756448 -0.2864833647617082 -0.18586925924976394 0.4277841406083734
1 2 -0.31177755848970307 0.5020137912795187 0.044924325049110946 0.2062087602190715 -0.0979275372944252 -0.3719942472348055 0.10266960803783451 0.403182974579654 0.03072397721027699
1 2 0.22175883126691534 -0.24399372712718723 0.16471888124262662 0.4820043964957928 -0.4329615968383396 0.20839229602461315 0.005717898003146616 0.3405427927667857 0.21635813572701906
1 2 0.10905693371820153 -0.3519294755445086 -0.36712135452554095 -0.544342598716944 -0.23722796534161117 0.3808722272661424 0.11050614160771942 0.3070195017427829 -0.09755490794126503
1 2 0.4938786048422776 -0.05386273238384726 -0.46860797115612074 -0.2753876309097511 0.3860941818322383 0.16585223301727314 -0.1134522514716001 0.08899401838719462 -0.338481015481804
1 2 0.38208749745941156 0.30073075783491104 -0.23217905623582624 -0.16217179163261314 -0.06228441171614321 0.17575072825973775 -0.17294819173110154 -0.07033043521806182 0.2913922368525433
1 2 -0.40649512136950217 -0.348922686952213 0.274117013780166 0.4180416822335456 0.03264341070757478 0.017700271291693777 -0.23713368303117963 0.2665753180438948 -0.34586394040262985
1 2 0.26810235747239947 -0.09933840520871465 0.4211570427904713 0.2899692248992201 -0.2849237118468031 0.21319875729453297 -0.23197171817773468 0.2767294473010573 0.05801604591138085
1 2 0.43280500196685867 0.32771098183472563 -0.5404440494630846 0.2562706266423587 -0.06842966274131346 -0.02418778751272572 0.053027449772336074 -0.09803965831500115 0.1607202818790019
1 2 -0.19909765865481516 -0.3800112851272435 0.20059375005403188 -0.06500349549307048 0.2708688422039232 0.1639125473890645 -0.19437256259833066 -0.3124836964600689 -0.12017878465368058
1 2 -0.41868094974969877 0.22467632783709227 0.0369647779922814 -0.32482083321747474 -0.34339288231492426 0.4018693677720068 0.49648435754295617 -0.45881658842393586 0.3248476144976538
1 2 0.017391813256380492 0.5297183706048968 0.04838543620658261 0.0022724583021179554 0.1309169487821314 0.28481270690151594 -0.13053692008832493 -0.5330218371618213 -0.11186873174387718
1 2 -0.3311832356661874 -0.3799437305382664 0.32739713615524024 0.12665662713226974 -0.12235870775922081 0.4700876498746681 0.17717356637621914 0.29115663064644254 0.42611954791924994
1 3 -0.05146652117737873 0.06366676727606685 -0.25219659931630883 -0.41578663168835506 0.025036183135111075 -0.19399093508497023 0.05811075105245175 -0.07379273052815648 -0.31654888193041697 -0.16245446653925089 0.2464775867633386 0.012593958511928917 0.3739302534365772 0.2904968128938597 0.09256711021001782 0.2890273997056309 0.23647903248904997 -0.1899093045769822 -0.20517231308901784 -0.1750590977661824 0.5299228409643272
1 3 -0.004472514266885285 0.33044946912615647 0.06352540959336708 -0.12987126598482582 -0.1549166856513414 -0.07100348705802514 0.5717076136179483 -0.12146914163642514 -0.15796922334731156 -0.05866740141485358 -0.14683926930490193 -0.07185248359684866 -0.23055440891067622 0.5541214931305833 -0.15478352537793194 0.23078722484813602 -0.0688122164575457 0.22375586577143486 0.13876286577846114 0.1559154256896906 -0.34122952274017365
1 3 -0.01949608407832819 0.1175652236534205 -0.11818699052040925 -0.41040682844865733 0.33912179949738247 -0.2547021827512337 0.052835166498663585 0.2994347881136475 -0.4417097473463462 0.3353811779557033 0.20302420800363932 -0.08617387151261954 0.44408623545079967 -0.3318122842293114 -0.09571810793003241 -0.329370230157138 -0.2516963284566455 -0.08759162456520768 -0.40983197418648776 -0.09100517479532988 0.37997696517891116
1 3 -0.21076003782548658 0.12350166010019574 0.4136724868027851 0.32338966799157737 0.34545489005417196 0.3791872673772701 -0.055476343411988545 -0.11087806904999235 0.04355521803637096 0.22560387773129745 0.24298832079952631 0.06315748058251025 -0.11079847518141085 -0.43944428656027273 -0.14967898524006482 -0.1367710345850489 -0.2809628029222555 0.16898623199511817 -0.5389016096980318 -0.36719361204174666 -0.0105978824477659
1 3 -0.222915235347699 0.09776738195230295 0.24697334055152775 -0.34557835465231646 -0.3035812897737241 0.2514107868836783 -0.330203286382169 -0.12650900267477452 -0.06342994325099369 0.11059911362635813 -0.22690920474815507 -0.03552252174324985 0.09783783862893575 -0.29044493661009374 0.3169795458394344 -0.5918289089482879 0.10864444377934224 0.1393732398465304 -0.14931361738190133 -0.14978927575822878 -0.019656115491329826
1 3 -0.08206152971430497 0.19166218524195908 0.07903150183222231 -0.012433826759842436 -0.3389692499067728 0.2173441007826447 0.3483987637701289 -0.030935319940184183 0.14935138487340305 -0.359784452049756 -0.32957384154630737 0.04242811469733913 -0.11393541917492099 0.11755245855602652 -0.505189167897599 0.09054158439371743 0.2950943702163476 -0.1655402530439511 0.36957788434377975 -0.014630726684588263 -0.12556567225700216
1 3 -0.11096524060833453 0.31974786717564113 0.07261085170815881 0.21993277824444332 -0.3340248405219713 0.4130841682833525 -0.2997632539396974 -0.014431208321311888 -0.1824023050886181 0.3895687071231905 -0.0977563208738986 -0.11511372031320045 -0.12276664998612052 -0.09626199732172463 0.11228554274641116 0.3216261907865195 -0.1938530615085198 0.11676179658567302 -0.3765754373433104 -0.21079184085470204 0.11376115931195613
1 3 0.22644922633547776 -0.043521933554244385 0.23912456398167808 0.37372829712727035 0.3405362338940098 -0.39190023385239325 -0.11590434482674931 -0.02719243282963279 0.39511818278039235 -0.1396991669063465 0.3444624147172679 0.3504239247076433 -0.33318240351832623 0.6061310777336341 -0.1351738806573978 0.12773479476757016 -0.39885884540930444 -0.232194230851121 -0.36811719795963743 -0.015079718710505629 0.38587312781325306
1 3 0.22519538147652934 0.21680595629002766 -0.34384805422704295 0.1721679001188931 -0.4060515382700542 -0.3829723724843145 -0.06552070886469631 0.15695770009930604 -0.18003491625821155 -0.09908855189979983 0.3218491222635909 0.2997150807880148 0.40388689404562517 -0.33679559537161075 -0.2289137766531307 -0.3043068238341423 -0.5026720897692275 -0.0011447901189702127 0.01904287242295198 0.18288482700426573 -0.3513246498045888
1 3 0.066727528121285 -0.21573244237612543 0.24636270295977702 0.24330899469228165 0.18367496888102183 -0.47154979415633697 -0.05068930299883806 -0.5729375262665121 -0.535665426555858 0.06887074750632784 -0.15692237001249904 -0.21538450604695722 0.1853252358190792 0.6908318329997407 -0.01800514205785838 0.4137103722695017 -0.25112062348018394 -0.08733341642278779 -0.07940744611020084 0.08636324250468659 -0.2262704434138009
1 3 0.2383857225682868 0.26836969237604685 -0.32764548421516504 -0.06438997971673621 0.0891457153385038 0.33195501410445527 -0.2353431215932753 0.3632277691407437 -0.05495557110011047 -0.3234947022512147 0.18417408393406182 -0.00030206730542747383 0.12260787309140475 -0.07655303401479649 -0.31456432208157475 -0.07998825800278317 0.16098317319723862 0.1778576178665018 0.18427171825022867 -0.0762770915291979 0.32278717000417934
1 3 0.286976460880662 0.28683332855389826 -0.153329336159273 -0.3134401476304588 0.37300240492318704 -0.10499128188675552 0.49309253471465353 0.1509235025784399 0.41903173037579144 -0.08916383239370844 -0.3203904316707034 0.20219911232803756 -0.14185263407743506 0.24075033532104972 -0.28573389005016653 0.35432914362279616 0.2938665299817953 -0.3558596931818273 -0.10834664235775211 -0.3247308705016935 0.2229705061751729
1 3 -0.0031486837644190144 -0.1560602744126844 0.04344568142017798 -0.20271307954954812 -0.09287094510634443 -0.20040041942324277 -0.5385363325066942 0.22964478009187733 -0.009496645296806838 0.23007094719877544 0.4241883207454523 -0.2973933188800604 0.1704199721351537 -0.47479132341069624 -0.412094729378668 0.17371150804315072 0.29158816254426917 0.3386619973772382 -0.18777032133200702 -0.1850520362598595 -0.024033564713795166
1 3 0.15826296295865175 -0.2596373363052417 0.11489531087659624 -0.0154962939756081 -0.0003211855437778937 -0.14167206251681239 0.5368358271058868 -0.13943572306707253 -0.023951184445512176 -0.01903652401544496 -0.2787977790631324 -0.1403156510916768 0.07348114724589841 -0.021256945740162368 -0.015941037697316737 0.0778615212458404 0.32904334744527425 0.07069771289349966 -0.18048261865155585 -0.015945392247497178 -0.14716511838890242
1 3 -0.023501303064307092 -0.2738480478681191 0.1901545206725827 -0.16284042703575943 0.2735843033812852 0.0448784682741342 -0.24441219166677947 -0.008963251012006948 -0.4471837446230083 -0.026790215860803893 -0.1615810785401512 0.03465521760093429 -0.017285133067045603 0.08662025452114301 0.35674901385671226 0.2120525743427729 0.29743320365927317 0.07728544425974003 0.47398338511328914 0.15504823807781434 -0.11196847980397547
1 3 -0.14298237819699303 -0.16171783829567615 0.19578213384488344 8.648691353082924e-11 1.1028287328183442e-13 -0.3501825968853248 0.009755678017099591 -1.0026343502483932e-11 -3.489809423100725e-07 -4.293848699500656e-06 -0.18381489664120573 0.20364544064737466 -0.021759388336601203 -5.197779530786128e-06 1.32314240971542e-16 -0.31683244593474086 -0.23298726301609166 -0.1542789247487784 0.07146433017483149 -0.0003193072170329112 -0.08996510448486172
1 3 1.486002850453639e-26 -2.641977258886839e-05 -8.425009536630481e-15 9.242253730341703e-28 5.292564666745878e-06 -1.8806961120789756e-24 -3.8477087120979984e-05 -5.7827851033691644e-08 1.7403559426150966e-25 -7.916417275738555e-18 2.089776980071441e-22 1.7652867382606278e-27 7.760960960048276e-08 -7.903158327544333e-05 -2.098291886698614e-06 1.5227664608624445e-08 3.8878592651997827e-29 -5.892118671722684e-06 -5.066570880996443e-28 8.756973623376937e-06 -0.3581951645771997
1 3 0.13131111578516558 -0.23184528863679307 0.43251901133536386 0.4021211399207255 0.25128093050991884 0.2678369804204408 0.4527028770515728 -0.18676938760792583 0.3367120072058825 0.21924386048181382 -0.2932075445027385 -0.2660617169023634 0.09855918134606093 -0.17471462473186153 -0.23666701380327274 -0.10794151883141631 0.29420258733500626 0.22580826861736678 0.20746841684320616 -0.2449589619670201 0.1657737763280305
1 3 -0.2935521343462087 -0.23439447883923245 -0.16601313715537475 0.22411745616748535 0.3003394939775531 0.3241378206236732 0.18632184525996945 0.08224785148464382 -0.42156802703552837 0.2548624393018144 0.08706494993796668 -0.5372484203299146 0.2493243299648374 0.45093764141643067 0.5611752992210003 0.05900480330882396 0.3400547970714214 0.19091186482668174 -0.2265751384728463 -0.3433793821583502 -0.053923939769908946
1 3 0.3310852921748988 0.21655101427902176 -0.05344227262807174 -0.2248688453535271 -0.19380962089290069 -0.03765204946550865 0.6175603624670364 0.16208806118507443 0.0995569765282931 0.45669580027601564 0.1781284895296794 -0.2762833737399867 -0.31524791921417594 0.34230255318904335 -0.28965947776743234 0.2515496141950598 -0.11975453454298647 0.41853155819728766 -0.06346693466932767 -0.11285867029929093 -0.36083468936530605
1 4 0.3879725666965583 0.3795869550705344 0.11971456055558391 0.26210354552208187 0.17922705070336767 0.27253104996751304 0.024704291591297944 0.18245820426164988 -0.09770432648442345 -0.4488813639355795 0.17046213012891542 0.438098500656321 0.028431750578060074 -0.2251850579710726 -0.08130635902357955 0.2408407924395177 0.00027072077364579907 -0.10155914484278133 0.3153103199376644 0.21743383581825157 -0.2942915343499911
1 4 0.3297573124113546 0.25513895454607155 0.3038979535987654 0.29867683849487225 -0.5251154932366651 0.3789753335796748 0.30365976052867333 0.3922249004091148 0.10792235147693559 -0.6641091996855799 -0.3609700974942818 0.4205121147570944 0.22159959442292027 -0.38866309211108163 -0.6236883192768385 -0.32335424112383043 9.158442448881877e-06 -0.01560640998652183 -0.2597539265693877 0.173973668465209 -0.15771187986021318
1 4 8.584483913558817e-11 5.6289716435419945e-25 0.0004066368021615319 3.580608988414645e-27 -4.066242038222115e-09 2.723203601671043e-29 -3.0550675568286606e-06 -1.4449509831038417e-08 2.4721678139575824e-06 -4.284642703459002e-06 2.728631595839717e-27 -2.0812199564308814e-05 -3.786037965660182e-05 9.401533701134352e-14 -0.0003221322398909263 -1.922478942883543e-11 -4.918231725822332e-05 4.3893662189696463e-13 8.09612258230925e-22 -6.343948405530323e-29 -0.3581467724566279
1 4 -0.2798749172284551 0.10364890940660167 0.016208793515458685 0.3674096971685505 -0.009301126382508988 -0.2752571386065812 -0.24881817987682442 0.16031673610548758 0.2989182099581217 -0.2986444931626795 0.34738275887167347 0.36801842572197224 0.059026153908292404 0.06090530937685927 0.3092050359934784 0.1351281960956792 -0.00014230551149778292 0.0626566905108866 -0.021752608056879473 -0.26458447342370156 0.41039455034365446
1 4 0.24123441825910227 -0.5926044921121733 0.12027760297299682 -0.32592530451819474 -0.04344781713172251 -0.4590032808385268 -0.1084013060036976 0.33356287409162033 -0.4973768454773748 -0.008666856508837058 -0.33765047617118854 -0.27897030832502717 0.7364206302271789 0.1940459924689811 -0.12197323607084584 0.20709588754520267 -8.791272163492687e-07 -0.0764032605715885 -0.2678121165541352 0.06568805551941766 0.3574500703231803
1 4 0.4429041282303481 -0.3315440098972104 -0.008251598161672756 -0.27439662812793825 0.3182998904442675 -0.1647253254073458 -0.13133677133131214 0.10078460117041387 -0.0498799672845776 0.5693688684335726 0.3421786385936565 0.40808605067677495 0.3670058805065994 0.46612424540439895 -0.07400584336962984 -0.19135297435403148 -7.436017641779704e-09 -0.14455532311697034 0.03078342845051797 -0.25732805513399876 -0.2211699501627336
1 4 0.03275129064753131 0.24613806263854593 -0.23221539457074003 -0.25261208716716466 -0.31167288728874115 0.3978304595491875 0.22381600437472982 -0.19456454067907686 -0.020859483313160194 -0.04920542605323384 0.33986365721836365 0.3322496902458014 -0.4007549109989381 0.015348668733703497 -0.2478535190840531 0.20721681071104156 -1.2079936407789684e-21 0.06345223330802816 0.12148164010932701 0.4021697410372593 0.15205742145197854
1 4 -0.4084712177565163 -0.017613721727874166 -0.08091895843819084 0.3533009539250851 -0.05805556283065615 0.18335022420798017 -0.18695731689414363 -0.41256220631271084 0.474032579239574 -0.21605662507772766 0.03025363269232065 0.1838379804607527 -0.04211833169746281 -0.10640796061298703 -0.20850206119425108 -0.3740491669638393 -4.6690403032408656e-06 -0.052202260660076674 0.41453680588039415 0.5312483147695247 0.32568557931248626
1 4 0.14517742567687345 -0.05554369401190869 0.1018352984129377 0.41051067215121906 -0.23293321261303218 -0.030614050960576396 -0.2260792638884995 0.36409240138854027 0.011909197281277883 0.0981342422331289 0.343419442955092 9.216428407224098e-05 0.27888794056635297 -0.2524193005905589 0.0865991693072896 -0.17575221668558338 2.3059008604809553e-08 0.08018815201232586 -0.11186204447775497 -0.09464576975033859 0.3091031139489545
1 4 0.4366671561661139 -0.4489825237916013 -0.17202806146991775 0.04180942014472637 0.5447125993190669 -0.5486335244550857 0.026658245917022615 0.28950710223434156 0.06678452249014498 0.31306169766653114 -0.002277098108732754 -0.25943893335176843 0.03804349658598146 0.049168593814625135 0.21759596722438093 0.23255614723840254 -2.1820989797137092e-05 -0.32401583817758167 0.20043054768365529 -0.1660644150274232 0.3494005813341489
1 4 -0.29490912729869817 0.06064528284748497 0.2774101431798036 0.08824834753086916 0.047947725899594035 0.1028333194750398 -0.1981548677850932 -0.2268048007146555 -0.22307697851954245 -0.17237935677180372 0.21043460080314283 0.10756200738750778 0.21677813347842578 0.0624159599041632 -0.2981991041679014 -2.0083936928854356e-23 -2.4523095236633396e-07 -0.3063439353822811 0.12246038707236555 -0.11400293641498868 0.10707230682037788
1 4 0.16565015901063238 -0.2696657741479683 -0.3683526304053798 0.006623102238161923 0.31746112623024453 -0.4459975693687417 -0.3759668866312468 -0.20916007797279268 0.12795003714928563 -1.8515009631293432e-09 0.11886570958819957 0.0573508537688702 -0.35752256576110875 -9.38960135881669e-21 0.09720792959584204 -3.36247799204552e-18 -3.1846760363082196e-05 0.21043871501720057 0.2888737297098454 -0.03705056128047955 -0.2968898265911402
1 4 0.031315238714594296 -0.40430613743238514 0.29380165497205263 -0.32295454751551755 0.33919001254890735 -0.4435391154605462 0.4010871870737858 0.5305973700794542 0.08914818413712662 -0.03656045875190593 0.10998902982674211 -0.1269206592498986 0.20934378512822918 0.5654101654681961 0.3691476148381574 -0.2631349064232987 -3.6978094207674405e-06 -0.3008082465333606 -0.12304352298784751 -0.16133559279649673 0.08890026356306846
1 4 -0.0006161781408440548 -4.426276240881283e-11 0.0002859854052581539 -3.489933983704881e-13 8.57371405793824e-09 -4.672245571982227e-21 -2.8295152983162676e-07 1.800018529233232e-11 -2.6495419951605822e-17 -0.0005536622089560652 -4.371543906211102e-21 -7.013758271080085e-08 4.969170992051998e-19 -1.1285853504707634e-18 8.634961516816514e-09 -5.784040000194252e-10 0.00013212565317330938 -1.1792933067197982e-23 1.1680072307504382e-06 -5.850630546489528e-09 -0.15718590760866624
1 4 -0.2498911201225773 -0.19758415753677736 -0.33424822016910344 0.3549836155996901 -0.37689653142868246 -1.337034539275731e-11 0.08016827331191714 -0.0447773214718861 -0.1374507054023235 0.3660189140336592 -0.12692107116296905 -0.11029455058055292 0.045503443773605844 0.014864013655297005 -0.04891271250278272 -5.334610961416216e-05 -0.0002358272297880191 -0.04204762797468921 0.3207410523780035 -0.5234267477015874 -0.026046020350757624
1 4 -0.16499826326970105 -0.11773833034629083 -0.052231988374362284 0.1970335017217102 -0.13814686280590835 0.47401629185694316 -0.09282174519116694 -0.19446819659792441 0.3038619053448655 -0.15752500978554995 0.30987657359068016 -0.0495781882541561 -0.015734028786997967 -0.4129673434113023 -0.36221448316099625 -0.27292093802229245 4.876808199347485e-05 0.1731653877529842 -0.11262284688746492 0.3408104702636805 0.305607191785888
1 4 -3.100779356025528e-05 -1.621600740750504e-28 1.0503538726337556e-10 -3.458484162495333e-08 5.501553505618564e-06 6.438341557523954e-07 -0.00034855460736460793 -8.481594740697013e-06 5.169866555619196e-13 8.756389062839916e-07 -1.6959028767693372e-12 -8.411972369910141e-14 -0.0002499323106382174 -0.0002876586023027864 1.5329522742745872e-24 -2.509896913586981e-24 6.516133193193172e-06 -9.000175338245224e-08 -5.989296479741685e-07 -1.7054958666798316e-23 -0.1489079274665318
1 4 0.02295817664722915 -0.366444420069543 -0.26799827789334146 0.23028410506083805 -0.22823536305814582 -0.09687568838416298 0.3564194254725646 0.07054874788437682 0.28026967152812066 -0.0426431521669586 0.002538579813561151 -0.1315840672769405 -0.18020947505094384 4.239797040955597e-27 -8.495814731400704e-10 -5.564703841117575e-23 7.852029824874766e-12 -0.3442924390912062 -0.1958567797868844 0.18953766463403712 -0.1711826464107004
1 4 0.24275453459898463 -0.4237968881247618 0.5038743667274665 0.05086213486273973 0.06602680115098411 -0.11943897480322362 0.07599256569530122 -0.08245471135177597 -0.393654465718709 0.1182731790035748 0.11565623441480503 -0.11127996242608797 0.4638049292817559 0.43016456624192045 -0.21041268836460222 -0.00739158035807913 7.647963065676944e-05 0.1045524589555503 -0.13389825190186588 -0.2186279606081678 -0.05730163824692232
1 4 0.49337861603763017 0.09315282770480962 0.2681354802516166 0.2645186496938615 -0.40913354928607093 -0.49705850168326854 -0.2514885165629472 -0.2771976674327887 0.3144476949055469 0.14132314575576738 0.31931148197135656 0.4978196989220447 0.1560851497174363 -0.20048975334916833 0.1158412631692216 0.2369247055056047 -1.0956966879304654e-09 0.31823809674236064 -0.24022157827467575 0.2525193586175144 -0.05199197554067419
1 5 -0.32857499349435254 -0.4388994340925127 5.991884209213185e-12 -0.06833762939781414 -0.030441457427303698 0.027884027465693243 0.23374611526560982 -0.04887625253306053 0.18006826563314793 -0.1758163658414127 0.3730890772230413 -0.03523112914273654 -0.5744258027297403 1.5916009642627898e-05 0.2104325473852604 0.3289056926650239 2.0592950204017295e-05 -0.6316445374679323 -0.6370145417043045 -0.28461495045626833 -0.0008389611043080712
1 5 0.10856319147945538 -0.18926837280782313 -1.9051087642315484e-30 -0.12283735904365943 0.5799796603447042 0.21314271852676464 -0.03711609882520687 0.031985979358416634 -0.3179719565742194 -0.3661651019576296 0.2806429335086613 0.050212179800872676 0.04370857669839774 -2.406181303481592e-13 0.30621050944860667 0.1057291003398376 -9.488732484293946e-23 -0.15168552056885617 0.12277721857673975 0.18811670506748968 -0.033972345104255695
1 5 0.43175407784758013 0.3317914059575146 2.0636491736762365e-09 -0.08374894798525931 -0.46707096011076793 -0.4159812538139651 -0.1800034616306503 -0.31646457621481905 -0.10427356060236158 0.04185465653100678 0.11868787708615905 0.03125272305620143 -0.2353785129659895 -4.969155638990677e-06 0.23704641006511198 0.24433226579131917 9.820421027552048e-09 -0.22796522408286643 -0.12943904926334807 -0.3248207799973319 0.2427321309304538
1 5 0.18078169131909658 0.1596975960591086 8.111555055686432e-05 -0.02290398292413628 -0.10703330778013785 -0.26057890302169456 0.15949157046694387 0.1644608523194614 0.08452780740491361 -0.07543433701494244 0.16165864234619629 -0.15638318753643818 0.02751559025695133 -1.852936501853094e-05 0.4832808153832619 0.1173624837114944 -1.4253024609407844e-19 -0.6012750881906425 -0.04861540291791764 0.13344394059941753 -0.09598917410265423
1 5 0.3425744373939537 -0.2653836356115899 -4.261911061430044e-11 -0.00279833616328991 -0.11341830487457068 0.06682478660163602 0.07760656060450241 0.30289524472069096 -0.22924565190463234 0.029813508914234895 0.13210826238909804 0.1143597422157187 -0.2258246205646651 -8.170939088793554e-05 0.13080095769995007 -0.1380395125323692 0.0003386498254014115 -0.04246183472671015 -0.07866657751637689 0.004502147384160194 -0.19581507433740733
1 5 -0.0769110880612281 -0.21069798753843158 3.667566102712191e-06 -0.32766936001766905 0.32660868370917595 -0.09999662771891576 -0.060257322331290386 -0.27837152574608337 0.07432614167502302 0.3192519778446117 0.10185004801766119 -8.361616467802232e-07 0.29113655456700116 0.00031045225740745935 -0.06571807093979892 -0.31669859379613585 -1.360756189683344e-28 0.20348838299188035 0.5694312705056352 0.11940793524848368 -0.1610433872377717
1 5 0.3111800466863397 0.12947617246336482 -1.388406607924215e-20 0.11904998315225684 0.027076258785530046 0.3477050565079821 -0.021991116309714547 -0.2115380634555693 -0.1845701414491298 0.09545411033288949 0.31883754490541916 0.009125455627281632 0.00846474704720379 3.0508526684896087e-10 0.09236226095728119 0.030026803539855273 3.5526279801318365e-13 0.5878691713146633 0.19395464818254973 0.16785158650389012 0.30967276241434927
1 5 0.3945662221026853 0.3877908363100146 -1.8667003375674876e-06 0.28689484446281893 -0.11881482562665259 -0.0621140637967035 0.08910483305341736 -0.015667706438352656 -0.07325159384427818 -0.04779223996451782 -0.3538029888480496 -0.3141807468220418 0.13830357767708829 6.386885457798603e-05 0.09959790819993412 -0.11332773060802892 -1.763609669649533e-26 -0.4148351234842173 -0.19964852836136077 -0.05977713154299508 0.27482948338991803
1 5 0.006332815905560072 -0.003372998286972843 1.4960734203587612e-24 -0.033850069057963 0.03902165286101871 -0.1360447246076533 0.09207436379399624 -0.0176740700600495 -0.07118757385862015 0.046623887890743336 1.234752138484102e-05 -2.8057698720026087e-27 0.2730218418399138 -6.275588135733721e-25 -0.10361044318968844 -0.1287849747471726 7.098208860589663e-25 -0.08796048686306751 -0.02791706237654855 0.05186562321602726 -0.24241354564907808
1 5 -0.06952994689264261 0.3517944203619441 -6.663494778448044e-09 -0.19096414831271602 -0.16987003082894103 0.16521528438971503 0.18039456577684776 -0.24991323952836608 -0.3654536501980324 -0.020053115118318837 -0.3685177076379623 -0.004264554199741537 -0.6506105172448514 6.785330884961127e-05 -0.07259529360651416 0.3819291630444678 0.0002752314952662886 -0.3389529207231566 -0.4045068849124841 0.4116188523404446 0.15928588937732702
1 5 0.24347836322903815 -0.20560295825408784 -2.1433417059371025e-06 0.18844644587217288 0.3586367994400639 0.4681314190990573 0.16237006833914688 -0.4301002867441864 0.031735687372554236 -0.19311463218386063 -0.22847983958282495 -0.2823172794440457 0.41126574420996603 1.801582080459064e-08 -0.497987293555703 -0.3396237345179504 8.634981124708135e-07 0.6784593384819915 -0.20459994034246146 -0.07931497926754279 0.3333009072389498
1 5 0.4130098085328908 0.16443172980067283 -4.3637976810963195e-06 -0.33457209097450874 0.16775854163113973 -0.5050338209371097 0.09858278193393785 0.26265848997970626 -0.006925107938730052 -0.43191610962715477 -0.33289308915033333 -0.1674199292275664 -0.40261194976400977 2.8620489969313874e-19 0.4781652964154999 0.15840528556309347 0.00011454631669261569 -0.30289336555599633 -0.09233276338926634 -0.02723120961334948 0.3428594557760347
1 5 -0.3484928900256859 0.2987417880637311 -3.591432723918888e-28 -0.34567014098239757 0.14714960601653748 -0.06223453289560615 0.25870406604719787 0.3673892452740031 -0.1827256923573372 0.3112229958006449 -0.17375511087868342 1.1066663008726424e-05 0.16060465029977283 3.3270942007738065e-06 -0.1153500233893122 -0.05556256686975786 -8.901335891901014e-31 -0.10211750948909032 -0.3282910246469654 -0.33479978678592043 0.037203029262695544
1 5 -0.21462851357994808 0.15735735703898648 5.198142359609444e-27 0.30457764521380687 -0.027919278011441066 0.04500944464940272 -0.11389300566620357 -0.14782477829190163 0.23778522996241705 -0.3842959887897339 0.07093346929618201 -0.03434698602396264 -0.24378696835011315 -3.364904435410696e-10 -0.2051989934081893 -0.2778122158572969 2.8564772533500586e-10 -0.23422941406279496 -0.30858309958996144 -0.016659090470128264 0.3765384658759088
1 5 -0.39480014224599164 -0.2733092407235181 -6.204553660479375e-12 0.2554087365174973 0.39787698895607165 0.3242148597519606 -0.36312819508179106 -0.35314724109036666 0.39593464123956973 -0.11730802747952201 -0.1451728382762089 0.34999425797529315 0.3397630310291713 -4.990530887966294e-11 -0.069329018166424 -0.08093159751309617 -0.00012336801450896367 0.15573094267478835 0.282715580389775 0.04685074510016559 0.3017478459711914
1 5 -0.19652077834614026 -0.44843056403137127 -0.00038812953431841387 0.3214514579496318 -0.24937589585895067 -0.20942513354722006 0.15700241730927617 -0.25039339818489803 -0.13119351720072636 -0.11313324416107544 -0.3432411590195038 0.27510628325487346 0.12867157419518005 0.0004073580600083157 0.006355364544195781 -0.12041838670667933 1.9590318410356154e-05 0.2834825627583347 0.06385486100730957 -0.07886360979354855 0.35534168083251194
1 5 0.1160903500427062 -0.4820627790094819 1.9475454464967366e-22 0.006319672473626821 -0.11972248760381808 0.3774903073490949 -0.044924831253858 0.14828002442588528 -0.04063711107091495 -0.05641251288121374 0.2901766438399235 0.1962454551833784 -0.2898048344241683 2.621083528393236e-06 -0.30666272539554895 -0.11982043602292318 -6.5747867606568e-07 -0.30398327011519 0.18273367123658787 -0.11944301676708156 0.10056832676336146
1 5 0.3807902904748027 -0.2715468282775044 -2.744452218861684e-16 0.10882808758092277 -0.17015216631238328 0.20916432937725296 0.28621893130215553 0.2706188436738166 -0.11160776348210286 0.07851184561418979 -0.11642810731881645 0.3058820688926872 -0.6216745470294772 -7.918786195831752e-05 0.3081207199543355 -0.1830623891234617 4.5840574727091867e-14 -0.029657048622021672 -0.12328688758206194 0.40732860076806 -0.28354747127849206
1 5 -0.0470211720696694 0.40686203249498837 1.5115790042713025e-14 0.26479221606373265 0.3603807259642569 -0.44784233158950326 0.03887480508503979 0.09680158547640631 -0.024474358279902186 -0.381827370634514 -0.2641658241767979 -0.22263088758968536 -0.3303697441014112 -1.463138121559426e-06 -0.23555309004676758 0.09837170444231393 -1.0460372825263155e-07 0.06232076644148588 0.007415342067677017 -0.3243721747950304 0.38266482664290286
1 5 0.3344936407745126 0.10910184211881799 -2.4422832780909007e-13 -0.018123164513922187 0.5704482021636377 -0.21133744614288325 -0.173456784557037 -0.33759458805029646 -0.0002888918592404991 -0.004012349574837533 -0.47280862460977685 0.04768949929228933 -0.1655698321371519 0.0004724984655596747 0.18462882810156522 -0.24693171205421705 1.5794777799174538e-09 0.013876136826065815 -0.19624685444363657 0.3285836558898408 0.01783061312534594
1 6 -0.2540448296317873 0.5121489812544328 -0.6794426302703628 -0.40483321351783746 0.29345035791668056 -0.5635610703500816 0.5137989512320984 -0.36544771181263314 0.25177560601042465 -0.20238569221432476 0.08308210070362392 -0.5688279648666109 0.3492641253866035 -0.43476744356466746 0.5300083603051585 0.10009540240312201 0.43181606691499547 -0.5464443463771004 -0.4296862038233786 0.31739953115616226 0.10603297085672775
2 2 -0.07668574648399679 0.10303528326080276 -0.22190972266599202 -0.5297691643832014 0.22725541515471037 0.22466983614480085 -0.2137439310902317 -0.27285189560916623 0.3012201401328637
2 2 -0.28981917893860193 0.21591188431566324 0.08807300316682375 -0.07661026284154807 0.23229607170051517 -0.0017364447676853345 -0.30059299549564983 -0.5362489889549864 0.35795397183915617
2 2 0.028862828711453962 -0.033104503930590556 -0.05133336576606528 -0.498899163764205 0.24864694189434686 0.26108227275499246 -0.11464147158437583 0.3701884813130293 0.28777578645483226
2 2 -0.3515803521507309 -0.039009820826042686 -0.22513745815170522 -0.24889725877263635 0.1355891127765883 -0.33748196435713435 -0.2117077503557013 -0.5239809432636711 -0.4274862603047369
2 2 -0.4099499033134195 0.16569446870067558 0.14180213457977153 -0.5376490307385453 -0.35417101447067306 0.17148201450343528 -0.015288998938706595 0.2771152950597028 0.2506289802626125
2 2 0.2015809294438431 -0.2151802263681057 -0.07446118411489151 -0.09791068712297704 -0.326464651486026 0.14980364967847204 -0.4028465352930718 -0.3533028998178221 -0.13166672906509483
2 2 -0.15296647619580103 -0.3631362953650069 -0.15973244284925225 -0.029215666318445695 -0.4289483403921588 -0.4261384726853866 -0.2327419552594274 -0.16902421753371336 0.11804098110074777
2 2 -0.09554076903383318 -0.07768528080765115 -0.4180257197296833 0.21554943969446147 -0.04101725582168727 -0.24971018255998792 0.11346755438186513 0.27055896328588686 0.44911373261781457
2 2 0.32528923629947815 0.3378623135419614 0.1708128034250218 0.1874244264756133 0.5971174825766999 -0.1221859409510415 -0.5174802487970721 0.2070097951741312 0.36302491524372893
2 2 0.35198225380728104 0.2571437821927548 -0.12840434248840055 0.15453928359779534 0.03625503639095854 -0.4455450002489365 0.24931544557564167 -0.44902813052108936 0.1410869221659808
2 2 0.3542326280181769 0.17188081045268874 -0.4110663244172935 -0.10917196752135581 0.1280760829256373 0.34758278922362046 -0.49447295202369446 0.07760669494029088 -0.3549356118307342
2 2 0.06748346254576472 0.059125248693474755 0.22558001339251316 -0.23860878383982495 -0.3541143295490558 -0.33933995992343385 -0.3378339943829936 0.2329241104639483 0.41611027468039125
2 2 0.11023784083193024 -0.31175107627316573 0.5785087186325121 -0.5312904516661778 0.4329424871484671 0.34928500710522614 -0.32657045820798175 -0.2601060112782607 -0.11529043547427688
2 2 0.2987152894760448 0.023830855464005804 0.2691555502228841 -0.12202663002155313 0.6241657971782582 -0.09011529643212716 0.4493268306361248 -0.6200262326836763 -0.29935032708064196
2 2 -0.2607165303356124 -0.25455723800186353 0.3859475584380715 0.6958357163715928 0.1105011048418437 -0.31615828950000396 0.2634253482621163 0.23141439736501912 -0.10948333162866819
2 2 -0.2524695948414819 -0.2986406242986393 0.33066183098316493 -0.010696205144508189 0.06721403736980976 -0.43056105624325935 -0.4882050585980943 -0.12574932813312478 0.19244528828896626
2 2 0.32705266038037284 0.15569084013940454 -0.555816887634466 0.2884386729094673 -0.0868354615907522 -0.3586434759476426 -0.29579047830177974 0.0857368686035731 -0.1613360461620376
2 2 -0.03425095557767511 -0.11983009677678826 0.2000009882663735 -0.1113705398004641 0.2855103001882855 0.1947654085520231 -0.39925835510508995 0.16436847804836047 0.4815994908826496
2 2 0.3233065305963783 0.1955852373029222 0.2548501766373101 -0.01651831739027744 0.2909090212937545 -0.3541989314896118 0.12022477501449286 0.27104307399944677 0.16082429231684567
2 2 0.45398736296904446 0.28785661740614077 -0.3102314751471364 -0.3512147383789888 0.13232363736574282 -0.06544476805081964 0.009505908417938082 -0.0682196087513176 0.5914222999934817
2 3 -0.09617293273715961 -0.18417732662968347 -0.16312198975869824 -0.1733038088697452 0.009592589318315501 -0.3498871788613883 0.2541002970291789 0.31074312665306875 -0.43212362578702335 -0.4321682656291677 0.33927316808101216 0.12491136041098959 0.09446417018696472 0.13649318973181288 -0.08072770492370065 0.28958317556373003 0.19089694119154116 0.08997205916211658 0.30245297219752987 0.2174842825564801 0.22428075079428916
2 3 0.36076362344410945 -0.19368891767172344 -0.17981699338027093 -0.30168015699521694 0.3190578933827979 -0.16273463243841998 -0.11653669471593514 0.05444946444052766 0.05392216872398131 -0.34849347546571807 -0.20221296036361858 -0.09396575075741144 0.20104108443527088 -0.3809569214045146 -0.4496961411049686 0.07579058996842916 0.010888592576036134 -0.06568120760803385 0.4802469067547685 0.47502561320109354 0.3577561971052779
2 3 -0.0749910532152931 0.336167988801435 0.1615773499526733 -0.13340241552289783 0.28457269684077413 -0.191153127673006 0.05516098755959117 -0.15656325921382183 -0.4441712331039107 0.2412239553652298 0.35076421289003545 -0.07156082766654219 -0.4825002667879169 -0.17683410723598972 0.08561953666866316 -0.21400709814365304 -0.2588284724806982 0.24844940793039166 0.1341329421223236 0.3193710170409382 -0.05799089917664781
2 3 -0.32566771996103644 -0.36266014675014707 -0.24186963928217306 -0.3823399771446505 0.056807233205591 -0.07744580405269358 0.3553299527609537 0.23807541198405485 0.17455333850535212 -0.4604863086041665 0.11569469438261408 0.06687337678922907 -0.3128431661437944 0.03641744129395869 -0.06386830765693251 -0.10085814685441485 0.5285802608361464 -0.0739026824209286 0.49984981287542873 0.19931447718282508 0.28944914902140956
2 3 0.29855042278738747 0.04393527101535599 -0.2677442403585223 0.13890625702388018 0.05604388605880699 0.3833523817589179 -0.07463875398038457 -0.32564775860848777 -0.14820785783456597 0.20380015745596627 0.3184848454403434 0.20088050375200586 -0.02680966815978848 -0.1346627906460957 0.21422427392531793 -0.00854041486871205 0.2519088884890401 0.39439610768028366 0.09388610922083164 -0.127036062872455 0.1510610079748788
2 3 -0.16416682310349248 0.43245294271879114 -0.09846995972532253 -0.05789547206927483 -0.36198424578775534 0.21004691010639367 -0.40661041158928807 0.1751832923994469 -0.08899281786796986 -0.09329357693799772 0.20928913592596615 -0.029614473504781958 0.14830733196294535 -0.11929244560955951 0.22563979338552356 0.10245066750728091 -0.13476356187662528 -0.22673738915110667 -0.0024787564703494316 0.12217395417498902 0.09666294275359377
2 3 0.05468418415323564 0.26767999573749796 -0.3418474215191782 0.47281501114584845 0.19631721418728076 0.26189956144685284 0.35414869237984486 0.2896914347026785 0.06163816505280079 0.423894736438816 0.10226054326438994 -0.2965638970123736 -0.0883326811725763 0.18863801868120958 -0.7044683610571957 -0.2040033320681806 -0.33219768780355313 -0.5275173303566423 -0.4147575481038008 -0.3577784118645104 -0.22370334451764243
2 3 0.3956202211927536 -0.20763369385935 0.25057257149881274 -0.2093013627640726 0.453445351221098 0.21965577279220888 0.34164629749294256 -0.17921547554900608 0.12259083200267779 0.2672591236955002 0.34768347601508554 -0.16836017131581774 0.23476976479042924 -0.024765426288452713 0.22260389841993647 0.4244899265217368 0.1860874784408366 0.06029380219039372 -0.20979858811334964 0.13852184409819457 -0.2084487326377311
2 3 0.41803516771336974 0.11035623373446166 -0.39091336088117723 -0.10159874550003181 -0.40111920426798225 -0.023452877482937257 0.23509208725805847 0.31677896978699843 -0.5272294270604435 -0.024396660840141426 -0.35548720302557324 0.3725136584576498 -0.0744819602248852 -0.4239071812249161 -0.042334836450916936 0.15700996847973012 0.06961720788459638 -0.09788873088382956 -0.2746584494379003 0.41487971863644446 -0.13599998510763328
2 3 0.231796158147958 0.045209490658451264 -0.009281445489273479 0.0156713339181548 0.37076327862384867 0.2787172847798401 -0.12868607166670296 0.2831524195081395 0.35594812490813804 -0.08503780002310958 0.048601962372662115 -0.27602794987867985 0.01942270860278634 0.5631878809504706 0.09298300385456158 -0.10067052551227912 0.24320602178422868 0.37663105180010475 -0.1494548242833078 -0.4923770145184556 -0.3982913022016392
2 3 0.033949861182038764 0.419214152929196 0.04823455700562053 -0.33333932580493664 -0.24842675459785962 -0.2714456443410236 -0.2416792806259965 0.08699176035654904 0.15347777991225414 0.23888399999984664 -0.43084277256450254 0.4040227531849317 -0.21484908504032277 0.3287299947336101 0.04732103948624799 0.36701216463463016 -0.14715080201838956 0.07704831715429394 0.5799194139827475 -0.2485268154139785 0.264147303336392
2 3 -0.2581196317660871 0.4372313237625743 -0.33655057074017475 -0.07515291528385216 0.026148578073512264 -0.14812354448903509 0.06425476233341432 0.2798981784828677 -0.5956140839159771 -0.08361382220515866 -0.19156925059302038 0.09637790345122671 -0.3566981498257903 0.18332419002821954 0.09094803262160646 -0.060484400196147 -0.3665555767674721 -0.10257976481974444 0.5699527007192464 0.18663439381686564 -0.07871106866658728
2 3 -0.3261617769064769 0.3282234084755657 0.178267485878917 0.08037463769856316 0.03496655723286592 -0.2928451878873951 0.3905096560299896 0.1004599750304003 -0.5575229095989102 -0.3674680391172476 -0.4346192477746483 -0.12293290456970588 -0.0874716988936482 -0.18402822003294017 0.26118082340428184 0.4014223595005174 0.050748980497699554 0.35410756944576455 -0.17128098850187679 -0.4239861986771109 -0.1350264089240764
2 3 -0.23382188875829005 0.3654276957605074 -0.15693975123133672 0.44043735505452275 0.25781134761816743 0.45383339532855027 0.09392759114149589 -0.1779469107835052 -0.1871755789643117 0.25493994992358715 -0.11306876550395834 -0.19637496370759833 -0.16457673345557833 0.4337343500755598 0.20489790183030604 0.07508067573879044 -0.22128780408116508 -0.3456945670809236 -0.1985085474230332 0.30037724032619223 0.2672537852629519
2 3 0.22008065174050725 -0.05165443339606746 -0.012827537934923255 -0.6494205295143234 0.32972860361437833 -0.03480984627034001 0.1454453044565748 -0.40536777467393226 -0.09236224126130693 -0.5119693693248113 0.4114773941183249 -0.14737459750997248 0.19980893663493116 0.21949665318655723 -0.010606154725847704 -0.0033934665543708126 -0.37508935998174514 0.3398268868746741 0.5004523153611488 -0.12532356401539654 0.028266839164032116
2 3 0.380262919712337 -0.20670727131057579 -0.6075981411891742 0.3795498376329687 -0.3955839709508092 0.20055241092595466 -0.30849619671963174 -0.08191553296139616 0.3189190371570907 -0.08022681061393969 0.2753664508366981 -0.11730763396521818 -0.29353054770681763 0.13737240110224366 -0.28408350307423236 0.07826836288618544 -0.23642330764410419 -0.02685172747182592 -0.30439635030806256 -0.07380813213146624 0.19912095541729133
2 3 0.05161735886411284 0.015363750457536775 0.47507794362585737 0.05868736530111443 0.32187683727037025 -0.09993168638594797 0.018630734730365237 -0.14523926769429923 0.0631710471127238 -0.02257776619504977 -0.028480991959023004 0.025958991245420036 0.29796130887126526 -0.265102530432899 -0.3034330762022677 0.340691004678966 -0.0964903960895292 0.27321246238064717 -0.45963801565679274 -0.153591689068735 -0.10185657518521478
2 3 0.3571093517108175 0.42068666588366127 -0.013155243365476046 0.29594361622028686 -0.4536070994567932 0.050535957352824006 -0.35919209396599905 0.02839249927673558 0.19284009630118393 -0.27631107542703 0.02936250647079026 -0.5059278157406217 -0.3147737655269977 0.18052081144161772 -0.04591185903631181 -0.04349594493408403 0.04832155418109191 0.2948412057786418 -0.023938516029098793 -0.30457814064356215 0.1759420306147724
2 3 0.27665110014140837 -0.004636259467506434 -0.11155870567637934 0.33722986179752706 -0.3241702162862221 -0.004896360633903945 0.006049865648949297 0.42975285175304445 0.17724234882894918 0.0008807669200403334 0.05244105979499074 0.4546328087428583 0.0366922008167707 -0.4450330252483081 -0.1665481692174897 -0.04040591787332386 -0.12453849407691961 0.03178378152217449 0.2695579361589242 0.04953784119193563 0.2478600724651977
2 3 0.3098529855928161 0.2099143696967 0.3868835127831732 -0.5035310535099901 -0.06604192979639545 0.24543431667967383 -0.2618954307899951 0.34426108060354643 -0.31045187765187654 0.3380936863722669 0.25663853605423065 0.5099369201147205 -0.3599492613086499 -0.4302592692403612 -0.06580049249813776 -0.12874632793068644 0.3780391786043703 0.4549615877983143 -0.24347831068696216 0.3644526986597111 -0.07504586995958165
2 4 -6.5314937382032715e-15 1.0823659090400157e-34 -2.099715738364449e-36 1.969942986388835e-05 9.29006117551054e-36 -5.436356769496185e-32 -1.8679132360600104e-07 -3.686097081833508e-12 -3.907077865069622e-09 2.579749361242892e-05 -1.4254040912748816e-32 1.2156947629204952e-06 -8.84895202015618e-16 1.2671546200874532e-31 2.147154487201561e-33 -1.324614916759057e-08 -7.789891721982184e-12 -6.475293469686623e-15 7.502420730226321e-14 -9.762348395383716e-15 -0.2545113952782128
2 4 -0.21559675160672476 0.07066746896903124 -0.13649501013008358 0.11079955727542161 -0.3276471215138174 0.20222959859891068 0.2000164460803394 -0.2958684486959716 0.28799558280090787 0.049669275623897745 -0.31531923527428163 -0.40178856271813684 0.08205224992426517 -0.18063786316222213 -0.229209718646481 0.05922326374149978 -0.0806405396650542 -0.18838295593558563 -0.10970789790165392 -0.36845204259595 0.12476185868799186
2 4 -0.22855342862507494 -0.11706791355387365 -0.23239111561995296 -0.38511928013319136 0.3078268515821527 0.4425535482089365 0.26582319875662747 0.009257066230728736 0.04801112586468554 0.6994538834325832 -0.28136009357533287 -0.48473860933362867 0.16201385987199707 0.5289478220437046 -0.1129827609384149 0.25782279235844613 -0.011096506753736472 -0.08880359735392655 -0.17814536177729662 -0.12357302256644276 -0.006924482782702376
2 4 4.769732124102652e-26 3.5411400798460534e-35 8.37485817066939e-34 2.655273341280994e-38 2.5465136327778023e-38 -6.101092047758619e-25 -2.0002842511614808e-05 -1.376403641701464e-34 -2.709478454788356e-11 1.3621507703249019e-05 3.785603934588228e-30 3.762330686777847e-37 2.2520482677578215e-22 -1.8900717494478242e-06 -6.774579449701036e-06 -2.8112461998181818e-09 3.9897048750165044e-14 -1.0982252903840738e-13 7.000924795765396e-26 -9.166475710129807e-07 -0.1952230014982762
2 4 0.18467775199297568 -0.20813664182117983 0.3191900541508235 -0.1608009580777004 0.42067249733868134 -0.3778175531054527 -0.1806394797878184 0.3200820923588784 0.027844987618759125 0.19858574683422042 -0.2199995180286569 0.35582342728895844 0.2863380573256629 0.031442285991615554 0.013793869449929743 0.15778661561502688 -0.06293802354735165 -0.18089560613460634 -0.1856294871896227 -0.0979982372787108 0.3568083353966502
2 4 -0.2666971969572004 -0.2687502498929094 0.484809014526879 -0.3860769758212162 -0.07967901262524274 0.09473125669067324 -0.358498791454958 0.2773908609788201 0.1724938067196091 -0.5937249937658707 0.385810698823245 0.35250373094288273 -0.4685997637851395 -0.1985990033082982 0.46348299318746855 0.20363929704085923 -0.004041788955501653 -0.09328841833196726 -0.01719235850582551 0.24510990756394788 0.15416944632731203
2 4 0.14743258537887505 -0.17834136893938185 -0.1922807289313764 0.18668070137151113 0.0394012229990926 0.20143725849994215 -0.47367437899039183 0.08192100213022467 -0.1600203780153764 -0.07460371410523187 -0.27828974619505165 0.009390236506318433 -0.11773576114490171 0.048453134448574804 0.0005949130238405676 -0.2047420233417172 -0.5303737166776384 0.4634791771682584 0.21466759279861788 0.234254686877378 0.10072501017615834
2 4 -0.01397173849507927 0.19669576786132104 0.43612027426191424 -0.12852834217675002 0.04211538354204588 -0.047232211753834824 -0.2891829392603002 -0.23162830933051395 0.3429919564827174 -0.045248851346357456 0.15777914060679424 -0.10189078486825774 0.30227322757727126 0.22487213817366675 0.08144459706960007 0.22261239168128544 -0.0049779109956123386 -0.3350523596021616 -0.2648445991415191 0.3257004341904544 0.036320894507358
2 4 0.26284453307365996 0.17534031311369036 4.628493255536348e-37 -0.037807403801180806 -0.011281350459183832 0.27808745031549553 -0.1787499509810433 -0.3632721660819497 -0.22763138947449685 0.3191127240118969 0.06171783244916766 0.06164864503481758 -0.3366823630227645 -0.3390909460754197 0.24613595741228855 -0.09409465010298347 0.12196629868652187 -0.061964703731164174 -0.018233719374231405 -0.39225253576139524 0.14196352149797542
2 4 -0.1855610131681841 -0.16235677359961706 -0.2617458764553682 -0.32812059150935197 0.2908192637963175 0.1891395092461844 0.19187078877163222 -0.31940181111791466 -0.021204697862561496 0.2057838694075017 0.013616087157463295 -0.11028784178472491 0.12651951527889924 0.38059069396733547 -0.3209202902345022 -0.045522887722782235 0.20908922248301817 0.12646270644629584 0.14292355225170472 -0.20690024155186879 0.08522449046188489
2 4 1.14940808384202e-09 -2.85417039142931e-10 2.594629253783709e-26 1.313124001921674e-26 -1.837632407424064e-09 -1.5585928350549053e-05 -5.655382352739904e-34 2.0015916466246194e-36 -1.2646939299604905e-18 -1.1500965831404307e-06 -1.1042193584645356e-35 -6.96600384362077e-06 -1.6015048730750375e-32 2.3930219702269364e-05 -6.4098897593717365e-22 1.0884352998621956e-16 -2.5111767497197076e-08 5.957040845999484e-29 1.3967709177063901e-05 -4.678771180663076e-10 -0.36409324138820925
2 4 0.20028171391350694 0.250535887042766 0.35590214473754833 0.1836070162747373 0.3760342786773615 -0.19454331492790986 -0.17002508780207587 0.32445682584391866 0.43361603501672696 -0.3598429430998175 0.3087266302410851 -0.4001486543078597 0.40053958508244125 0.3467417724845607 -0.29832165694339174 -0.24563822948227443 0.4693866171227235 -0.15867763606015128 0.24193472526533558 0.43143119617832587 -0.07357750054231671
2 4 -0.09630396697518327 -0.00040594551261289295 0.00023798492987486553 -0.06112574697740544 -0.17548326178719528 -0.016116861904344144 -2.2853721580238184e-05 0.1491336044480318 0.17480357682714745 6.750084524579956e-08 -0.034717927655499366 -9.819645017497536e-05 0.17868614234293836 0.08066048569168698 -4.3599710944888626e-09 4.202403842696036e-05 -0.0027964687426943326 1.4467188054716136e-05 -0.11629031806966504 -0.0020599240084217324 -0.2602731055833245
2 4 0.385299887903703 -0.012588421385414729 -0.1893455480903192 0.3398164016562484 -0.1317020285116997 -0.43137814266221053 -0.01723464095775775 -0.3103864092501844 -0.007412050487882673 0.36357014365277684 0.12820804899189017 0.3313142883397165 -0.42925101233131885 -0.14094995976688754 -0.27333675521724216 -0.31208852060251957 -0.2958038482200588 -0.41308475283915724 0.3831486428193191 -0.026745325692162973 0.2913642678913735
2 4 -0.19184693782888695 -0.5212310463303801 -0.27695339924572193 0.3941194061309469 0.36501708137399447 0.5224157446341342 0.34801692457085437 0.3281820281400727 0.09604803681262716 -0.145545799628582 -0.2880687991749284 0.253101111040055 0.12535334567255144 0.24081142509257045 -0.06268207162899636 0.4660992485359688 0.10728344737725277 0.42273329504128576 -0.1342850416263455 -0.13323648394924856 -0.16385440519262987
2 4 0.04632903280608221 0.20030738518477964 0.016430784384239488 0.1549341498544278 -0.23557650508092598 0.24569549828175988 -0.46709690087952416 -0.2583772883188508 0.09333804187608924 -0.34865681376473895 0.4307652795869391 -0.029251286206765172 -0.2765815368655084 -0.05097024966577528 0.27202019809513384 0.07015838628168458 0.25104834127859993 -0.47635286850103514 -0.2294805372416345 0.26316006853037605 0.1760520579243134
2 4 9.476535651545945e-11 -1.3618239911841428e-06 4.780052774507397e-07 -1.3448967358993503e-05 -1.3867597661916613e-30 8.367964512856837e-06 -1.70469649049161e-11 -1.7452949469548254e-19 -1.6870183950500897e-10 8.121911737853116e-30 -9.740569368660302e-07 1.949467324217381e-10 2.3511581400351713e-27 5.677968268768505e-08 7.173618454716788e-31 -1.7393631890654684e-27 1.0832448985668586e-30 -5.033008286790167e-37 -8.924063348659226e-06 -1.458814970823544e-38 -0.2087521034246877
2 4 -0.010011293245742866 -0.24998150897217158 -0.3107562541720034 -0.6339058255880642 -0.060389997244080305 0.47269007542070074 -0.6095034330172227 -0.14578748576342682 0.029920195109106623 0.07121817115741892 -0.1144552201079123 0.021002714447292663 0.09390611935308664 0.16782904158949888 0.07925969352161155 0.06925608852893804 0.12999219653784105 -0.05449859192676031 -0.2861900909513124 0.106779366812737 0.10813966583989204
2 4 3.858117429790818e-06 3.711380328786898e-35 1.114871317189165e-19 5.068001872606028e-22 -7.977139741275834e-06 7.594681067603265e-10 4.0021475183773797e-13 2.7539556662954967e-07 -2.1580772311358335e-13 -9.325472823803513e-06 -8.845568125065298e-35 -9.030426600360185e-06 -3.4229933577389156e-06 3.158006573511841e-07 7.233157369778946e-11 -3.0797083330167483e-30 -1.2637208445287579e-05 -4.030326133698608e-37 -2.4516230897578574e-05 -5.212191761452156e-07 -0.36145591856369813
2 4 -0.06439292552409634 -0.007683445079488529 0.24162678481478142 -0.2016459023728022 0.3269055388176663 -0.35159436481096884 0.0828718054033999 0.21585110276445832 -0.10600339593137517 0.08809710141501662 -0.037650660079758785 0.7335067776521329 -0.2009149868393488 0.21823232681920787 0.11948540404949244 -0.015897662436014544 0.09525743905780236 0.10326742876397203 0.31295613400851435 0.31544298231413687 0.28747056340796107
2 5 -1.6877055339398992e-05 -9.80112566837544e-10 0.5326956874427939 -1.6907054869258334e-07 0.33391057064348323 -0.4216182532678201 -0.41744793977333633 0.10606220497044347 -0.1630256031911584 -0.05830735087638685 -1.6096272073650734e-09 0.2445823262052882 -0.0125603274146422 -0.21367122565938326 -0.08992942982376098 -0.028738567777178443 9.324534291066004e-13 -0.7587350396349064 -1.9617212445345662e-13 -0.15145353802905237 -0.14328039859187913
2 5 -3.0411347512851095e-16 0.020829749697689415 -0.5979084632767322 4.972084010115532e-10 0.40540487126205743 0.15541490232294894 -0.11496685299575973 0.46522433120257445 -0.09779550351257844 -0.2136174358304025 8.09648979541688e-12 0.30214548016985515 -0.001003947679249276 0.07898723137519388 -0.03271150645312613 -0.2542186614058681 3.441765970131007e-35 0.8489196401173009 -1.5213281222375388e-14 -0.0621995114137648 -0.0013499226646883436
2 5 -1.42181403631273e-07 1.3417758107380636e-07 2.838764100330833e-06 2.2710602048310454e-05 -4.2167440819298214e-08 1.3764902688669695e-06 1.2399701401100005e-26 1.1466487275697317e-06 -7.880654610210726e-09 1.8932174040065494e-13 -3.586236262142619e-24 -1.5050288557189143e-33 1.4380212048351427e-07 -1.302203401597907e-11 5.1849968972939465e-30 1.9930272804067984e-33 1.3361350010014024e-09 9.634615817571808e-06 -1.3392699287196729e-09 -3.750900617746991e-08 -0.29925147143460235
2 5 6.823337402433039e-34 -6.791283031602243e-30 -1.236229202716723e-06 8.652879035457835e-24 -2.475893892518218e-16 -5.553392702396344e-32 2.094444398582586e-06 8.597565404874379e-08 1.4368985602923252e-26 -3.11106371317891e-05 -4.026928620276508e-15 -1.2785537760333124e-07 -4.3769389508818734e-07 -2.7049722253547745e-05 -2.877433747763069e-07 -5.401357936074223e-14 1.0033416445852453e-17 -2.0766955394105043e-05 4.224544748689387e-17 1.3204148304901743e-05 -0.23146839018452187
2 5 6.4766601184246e-09 0.2512591108155495 -0.0035790748573200364 7.366251124299605e-08 -0.40885605695593596 0.2752287240820468 0.18670299197386475 0.051260062840051905 0.1802401130106387 -0.2219113885926819 2.817627869103108e-09 -0.03921833198844273 3.600480545846082e-09 -0.0864610921887764 -0.3569480282091183 -0.24184103492876463 -7.070130806069588e-10 -3.857903754283212e-24 5.281933815958034e-33 -0.30782136380485453 0.2906315263722562
2 5 9.218541707258357e-09 0.2528249496681574 -0.05872830718832932 1.702788146137817e-15 -0.21365593146044343 0.31231045309460786 0.3243307469830722 0.27793014233295055 0.01751148115658958 0.31685117885000325 -2.8803986076849263e-10 0.19378398526665697 -8.983191834480025e-07 0.29785429074854974 -0.5193307360941781 0.27581457288234984 -2.331050652074842e-10 0.7367318826839827 -5.801022157725954e-31 -0.1186549253571764 0.36975501330443933
2 5 1.4284507397087507e-07 0.3338030100765998 0.5887736878414561 -4.1009302607275145e-15 -0.11421790874455362 -0.2673168633656563 0.02034805143753822 -0.039559755270795464 -0.055537361127470965 -0.176073093693441 -2.883195844303547e-06 -0.14261670490903147 1.8958448979792018e-08 0.32532022866992155 0.4573896280313863 -0.005171799462953612 1.6142835055535757e-34 -0.6809524633626327 3.573654707986828e-07 0.17633224064294178 0.2238669206628134
2 5 5.2910075211031985e-11 0.32574685642469076 5.8206370357758724e-06 1.4265192959104825e-05 -0.20602064648974522 0.33890870567600795 -7.635130397556138e-26 0.07334503973594163 -1.678326675200848e-13 -0.3382130810053349 5.359727671952047e-10 -0.29344559761929223 1.236918829224545e-19 0.06792342073017373 -0.1512189632889382 -0.141815128755865 4.236131800192782e-06 -6.182085674458847e-31 -1.5561237517333474e-26 0.2592989146657804 -0.0870433268369314
2 5 8.907286969167191e-11 0.0742750792979178 -0.2316192383163498 -9.467033566222326e-27 -0.13069959104680412 -0.1894015580134988 0.2172382526346126 -0.5828345662396793 -0.19259908550925794 -0.19177648138512557 1.8235040182576645e-11 -0.060402849152826114 -3.134617377539788e-20 0.26747849780154004 0.07293652508979243 0.1846596290117634 -7.68789661586912e-07 5.595260575869216e-14 -2.382520118066387e-09 0.17709144450992056 0.12865791708536525
2 5 -1.50830003973439e-22 -1.4558176462646183e-35 0.6898491002681683 2.4509178121372846e-36 0.12721322411084168 0.017519510447915013 -0.5017451482070062 -0.1969437431030093 -0.19500402973295225 -0.12519160889844086 3.9858658242333795e-06 0.24423401086726684 -2.6095806968269066e-05 -0.5060852825199242 -0.09533969740878467 -0.5260677861714502 -1.9269122699561054e-06 -0.5842380482320462 -1.0694900969147914e-10 0.18037846969080779 -0.41913916749303015
2 5 5.9707834236914245e-09 7.344901901531009e-06 -2.9310586088998437e-15 1.4817074733276478e-19 4.8042460975517015e-23 2.3007655637245127e-32 -8.271559839589328e-15 2.8139319077303147e-16 -3.7508464425156545e-10 -3.597109423567762e-15 -1.357601518881713e-05 -1.7748808690794889e-06 2.728625201612558e-06 -1.3934420904304315e-19 -6.774014853279338e-33 5.233211733000148e-37 -4.27955221200333e-26 -6.461126073431571e-11 -2.6393068504111137e-06 -9.372787113220345e-10 -0.3834415186521873
2 5 -1.023422070006143e-12 0.19922901135099375 -0.2394968896195005 -1.2300614082674286e-34 0.2537772105415834 0.43877657706938455 0.2230378353602411 -0.08212769577253667 -0.3569372833859502 0.06410085305602338 1.5695725777044107e-36 -0.36729074302837383 -2.6717798792857135e-05 -0.1827119498147962 -0.11346196255710041 0.010293673717955263 -1.9833262157164392e-15 -0.041001188460452025 1.3115392179250374e-05 0.40115791666195943 -0.08472181250983275
2 5 -6.913543565144405e-07 -8.366432610709139e-14 1.3323548758590726e-07 2.7508487647938206e-23 5.399405078015359e-12 2.763901748567357e-11 6.112731746163583e-28 6.747055883302823e-20 1.953045615053302e-34 -2.4428253765229194e-37 1.6911485014877024e-05 -2.7364757979164818e-06 -6.514895391380087e-15 -3.090687010882288e-14 2.3302701163869306e-24 -9.958904246387613e-23 -4.755747219314369e-13 -1.6278472572789171e-09 -4.823114041031153e-06 2.2731673947803583e-07 -0.2896525874031599
2 5 -9.217394637738153e-10 0.06093254720198951 0.6581992686088785 9.680442836975099e-24 0.19741082895372158 -0.08136791581946791 -0.07106567744734044 -0.37159532918522586 -0.03943163551245324 -0.00826281422089814 -2.5356979584170434e-27 0.03297329515866223 1.7198970355765947e-05 0.13633245403933442 0.27809642844619137 -0.5268760596294689 -2.335197222542589e-06 -0.7297531444886424 8.716908044821692e-08 0.19651232479309694 -0.07298623292803888
2 5 2.2994927640929223e-08 -0.22424700326907093 -0.6582738166622418 1.468541467346039e-36 0.1737914155001706 0.18113283144913908 0.10604393068264413 -0.0788413096116053 0.23939802622815323 -0.15123744809922465 2.0254268831704115e-06 0.31494605382526913 3.2089402838389523e-11 -0.29168292318072137 -0.5243171525485638 0.13532381862823176 2.6102218226670096e-18 0.45925840539904744 2.4609223208509674e-27 0.05011771471422583 0.13963043158243935
2 5 -9.516893989896346e-36 2.0910672634201015e-07 1.2241366332788224e-06 -1.420384259248093e-18 -3.4563796700896705e-06 2.7231413428534846e-18 -1.1340820669464506e-09 -8.401717320922902e-06 -3.3255690152783406e-35 -1.7056380428339827e-34 7.142426712302557e-09 -1.1067870743158612e-16 -1.0981297135368224e-30 6.823263773295222e-33 -1.3192920008035496e-08 -6.05919979779989e-26 -1.1702436446881106e-15 -1.9037072945421605e-08 9.015649331565043e-07 1.0453787360705786e-15 -0.26070454323531944
2 5 3.042855578106674e-07 1.6733148756093556e-17 0.6152061467037923 1.677904571413019e-11 -0.06488623339939262 0.08411164860155902 -0.12164720913481424 -0.23543612513599985 5.129979199773404e-14 0.4576967885413921 3.169278295886324e-36 0.18905226916531387 -0.0037228755914897314 -0.31942530045297446 0.6656688154576014 -0.4922222361235115 1.2916192379004243e-12 -0.7378450155765381 -9.849628337282688e-06 0.06489713709216628 -0.24981463406457727
2 5 1.2341993781610914e-07 -1.134036713950056e-31 -0.6244861782884861 3.2294618144053497e-06 0.03235452051408615 0.09549775769819548 0.35646548747172613 -0.17097636939195135 -1.2442931008860824e-05 -0.1680969679351548 -4.1997272770442926e-06 -0.10689501555496538 -9.317308735942953e-07 0.14664190176248765 -0.23906371222396472 0.14274316846146107 -8.330211368946603e-14 9.032411247030688e-20 -1.6337907919919877e-10 0.34709171504726316 -0.3467633158426792
2 5 -2.574544351159086e-07 0.002757256651202205 -0.05141129555984867 -4.5695614193956245e-33 -0.10829132037421768 0.08335354500112516 0.21231647246821192 0.10393820437478947 0.25965758398623767 0.17096727166577988 3.3200950751362464e-09 0.15032983517459853 0.0002100515259829224 -0.2710084906073281 -0.32475481796824546 -0.09597485372631279 -7.813469494650456e-17 0.6264027039188877 -2.050481204329677e-06 0.14037673994939134 0.24197106068786228
2 5 -1.363399888927071e-07 -0.3329665990738903 -0.11021399690716419 -9.822279464280063e-36 -0.04171190652443286 0.2425627184915971 0.4513896002017227 -0.15402476562158723 -0.3188129006692645 -0.24181367153744063 -5.373228898372789e-27 0.319870580218901 -0.028854586497390068 0.14375693324299646 -0.34350669865302214 0.20939602199577617 -1.7084601829671774e-27 0.2070279881618058 -3.347438275169727e-10 0.16627900607765533 -0.19037549700411596
2 6 -0.622228685067423 0.3479437265818732 -8.988003550717846e-05 8.249596263993125e-10 -0.5016665466763096 0.1026520666409952 -0.2816891622570302 -0.1062843027181905 -0.4394793008555035 -0.46456227826875707 -3.1926521587985055e-05 0.8004827441131275 -0.0002897800809064858 -0.40491816656308804 0.052897353168456604 -1.5886790303840627e-35 -0.6287104342066516 -0.9036959461188143 0.1274589983039193 0.5578848439429013 -0.4507195162227228
3 2 -0.02635959051529942 0.21519811881194398 -0.3645267868733298 0.3857416016262563 -0.29447889315529213 0.2227090061669728 -0.074724746372118 -0.17619316590606782 0.43663921997482436
3 2 -0.24142873558656552 0.37495164028472744 -0.48783951063949105 0.0764733342885292 0.12441733667095545 0.4262547464639974 0.20113754156631658 0.30282126263787684 0.391236343856421
3 2 0.40178265135558683 0.25842056221553583 -0.2053357758504339 -0.6149915850000118 0.3534190137469705 0.3469973845962195 0.27533077567323166 -0.10253293393362956 -0.15748651905250347
3 2 -0.5451864112705733 0.1630670921665994 -0.16454282849633234 0.05414949415138128 0.3201218756060553 0.26272185314228946 0.05663027500680549 0.4546206367387712 -0.16185032123023338
3 2 -0.08393514055752171 -0.0600407613499197 0.03926831872799838 -0.17450492257761746 0.42087936097156325 -0.028645348517022377 0.029422864944948272 -0.4709285350490222 -0.3306241127246403
3 2 -0.01817164824666677 0.12380678830000398 0.2885389385909074 -0.5325537416287537 0.351455645909347 0.36552353349699723 -0.605846508066624 0.20643373496004774 -0.32332686444403336
3 2 0.48678264343548977 0.000683870088886441 0.24363597351399124 0.30475433267611973 0.19886485259182346 -0.18116572944873904 0.22527907298909913 -0.07837778768956341 0.16596267358358363
3 2 0.34437565457924696 0.2685933815210596 -0.2515994295289279 -0.022160881892603523 -0.2907934080503061 -0.38817782483213076 -0.15824439633942655 0.5156439425195515 0.272628059073942
3 2 -0.38427996105229234 -0.11292496042282693 -0.22467661519404786 -0.281646621385648 -0.41725161531810545 -0.11479279026421976 0.044731525626638714 -0.5253015145586434 0.40682672668608255
3 2 0.19202191010896352 -0.3281690016315429 -0.27026409965347686 -0.3961181277346542 -0.3971129393243541 -0.010173337116112756 0.38891763701463794 -0.05547456925842876 0.4180994573725956
3 2 0.03665863304383225 0.07794959762427879 0.28472878186729317 -0.14151617933094784 0.19984855337898513 -0.16777734874315645 0.26790440142512106 -0.2914596222604997 0.2423393989488366
3 2 -0.4234892484636137 0.030429895179206027 -0.1807458332797891 0.04923886704882082 -0.4843300176824994 -0.2587370584526436 0.14220128011525365 0.5893141939964479 -0.09586261030284964
3 2 -0.1040736523373366 -0.058340988204262055 -0.0026551010753604687 0.04713605603025821 -0.2866937930774929 -0.2701071460620095 0.1607827430590413 0.31610975083178533 0.33210934144212917
3 2 -0.3136279036914278 -0.3304185551006086 -0.2297608498329569 -0.1312895470809848 -0.16487666229286568 -0.2301154969894635 0.08423827291968569 -0.089747152285984 -0.06999674337134972
3 2 0.33685806445647914 0.43970989504609903 -0.2533379617244083 0.10019438513901853 0.022996343649535345 -0.13096066410791296 0.13476066368194978 -0.29398648132102423 -0.2339746465374886
3 2 0.11478694303504161 -0.16908401088213768 0.044968705170009976 0.005248538304309431 -0.027740636681902044 0.008143722745234493 0.052336881014703525 -0.37551276345175383 -0.4903605833262264
3 2 -0.3310828498061085 0.21762262203494043 -0.3853533573499036 -0.382367593508597 0.14600167411234694 -0.22661525258191645 0.18938731451980748 0.39863237721763656 -0.1671813406290147
3 2 -0.4489147739755621 0.5183917979286489 -0.32857108889615705 -0.14002034380710374 0.05294651189648263 0.017426820284351843 -0.25340017863177705 -0.03589455726939157 0.294317047323347
3 2 -0.04335343986923098 -0.09565819560036136 -0.24299234197966213 -0.18208797581207606 0.05234468079067563 0.20700005253542764 -0.01979407620723925 0.37096732781338954 0.27050725619590965
3 2 0.21854159758031266 0.15604623281907448 0.12689451409602637 0.42090065112563113 0.12288380131249561 0.034884278629643016 -0.29712241132355394 0.10208576445881039 -0.07574357615235632
3 3 0.09000588966913319 0.17952639092839934 0.3305654554266391 -0.18280345355797686 0.2784041298940991 0.4980876593214626 -0.49230308131385414 -0.056604534323629656 -0.0369309270263647 -0.04536973284703501 0.16664696085956326 0.29624103066179047 -0.43695949409623813 -0.09273682995287455 0.34256545223673207 0.0474810386431264 -0.5125582957584583 0.3898977636187213 -0.47132629003994464 1.0225915917719133 0.03185488174089013
3 3 -1.2995029831949574e-08 1.1391205577038833e-40 2.8755721309110742e-36 8.740628036202273e-09 -3.4441066128634473e-12 6.436485403499595e-11 -4.7140854161162933e-23 1.5940820962745717e-16 1.386137652825524e-43 -2.5090310995950106e-34 -4.172664111634067e-27 -1.6880530203557634e-30 9.289739983829207e-42 -3.506034627290351e-37 1.228329219280286e-08 -9.702882207167424e-09 2.115417608394162e-14 -3.555453208334949e-16 -4.40084862398037e-16 4.3891120471901476e-11 -0.37947227862052885
3 3 0.18865221355784376 0.3746328008582934 0.13992911006904432 0.25709442425878754 0.6392975108523177 -0.6220801759444476 -0.3352610273107358 0.20859473015144597 0.01605013412222209 -0.08526467279952313 -0.7181671716436323 0.6323673496568966 0.6268424866851589 -0.3286667815462979 -0.3865827776597659 -0.47979768277728446 -0.14503721214790438 -0.0623231226510063 0.4005241006662299 0.3733344028888837 -0.2054989751181426
3 3 0.32873596047755066 -0.2910915927138568 4.230309367775351e-38 -7.606244078296026e-14 -2.129490502013118e-08 -3.934572578162201e-37 -0.28033910938589907 0.1745289301908507 -0.30959723653258003 -0.2037349612933962 -8.874137908933257e-33 -0.08464306229011366 0.024958986043323028 0.12054287528330133 -0.00032668170731917464 -8.960071116157192e-10 0.02228356814763444 -0.028065525385895004 -0.21138755470866888 -0.014496984678663536 -0.12002224134742435
3 3 5.0254569860267394e-14 -1.0495021736914329e-20 2.1870437506102235e-16 -2.1070148485396762e-41 2.5159515249213656e-08 -2.468843173926078e-07 -3.5672818215196124e-16 -5.735791270692931e-14 -1.4016118437643948e-10 -2.014495958593971e-43 -3.886564134213867e-09 1.0757019678592224e-43 1.1635374913521617e-06 -3.282344544181858e-12 -1.2629508072040169e-08 -5.2367698145613224e-27 -3.495782420465388e-38 -6.612140672912108e-29 -1.5829924200868946e-08 -2.988612096745299e-33 -0.3809348023263632
3 3 -0.15796216856726258 0.32981544211368635 -9.518391220975517e-33 0.1940311339454605 1.051562873607222e-38 -1.4235075341938214e-07 -0.036055160501404435 -0.2918719196540272 -0.2042486472096534 -0.07662028431648588 -0.10214245730704524 -0.11207599517313609 -0.17384849506165584 0.09250958793380809 -4.4262008361743185e-10 1.330196078415782e-10 0.004242627166607241 -0.18733961804490043 -0.008476626636749316 4.7786054144292837e-32 0.2581008352059614
3 3 0.43646352006616307 0.17090219208883364 -0.6876509437226137 0.07218120599985203 0.32033191645403664 0.6383508767359771 -0.1444229173175165 -0.20697869621381262 -0.16236280044514523 0.05833967173061804 0.16115674224967777 0.02798551495740317 -0.23829548301364117 -0.312083733476344 0.09026547480193368 0.0925096862848258 -0.3498597203110535 0.30401835279886547 0.004325419937159786 0.5263539000895436 -0.1855965029535832
3 3 -0.03579180730170266 0.3075348675124291 -0.02572524740735209 -0.14275173756660467 -0.8014869696503971 -0.1681488431346501 -0.13040899372221684 0.350398626029308 -0.08946632425396658 -0.19351360361557565 0.0778577601957373 -0.03388688223332989 -0.1893226740267043 -0.011495518150092499 0.2139552827470349 -0.05287558661829004 -0.0959815548817087 -0.01970519843593076 -0.26023573642940195 -0.5000202853827223 0.45255099123970965
3 3 -0.13289380065501222 -0.2983338623078734 0.6293380608507663 0.287239699820869 -0.20106985918916143 0.2510208688851771 0.06524888552186649 0.35842955356289513 0.3182628187045422 -0.19560159275418068 0.1902962290072149 -0.09490553173539794 -0.21289472976484033 -0.22095778960372434 -0.14156746951343355 0.17880027037892332 -0.11183407211563215 0.4501259019717606 0.3460537138125494 -0.2668435364046173 0.3288853351112411
3 3 0.28279197079494583 0.329536143504496 0.39052390065158715 0.22747562324897172 0.06736735762977333 0.42840795122306846 0.10807672746287067 0.09482836781689434 0.22266777192703585 -0.25415791377791236 0.05217740494858096 -0.025372097928108243 0.15373777679658351 0.2985286318157286 0.011849835220605742 1.0201319191334401 0.1511427027281013 -0.2873525291497667 0.18073812529249103 -0.17286799353625468 -0.01702263761214667
3 3 0.07559579234269408 -0.23440222157474866 0.23565217118609602 -0.29552033439292885 -0.1183493470303421 -0.28659380657705663 -0.13560458050972346 -0.05628170470961258 -0.22210587182729527 0.2580923914185406 0.24178442983575243 -0.09609615773504798 0.18135028632555764 -0.22988286305615854 -0.459963527421997 -0.6678953475668834 0.3794244069427845 0.3162864814286453 0.05956588818865048 -0.3593818249436879 0.12831829930225705
3 3 0.3221262002570559 0.20777094831898044 0.22796075258233814 0.25422642141914703 0.0572262353617902 -0.21128512721539688 0.21635311778890123 -0.25857585587501347 0.18897644574158107 -0.19940788161062553 0.06430678440114863 0.41492172577405106 -0.25394052179478727 -0.29885908472080336 -0.22069781186859122 0.767873331621359 -0.17039186777021145 0.21028126644272732 0.10972212803017117 -0.21212481886213033 0.1815090199999653
3 3 0.4186832481041435 -0.027267953645337135 0.3954858913273864 0.08576316537127761 0.4420832177482409 -0.46742729374629016 -0.38399430876234497 0.20554897317697732 -0.17797484754793008 -0.18744900605900064 -0.1802449099347894 0.35219078916717966 0.09732043093136185 -0.02989951440154351 0.2667243614761091 -0.6660116446210418 -0.262967703078436 -0.07683368245525533 0.08422797806647704 0.40911847352365655 0.13227332455900884
3 3 -0.05914317754020894 0.13541202701457303 0.1809873229912745 -0.05476970327875312 -0.21110675026479228 0.08288814259171917 -0.4280305462550491 -0.16747329941346686 -0.17742208584897387 -0.38568397316632896 0.1908925594103698 0.515808585889704 0.13398821387226958 0.2285356916796672 -0.2691403104527827 -0.0048940509438216455 -0.2972174379897963 -0.24309259453555335 -0.6330942353084433 0.09895678952345087 0.3260510227445953
3 3 -0.025316668380137596 0.34673012903759887 -0.1118342687929466 -0.38218986035150093 0.7113176935898701 -0.13701770478389216 -0.1394620538441227 0.5798216852019805 -0.12274693106546096 -0.09212437601719152 0.2148285132647197 0.4626388421150521 -0.08366054516109249 -0.25466325388285144 -0.0383826615265997 -0.11679652970487991 -0.46885993851974667 0.0413235556444441 0.35572122432316144 0.9464164338072841 0.1384687225218279
3 3 0.2740563810889429 0.19197348042287438 -0.12036305737397306 0.24931458870735046 -0.05901704992082852 -0.2559286881271825 0.22034530816339348 0.31864090585510446 -0.40504790802312257 0.12603982778748016 0.2635360875042289 -0.1011162329736417 0.11876455419540177 -0.08194658908211461 -0.2909760514142819 -0.25104507809241666 -0.2937884352045408 0.42601604238042134 0.2648793904516022 0.1512182364774525 0.3431712104843963
3 3 -2.6279653317192315e-34 -1.3991945854943754e-11 6.045349392977964e-08 -1.408727488780548e-12 -9.018718527158907e-41 1.5079973587345595e-07 -1.4602599419467902e-29 -7.872601128586382e-10 3.6932068155058713e-44 5.90048693975264e-32 3.347913514864045e-14 -2.2492711170165247e-18 4.6008608144198516e-18 -4.3860138848779293e-11 -3.1639622654325874e-08 -5.4451290809543044e-27 -3.790833535633889e-08 6.050258562099157e-32 7.635983585238644e-28 6.447808422475185e-32 -0.19970904154973318
3 3 0.22310011184239664 0.22925923075282004 -0.1885924620645516 -0.3184322822026712 0.6683395072682444 -0.16987447283704432 0.18661854902491656 0.1617303230177538 0.26486895387220294 -0.20542785683654752 0.21227692250540064 -0.10377244729906702 -0.3708028868741047 0.3873326364132829 0.06549958676688737 0.4787950634718612 -0.3308533183196194 -0.32086111985660565 -0.24297131031476407 0.661158587610574 -0.03798009226856369
3 3 0.18001153483398577 0.0858488169516196 -0.13764463323542192 0.12596014961516308 0.35007822672805083 0.5374000225069795 0.1471097474194237 -0.23199435403283322 0.19442365282334337 -0.21782356068104078 -0.27894651685561095 0.10129351062925387 -0.0952896325001114 0.24245845186084145 0.04660320925861193 0.7557427479575174 -0.34658727456552724 -0.08716887295965275 -0.010363357092671277 -0.18131268772102102 0.11444485940625114
3 3 -0.14058078280769812 0.1336147348556583 0.3524339055351601 0.4361140380715073 0.5156192709702515 0.13695338884556726 -0.1770109201876509 -0.07513735703936066 -0.15298888692369997 0.3520656855470543 -0.6465290534729369 -0.26112655127268325 -0.22130224657500006 0.18974090747643785 -0.19722155588262305 -0.12028806373569613 -0.2248671330240585 0.2122486871216289 -0.016056116994050216 0.4191182676666035 0.01169338387911822
3 4 2.455454016378646e-27 7.3496699427065526e-34 -6.950138871372553e-21 -1.0659218668458464e-33 4.970110803205602e-19 1.2363954771909425e-06 4.9824345499335e-44 -1.469976845467395e-10 -2.4383567719800406e-09 -2.519682112599133e-19 8.633386270548773e-14 -2.9504464491815433e-08 6.162914847620124e-34 -1.0874019215247153e-14 -6.4245650430349065e-12 3.6158409290464384e-37 -2.57561640831331e-07 7.673030583026022e-41 -6.09651788795773e-44 -1.3165886579866578e-10 -0.012049505571241681
3 4 0.13702435750891004 -1.8292558303791585e-11 0.2109693373940063 -0.07813950120045642 5.349517300695981e-07 0.29019561496998 -0.07102091633486667 -0.306077697180346 -0.3653530634932656 -0.015930898406502712 -0.25563304456939717 0.34908439019106324 -0.3496081932657112 -0.13017383321170856 0.11803981245285323 -0.02273246850671466 2.391616274153442e-21 0.1461504252810018 0.009218305832391183 -0.5881409584592086 0.3327547696886892
3 4 0.3449298678668196 6.467626335380797e-13 0.06691521587238429 0.1257195987438884 2.443368479269099e-42 0.06077499817847839 0.2153179616305381 -0.4975262422060392 0.21639808748543213 0.43340771634431113 0.07987631049551173 0.23895701228864263 0.029380148346535507 0.46354269063932824 -0.1593278074600251 -0.12459410230136432 -1.6910460635327677e-07 0.12327092143689407 -0.14596835618974904 -0.12974581108438382 -0.07251355170424868
3 4 9.098101429211581e-07 -1.93122251323847e-09 -6.699627312371414e-10 2.727812423361237e-22 2.3402244980548478e-18 -1.0115665984113407e-09 -3.14871402148051e-07 -8.629689464257908e-11 -1.45646878972981e-15 -4.512336213751453e-09 -7.507095153825755e-07 -2.988219861030696e-31 1.6815783103332793e-13 -2.786757525461541e-12 -4.485359962412751e-34 -1.1927454930892764e-17 -1.3843095948361183e-29 2.5026455316021786e-14 -6.933792329227386e-44 -1.0856626807941494e-30 -0.3353580114656647
3 4 -0.5645996818344262 4.0236726982986934e-08 -0.23688699275608083 5.53349740980756e-06 1.400955627475234e-07 -1.0641189101312763e-12 -0.14351976138846806 0.3570475411093192 0.3040420924824892 -0.305777702272769 -0.040235579071221425 0.2688103379919685 -0.40378393469529267 -0.41371430699103257 0.3375006904864257 0.02106428159585982 -5.726197744324603e-15 -0.4303217620976056 -0.01789910589993291 0.40086033610386396 0.20086259557307795
3 4 0.17798335854165045 -7.633089219755563e-43 -0.3231039228517039 0.055866008406824194 -1.736174735352017e-25 -0.12088295190285223 0.38635222713054823 -0.42114466113377025 0.15615349282977264 -0.22423985721520362 0.11287952803338164 -0.2540384615750603 0.13965770286020412 -0.08087554809233494 0.05399533388638573 0.2682068312715961 2.8680804071244143e-10 0.34253876073038847 -0.16498177172829995 0.14660839912584248 0.36678810661428674
3 4 -0.4785871486807122 1.9287556432696714e-08 0.3288950457904775 -0.0038120901325276865 1.9247700915185327e-31 0.0528577378284656 -0.1929005394451743 0.06556298954054388 0.2304397069210673 0.06334481379687791 0.4453486565478249 0.10796272184673499 0.3543737062334089 -0.353010853823036 0.053873456646448555 0.0391788870833611 -7.337512583576174e-11 0.09566574403388592 0.041645905812401934 -0.1859524707642781 0.14687184241084317
3 4 -0.05996482925892137 -8.684630670956989e-41 0.37051709588483295 -2.976227772984675e-10 4.911663361997321e-07 2.4787901912369973e-27 -0.008325889208932744 -0.061807591260265374 -0.3210002219277615 0.17536076071911183 0.09909051580010388 -0.26206893106456636 0.11151699716254074 -0.45130358441013596 0.24749135246457005 0.28125501795951247 5.207920524910612e-27 -0.23006198851173718 -0.2712572434514988 0.0442728368930664 0.11853775456533792
3 4 0.0006073583957032902 1.8856358205151892e-19 -0.08432476837117849 0.057230796534528096 -5.505772332060975e-16 0.1510456504453752 0.32479158265381636 0.20025613163111727 -0.21427814738772094 -0.2711475293572425 -0.04626071606412418 0.33288200763055387 -0.06709258288539666 0.2065231342677219 -0.07641693699390008 0.05177770015145815 3.990315956976442e-12 0.02673539463933884 -0.10393226167470938 -0.24291674300780744 0.3592685910476911
3 4 0.05165509681323823 -1.1567603313823457e-35 0.3163339253701769 -0.0009662138567688148 2.8799301962330555e-08 0.14992005766375957 0.26634091094783385 0.5127963011068273 0.07247695501500495 0.03731080622826393 -0.05146256763523091 0.18355134541866405 0.6142534690227353 0.05575913800077894 0.37464054309407646 0.043571318855219365 -3.526720952175946e-12 0.35556250022245917 0.008620729540401988 0.29776822603877745 -0.09452178693814245
3 4 0.020926523136507173 1.753360330024998e-11 -0.20383602495920464 5.0143060127452065e-31 -2.8480872829043114e-29 1.1532858345713717e-11 -0.2601929406380609 -0.28174276571300577 0.048795273964040334 0.2914845225590496 0.38729461668203635 -0.1877933139259959 -0.08686212946742997 0.13222314802359972 -0.24464031966528801 0.12937512422865785 1.7804613322002292e-23 -0.2356809059676131 -0.13027041259541783 0.16444714246445882 0.17479019437254756
3 4 -2.9702803169249144e-22 -3.256400880858686e-11 -1.2085619231442751e-06 9.459060945352415e-26 3.408957184221323e-07 -2.2492712308845785e-41 -1.0673166143834478e-21 -4.378541313697908e-11 -1.6312769487733782e-16 -1.815378873458168e-15 2.2062096792859134e-17 -6.790868480918068e-08 -6.31139350766249e-08 -5.054401734811447e-07 -9.469887621461864e-21 5.205594246679265e-13 -5.767096574809424e-17 -1.2029159658343236e-13 7.872735914127545e-18 -2.943436636035331e-10 -0.3568613401269393
3 4 -1.0352271678931992 8.356522184952525e-23 -0.15278472885544742 -3.6553847510081985e-09 1.2437219392683389e-12 -3.366925696394311e-37 -0.36784371898145446 -0.08192107736790404 -0.2544941719760753 -0.08470256723380358 0.36211229575014503 -0.29705139290240584 -0.04980470859213762 -0.5406606760653521 0.07758755187075116 -0.05052158553780944 -5.5211812751771834e-14 -0.12511985413670318 -0.2602068803086037 0.49661142303330436 0.43089819547890457
3 4 0.4391054882535589 7.060908816355839e-16 -0.39677916795720014 -4.527323821771889e-22 -5.024787054111384e-38 0.033058817975716276 0.3487862907021611 -0.06369330320534353 0.2730080288151447 0.3180252040291692 -0.14124313858460708 -0.006375399986260205 -0.32156450681600746 0.2851815422575621 -0.8110842108023067 -0.3073894169299215 1.9148613429065847e-12 0.016098063370295998 0.24209557102523616 -0.21355527583277026 0.04296758568529452
3 4 0.369580647930594 -8.96220786904136e-09 0.28027552916901627 0.08724322634697187 -7.414606144532982e-33 0.061871342104295485 0.34487441227011373 -0.11477250272997416 -0.08133755744886564 0.2348940239235555 -0.5227297829843365 0.24379101427719924 -0.2244634207394965 0.29499630000445737 -0.23241385899384126 0.19901515348338797 -4.4161883417907396e-08 0.3004001572695059 0.3701156909614037 -0.15637066625716092 0.33711900745106527
3 4 -1.7612369545921984e-19 3.162988639222076e-10 -5.6515912352302516e-08 -8.347686156340258e-07 1.662499202754733e-43 2.319177206683966e-09 -1.367890942157283e-40 -2.9741239936878606e-41 -2.948683523888905e-10 -1.1449183634843751e-15 -7.921696068379757e-35 -3.972420806080017e-19 -5.846698045540626e-22 -2.727113395036037e-33 -8.198683328828847e-07 -3.6875438762165214e-08 -5.138018251032279e-07 -5.1684543325602e-12 -3.6187715139068326e-10 6.366233126247296e-15 -0.0009329826814606321
3 4 -0.07534335864066583 -3.3531601964792787e-07 0.0754266103489174 0.09407517072902809 -3.649721109206655e-11 0.030465017574222788 -0.031881102674737094 -0.23361618223226213 0.05404445407749439 0.05256314942370495 -0.46192441405041285 0.112983326335402 -0.34005851709599816 0.1578674735285601 -0.32485108526797757 0.02027963833366542 1.3780129787760634e-08 0.0949811341428226 0.34836518076108935 -0.14462793719877648 0.050700285972096186
3 4 1.739054913899365e-18 -8.60106996756961e-09 1.4387630885087669e-24 -1.9697367476797725e-14 -4.431507705114499e-44 2.430907474751944e-35 -1.447869431583641e-29 1.3810297842546393e-17 -7.443459003080413e-07 9.840642744730026e-39 4.042570579587472e-10 -1.1459353136914095e-11 -6.823428957669216e-13 7.286691948706863e-11 7.589588190075296e-43 2.9782263189802444e-32 -2.008990938889836e-42 2.1036190770897488e-20 1.2092408278745257e-24 6.972974675816332e-16 -0.027050202798400202
3 4 0.07025016109809404 3.3752297307101573e-09 0.38174319005343094 -0.15503494172115195 3.4074567220387875e-42 -0.20761223587024655 0.07637403034845085 0.016313720606630486 0.2659248694273294 0.07207227758541312 -0.008609571638611417 0.3676880353228618 -0.11461294423893198 -0.24052128563182065 -0.14246531346480326 0.4487651866244536 4.838569828624324e-16 -0.29685758638265763 -0.10865676975224078 0.10877247109980612 0.2245426519199282
3 4 -0.2469886775487286 9.894611226531843e-13 0.34272334193677506 0.03870574860952148 -6.315348070461865e-12 -0.1419155816720741 0.2583483198810626 -0.28662481073710194 0.33167079421839735 -0.2953906091594624 0.24684112273496628 0.12037983839766962 -0.16269397921602635 0.411186020376154 0.22811314522557863 -0.22186613803420213 9.170422985502547e-07 0.3144867275714077 -0.024270549306643886 -0.27074367602953986 0.29764636026039903
3 5 -8.237907374396562e-07 0.1123811991471755 0.3568044645716219 -2.3182625163108687e-25 -0.403726520851961 0.2697639069875062 -0.31390308496847474 -0.03307018243464789 -0.1915690316473006 0.4038810186942409 -0.6372931882466183 8.726272988983219e-08 -0.5073696707567463 -0.12040716585079482 0.02923988281479672 -9.470950660556528e-08 0.17108988132874423 -2.423052643822246e-07 -0.2423798029785073 -0.015057043748042192 0.2173213702465506
3 5 1.2068541234722204e-13 0.03738747709161594 -0.028285759840408046 -7.628157253551823e-09 0.5151672403221069 -0.42145369702701163 0.12937115502891494 0.11811672201759002 -0.17243706120506724 0.39248862583521205 -0.2691982770934349 -1.9558042610436446e-07 0.3076164856688571 0.04068450036598003 -0.09837134293087012 -5.861420681932783e-07 0.021861318572249655 8.439490380846008e-33 -0.001007173727682094 -0.26066082682412006 -0.3063656300307725
3 5 -3.7133469418138396e-08 -0.08815734104084001 -0.11341888629859906 7.838762638894022e-10 -0.210462727392946 0.07951717962694715 -0.1386564858335632 0.0806147289235504 0.15572328797943963 0.22062601831987275 -0.04166752275105504 4.930738881079752e-21 -0.6617734370009194 0.46600697118098744 0.3698351639662092 -1.541529617367672e-11 0.24615564257514355 -6.711917979464965e-09 -0.2308341991213386 0.36084577448192195 -0.15868055028517666
3 5 -6.90079716786717e-10 0.04573428384292087 0.1884666828704861 -1.105050764399669e-09 0.06976119689643168 0.24605051828620272 -0.12024417660909767 0.04698653525768584 0.2654605851800977 0.32838884172320126 -0.359757025315381 -2.922818828808675e-12 -0.5101861584300802 0.26646076344573105 0.08334892540568811 6.059419211216852e-07 0.0592641731364788 7.24792462843013e-22 -0.24714433273709363 0.14293716725928565 0.3241141648221736
3 5 -4.933984503310421e-27 -0.15934394362998108 -0.4043679863784726 5.321181390157396e-13 0.28910014696558295 0.27282685164947107 0.08456882453802804 -0.4795613250882026 0.35204929856327283 0.335874931499497 -0.05977569843535451 4.77873770209008e-17 0.1736525581486781 -0.4220637275345079 0.03260047511023544 2.42850000042506e-13 -0.04447922112458587 -6.007227042750823e-38 0.2359495003040132 0.3205883492559807 -0.19462117156283837
3 5 1.8869293681097333e-08 0.22985000380610296 0.30957616414323663 8.19096039671912e-07 -0.42073712356801873 0.3317894615579643 0.18550580477404982 0.010102591336704436 0.056969323257607424 0.015209042569133848 -0.2842915236329822 -1.5586670721642474e-17 -0.26604469996506347 -0.09617828670770279 0.18157235049392517 7.761168999152185e-14 0.3018127157896559 4.1155107447331103e-07 0.05005869526917331 -0.3810007704330938 0.01061002307482609
3 5 -9.509151669648889e-07 -0.17413078868452309 -0.4420742053699889 -3.9302738735851125e-29 -0.14895632175917956 0.3622897217069336 0.4365214583570633 -0.5363964155092492 0.1697609102802039 0.3825775194863444 0.1826690842614708 -4.4730884035366075e-13 -0.020144515490327822 0.005484887713416545 0.1407523164525921 1.0777072109589396e-07 -0.1797263787119691 3.3668809667201694e-07 0.09871468585020643 -0.18591387128047349 0.26796673967934537
3 5 -2.580623134948975e-26 0.38758648992149686 -0.20083846774861663 -1.9735784334189912e-11 0.19665375498771562 -0.03990212846253461 0.30455297411156684 0.19599503945053895 0.1936111443124836 -0.23130703621839935 0.28160925257156877 -3.538638831723777e-10 -0.25169481828618323 0.5027646419289276 0.008648055041826754 6.613532199437461e-09 0.2820492163451169 1.5404154694232167e-08 0.3354818279898048 0.010327005824126658 -0.3216418334011185
3 5 -1.5386488011060305e-17 -0.2792957820744444 0.024668787370231333 1.4443424918098247e-27 0.1532067659229415 -0.2537582829731967 0.16577624705442262 -0.45946207368959996 0.38554124098555953 0.17664112811186772 0.144932517787473 9.018163083691365e-14 0.13428764920052388 0.006658368948719377 0.21009055783673244 2.982652161337318e-11 -0.18520863136855706 3.5093603072119505e-18 0.41357509896270417 0.3235786410732281 -0.016625979781020907
3 5 2.9891184019970594e-10 -7.854436409087094e-05 -4.159978596637259e-05 -3.706775214951835e-08 -7.333231410567452e-05 -0.00029815888928471767 -0.0003931490110470953 2.960492488956353e-06 0.0005790180410963511 -0.0004558015906901295 1.315677388139246e-05 2.084179282711426e-10 -0.0001810946538409302 -7.216732219535669e-05 -0.001097348221954741 1.6777895476013528e-07 3.7847496164910286e-07 -1.7197582052802172e-43 -0.0011923166333247586 -0.0002694225266399952 0.0006927357847979147
3 5 2.5033230804051105e-35 -0.22370514155815363 0.1560564681972546 -5.311514958221347e-08 -0.41519701728068936 0.2446123546970696 -0.4067888740878073 0.3379069094482564 0.3390520685824995 -0.11338728180124566 0.062238752942700044 6.636596798153265e-17 -0.35478670731416256 0.5471536421223943 0.10578399203635351 -6.652473623921607e-35 0.29490899938490256 -1.436350029739003e-40 -0.12592077535065221 0.08486246008157441 0.1370587462414262
3 5 1.7053256084446885e-35 0.24714367115408037 0.2561730910769866 4.469159409679585e-41 -0.40839976996816724 0.21381840935798097 -0.15085849975402488 0.2221555445188225 0.030711193471194657 0.060561043097281775 0.3839681257037418 5.031644090574178e-38 -0.4008572547807652 0.554681260755263 0.34185570468878707 2.787485801632842e-18 0.4085174292167541 6.320627057124502e-08 -0.27543316831170794 0.1205062284062886 0.28638225050544325
3 5 6.736280474565262e-14 0.024542869556332576 -0.1277905245425662 1.9810922074317334e-39 0.16355558545215573 0.34843201429410225 0.2698148686589135 0.027666124102541625 0.00966724990184129 0.13516705674718077 0.047935810892177654 8.266218174897169e-12 0.41847106024106795 -0.3686558893241716 0.15925296893101282 9.955827511301149e-38 0.2621269081378158 5.010868296912709e-10 -0.16543934030125532 -0.0004108972017929777 0.11523272079572355
3 5 1.569856447327268e-23 -0.18364398359673004 0.17427099786772432 -2.9244196657604422e-36 0.19486548876575324 0.24059124068406404 -0.29646103065248275 -0.44865566631049336 -0.050219789998448394 0.24676076826402307 -0.15730378142266424 4.733728670041375e-40 -0.025513577879990312 -0.5497258193316917 -0.18911752313022157 -6.117231027082522e-17 -0.3578255338692588 -2.1711325313986403e-31 0.20250282269835743 -0.18543799354201274 0.4369452585652959
3 5 -8.18246906675483e-18 -0.39326366499850557 -0.19074185135400598 8.149513055377012e-13 -0.06817111931206467 0.29144729783302803 0.30205542771538507 -2.0550858285541872e-10 -0.31218551430869496 -0.11912039505739785 0.18421706899248713 8.385434637450401e-11 0.050758614788518175 -0.2953220254243863 -0.22836979244679723 2.540702774433331e-42 0.3054006511488955 -2.2944967713690212e-08 -0.24762495334313822 0.131371049553399 -0.16167236209427469
3 5 1.121202440825556e-20 -0.16043836086364607 -0.2543608316487989 -2.3468124832892247e-22 -0.5288367996689605 0.312580210902926 -0.06580424145487025 -0.2880468202537857 -0.06116586393905778 0.32948346228016673 -0.5636024286400322 -1.070706147037344e-06 0.25933239189589585 0.34096986596145623 0.053336540025467685 -7.800094272043209e-31 -0.46058512240065397 7.344890554677464e-07 -0.03853213065464814 0.05147719875150179 -0.10573268788969167
3 5 3.0538820004774387e-18 0.2825433009142869 -0.2921697830837348 -1.4668098073063475e-41 -0.3551075003460414 -0.37351846865156646 0.22437956847712706 -0.3092451495707974 -0.34582070339373155 0.18244878124671826 0.22073076206600145 -7.944176460206367e-34 -0.15294260192939327 0.21887351003581457 -0.037317767629987016 8.915945163543962e-08 -0.41178348768364836 -8.996829262920409e-17 -0.3187091015672283 0.030352402496574678 0.25444832073234946
3 5 -2.0565695028585063e-20 0.1380953490703409 0.41457606647529777 6.412154795793299e-16 0.10496834086445492 0.18811449338120842 -0.2425949167026738 0.1509300585049451 -0.009163589233385217 0.04189935600688395 0.09525846730429 -3.907439726413176e-17 -0.41602646452574726 0.44296217376487707 0.0951521375791432 -9.6793833636199e-09 -0.017234429438656877 -5.053705690473352e-08 -0.1906174143863083 -0.19433207224672913 0.23926347542560303
3 5 4.8658922071367146e-08 0.2167365890067928 0.41112176408820433 -3.3537904820798322e-09 -0.2653704486466777 0.33647274537685223 -0.34248742305514523 0.29163782509956065 0.2920351385070004 0.07949996706052105 -0.35982234027870247 -4.2643704963685344e-38 -0.20552235813697878 -0.11010345173268891 0.4142851354535488 -1.8752637052329397e-18 0.05581061247606133 -2.5175091143046803e-37 -0.31853953842610566 0.10173656536196414 -0.0380384443867393
3 5 2.207308915245336e-43 1.0217183983021588e-13 -7.755190275024683e-43 1.9638283196333822e-44 2.1431425327604835e-43 1.184174560179945e-10 -2.6741811968348183e-19 5.341414873669978e-31 -6.474740229058134e-09 1.6120462622174625e-11 -8.931087798032518e-07 -9.212386442133652e-07 -1.271643235526057e-12 -1.6182192115097106e-14 -4.575205129379074e-25 2.4657115365209172e-15 -1.5838928967829966e-07 -1.6916285123986603e-20 -8.296336791865897e-13 6.123771196125308e-29 -0.20140071206622112
3 6 -0.26204095230140634 0.3978963795877623 -0.4114908297117762 -0.4212756549220634 0.6610870142613514 -0.26323998879843624 0.25945495303868993 -0.38227879454404823 0.2050011134258622 2.536810743322539e-06 -0.7037255388861003 -0.08199356659515543 0.10091096893248176 0.5049564092751913 0.3341733982660843 -0.9328472499676964 0.2656975077460178 -0.17835176919241696 -0.43749013273493687 4.002402094126819e-18 0.07119964525852746
