Number of NNs: 5
NN configuration 1: 8 20 20 1
NN configuration 2: 8 20 20 1
NN configuration 3: 8 20 20 1
NN configuration 4: 8 20 20 1
NN configuration 5: 8 20 20 1
NN Layer Weights Bias
1 2 0.0857559257209751 0.1731937793078133 -0.09637810561834158 0.5351820493740619 0.07722652778175812 0.3269813485555049 -0.35340964592217566 -0.19293034733989223 0.5707154783007586
1 2 0.04005811508075589 0.1919629909622256 -0.23586456468330605 -0.2541783244475623 -0.586008571026154 -0.22538219686033711 -0.22853930146200369 0.5908321157462523 -0.22980966809744588
1 2 0.21992946721453308 0.12686450787589348 -0.19055844734900437 0.30895627531511405 -0.46247026023727555 0.17363252850048216 -0.13096800626827515 -0.13297073323551883 -0.3985388024065063
1 2 -0.21064535495876766 -0.5063709004379392 -0.11824914062317238 0.47453136499459597 0.18894329220175604 -0.11923076372723666 -0.33080240741683753 -0.38014177127694787 -0.19194298759372858
1 2 0.11329288792070451 -0.06200583084274633 -0.24252999373425904 0.12403853534972462 -0.06249322560033116 -0.001778184045444014 0.42569306075630353 -0.4091136567765664 0.3522769403050724
1 2 0.15542955760939614 0.1436074215698078 0.2979763768106365 0.11916278647060724 -0.12724961016519767 0.14607696802074735 -0.098356761647046 -0.7379814578345323 -0.3500799575504235
1 2 -0.12035248526763692 -0.06098929425911097 -0.20761236736702074 -0.057640776574829314 0.24079604623815434 0.16933353971768947 -0.10745072504920312 -0.5727735144157908 -0.2888507439869452
1 2 -0.07188793102996296 -0.14358043011830415 -0.4555132809050245 0.2098942047591817 -0.1796181955978553 -0.4305758506512387 -0.3313264504094761 -0.43464206038509007 -0.2721946769544995
1 2 -0.4994286364810183 -0.03914752013909016 -0.1837502429414586 0.3755158649087145 -0.21972095551475274 -0.02203647254307608 0.21542941587411693 0.5602796676442117 -0.01000982720508467
1 2 -0.4213250728325602 -0.3305113864818754 -0.18892019609589758 0.2646612606892915 -0.26419257848366895 0.1784537794356456 0.08577211475694138 0.21454664626005215 -0.21680365259569528
1 2 0.08935058206163284 0.08951789043938857 0.21345442839328463 -0.21741045517558655 -0.21268367849252337 -0.07008790157393478 0.12252368793037141 -0.035678016011672184 0.39086692066541706
1 2 -0.6614006092988628 0.08119596143449248 0.15155228815676827 -0.04053757690301834 -0.016989972220963986 0.1272775036128475 -0.07734385250493016 0.09723103171298837 -0.22581268687687678
1 2 0.00650047981623337 -0.16425284808339494 -0.3221163126587007 -0.5496400648293025 -0.5021836398672603 -0.05208561167309489 -0.18673130708637367 0.24019946226537164 0.11327096030179956
1 2 -0.38937417545451364 0.3988977701885079 -0.5329445692303247 -0.06803429512107748 0.3428414691211799 0.3712546263538113 -0.23358569470711743 0.4133659930202101 0.27505853028632926
1 2 0.021175230335958462 -0.17005993446425108 0.1758178115550773 0.561253612170589 -0.3437675015915051 0.632848711197389 0.28559501870160175 0.42673392012426703 0.40524426257376533
1 2 -0.017353098970707213 -0.2855094531694166 -0.43919181013446335 -0.32502953723684536 0.1715330542589532 0.45696498453128565 0.4133702368092264 0.34083966167557816 -0.08768815930177906
1 2 0.14871837135228785 -0.02456342787142119 -0.028632954982616223 -0.021747774328697195 0.038701334705531436 -0.4301325140331228 -0.35093349984999145 0.14903694685948007 0.4451067824520869
1 2 0.5395640503500637 0.17957852455631076 0.5390640584727973 0.17053893632782094 -0.04098975896185131 0.3517405971164062 0.21606210264481016 0.17574580812766363 0.3164183820276729
1 2 -0.061190418902255 0.24080542707422656 0.31962828960886736 -0.04408980108879474 -0.13798696579928502 -0.20814010456563142 0.5525233376035786 -0.6080262147778163 0.22001150070334266
1 2 0.3075921295999076 0.19800191576869633 -0.050444017289512616 0.08102013047977205 0.3112657138719174 -0.3342241382953889 -0.07701498013625657 0.4027908229609575 -0.46605953847321063
1 3 -0.1446763479340274 0.8472161281902217 0.24243219715258943 0.36632586380125454 -0.1967337246216143 0.23417307039156718 0.6470465439377112 0.32487490790290563 -0.16877359061143704 -0.15299785298161858 0.18245086929369148 0.4885138860071172 0.1873780518809031 0.2574481275385976 -0.33809063532830463 -0.04384928338143067 -0.2586815191391396 -0.2285041138066772 0.4393959271751056 -8.470056418811095e-21 -0.47845740898094835
1 3 0.24878292321293344 0.37862735649696205 0.2980463811510962 0.4455116037387655 -0.06151223164026098 0.2702951075322258 -0.0315173059717538 0.027914704468124843 -0.3345844425891191 -0.08994591066214772 -0.11636275200587191 0.11956325548143969 -0.1826020765870334 -0.2109788470217606 0.4432170739512091 -0.1831653523697228 -0.05358083922537777 0.18476839510448542 0.2582381147441925 -1.1143906675633821e-11 0.034302076334534075
1 3 0.21865678331854047 0.20102137588221267 0.31172400487054536 0.013134475366496885 -0.418027989103843 0.22695672518904145 -0.28413672026658976 -0.5138726866932521 -0.32742216193464524 -0.042746969549809125 0.12200341521239003 0.2003620828945972 -0.12252866695821395 0.09349731887696351 -0.3979962679337182 0.0560628159184343 0.2402543369384378 0.6646585262645462 -0.17361014469634925 0.1067800232122071 0.03332298236136238
1 3 -0.2975176678133113 -0.414636980096802 0.38046797728222936 0.46786541550488203 -0.06516046809021413 0.4567703579162618 0.09256653194440903 -0.2790139923653429 0.0037259500484416387 0.15547588810583654 0.13369423132595548 0.39035665440875994 0.2005738564345455 0.45814326450369725 -0.2576143853503983 0.5553454341464338 -0.11456708362269788 -0.3727887284319213 0.237684357554343 -1.4297846397183882e-54 -0.24823317334996733
1 3 -0.19792773434017125 -0.11762115731156449 -0.3051689266147307 -0.11174746375780001 -0.15523443090949307 -0.1511666577542095 -0.04271976114574998 -0.07480731400841165 -0.4105105131013711 -0.2005453455133449 -0.3416858605704916 5.117639113457799e-19 0.15220014542528754 0.334667999947119 0.3463062862934473 0.22266627609609457 0.13126183398171082 -0.36314650972098733 1.778426752603509e-55 -0.0786041230838742 -0.2909051520636072
1 3 0.14732116034760107 -0.6289880158166559 0.08682077993803762 -0.11997982308565841 0.004420798117146623 0.4890864975288746 0.5135160309635818 0.3914702308016999 -0.4185567487085304 0.3534088032171103 -0.30827826490668736 -1.1488214082925707 -0.46802052077558415 -0.10341356887155259 -0.6520699036762783 -0.02105407406756933 -0.4682526043169892 0.5781013491100552 0.4406852965210769 -4.050781013771694e-34 -0.056905138263847604
1 3 0.3000010240103157 -0.13451284731883323 0.31671999875200746 0.26209549222598044 0.2876355976781798 0.23369958653713385 -0.1454937422434771 -0.1543601945409186 0.1473897017399434 -0.37338783341831483 0.31455273984792215 0.14787928582806037 0.32687232071150474 -0.42189999306774256 0.27404065763639984 0.08246086510217465 -0.0706783726340155 0.05824193491368491 -0.402736845344145 0.06176446134984244 0.2691572098397671
1 3 0.0042009200049952095 0.17256237710411657 0.3758263152075495 0.06690105769637256 0.015016545000010066 -0.07995941130449631 0.15482548302904747 0.07101786076319036 0.19873094428048022 0.1106120862654534 0.43264252107359175 0.4333440213850909 -0.05424794501977783 0.06206020269589204 0.3774852248391889 -0.4922801074852245 0.012129724994784773 0.14794370990521252 -0.5075066071546088 0.0028150785376192798 -0.05467450961145225
1 3 0.25078665598902833 0.2489777790951562 -0.4446390039029113 -0.1349205007702221 0.18862820048216708 -0.5106310246542329 0.22550544540653306 -0.16772668338143654 0.04540318790166936 -0.15180050308109505 -0.11021732561642755 -0.6380081013792518 0.2932606940027085 -0.31165066016515347 0.3973624079774164 -0.01690972635230848 0.2347367452977003 -0.11526438775467603 -0.09545059508134858 0.006322129963810049 -0.32845440469235737
1 3 0.32080821422955863 -0.1476823289088171 -0.3263887498997231 -0.20012938591103846 -0.0572448341175727 -0.11426044248463864 -0.11406505719751751 0.10909027084994996 0.3877566094892971 -0.40372484375275924 0.1993793835781661 -0.19970406945118332 0.09146078898072924 0.3842280212355994 -0.4128205985061789 0.31969460690046403 0.1796046053612026 -0.14655867102931439 0.42973911812942867 0.027502453180250436 0.2738759118278447
1 3 0.27840861405151746 -0.47144021237117295 -0.7056357897390155 0.09300346898370515 -0.288371893762961 0.2442144262865122 0.6889432499768987 0.13636017826979352 -0.4067708344996636 0.1827496404373166 0.27439228905606583 0.025593950790192666 -0.37174933439436875 -0.5122732510052987 -0.7442851811235347 -0.12752606566681682 0.1509246919791852 -0.5496409983708905 0.1576725745196403 4.228224377265458e-57 0.010977868569738106
1 3 0.06480835268393928 -0.43206621402486256 0.34566434078200897 -0.04469166155160034 0.17139684511959616 -0.3154067268352772 -0.1087262447243834 0.4908007982153765 -0.13703964768276408 0.1384430483977772 -0.09326087813458164 -0.0009330752470819299 0.12188413565774874 -0.6377524619303923 0.07391486897075267 0.2757416408373416 0.13120099359038578 0.18997877738542324 -0.40185160602379305 0.005839014877855011 -0.32441587855095355
1 3 0.4009134700368505 -0.14635184401947987 0.15539227697791116 -0.1632463080656548 0.2597166649457601 0.01710390879065039 0.021411804423081805 -0.0005561752393866554 0.7919233301747871 -1.0439389209432532 0.11458088110585785 0.7721267026230701 -0.28740904540041967 -0.1577739133902329 -0.0798102115501951 0.8021703630424987 0.09094064206023239 0.01107403450007626 -0.28858350785724207 1.3513758062513364e-23 -0.33302402071614673
1 3 -0.3588354520731764 -0.1754018479202393 -0.037902079080395924 0.17762899282582378 0.3390080269499029 0.5034279499321976 0.5510438941849125 0.17403733843500505 0.652591622532208 0.1737076982785442 0.16910694038076496 0.03283739711681241 0.2196131201858489 -0.009388067937647904 -0.1768213109812116 0.0537017302092352 -0.26611654098044274 -0.6198240232583482 0.026560191526441696 6.229834005358971e-28 -0.3218461312773669
1 3 -0.13387572695464436 0.0658103193639466 0.24753084132752268 -0.37007703546730963 -0.20302816301650797 -0.02263691576412007 0.12093341785113798 0.2915204193489306 -0.04401804842548579 0.0002660571853442961 -0.04833361884021927 0.11927314442121217 0.013172409208361267 0.3487123831297759 0.28074724851415916 0.03720101525702562 0.41823301874876656 0.41631568036491357 0.48609545726205233 -0.07257769369535846 0.12325716305307746
1 3 0.12083692109049414 0.6779634087202491 0.10529768848849186 0.35155802788291257 0.06139107425609874 0.5476771782346399 0.4717654337978921 -0.07854392498418357 -0.16955676574103015 0.24706125724445988 0.11786918437527616 -0.07372566615222745 0.19811799346000386 0.34262285220760363 -0.6057041127348313 -0.2866804030894116 -0.01046496982710121 -0.5860615383837037 0.28614345854958695 -2.73514801029022e-21 -0.4413435889237709
1 3 -1.4045255136043054e-21 -4.0620225467758716e-42 1.4206013570530759e-43 1.9388782586942377e-37 5.793963358132999e-59 -1.7413124387693917e-29 -2.710988137158668e-24 -3.617970929156121e-56 2.5296550833829245e-24 1.141928965015874e-34 9.731163801169149e-15 -4.893287789309762e-53 -2.8217018545332368e-12 -1.3728458591709555e-20 -6.918937397671664e-58 7.080722586338004e-14 -9.651345332899104e-62 3.210552551628021e-15 9.137869262802549e-32 2.523279702145206e-42 -0.36504173757886893
1 3 0.23682329474439023 -0.33765974209291155 -0.012293057945805517 -0.3390307711177907 -0.1410182636969929 -0.679418152758913 -0.104117185135828 -0.3721967396871116 -0.6689198008225462 -0.44640695447315243 0.4809430064312187 -0.7366074510625614 0.06904725512633637 0.0025561188934551107 0.01930083518843655 0.3506406275120251 -0.05410018196456194 0.4620995574608064 -0.09210505400105135 3.568515400073841e-55 0.5811049961804153
1 3 0.22952495866909634 -0.12195581652813145 -0.3675544619295464 -0.005382091423029949 -0.2415004924718468 -0.3330001970773228 0.3873723455442625 0.2403101175200552 0.4263839087557231 -0.056399917880354825 0.3621349232160894 0.14780718166875947 0.2765499080912 -0.12017307293462266 0.04833064337389012 -0.16172992462395874 0.3361839599510694 0.3669730446385685 -0.05380600459006987 0.2546490334658637 0.18057981679627447
1 3 0.2867188286276646 -0.3075505539909117 -0.26513700957586545 -0.051986819956027955 0.054058129265716154 -0.10760606631254006 0.04600691920773107 -0.10230021910034641 0.14490158757998564 -0.0859488757527589 0.0038602042355081034 0.01285697452612002 -0.24065091045829134 -0.020314285099277483 0.3304077034498857 -0.1925988227078816 -0.40594839813812195 0.16050152294433948 0.31903213587296825 -0.0016378732045908937 0.23536366932847544
1 4 -0.8807321458011929 -0.24252167523445659 0.943101901191666 -0.5086923158153498 0.4541872863317281 -0.9264557875318654 -0.15910122706716998 -0.20155577055698978 0.16569463206656954 0.5770842666990661 -0.49451138084710455 0.49703530392895984 0.9705922572226876 -1.049750482078192 0.1924397682699309 -0.5351807666023104 2.8754057305978085e-30 0.5664894472454026 0.605209738966052 0.009189101235199554 -0.4563785262445993
2 2 -0.6020681682718624 -0.15080565094465886 0.06209360969669121 -0.12914139951985365 0.3333853695757478 -0.05499010386988609 -0.05100993320763091 0.1117776119707258 -0.04464825592388387
2 2 0.5551381650653027 -0.30581567318354697 0.15312407748493936 0.1716389094427506 0.36059382126444955 -0.21316711880546815 0.32617760926026357 -0.11950162162275516 0.15110203963635546
2 2 0.13716727960844619 -0.3869711936008494 -0.3673396967816642 0.4166507735571433 0.25639018063278946 -0.06873190203013817 0.6055948831721284 -0.060626270498445926 0.3403504283193781
2 2 -0.4320381238859921 -0.5569033616719181 -0.23186467656553827 0.1090581445446693 -0.3706231088579011 0.11966380037425815 -0.0060630313405725155 -0.12490301218240647 -0.28214531194190295
2 2 -0.44961233040717535 -0.001240135113946375 -0.10154346406020652 -0.32586829186663563 -0.4601951504893361 0.38633779212948166 0.5133542951057559 0.38290389929805246 -0.3094345992537609
2 2 -0.1013187366589615 0.21076570095349315 -0.31940352052615156 -0.17040452351648375 -0.4736285407895454 -0.3365022509602607 0.35693633490318777 -0.3792990027035982 -0.48026692783858893
2 2 -0.24872646914387903 0.3398828884597132 -0.20824764456724473 -0.1832770942400375 0.08349265112841842 -0.4087655007628251 -0.04639475892692517 -0.3880878639984288 0.26386435800060654
2 2 0.4022259007239842 0.6234743070568577 0.18726348436446286 -0.23411343595926323 -0.5668033590362213 -0.13250515296042364 -0.6262947072481135 0.13113189999514643 -0.31119337100773936
2 2 0.025661434574013618 0.012044106549195865 0.28676566975577494 0.13895239411693566 0.06768656487821234 0.14229377458746495 0.06350627735034532 -0.9153213195317785 -0.3467346395466583
2 2 -0.37252802180517797 0.011910378425175158 0.5193073509291283 -0.43884293867431584 0.5154817360689496 0.43974091637978807 0.1334512794135271 0.15905637824026037 0.5443921804635593
2 2 -0.3272505495844563 -0.25613972540893915 0.08895818848381425 0.5354621954537486 -0.33120687516777264 -0.27315648036660806 0.10432987588900723 0.033866551929149225 0.2488674954068722
2 2 0.6163219052859635 0.215299999213367 -0.36483152473795977 -0.04637936776799737 -0.2508022779616424 -0.46105926775361705 -0.3630945324297206 -0.026099870148250246 0.1564029115329772
2 2 0.2530704462486141 -0.3795731628275098 0.06654470612993371 0.33252258424799924 -0.5876820227487937 -0.030884562385090162 0.027175218671664166 0.357290168768394 0.3310872834413183
2 2 -0.5527259024259242 0.6398696854810422 -0.33733924696756024 0.11090682674401499 -0.27394788760786115 -0.38560467768983414 -0.057412719479123464 -0.056348478544258424 -0.5300662036467161
2 2 0.66306392037528 -0.2488624626764942 0.10124000214974417 -0.5159641341503631 0.23271379345084559 0.2418138552103056 -0.10286718129664577 0.31096843289323667 -0.29936960714542754
2 2 0.02364375379548945 0.10843071471744693 0.2700797643177702 -0.12712824046461021 -0.07106025344117792 0.09249401950236398 0.45250950731793627 -0.5229187292590947 -0.3280232817033249
2 2 0.4412038119826903 -0.551621245248403 -0.282964967260284 -0.02009480840156192 0.39985663776099145 -0.3218839636257847 0.08317424081567656 0.17460809085908532 -0.23345980087414775
2 2 -0.07840395378708712 -0.4041062990272239 0.2558682283214403 -0.23911264068960594 0.29720422349982917 -0.06569138770180465 -0.04456058412493306 -0.1893367000371915 -0.426973602972652
2 2 0.004037043997915434 0.18735958265651886 -0.4416310559202539 -0.45653333808237945 0.1538839433545857 0.2019346586616811 0.38709323800788464 -0.21781031652712465 -0.04778524686576836
2 2 -0.09861782548708735 0.07232615769402297 -0.23888117746550971 -0.2878680295400994 0.01072957452009688 -0.13254849705753033 -0.4849053535238343 -0.3563565730849712 -0.16690103308091506
2 3 -0.1480120261324595 0.08233098260947862 0.4335305536148394 0.44472526473588875 -0.2131113781391487 0.30378655755810613 -0.020159582977718533 -0.03765099585795551 0.2802024199089687 -0.020446488157731008 0.019292036437593172 -0.5237952347553051 -0.07683885066104972 0.35564229389349444 -0.7837205870238269 -0.2243327026484142 -0.540318703875418 0.5104757194325602 0.17105338605346448 0.25893714769583254 -0.06956938936962503
2 3 0.3397271649375595 -0.1503208366275659 0.3032753277080058 0.1149529666138308 -0.21373851740542132 0.272403816336642 -0.28697439317394424 0.9017667825642599 0.597273583492307 -0.22217130834324278 0.2843808929106794 0.056977888707559425 -0.2679607886113678 -0.2945120669121025 -1.4479946722435737 -0.24955177236257173 0.22255960732688002 0.3455370233107787 -0.2556340265300734 0.5653994859177988 -0.21576497107784676
2 3 -0.3026111933275869 0.08789019549595414 0.312388948369034 0.2242252268737471 -0.0977051074749102 0.05715385435002544 0.10501280182788648 0.5826871027686206 0.3190319996686152 0.2211000242846413 -0.18908553402141012 0.29759733090921964 -0.3141321628860715 0.042448849685673105 -0.1380266010550772 -0.29660501794422217 0.42012813224138557 -0.18788903326391695 -0.3061723622993605 -0.03307506837320313 0.14229462142362703
2 3 0.014308415616134768 0.5390613909106188 -0.07506522658788306 0.2693375286399314 -0.6073585686745077 0.19530285509750314 -0.004699030244735782 -0.12735161781752288 0.37459021100399076 -0.1762722512046741 0.14944751303384307 -0.051016035396341315 -0.6606079522250764 0.054454794847179355 0.43425124810274396 0.3292314493233296 -0.26500570810041857 0.4818531534091543 0.38996807409337975 0.14854887541661702 -0.12380251091225718
2 3 -1.4061466102492113e-82 1.0367422073316213e-52 4.3914726429585746e-38 -5.117143794825454e-26 -6.555717379507014e-48 2.0651877988735196e-85 -1.685790753569717e-67 -1.076856740156848e-84 -2.5670706040230535e-49 1.6205345371437064e-74 1.502877535724914e-26 1.536540324830979e-38 -4.9618655684836055e-45 1.706196415051272e-26 1.176120757458049e-62 -3.43459938133451e-59 1.678741456512932e-33 7.125508473791845e-38 -3.964322727487934e-24 2.857062156015549e-37 -0.23121975340545037
2 3 0.5348499630236836 0.059985229603137444 -0.09139929162429114 0.12599145290938754 -0.2413169143355844 0.3571884745343105 -0.04902572655949584 -0.5367817373930321 0.9830435270537476 -0.440310589562968 -0.2963509559592895 0.23247302008826523 -0.07365565664802289 -0.090369475863843 -0.012984909808250395 0.37768224470876494 -0.47092600874177265 0.00030934549625257965 0.0769075832744276 0.33932841986593343 -0.21129186970886535
2 3 0.19885625815285826 0.2394167954054882 -0.2509793314452694 0.14900119875116968 0.9624351847865596 -0.26711010839973065 0.15365661744147407 -0.6551782464557729 0.514866006202031 0.01950946947994751 0.13427319865664128 0.06370718892709526 -0.4564087813540109 -0.6465274790896793 0.916961779582369 0.15532996567834517 -0.49417063564796554 -0.06096291512933457 0.20253793822837637 0.6714299837145494 -0.46733552176219073
2 3 -0.2764750885770132 -0.050576171730496756 -0.4560646725440452 -0.03398151862772464 -0.6269220838905 0.10550791481594911 -0.14344254181950525 -0.1264303275339112 -0.25936592919073115 0.07515257850288971 -0.09247955350151467 0.16032378799823027 0.038972890196064224 0.26611437787651326 -0.06115571309094931 -0.07201342858547713 -0.09378082923683108 -0.01151846909726982 0.4381227736853002 -0.18283542524827345 0.4824035049127682
2 3 -6.86616305321683e-58 2.959548732631526e-49 -2.4245776137324986e-24 2.686331776796655e-59 2.3175274803699865e-29 7.249609086873635e-29 6.2066963337514446e-68 -1.228218358417825e-76 1.144371652496519e-40 2.029667177650624e-81 -5.888478247954557e-40 -1.0596319635708423e-53 3.242798780943595e-47 1.0448411509976167e-66 -1.0288815463039419e-52 3.588691242981209e-49 -7.973299808847185e-66 1.600247866715784e-76 -1.6378577578294197e-25 -3.568176988060848e-49 -0.20449787232338645
2 3 -0.6375889234341026 0.34144596104455305 0.29671262618426936 -0.2996314152553087 -1.2621822720582687 0.00011424353106718088 -0.2871939208703792 0.071426139134924 0.36383262538499556 -0.036245251270009785 -0.17070160900844147 0.10437480371160773 -0.49282832608578264 0.0029532290660837786 -0.6035886293008859 1.2638698074569579 0.26927271107795436 -0.12725976977865514 0.2037767206168278 0.3414117918943124 -0.28441423268917937
2 3 0.0932642253113573 -0.39128342142323175 0.2301300742507187 0.06371469427589126 0.2988634251435515 0.135774743150985 0.17216664673655344 -0.5506499445846472 0.027855198179844737 -0.20971381394104083 0.3137163928605412 0.15671038858904004 0.23380506914653873 0.3303158062633549 -0.18232819760118418 0.327615159069709 0.07624408076548535 0.08045284460178906 0.3690745666314831 -0.04021284263253295 0.3108249403532499
2 3 0.23398423817192568 0.15513393739851525 -0.03951061486061719 0.14682190856406604 -0.13497568468386723 -0.14522124227696137 0.40062337156708794 -0.36731517670127695 -0.8129543563999783 0.01614609856346926 -0.16120939047693653 0.40316967074736876 0.028999795883463016 -0.2073354123608721 0.0701128775201624 -0.2373487725619815 0.09900562704279774 -0.059277584289232195 0.31654322613687225 -0.2783290807236871 -0.038728964226389516
2 3 0.8303926684369203 -0.8713016846588826 -0.07888160959619905 0.219985170467956 -0.1069144302517323 -0.3166169793784542 -0.622970662441936 0.13759905516990817 -0.0023506556806581675 0.1940000534513583 0.19207434912522142 -0.26173532700676094 0.37608508908242805 -0.7220234758135913 0.653528393289334 -0.061056104312944254 0.04870209847580129 0.06919499773045285 0.2600842011879841 -0.8713923873774634 -0.06007899368546707
2 3 0.028164313342368134 0.14605658292449852 0.15812342543471972 0.3264569435691381 -0.04565985943518827 0.15077773948158954 -0.24559555126072222 0.12174909972011322 0.2599586196000471 -0.11422920913928629 0.20537445845462732 -0.06449160080278503 0.14585000496590672 0.2700456199479441 -0.1775071713027052 0.10661064633734073 0.4688956489757581 0.13878435331208283 0.2812518143083922 0.200543562292335 0.054641641363008364
2 3 0.03679229341934759 -0.13008167273725604 -0.39859399419497116 0.2768933779948291 0.5793687143833838 0.11764666669888178 -0.36346634048274806 -0.3164048779987263 0.04177846698332434 0.26764496312710423 -0.11081693718620332 -0.02390653525690455 0.05683942813192948 0.2698708594614731 -0.14484124192572556 0.31673938996878226 -0.31725064753137894 -0.05077211897893673 0.0008025196350987799 -0.1245656219318818 -0.23637354238948724
2 3 -0.3935022120304785 0.5184735878948108 -0.13958752728357607 -0.5104181439006394 -1.1299166989912706 0.4255398167722922 0.1424858445068429 -0.1087296275211844 0.11459667295482452 0.44675376969682834 -0.24063371695641045 0.3336683761938676 -0.21970320437408047 -0.2812443524623501 0.4935251880189359 0.2928939484451108 -0.23446996678041557 0.17779152497256243 0.3791900244983721 -0.2626001594202237 0.21410518613110005
2 3 -0.3372674713298588 0.053950822507389806 0.042514733924765714 -0.009726521116509644 -1.0108499541010643 -0.33835312313522925 -0.10922674370716633 0.40462398370148384 -0.016429064112091624 0.39442385931652363 -0.5216972953166603 -0.33334543471992384 -0.15382232207964266 0.305974432329256 0.5032000822198606 -0.9567945277590056 0.13544920411636396 0.28374020683929785 0.36895067892627575 0.4330560184214564 0.22537911000172756
2 3 0.195328848928279 0.40470307780809195 0.03558455446709704 0.26180375825043484 -0.4557408344136005 -0.3551253916332063 -0.06049171999411742 -0.28411478738831536 -0.20277264173978257 0.25770642578844044 -0.11634499140556756 -0.14975344732026336 0.5000275131536033 -0.703985583690359 0.6880078453740736 -0.1360437926230875 -0.40217607011657847 0.06570040821436315 0.2823169656615107 -0.3624481148385283 -0.04789408333319416
2 3 -0.15728627777550697 0.11018127340639093 -0.46190651226601465 -0.2595115826698809 0.2705210047091377 -0.08312124877369119 0.25320194979871696 -0.17424878384696008 -0.2864898728022922 0.3572986617551286 -0.1404336801294501 -0.2697209429340914 0.04750103541207113 0.41598976577804353 0.6292252497196447 -0.7214440780433904 -0.1457018873944084 -0.2168444697143669 -0.2625644944191203 0.27052330893432913 0.020602758451266048
2 3 -0.19530224197234775 -4.82066938424975e-84 -0.05969060993314962 -0.2207419851485097 -3.412974717064967e-48 -0.19953468469796726 -0.04841329622490381 -0.255233930989118 0.029148797506289043 -3.61403785776986e-06 0.1316099929838191 0.017197633327517142 -0.003954931645501226 0.024496356802482848 -3.3644717311278666e-49 0.16200976196248926 -4.02048216832869e-07 2.541015961460395e-54 -3.7842295230569433e-26 0.1916639674766639 -0.20354961851987458
2 4 -0.4594275483433645 -0.8252952758128612 -0.0811090721943509 -0.7432707716946384 -2.7875936383716394e-61 -1.501298800919222 -0.8324983322936259 0.47425692559488897 -5.476579111421838e-20 -0.4809083273095153 0.23980550780081375 0.33130007671025996 -0.5762141912693065 -0.5604206150248295 0.4879017338756642 0.5197702296432231 0.44621923970427907 0.7015483477552994 -0.5987974207783955 0.30474389729400625 0.16242938252997718
3 2 -0.5528152073330255 0.31493849801396695 0.5149690374643666 0.10477093111900511 -0.1670860867677647 0.2117665265946235 0.4267468360784564 -0.2031166427507673 0.3009707833580341
3 2 -0.2161468704726263 -0.2663313475443687 -0.3559216900663559 -0.1462470475464578 0.37356862778822536 0.11129113960502941 -0.07106310824168667 -0.443923913145607 0.24456384057452224
3 2 -0.23608996303638957 0.03292862276691193 0.12167361745162117 0.3094533905571591 -0.12652942738877726 0.18625706320653324 -0.48245849016766773 -0.6616796180287233 -0.383660724839849
3 2 -0.13379117451955258 -0.11748992023373354 -0.19050217198020056 -0.2097039429864761 0.33750643508501166 -0.47148675444808175 0.3090974293038932 -0.12605813416299694 0.43320371374326655
3 2 0.4441220267617516 0.39586970002796984 0.3254774493993718 -0.7875545106821127 -0.007727153601481978 -0.08068607097626852 -0.1655692336780342 -0.04632735536841854 0.3953026083661888
3 2 -0.033755674526402775 -0.06973297246913315 0.25036099275170604 -0.415071093819498 -0.20762708074833175 0.3669273982086554 0.4388022976738008 -0.5931153182105858 -0.41904845567373006
3 2 0.4994670794993624 0.4374092469051097 -0.19167980750061497 0.17819585840138505 -0.3809414511535382 -0.06197201385876162 0.3881834886495075 -0.09565320466150837 0.2478272241444782
3 2 -0.03735579626102227 -0.05012187799339508 -0.48348581239858857 0.10522620405271371 0.3200032368694138 0.4945968752772076 -0.667735433639718 0.2839580644364659 -0.09722532763611698
3 2 -0.34969272265462326 -0.20065356880443186 0.024527118500384745 -0.04784168094853521 0.0002675731501562932 -0.2618372066203888 0.17717074367042104 -0.5027507210908708 -0.51469991599927
3 2 -0.30473240996044615 0.5673680084352958 -0.11781976567023483 -0.5907357951839372 0.08550230983790226 0.13458847873098045 -0.42272554559495257 0.27516448319970654 -0.24634016757294241
3 2 -0.4550756656093851 0.18525556580862132 0.22602313603048915 -0.4261327279633617 -0.37985411278155634 0.08790994500968057 0.1023625811365757 -0.22881681580425564 -0.25337867753716486
3 2 -0.5218210736430771 -0.35914040571853006 0.04343805235719354 -0.2573876226548562 -0.1309095168249767 0.47612526650938297 0.3083357870883005 0.22092398360599994 0.424012668625336
3 2 0.3553404740271044 -0.31361805722715164 0.3143838192417668 0.5834016780096271 0.30390603365568314 -0.0402928668213258 0.07309160960179355 -0.577657049730895 -0.18442655614916037
3 2 5.3945882157999525e-17 8.151583135829345e-44 3.103024943577717e-09 9.051886882355156e-11 4.199417876150295e-12 1.1932616317558782e-19 1.3713566448266275e-14 3.705807665299003e-51 -0.38543202211742233
3 2 0.17930722925602863 -0.16449117083166725 -0.28422509594408885 0.9048933650944876 -0.45609169830723895 -0.49577733137889396 -0.0031287515549843882 0.2095397460514582 0.0436332424893477
3 2 0.5690580952685633 -0.05713629365396507 -0.22837614964588576 0.1395238992938075 0.39856608202319366 -0.436512143059213 -0.5631420541028043 0.22754605999861496 -0.2394083474860153
3 2 0.06742369416883498 -0.43978414046787406 0.40978641675464667 0.26425926387883986 0.24308803632852513 0.19438006282944004 0.12377632118328176 0.06424594316506937 0.08753771162625236
3 2 -0.017867885936147746 0.5235335135557945 -0.09527552695925211 0.4835801176388812 0.3278912576327012 0.2533901306422399 -0.6474256982074451 0.2104586917655474 0.18343878851035098
3 2 0.0829278612763717 -0.19629724602346812 -0.06787707069019033 0.04457118213966152 -0.30146052104493126 0.2393319907418199 0.047188709760641115 0.1515275051728597 0.22588013693478065
3 2 -0.004922672367403958 0.32444447494824163 0.046743771429153876 0.16651291399413098 -0.21602221732713164 0.10932280415593623 -0.40348692272512 -0.17322298138273232 -0.14283351567711886
3 3 0.05556490566916723 0.17682050808472538 0.008482369508468965 0.11460222885896339 -0.28435282838421877 -0.05963179321498719 0.027112787736659164 -0.12872314308393332 0.23699168117045327 0.9429695832583593 -0.13589812709365043 0.3327263004056568 0.06282206568737335 -1.1016331458256537e-37 -0.32772717305826193 -0.23495758316096554 -0.4028447385421373 -0.43459248319957244 0.007070781487676342 -0.40163259391861933 -0.02584629839148981
3 3 0.48842249782645586 -0.37823416662437404 -0.23299029322807735 -0.0807883416851911 0.3896152741859551 0.04543132572094767 0.36754805767388793 0.23224251427969705 -0.3417049605049567 0.41324258322871543 -0.1889607476921577 -0.03251127940201776 -0.33938358488724446 1.835605084126168e-55 -0.11947939272736689 -0.2258045086483 0.1847754614952117 -0.37896156487754196 0.058132816049709046 -0.2590065313274289 0.5065412371929134
3 3 -0.732472043950732 0.005824353623873058 0.793938182334535 0.3947828808745266 -0.3013065516048806 -0.06785219304684759 -0.15037577114389974 -1.026668816766704 0.3054564195414551 2.880186066733277e-33 -0.8725349377523369 0.07947243078532312 0.03890664711607264 3.2285477578816297e-41 -0.1789011935265877 0.2893570839393731 0.04161526739659973 -0.527054574103544 -0.6770993278371142 0.44886162838333904 -0.05831916956439753
3 3 -0.30023932090027294 0.1582904955275762 -0.28819092012119224 0.06565633480591845 0.20831573463403374 -0.32332045537284204 -0.4020773410731973 -0.5169250291448134 -0.43886840739617256 -0.11500997578788498 -0.2272134531822835 -0.11118843616102703 0.3051384964631744 9.833446808787755e-44 -0.1796807558445627 -0.008692207919724066 0.6195317943915272 -0.25663323406531685 -0.23512908607247718 -0.4081586034835978 -0.14733283371581296
3 3 0.1803186338660225 -0.3071342964469743 0.176369830624747 -0.0512572567567196 -0.24191786020486372 0.08942475249662993 -0.12795185964136743 0.17376616469657738 0.1793866375133318 -0.3467665958259757 0.05045729759925938 0.41381483173714223 -0.21560440279524307 1.7394767753090522e-19 0.38542834991749203 0.35439531094533033 0.13134188628017174 0.4310415334676945 0.12335812776296047 -0.278541867392824 0.32182634779851377
3 3 0.3415166412397627 0.22168328187502448 -0.4516145622522505 -0.2053928673600206 0.1699376486573983 0.3107732006732407 0.23746433637068362 0.1432348097126866 0.04107124262942619 -0.4557964165159277 0.03671088817341543 -0.27463160063118863 0.08427524781022465 -3.2722975076947214e-27 -0.05642394499969728 -0.15350299148366472 0.01644916765440979 -0.04357882842379673 -0.16414219314756467 -0.2728684648054408 0.01376130883607061
3 3 0.14025037394596196 0.22009905752702877 -0.27316743778246283 0.24850390175835296 -0.23282713971130317 -0.02894562269345578 -0.3774716141231621 0.3433501230396843 0.35488343448902837 -0.40514928674662093 -0.4856200374670772 -0.020038709379944994 0.08827825909100624 -6.737749238951682e-61 -0.03797899819587744 -0.5386241522462091 -0.06300507719159905 -0.2131474014752253 0.30704511355432995 0.3341108218370709 -0.3612209036332817
3 3 -0.32724859518768673 0.25848351495596156 0.010101920964229414 -0.34549154137971105 -0.11203451190716712 0.26586845851600216 0.3278751754849902 0.21903584314290064 0.4177827410652665 -0.19424436401551648 0.32793277462794296 -0.18427341939843814 0.37800686703120556 6.977976900553586e-55 -0.30177785604464014 -0.2971374596249357 -0.37000614758027706 0.3109426541100322 -0.06247897313410661 0.26528788215661864 0.1290042399145684
3 3 -0.08111840521344117 -0.2742840948966841 0.34228299889726704 -0.27976744638573714 -0.04676505137775711 -0.8643263420279638 0.06598803175614677 0.07731441948698313 -0.15302608617307342 0.44101647380035075 -0.45333267634043173 -0.4718108530085098 0.0840408577701698 2.188721312063022e-43 0.48442027010640065 -0.04460552854679002 0.21102036021182527 0.39650313825089134 -0.21503418981517114 0.41564318684235096 0.2211003544823769
3 3 -0.11803717103901473 0.19129222867954276 -0.22215671905753928 0.12545949644611679 -0.03173416106953155 0.21771292961130526 0.3082766070019195 0.7552247565984364 -0.30878799395327095 -0.427549176765075 -0.13508008946845934 0.17958865865831355 -0.10022651590044902 1.6707835691476578e-17 -0.7212320460954698 -0.37732645075094584 0.18273241073209504 -0.8343400912267576 -0.38074734024214635 -0.41395404172644346 -0.18950132178561999
3 3 -0.6487513314643466 0.4297775738507012 0.800225748791453 -0.01587340840746896 0.21054295303074322 0.37150201523119425 0.4644317498805845 -0.49679235167477276 0.76653102308007 -0.4412347496949738 0.39952028055979055 -0.27783450998970105 0.6010538060178926 1.5979342852722945e-36 -0.4155465310762169 -0.199990838758502 -0.4766972725751751 -0.40958727324711947 -0.4096439227886152 0.31974126173273093 -0.13409592447735577
3 3 -0.09330717896461345 0.2602724521608003 0.0700024160974372 0.18188121450120262 -0.4092720630972445 -0.07510234266837862 -0.022842858905857785 0.09077651220260453 0.5910668023441109 -0.274386930516665 -0.18101370274195022 0.20627668708651697 0.3711748031231358 -3.4667721616588714e-21 0.053513577578395415 -0.1504184157477468 -0.352855307023161 -0.0028656963390415757 -0.12502381203594945 -0.39735703214172424 -0.08343170742645314
3 3 -0.1274073291771131 0.2212378520748852 0.3359472340823569 -0.004780963605634853 0.051042724295183514 -0.46911375738735844 -0.3253483119227237 0.4362107701186872 -0.17905397634640557 -1.0382507291427316 -0.09793287497880988 -0.18547855622144843 0.08370476898664142 6.007238476220258e-27 0.16332310682456533 -0.41990798196230894 -0.7160460120563765 -0.5640835961548982 0.2662675915399976 -0.008554622332703045 -0.2800290920711551
3 3 0.03310098518805009 0.03472513662480087 0.33828877630654647 0.3025184953050049 -0.938431225538184 -0.45339483680814946 0.6983034983963794 -0.12544392443344418 -0.10600393627910688 0.31602219717595803 0.2907172134412466 0.3124962193190282 -0.24967182325094137 -1.3738549978113124e-14 0.1243427423139763 0.556174436001221 0.3061170221346075 0.2759677593905963 0.12240761555407607 -0.30114919190647876 -0.2395029799354583
3 3 0.18040484112911606 -0.025639354874504496 -0.07752340180396836 -0.2647257772142299 -0.2956826283105417 0.1738147530058383 -0.05103128803404066 0.46618118107890427 -0.5346174257656604 0.06694445455122601 -0.16357647184850535 -0.0078067496878030575 0.2599027097818808 -1.1365768932514156e-60 0.21712580457844874 -0.09924600362060716 0.192498131352197 0.3181130062989007 -0.046602130592635294 -0.128016410496433 0.3885553274553305
3 3 -2.8683950384133154e-56 -0.06751186483851193 -6.130628630555668e-17 -0.00693694317613587 0.0040367817667976294 0.047588657802564244 0.06317975996158241 -6.909232647489104e-59 0.06758779140275886 1.1953868470346617e-35 -7.972279653055061e-12 -0.03335785094881082 -0.012997337133169168 -2.3413214161880133e-19 -4.4106900924787823e-07 -2.3312415795869763e-24 -1.0984587623562898e-27 -3.212378820771665e-19 -1.9850526727709143e-11 8.656842118009826e-43 -0.12484402432004614
3 3 -0.03427981235626108 0.280676134501941 0.08847513439113347 0.4483371822819459 0.3800002470816268 0.21546123631253214 0.03199101198994734 -0.15389154741042613 0.41791849201317427 -0.13273848268331903 0.22138412800177912 -0.2521674948279957 0.13166620076427032 -5.0075790391205855e-14 -0.33191071397945426 -0.06335849448818219 -0.04495818034689861 0.02466230242413066 -0.24495113877438557 0.08052609334976486 -0.31521757161177444
3 3 -0.021358560514733775 -0.11610669717269638 -0.5132754027357251 0.3535251632245021 -0.10594321717843333 0.024580248718025874 0.4485826354692807 0.0905197594543011 -0.3996903398496139 -0.12149635545288402 -0.014113081516764613 -0.0846025949189159 0.18364831383021282 2.3832119628114376e-60 -0.4296804234776366 -0.05472027741705397 -0.16851053565674223 -0.2750265592533739 0.08012239593569272 0.17183745799710562 0.23765216038235668
3 3 -0.19494582948626843 -0.02165129265697866 -0.3113797158693983 -0.18816840780922275 0.10109689534960427 -0.28949797800343585 7.300295172318936e-15 1.8288274219986688e-57 0.325927618556092 -2.6854090983540255e-55 0.2927550015198613 0.15220612278646012 0.22344137129474406 4.7921683223525893e-54 -0.31661697709029196 -7.6918794415232625e-56 -0.40648678430297475 -2.6616370121273264e-49 -0.3974846849068604 -0.26403124482301366 -0.18423618102834377
3 3 0.22639602842940043 -0.04332483935336555 0.48548505788482177 -0.22101582672307676 0.2767974396872637 0.40501117907972944 0.13206577798380253 -0.6266922411050004 0.42585371189330734 -0.13093950812770766 0.31363150883046703 0.4612742874471135 0.47697905733302054 6.425847588575808e-46 -0.05385584319770796 -0.8188044975145777 -0.2056821132115596 -0.2667866508743671 0.1541669106388177 -0.07843123701573154 0.053150385571572194
3 4 0.13567471730118574 0.8185488551046288 1.386728550281407 0.7667731961771714 -0.4243289071701952 0.1552858845519806 0.49215041212342786 -0.6572988752215722 0.24687917459861686 0.8282145337179629 -0.9314336942559889 -0.5855491715598109 0.4534347731742507 -0.4955068269785243 0.1136358633415382 9.717312330454391e-21 -0.6454424077348149 0.676103132957927 0.3368700294932864 -0.3970548604049013 0.48878177485026436
4 2 -0.13808478124841272 -0.10404369563362009 -0.1844308245495402 -0.06025236645376525 -0.15049050076698534 -0.4461049068861572 0.27795585707556597 0.06477481914453259 0.4272105618694597
4 2 0.18536759721585958 -0.012873248364191072 0.2842088076663103 -0.20183863640110253 -0.1318311980516463 -0.13268622501280616 0.23295437637331334 -0.6856641307142826 0.013143473249311559
4 2 -0.3222512983397487 -0.3754459680595735 0.3056476807482969 0.09335581788051067 -0.5062588468227339 -0.4314846173083318 0.3838880056669301 0.19883942735988802 0.10707594091115584
4 2 -0.4577932861148407 -0.3151424397585792 0.3810262209788371 -0.24738490319491016 0.27798460033501615 0.44837264853576303 0.04376236269959229 0.3068045422062892 0.29530820368396865
4 2 -0.3218654566305464 0.5067181527461286 0.046320755809718485 0.3952329488980505 -0.2427243143301988 0.5119003646813539 0.6461290775711812 0.3867013636500989 -0.3108989539722285
4 2 0.348209710348255 0.11771497073260317 -0.22012225888836004 -0.05270067751245599 -0.21142155765937512 -0.20395000018397905 -0.2850627850146201 -0.03269941970825456 0.5027161615894765
4 2 -0.3612488548594362 -0.22750500846386013 -0.2934881522299071 0.29300568841171565 -0.11014768888051706 -0.06523996952282 -0.2389895741123282 -0.4587998054791386 -0.10488653601392361
4 2 -0.301201329216936 0.6174326892170596 0.2762310397016428 0.1287284648943729 0.3610355090334866 0.4716188316943289 -0.11850935587209702 0.38505080556818816 0.22240387682222812
4 2 -0.04769374402113785 0.3551394500959479 0.011541465903023395 -0.5446977408297808 0.2458621585398772 -0.10753221274605217 0.05270205447139389 -0.5495409027826208 -0.2544229490773851
4 2 -0.3364947416201362 -0.47863738973273245 0.29035942652011915 -0.33263334475775247 0.31756959802006895 0.23494602621571636 -0.397730541638533 -0.40450277708982124 -0.526328258626946
4 2 0.38665389989328824 -0.10997369353440775 -0.3385253838284052 -0.14258987093481493 0.13789955522041356 -0.43060781974631046 -0.020889048424488865 0.000690999568908793 0.4217620236236257
4 2 -0.041418990459081054 0.2747825580729742 0.17427107920342327 -0.042470569880223324 0.018036060167239396 0.02913640276359779 0.2505350477162372 -0.6900188953967131 0.18033752270830258
4 2 -0.287812434622493 0.06502242612360992 -0.34567650113691806 -0.37585008561058736 0.37468487027906394 0.46543476678582246 0.2346980961745321 -0.03440366299539159 0.1958246290807039
4 2 -0.07998563885158975 -0.6354629569998899 0.035520424650264705 -0.21585492102627185 -0.18024377570934036 -0.5913759549500108 0.014106593230445845 0.190531008831356 -0.3602638976273376
4 2 -0.447545521102496 -0.1522827859466994 -0.3113009650071431 -0.23179707344998776 0.21593445887032453 0.08413895307562903 -0.2576276720104404 0.24396665742496265 0.4803676683914123
4 2 -0.5473779985859356 -0.4796501089731629 -0.1678070465975205 0.026322713584709577 -0.36343840232428665 -0.1849630387984402 0.5284808946060062 -0.19195147674693966 -0.39055643734313916
4 2 0.39209659822143006 -0.008332370186050415 -0.4636736376535623 0.14372210289267 0.09452862300765749 -0.13629459821942175 -0.33490650681002343 -0.4375697122265979 -0.35229031933165894
4 2 0.20102565364695335 0.21138068254801062 0.20654096745971443 -0.5007504126147858 -0.09444562866144256 0.22487560169824616 0.13148501552679492 0.15004975486308028 0.44490238233607593
4 2 -0.2990678153309014 0.3773275996904865 0.1847690255018809 -0.43643150091273974 0.1422724738422482 0.3424291612003692 -0.36908102150141997 -0.1313076882699651 -0.36969226310723013
4 2 -0.18321544816898877 0.1620068874908043 -0.16046418704203744 0.27704647584611763 -0.30489964674482806 -0.48290992581781444 -0.3040502128393145 0.4874995297711143 -0.18655106247492267
4 3 -0.11904103884339169 0.49117235259332787 -0.3232604113339847 -0.4972299464240707 -0.3172742963981083 -0.16766096094130045 0.10099633954806404 0.3882445124715944 0.4170600112768233 -0.07411025428439184 0.07815432811991765 0.5382248597189865 -0.2856269123967111 0.4060968267786055 -0.22693337891684953 -0.09288469273381625 0.43469944471916067 0.25088368144257245 -0.5334731437508456 0.48377244015690046 -0.07034350117033147
4 3 0.05412602338108586 0.18054294146619476 0.029307354616733682 0.28876733921895886 0.3602125281497884 0.18750259628847454 -0.3081964144242155 0.6065407970011085 -0.2590970044391507 -0.40166144054013203 -0.06351940254077248 -0.03527761518309493 0.19584508053462596 -0.18219490053841272 -0.09520677343693676 -0.17871255447988144 0.017261099670195124 0.21395037842068482 -0.027681020033807697 0.22022861244414654 -0.337518937049004
4 3 0.15702271504953658 0.2402318908792617 -0.4195886974293733 -0.14410739596190644 -0.5634866460222985 -0.022638964059842268 -0.050372464642606946 -0.1545842347948447 -0.45749164164879025 0.4949128128554484 -0.372911513473819 0.34222369637494643 -0.1571771955599535 0.24930978520876318 0.08951515935208262 0.41312092500309316 0.13821020179601964 0.11923210804634397 0.4780188104461166 0.3129248516652913 0.04575341822621394
4 3 0.055238784247161485 0.06094137092280657 -0.020476631736326318 0.25811246565543366 -0.11257532568246623 0.3031220458670143 -0.27424347139076166 -0.05847888712692566 0.23622960940418422 0.17148888646726274 0.05730956452473498 -0.2914936545923193 0.02063187576776057 -0.22997852531870416 -0.1267316267309349 0.1708190043895938 -0.16989018072960474 0.12424009402632662 -0.5597580032701618 0.3692711460323618 0.4871359234111574
4 3 0.06789851663616385 -0.522851613870212 -0.2553646350861346 0.145727492876515 0.45615770344548995 0.2613306807192954 0.20182541241991492 -0.2725502159253464 -0.13016597324812337 -0.010815583281319272 0.027566946291734225 0.2953596390704745 -0.14673164855629808 -0.42286480733858234 0.25472719293746604 -0.31871324768767173 0.04039692324457085 0.379153456348945 0.19165605485715928 0.19890043290264414 -0.10680464142051015
4 3 0.12446437782346252 0.46505100723 0.20297767647610648 0.19191781258917698 0.07623351448747687 -0.002473078873900735 0.4518540922614449 -0.0647360328889813 -0.13579655039883337 -0.11034476533490818 0.24754871797115505 0.3865148308354309 0.1778246935140519 -0.036173601322983716 0.13784572683822205 0.14271258643487386 0.3484983312801021 0.24166247263359483 0.3370922338049389 -0.2121799281205571 0.07272058211361028
4 3 0.012998410359689488 0.28203073503711346 0.15436133741751393 0.089809695001175 -0.11208018565177318 0.3464407702562487 -0.35941434937459604 0.6178543923017955 -0.5151402649039002 -0.8381801024927537 0.14553479720798917 -0.0901067596973313 -0.18894918518878134 -0.33286864923070697 -0.22435135554554184 -0.4288938019873965 0.2780634190267197 0.4983812361632824 0.645445100223966 -0.2986379520398861 -0.10339509692088698
4 3 -0.24488015656886686 0.3501236171441625 -0.3033945341081448 -0.3717103528930868 -0.4944711909196416 0.1273674876037021 0.3784955296297755 0.013036472434396072 -0.3031115524495189 0.07847969295083218 -0.16592542521653264 0.43386450751376104 -0.028680614524484702 -0.028003430267618448 -0.024154343548194408 0.34525236860899544 -0.29277127006105164 -0.28784434688579696 -0.21143496048206392 -0.3496343906798043 -0.03803335220792765
4 3 0.4369071801951991 0.09950149778856761 -0.0571120888927408 0.4261762495153146 0.30451712794581653 0.24071548597765283 -0.4223259126919654 -0.22362062586089493 -0.4556555082103132 -0.3050428139286267 0.34615397990764823 0.11654352560015195 0.025523340015252027 0.2808305500777643 -0.06779872873058902 -0.434153384087926 -0.1569407863787407 0.03453062771760414 -0.10999248897201444 -0.025147820953417995 0.20082684263364373
4 3 -1.4427898477699885e-22 -8.369117019318864e-18 -8.052734909023014e-25 1.0960570588471889e-16 -5.073735493505297e-16 -3.248415620771897e-13 -1.962976069817915e-56 6.175009847893917e-41 8.876144566323789e-14 -6.1389424806657116e-18 -1.1448441345919392e-14 3.5011985492671407e-31 -1.2012548979113738e-25 6.809222256975058e-31 2.0880949007920118e-56 -2.3941445622340278e-21 2.5199938718358808e-39 1.451226153042465e-17 2.2441306562595896e-18 -1.1336407713167453e-21 -0.2512059731658295
4 3 0.03951033340005551 0.08300156103168546 0.24355263884811446 0.355685075084266 0.41314544528186575 -0.12029203323995667 0.16819027414504764 -0.2804620859870951 -0.23864252840979563 0.004385128527067845 -0.1939828103293703 -0.18194457140369083 -0.3897512113900538 0.16404590262423988 -0.18158901550083958 0.1541126774966264 -0.2908140395660541 -0.02391037574054475 -0.2512536714786792 0.21935337969251253 0.35466174252000277
4 3 0.0021938155928347036 0.3425643200505941 -0.3672034088549708 -0.19379524552272434 -0.6940096202418833 -0.31828918030376674 0.4807732987288522 -0.11770787798464086 -0.027104718414112158 0.34002112086103403 -0.16018103991630814 0.2968117811521831 0.09422249005960177 0.0877706314017864 -0.49325892604887545 -0.05473950155615806 0.3043610781082427 -0.2793192095907267 0.47410702685870054 -0.42443363951092045 0.04559019961846796
4 3 -0.21291819631838324 -0.035181772918707235 -0.3247789524207927 -0.5185769533362335 0.18306573128985584 0.10179815762242042 0.22623544676661556 -0.30746952426795193 -0.13316296543415204 0.27997779524743804 -0.30451970360886793 0.32529986693572965 -0.29025830661373964 0.6140933181200596 -0.05242558723568096 -0.039885522075510535 0.434077785994192 0.30942654858183705 -0.556207369948273 0.2774258022150488 -0.12062035301095066
4 3 0.4037650928691769 -0.32185327483996773 0.18939603210778455 0.531145922398132 0.35763766247418455 0.3288480260767789 -0.2667630621379276 -0.5514004385277936 -0.20644780870168997 -0.0911068581384913 0.08817983500011069 -0.6885077551024694 -0.2464724204991297 -0.034409530930763876 0.4360741503655735 -0.09686977915490431 -0.29403068907363666 0.08143804740934864 0.7602673297823613 0.11025086174599912 -0.03895479338880797
4 3 -0.01701464870341666 0.2937819476426299 0.0421356719772881 0.020227775881179563 -0.15585984402405934 0.0024281178684450165 -0.37993393273884807 0.04032262837732297 -0.6923837294669632 -0.3155756585612736 -0.2670692847073501 -0.02622765930232306 0.27029452416637556 -0.3248866897035421 -0.03850193610779224 -0.4950580347363676 0.09041370717836739 0.6219442665248669 -0.13718232476168943 -0.2627054627230466 0.3105200527872622
4 3 0.4542520691415195 0.19489171938713418 0.48826808091857926 0.15291586239074667 0.4936163316473094 0.46864449477579856 -0.4036717108875826 0.03804299766842593 -0.3514098654265161 -0.5930135597638136 0.1088460102078048 -0.37641315269857645 0.13798150033406664 -0.07471403333828705 -0.1485817447459237 -0.3990787299098925 -0.1810634360952635 0.4393177315067668 -0.1993267226770858 0.3786824154536987 0.37560477649459667
4 3 -0.045584796074322226 -0.03376858013728165 0.09772811928222738 -0.04687413033949807 0.7366692908568856 0.3838784531161645 0.07836406245995213 0.2864342510049789 0.37466381768753015 0.4859304550396617 0.2918532435731423 0.08864537877439307 -0.2158339483389539 -0.7673815080971268 -0.03855434893419757 0.2598564386992027 0.16265731181402898 -0.38554118945072996 -0.2019017152068158 -0.3279496618566985 -0.3138507762051378
4 3 0.33797355558418646 0.20509055323975714 0.09343127775120706 0.013030649693846019 -0.03573477397163919 0.007393098082611168 0.10541688538748878 0.0278595466399466 -0.030546160314354788 -0.32775094338328103 -0.28742726904515026 -0.24133197881465096 -0.20447601050754413 -0.2848708753221927 0.10832351009581853 0.22818335034043316 0.13274232795581986 0.3480600184300644 -0.5563108199475916 0.2746187381176869 0.4465838420116651
4 3 -0.3436018710552134 0.34167020222880806 0.252173402725907 -0.18798531121833745 0.18628023891287204 -0.304642579309608 0.44067793478389383 -0.18806533985813062 0.5896775680949683 0.37447281673518656 -0.24516653519921364 0.4743005914382202 0.0611076855941512 0.4151488015243548 -0.2761452238534582 0.4957064918695954 0.18320550097997876 -0.5441673799852091 0.08950812669455592 -0.49535446091366736 0.09927831756440783
4 3 0.15002012456949998 -0.6346850414933861 -0.20348484726852603 0.31183990098746756 0.3750487204223082 0.35823179050074494 -0.12988810440758652 -0.0741584136873445 -0.7057294393953594 0.14929605303842605 0.11101402772074535 -0.4872386350590943 -0.028208493555842644 -0.8484214881477175 0.40437181336266753 0.15331603691339593 -0.22878880897778017 -0.008939011332148803 0.06148225442068806 -0.19130575311970172 -0.0839237850278824
4 4 -0.7426349790131617 -0.2846095749798901 -0.44481842666830856 0.4057629400664233 0.553549309959593 -0.18240846819640216 0.3727972706220458 -0.49836129656207245 0.3816697927352407 -1.3895411569078275e-62 0.3159625079619858 -0.7344230029691636 -0.8945559356922798 -1.0577983278625165 0.6915998177482383 0.2897398221392403 0.20129485978956818 0.12612143762490563 -0.4861796965712218 -0.5332555547405619 0.04289214336695908
5 2 -0.5676018707667181 0.45121251904522375 -0.023294854588750843 0.39416651088255206 -0.5503703172645141 -0.6659536869756709 -0.15538733579573308 -0.15575232949440868 -0.39831968551345986
5 2 -0.41882873973421836 -0.4179787087185229 -0.15662245217491444 -0.40094693997944375 -0.308255033800688 0.16131395617422276 -0.16590221116966936 0.39864565804702023 -0.3098302971984176
5 2 -0.2755830394332088 0.4617612560136869 -0.2501997477531122 0.12458619142493131 -0.11691688253382812 -0.15461284005540415 0.3012532760005279 -0.3065285990031586 -0.3784192925020697
5 2 0.294878606250876 0.17331710480026002 0.16366506930924393 -0.6487288587799177 -0.24028264122431198 -0.47758518172794157 0.1736657589986016 -0.12396490290621726 0.023858314763279095
5 2 0.1161541784916953 -0.4871776201431017 -0.1906298164767915 -0.5303404516750237 0.3445040674165754 -0.14632797302701797 0.37972693985560346 -0.11205795011697169 -0.49157023166770153
5 2 0.25929371018898123 -0.36919684240645784 0.07644661118810148 -0.4786868410253059 -0.569020993001073 -0.04163394533355134 -0.14762935794870902 0.5563509478491812 0.6084532365246462
5 2 -0.052041392170362286 0.588228184018393 0.03508001848740862 0.07003755941065984 0.33125925444134885 0.4976732979309675 -0.3406718260112412 0.4458591658719845 0.07948041753183765
5 2 0.05856791860621163 -0.4410963613784145 -0.0962775314833886 0.3601014224884854 0.204225326760818 -0.09079200530879072 0.46836132460621677 -0.23297363701242715 -0.11578636050949784
5 2 -0.23595088234578906 0.3257523302325233 0.16960863036389653 0.47503356486969883 -0.2297796843557444 -0.04205471116452533 -0.23132102019210887 -0.12639923513960227 -0.1641957381118019
5 2 -0.3598831662438208 0.14942377682272193 0.09031940339043744 0.45366381040129594 -0.5640212298718842 0.05359405776616349 -0.31331721821851694 -0.12288453660028009 0.11151717981887692
5 2 -2.982027089239488e-08 4.091099352223443e-08 2.1270341127672877e-18 7.015905250879504e-07 4.525382287413643e-17 9.594420634860692e-14 1.4058858260673174e-12 -8.70802447959654e-26 -0.4037271525582986
5 2 -0.09269604107122086 0.4296910348182488 0.1548763214672599 0.10284838585814911 -0.28470314914354705 -0.42577134583035336 -0.5366605410032239 0.21362197694204207 0.34319115593984256
5 2 0.4882326373658254 0.3325579998398144 0.1865008517746205 0.5277874184370949 0.3480084825398107 -0.0122985725163068 -0.5078041452357029 0.0612042149944044 -0.009804426227304586
5 2 -0.259474843652653 0.21776600465619816 0.5317429287611288 0.18861773243084642 -0.5379240265042611 0.3404627321811537 -0.2719405377522734 0.2985995924404074 0.14061618996770842
5 2 -0.3519668739829554 -0.11379093251520311 -0.361478834160072 0.5985736697612 -0.5124070442195285 -0.4012163797565425 -0.036739786618465275 0.12305811420429637 -0.08904586958636747
5 2 0.31435623987026234 -0.028984139348135894 0.3440482022747411 -0.5742456572709036 0.5278344061549438 -0.18945822924854308 0.29197658425324813 0.23091345954941742 -0.26265658721880786
5 2 -0.23223529714417313 -0.3477262014474766 0.2516130890986344 -0.2050789955668215 -0.141362546634098 0.08794996469330048 -0.1058526117410763 -0.6585518370853835 -0.1981134908722226
5 2 -0.013976105107355686 0.26107243446055406 -0.45028691181434427 0.027808873370584398 0.14742456803098097 0.08262708592180584 0.13770910130490516 0.3355787249814297 0.1870454090098956
5 2 0.6483222816127383 0.479433330496767 -0.2678742607963101 -0.1173252031857925 -0.3406686933292029 -0.22669807309106718 0.319055992076823 -0.3528436334625827 -0.04914089229179571
5 2 -0.10654364121467655 -0.042354145905020776 0.08650489438341369 -0.07001802113702327 -0.2875356811752106 0.09028548508384711 -0.5090986793357077 -0.906571452940158 -0.06112066252315584
5 3 0.4678763474857167 0.1819586413645501 0.24193594107064828 -0.23465645405765942 0.24169623508745094 -0.5474754819868355 0.052706442569517925 -0.33639628128735366 0.27919007131300105 -0.22212492761354052 2.2980661903421896e-09 0.4249527936660842 0.5423968044330623 -0.29168200050994886 0.009781555223863739 -0.07245391447763946 0.21921156961904892 0.024594974946442347 0.11594893467968011 -0.038094538792677886 -0.34695641850039505
5 3 -0.11758995302774305 -0.2039915542773745 -0.4393416074765275 0.2277464327203214 -0.3458530774521042 0.513734581088086 0.00699559694278246 -0.5944702247334407 -0.41055031391326496 0.3842292966928485 -3.71462871248506e-09 0.22822291091215746 -0.29184447803150204 -0.20615366174942187 -0.08287592197548518 0.28254777781709006 0.23958172929790247 0.10110270342490009 0.005681621762968123 0.23236439873957876 0.13905204392518325
5 3 9.784762175909348e-11 9.309786401553576e-19 1.3612512384834385e-50 -4.430165703598875e-09 -1.457480212739988e-14 8.136146969533615e-36 -1.4513138409173566e-24 6.988154089237658e-15 -7.3943720272519e-41 -4.6254165704879963e-20 -2.974524371146238e-24 2.321005912324323e-22 -4.068284811125668e-09 -4.9269662984031645e-39 -3.632453342305087e-34 -1.8278873171017914e-18 -5.534769255392514e-46 -2.042374527065012e-30 1.111930088650963e-37 7.034583566522556e-40 -0.21499666056273167
5 3 -0.21094489777354664 0.07666912908686599 0.5109928866951732 0.1834995018846091 0.3199272812256106 -0.13878304090696983 0.06602002453577896 0.3192990287470115 0.038797310455711616 0.2812950771114483 -8.401411849713439e-10 -0.39117144721300645 0.43923861355372745 -0.11950326792588395 0.3623754942498285 -0.05016210584187963 0.29522910308511485 -0.028013109221303577 0.2871028968996898 0.24537613402796113 0.01924330829161661
5 3 6.55246213803128e-09 -1.9441376776714684e-13 -1.6430587954281927e-42 2.155995121489598e-42 5.076141817006402e-16 -6.0244028394006814e-49 -8.76910661374146e-50 -2.147349452088968e-08 2.4392646721480476e-10 -5.476359263457883e-11 -6.284307582771733e-41 8.151896217565092e-15 -7.571685552297198e-15 -1.2723127941793124e-20 6.903904499421223e-14 -4.598796164848972e-09 1.6506323494618395e-24 -2.2842269905397795e-31 -3.1717386052904003e-09 -9.191511840496728e-13 -0.23117035486592413
5 3 -0.33247214861605334 0.3998788149006719 0.06206024028835355 0.36239517150976264 0.03629214630331311 0.39931164481032894 -0.26793828645424916 -0.0021911636187689006 0.09839220747093834 0.1977925237193354 -7.41375678023696e-34 -0.07033040428205636 0.4269573534211186 0.5856704905893296 0.15367069408763803 0.05460658428490483 -0.3597090560531543 -0.46461425380434956 0.40053443093156843 -0.05089756176658258 -0.2900698110356642
5 3 -0.9015728455923333 0.21824248918002917 -1.133618381118529 -0.5206031549560179 0.22309387279207307 0.5319895729258167 -0.43804363497694226 -0.3612808833098962 -0.04820636751369861 -0.018057185662116036 -6.237438809764498e-18 0.019649375670745428 -0.6022862716279519 0.1580329789312841 -0.412036363795858 0.6361197591491986 0.3090911848238605 -0.6154262825527196 -0.4805555919636915 0.10498768050489676 0.07129803258115526
5 3 0.10658554279595277 -0.03515396733967332 0.45992111871969416 0.029763862677834638 -0.3352418240488121 0.15357581854925992 -0.23194464479707258 -0.2345145043824961 0.36449507477640364 0.2665115907123307 4.2713461083399313e-10 -0.13370656505701797 0.2940517935262223 0.15652389787001192 -0.20089880248532271 -0.7309051877495688 0.11098617390762833 -0.1892792033558065 -0.07164239691909727 0.08057444121617773 0.09490570202685247
5 3 0.07776271428265791 0.3902892635809758 0.05129331824793172 -0.07503987379252962 0.019211453539129068 0.6427134589145732 0.7047701943853582 0.09692037356260173 -0.02777056428359707 -0.0016121541366390542 -1.2321877504095925e-21 0.07773552516896182 0.3548397062966514 0.538591866946583 -0.026082318723639124 -0.06520524626097199 -0.6016792530770003 0.3733261276255716 -0.6382457344104375 -0.4372748575306513 0.3159588673853365
5 3 -0.253959757435438 -0.3229751694463626 0.3767504222320312 -0.23613157075785526 0.04137093886770648 0.05421633090388019 0.28701505324493304 0.6233307655090013 0.23995307643579042 0.23675230047749093 -4.746078202126587e-10 0.2741840858809815 -0.06849349306541239 0.5499395862025767 -0.08460670255311883 7.87737603338748e-20 -0.16022378526502118 0.2632152885714112 -0.5094759268898242 0.23826523141928366 -0.2980916239363914
5 3 4.060164010860811e-34 -3.426413067755646e-14 6.635646238078092e-09 0.17610180960928926 0.18233771685211875 -0.19894429340329078 5.2274970272319365e-20 -0.1577923878940547 5.418717664613756e-16 3.6854995168933606e-15 3.994956661069922e-10 -1.3968177161025379e-09 0.3334479082462791 -1.452536549113819e-31 -6.264680890516243e-13 0.1659883450138551 -0.17164749921591116 -0.20371388307713106 -0.3698431678316966 -1.278663851756986e-08 -0.08663036681833967
5 3 -0.1586123989865409 -0.012990363868634338 -0.04062752679052022 0.26356917879577607 -0.09790859745530234 -0.8374431193083909 -0.8770663174401151 0.34830213490958234 0.05303610014087153 0.21746130801806016 -3.32189214195101e-08 -0.11298702690950066 -0.9852425886315685 -0.3718141773312067 -0.10745594601609207 -0.06854327812474052 0.45022756405879527 -0.24223775866462763 0.3338643332258668 0.6722934893039376 -0.43025123950315597
5 3 -0.15769149653180117 0.20308693138755637 -0.16045278658625792 -0.12938769662158608 -0.0680236349196344 0.009550782783790112 -0.23018210591823962 0.2780651515986864 0.5209140646868861 0.41315455508902155 -1.0815844464562973e-11 -0.07891359563797896 0.18721188358817845 0.04198421419067505 0.009758058547169853 -0.6232772152264694 0.3579928328406282 -0.34505733280571343 0.08304730834221656 0.4174684268633615 -0.29542455190927563
5 3 -0.3560813145406162 -2.082897306395145e-10 -0.17732690086440753 -0.055801748763729245 2.004186526247333e-46 -0.12414182605000561 2.3090253321738925e-14 0.11970579237697185 0.08368413111503718 -0.15721762416639765 -1.1866925770354228e-09 0.2872331607628937 0.14443434717782686 0.32147432349335026 -0.0682825976891087 -2.0668021655382237e-45 0.19161134117811188 4.045642038668114e-09 -0.0029487999723642275 -0.24691141458694568 -0.15850097874056743
5 3 -0.1847827336443914 -0.2786132362183308 -0.1611691616498181 -0.5013903405545478 0.4625782265077355 0.15391351096907477 0.1973964682458084 -0.24273588727144155 0.1661702874108645 0.12355811037739775 1.4094212535077742e-35 -0.09326677469115224 -0.14783492209610882 -0.10558664388751306 0.16630867073778605 0.44290257173473424 0.08966386722624181 0.1924349961251939 -0.3726355602240468 -0.007650758345640928 0.15774927657513518
5 3 0.04019928907004347 0.10833666704444181 0.2205190859394382 -0.2004610760599705 0.24317132786728532 -0.34125388431884773 -0.22807460814435557 0.3149123691687146 -0.12367907012812111 0.022859427321687165 -1.4313862742110514e-08 -0.3686125749860153 -0.41724471621737796 0.053360746763552756 -0.3257337987614777 0.30168170726613197 0.34418660485245395 -0.3378415114571049 0.02662803559320841 0.596214530595176 -0.04156312404638782
5 3 -0.01984089127610525 -0.16924636652672992 -0.4600095904919986 -0.10164504760494335 0.2440304234642669 0.5200637286873461 -0.05626360822070384 0.10398390250021586 -0.2960128396580329 -0.2003172957814886 -2.46965450224018e-33 0.43541303683150506 0.050275771276519964 0.06723676986035887 -0.07646181910313089 0.24181147958018992 -0.2321943868214888 -0.02267337824711524 0.312324221872121 -0.19274386989534564 0.4310613444193528
5 3 4.3603457232445153e-38 -1.316924605383217e-09 4.959126941002469e-25 -1.1467054731693628e-13 8.286170910454447e-13 7.78690645086575e-15 2.1746765169938964e-08 -3.443048187876206e-32 -4.4702053909529946e-11 -4.934219770140974e-09 4.2484520498409e-18 -4.164384838215879e-18 -8.527799226837919e-09 7.129570382552081e-11 6.802989106782437e-47 2.8357753537872932e-09 6.393118253428791e-27 -9.600948110215933e-22 2.3882364643339684e-16 -1.127826597501901e-48 -0.2699178507584258
5 3 -0.22786182623331128 -0.1413549067820456 0.28113022086585043 0.212218016383851 -0.23644231789501943 -0.003374074937957606 -0.08838685614296869 -0.15916208099958787 -0.5087352247498841 0.4669847610356668 -6.703909138958035e-23 -0.02126609538180323 -0.5474383543122074 0.29439089867888046 0.26611763612642403 -0.046405009215798466 0.11020263885443689 -0.09950284931118103 0.21645411832431094 -0.10842664192941603 -0.3720726774341954
5 3 0.7865741924346776 -0.2020686454445642 -0.6008123732242807 -0.20607499777064708 -0.16472032230121353 0.4144945168535587 -0.17653222165029753 -0.2811205424809524 -0.8180762731157865 -0.10722300429840001 5.401704970906034e-47 0.038913455006039294 -0.2700036871388258 0.12639287031686108 -0.5383944407863702 0.4619626670627162 0.17315215895137492 0.5232851865073718 0.3333674382270627 -0.38529471177630903 0.15006226985131169
5 4 0.27497786892905574 0.48727714588780313 1.2452104490785132e-41 -0.36182396182561366 -1.988433834231864e-06 -0.27368902103519877 0.4461771883757249 -0.35621067527846006 -0.7354350155617603 0.7193565188801627 -0.23413739821846166 -0.7320557384612961 -0.7345588643469392 0.06505741342887555 0.666084058225823 -0.8145378845898962 0.29292432051255296 1.9533044412847287e-25 0.6219198324579973 0.9431526057986137 0.18832684732505667
