Number of NNs: 3
NN configuration 1: 8 20 20 1
NN configuration 2: 8 20 20 1
NN configuration 3: 8 20 20 1
NN Layer Weights Bias
1 2 -0.19246042039987882 0.22395143255407998 -0.323967414114238 0.1573529615883601 -0.4253520896260351 -0.10640918003415364 -0.4100867609817834 0.2565589141348165 0.42528077452996704
1 2 0.2214575037427147 -0.026311289808091654 -0.570357638491929 -0.31140406005828913 -0.11560476181599867 -0.09415588385367324 -0.1496792011079437 -0.6782285782903104 -0.15513583900160924
1 2 0.041601070474116715 -0.365938607588146 -0.05451498629982618 -0.7323747022570313 0.10444372557777604 0.03236555689608331 -0.06380072855913067 0.3106101171376111 0.11475126236461464
1 2 -0.42301535425983344 -0.039105050832729506 0.12151986578884477 0.676172935784176 0.45835069015481045 -0.24117010379499024 0.4870435939012775 0.034096399637373015 0.2816188539474675
1 2 0.07152203971655446 0.10297797224444491 0.23534145476577967 -0.0938360812902681 -0.3631478657391059 0.07068515502900513 -0.14222670471569973 -0.7092557367710156 -0.5055371819270464
1 2 -0.3872699508172422 -0.34173664162672573 -0.08251094605674653 0.12106028614929687 0.09211045352265392 0.37686392181938766 -0.2943772252703389 0.1353642806794306 -0.3252603987438448
1 2 0.15185175334242085 0.1559784459594291 -0.08593926984012279 0.25589836405229827 0.1740215582942076 -0.550032390312946 0.21431600666408693 -0.01027777041436975 0.20879728968132688
1 2 -0.13035350366106874 -0.3413944473656492 0.2670036574900404 -0.1077763312396882 0.49427583080745013 0.4798549895068932 -0.10034479948426978 0.38852183354940095 -0.4455447290944313
1 2 0.28385974508397926 0.020079118017899664 -0.5301854117443445 0.509537008018032 -0.05950429544908407 -0.25898190584887176 -0.22393929938218318 -0.005486942816568243 -0.04175260619687272
1 2 0.0018162929446281118 0.0012071179547731578 0.00033890835373359007 -8.610253180793438e-05 1.2529523814399492e-05 0.000396366197188537 2.7158374231558278e-18 1.560548262500025e-11 -0.1793347613857893
1 2 0.2031533866567032 -0.03859443797807681 0.10174589697875494 -0.2326162624887667 -0.07117163646645525 0.38430423665704244 -0.18527700746716172 0.19265817753071235 -0.42694006199514206
1 2 -0.258384398397842 -0.3758664523815349 -0.02309839632875001 -0.14110569571877055 0.3157589568339952 0.19570563414905215 0.5077194716106397 -0.15204538374588888 -0.36373900887268273
1 2 -0.320815778716615 0.5127306601444473 -0.4582477874026634 -0.020735053615896656 0.331254535369038 0.34753092222164056 -0.1843109886175415 -0.45406951682646196 -0.17298741529303113
1 2 0.03468979177654118 0.02368351792993459 0.033277592804470686 -0.5195508163609517 0.5617698212852432 0.06967910071686667 0.26722865618249847 -0.5307721877747809 -0.38428013644332915
1 2 -0.41673251381727133 0.10799718929095742 -0.10926504732197105 0.5065779186976602 -0.40479822045236996 -0.19969767136608377 0.48222704402452615 -0.050642091041340306 0.23889099325778634
1 2 0.0990151487684979 0.3351493166170047 0.05540086211368158 -0.40155223461211065 -0.11874057143332291 0.28857019020652785 -0.40298372737055804 -0.3432131372412968 0.13749686140260323
1 2 -0.23432998509125932 -0.02593181482786402 0.16560376292979948 -0.09709193012343542 0.2786542531039958 -0.09272199015167386 -0.5430826041269223 -0.5249100418505355 -0.21019093215215479
1 2 0.23635814026010388 0.48252549467613576 -0.5405865412641159 -0.4413201952168494 0.501095635984149 -0.2749352247235278 0.03431753297558462 0.32704681377271205 -0.16585378888938132
1 2 0.47910784116954863 -0.035426261072632345 0.43373700124020775 0.003066099276853188 0.21958088002935594 0.46802049168165444 0.16278246924618425 0.03342693058196782 -0.048935308457335805
1 2 0.48571027487587937 0.39299616301314166 -0.0390587766837355 -0.08807838859828324 -0.3422990024984333 -0.5312482011197195 -0.022285972212298697 -0.38964585385943307 0.04685907112328685
1 3 -1.4582163106829725e-07 1.1436993346696461e-06 -1.5126420300540898e-16 2.700662342732928e-07 -9.372306826253924e-05 2.4629244989417804e-28 0.00014182904294257178 -0.00016413914138266436 5.555890143707211e-23 7.701066291953339e-13 2.365383427707191e-08 -1.2102391376565158e-13 5.990377794835331e-06 -9.475222942791896e-06 -0.0003145431082518147 -2.46080539030742e-26 9.225106470106927e-07 -5.088362969475207e-09 -2.108613901840556e-07 -2.821169624308766e-07 -0.3800698378174909
1 3 -0.3100798415503261 -0.10093289695351716 0.03304954643466507 0.0509421710373151 -0.12776025232542246 -0.20498359326312324 0.1096944381012635 -4.074332564955221e-07 -0.19892489868862911 1.4186814375110817e-14 8.043592464993493e-11 -0.06639457913042317 0.2646145644481192 -0.4047345777080948 0.3123123814068776 -0.2570942558662962 -0.30953223052048545 0.5302191668247761 -2.200124762990611e-06 0.1777167488525322 -0.28631089255267195
1 3 0.3117917794044568 -0.21036307815214497 -0.580637532002632 -0.06109840077278178 -0.04158425597379899 0.2899724280954145 0.3278283568127962 -2.895609636918659e-05 0.1695234594631166 -2.8579495495799425e-05 -0.06127877213737634 -0.6428569391326945 -0.24309112987440035 -0.6991558701460604 0.05156258464367258 0.3014432880587761 -0.22816306089860922 0.5886355844877772 -0.3645923175105563 0.103115606456829 -0.16667659132293552
1 3 -0.04859436478813978 0.13158295955333807 0.13040954545143202 -0.15579590446064218 -0.20466535179167206 -0.023938729553263427 0.2331116988531031 -0.46545007737058197 -0.24190338344082438 8.951192533790213e-05 0.4326744966008183 -0.35323441132222627 0.05899902656461299 -0.3892464611237929 0.1645979206847513 -0.08668919958174626 0.28549935695086776 0.23061664150139133 0.3522268029281671 0.10908356392282902 0.24525362848101773
1 3 -0.12924415150469012 0.5170534982934866 -0.7463382542343862 0.4152719222981774 0.5269847886822991 -0.04031924979185844 0.06793401142510659 0.18334311764736885 -0.20915662113250624 -2.468339734570118e-05 -0.6400256068377235 0.11635661842338077 0.02348002628341687 0.1347236455871109 -0.12158402525697186 -0.2699048678757793 0.36837470749380474 -0.24552999601881126 -0.4147106960118118 -0.27631703753856657 0.05538760645589995
1 3 0.3491903074230628 -0.038870821239518044 -0.2781069445049395 0.11613579998273152 -0.15255400759467536 -0.2242277412749048 0.4161913627966139 -0.26220315929642296 -0.3750122889912206 5.06206777953824e-29 0.5925686184103431 0.07614845144443176 -0.1107101759257206 -0.057392483692336696 -0.1938025475523408 0.1535614461895086 -0.13117328422991237 0.5884399591553526 0.37755870170048533 0.3158303012055954 0.2131118893480724
1 3 -0.4358297868341402 0.5745079756876402 -0.12392253428213815 0.3367411654465021 0.8173399613901875 0.48850123088427977 0.11751328443832404 -0.36525489155652135 0.006422061085716991 4.7641572218716644e-05 -0.3883068756851351 0.3760258552686417 0.24031965961946772 0.6755820142408395 0.3981782642800048 -0.44704514822923014 0.2966852623101729 0.3123594291629193 -0.7183472619465686 -0.2990142204735078 -0.24585854268065765
1 3 -0.16871489238456064 0.3169170912393922 -0.004446515433462057 0.3037138064313457 -0.37723797096564166 0.12259901550385859 0.1357793637067317 -0.21604289626842427 0.030632097239175326 2.9573507490551923e-11 -0.11505001663263884 0.1942017901193786 0.4056905804352221 -0.2985657091322189 -0.6741865195936048 0.3552964158570118 -0.2907009253142508 0.3831094323249679 0.4019969554023864 -0.3819548652360511 -0.11171304810413826
1 3 -0.33190425256964967 -0.08400635595273574 0.02319691787092508 -0.056732052871272705 0.15200009119895702 -1.1692944624532764 0.25588774861551217 -0.44900683533167196 -0.38601686071634883 2.057271643343757e-09 -0.0001933545484935725 -0.12223519364127655 -0.4907678424541778 0.3970308936690943 0.26495673828979505 0.20828737432661926 0.07737677312032336 0.32717910189690635 0.5843076415603548 -0.8030690318448732 0.18013304171990577
1 3 -0.05056265930863068 0.4502486706916055 0.2748476407438224 0.15851399047568904 -0.3515184362888127 -0.5960704121757573 -0.21888578771355552 -0.3389577133911972 -0.23077149321385332 -1.0383277915659768e-08 0.27041698381177576 0.15041602573526447 0.1645073969424934 0.014114452089752956 -0.4044187797604107 -0.09720144958159539 -0.5106122600712649 0.4450196337165237 0.738971370657755 -0.47840038693341747 0.17092588203621123
1 3 -5.0378591999584595e-23 -0.0001851307932068801 -1.2014929203536732e-08 -1.6965851095865137e-15 3.991496196721871e-15 1.3152615245619434e-08 -0.00011312386466697735 -1.1760626442046807e-11 2.3547999093339753e-15 -1.0918027641862174e-08 0.00012304426158622734 -8.8614222923943e-06 1.1857650129167142e-15 8.092894265326993e-06 -7.59671736176027e-06 1.7167317223230738e-19 -6.3501295742726e-05 0.0003160339447843479 -3.1456485952908888e-24 1.6015770490409256e-06 -0.20857312247160356
1 3 0.062225729571519846 -0.1448014126817451 0.08944202662040214 -0.08666654619629426 -0.4939319125377671 0.03334529036659508 -0.0023128052167375227 -0.43989544318091006 -0.3585422808489948 2.703628886018602e-16 0.11867349573689726 0.31998703860412786 0.21035706461026885 0.46380225457569124 -0.24496821685964595 0.01513793081685649 0.2685071039946579 0.5099125304452098 0.22535976207142425 -0.11601264873103012 -0.14616509792522725
1 3 -0.07969293627824299 0.12414822199240355 0.07540272980458049 -0.21309726578726987 -0.5255348493519526 -0.31826026449508377 0.4218038148427372 -0.12565128465675388 0.08745029750229417 1.8864268044196596e-18 0.5207445252757521 -0.3412411116137581 0.012089604498304492 -0.6026973553238275 -0.31728140221291296 0.17719741476640094 0.07137193067416693 0.32368256342866736 0.4166457914966426 0.09090134397592568 0.2918014717538318
1 3 -0.07661195905396985 0.0689818273970434 -0.07412569172475103 -0.20461188841542507 -0.016127398241049692 0.11221420972899905 -0.014959720779865942 0.10258621947022545 0.2653123452757655 3.940356397080785e-06 -0.22619814909911193 0.3332177284101045 0.19389369506360718 -0.035470725316392906 0.2784824364245251 -0.1453398496451646 0.22390387107628357 0.029236378436585858 -0.4853096228076063 -0.1646291280851632 0.328400470846865
1 3 -0.39036693024791874 0.12676977174383497 0.282011078487682 -0.13987141839700226 -0.5053510478740567 0.1807847669973393 0.059698289243982426 0.020087490862846915 0.24843617001865162 4.640564964255714e-05 0.22676451529868513 0.2327194510702685 0.21257098639228814 -0.10153113172682732 0.08230169530152931 -0.10358754351922123 -0.3046507516304194 0.16777077772732454 0.36181725390029734 0.2603195406839976 0.18830241095643488
1 3 0.004669940408356764 -0.31848007185268135 -0.349066286402682 -0.42896822391965217 -0.042781958026697285 -0.18773055966060279 0.023833667207371644 -0.11416252453714268 -0.3443855212730434 1.34084809242344e-15 -6.256911013044239e-06 0.1326488563057827 0.1386933768438896 -0.06788750470425392 0.11190916992469888 0.27414963702931705 -0.1562944879204639 -0.44519444657576396 0.3129111919532162 0.2272208687315163 0.0938198648841474
1 3 -0.30434552515401825 0.3715441932779317 -0.11199838614092728 0.12830735062041174 0.5899645090971687 0.36420160025069914 -0.30425665549746933 0.44391756549102446 -0.03922593091582409 -8.92334800310146e-09 -0.6393280431691584 0.03517067094998811 0.20593222330053057 0.4926540793936442 0.1830607918380391 -0.015355934828520339 0.45618556427449103 0.023281320832934667 -0.2864034326958284 0.10279743325536851 -0.3939337343026174
1 3 -1.0927018341673752e-25 -2.394874796760001e-25 7.722010448888702e-13 -2.926278584636595e-27 -2.5241943998072638e-12 -3.0849561963015192e-09 2.4365944153533973e-07 -7.848371476350339e-26 2.902644413909306e-24 5.404258254954044e-06 -3.6304359917093833e-13 1.2640616959704917e-28 -2.4753911843323998e-08 3.148488509905736e-24 1.9447370584074807e-29 -8.246688687984864e-22 3.559712440752018e-19 1.199886357063233e-10 -2.261348243481939e-21 -4.385097823392901e-06 -0.17874924298138642
1 3 -9.918114451924182e-08 -0.2254230629255313 0.041645509540557964 -0.0770547316411715 -0.34174743882175496 0.033250523985640205 -0.1992093812446517 -0.005351747498527958 5.7873891548250434e-05 2.2537820039374013e-24 3.751627133140152e-09 0.30415443642083684 -4.555635786621143e-16 -0.024310594245101267 -0.18808872498969467 -0.25490976515201863 0.08583058428852684 7.410120242586597e-31 -0.201643323113719 -1.5941314347149474e-07 -0.10842057814172985
1 3 -0.09081646189022606 -0.13361516580769991 -0.25116588896686476 0.4394131574049353 0.34514398124820067 -0.09735429707323617 -0.3066540307642162 0.0001755655826170069 0.40976665118418243 -1.094512276193991e-05 -0.6910294811742026 -0.5434042352457905 0.032612965859827335 0.34508504204157303 0.3057356436678869 0.3384397744142069 -0.3330963346904307 -0.21146694233095967 -0.459195482193489 0.39595025576885795 -0.19496152836541825
1 4 -0.00028552100124879475 0.46245546521961356 0.5606512502152473 0.4954425971437662 -0.43687590839755025 0.4491501843290249 -0.7087740617934386 0.6018225114232509 0.5636148396989076 0.5158005360810434 1.7398078654032827e-08 0.3044054639178733 0.11380343374057962 -0.33359990810523454 0.3576945757243992 0.24057645472062622 -0.9928981091334048 -5.789595569692591e-31 0.05874149093015508 -0.49164760123127266 -0.14813259462396117
2 2 -0.5344268659750906 0.190602935334254 0.09284022489167387 0.5184015678369956 -0.11439965689362346 0.4319421521874174 -0.07968911931098496 -0.5773064079743474 0.25324226893496743
2 2 0.16320847581714218 0.3826430484161123 0.2275848747514567 0.27720212589060367 0.0026181667367109816 0.4948436788987438 -0.6381613729765352 -0.38393722439923084 0.3443320312930513
2 2 -0.36546474052830047 -0.29608771504757325 -0.3704731355501558 -0.3396512851618051 -0.40944055131508617 0.3917276479059123 0.18335460506336113 0.4757307955111444 0.2215318090822633
2 2 -0.159496007539555 0.3676509700886518 -0.015003133937413163 -0.18139262342552723 -0.2864614926075048 0.14282038300888622 -0.24176178521171196 -0.2961589873453182 -0.3670598094684593
2 2 -0.07279775128483783 -0.14688426378668448 -0.03328388554128264 0.8795629130509774 -0.3791452805125106 -0.6285338806671908 -0.07303297078563738 -0.10885391874276332 0.023565530324608015
2 2 -0.4454851062818617 -0.3152719222327087 -0.030707530113515697 -0.048888700030756134 -0.22300094875049772 -0.06379800131663779 -0.32385020647167057 0.7206377740099875 0.04638714658964831
2 2 -0.34764555417464466 -0.32500377725685337 0.282066370859183 0.19067787189215452 -0.27982187372207085 -0.2605802299752014 -0.27677961482420077 -0.4144695675903066 0.2559334090104674
2 2 0.4143747632843652 0.0787766295363022 0.11264456875806972 0.28540981063891024 -0.4123543830572187 0.06392418010744998 0.286673014928121 -0.011653386891120915 0.425808567442462
2 2 0.3294512106843317 0.03706597491607734 0.30878313246737205 -0.110804350026882 -0.03692057677179404 -0.4268043072587037 -0.48247158892760844 -0.1743722432240979 -0.09875041542143123
2 2 0.10449671972446037 0.13420482045244012 0.33016937105358707 0.47538372384908445 -0.436767012180116 -0.11883679871070821 0.04970333618596312 0.33770682719900263 0.5680932271193441
2 2 0.58634452339073 0.44887508055069325 -0.4792922813197624 -0.15944257576913892 -0.13697861798728656 -0.5166194821294572 -0.23802917291574596 0.210965215253867 -0.10380770386659903
2 2 -0.26207733533626953 0.16392223542763146 -0.02795176264247437 -0.1443324227766616 0.013271851636941662 -0.016871170210785606 -0.43363970192807677 0.4079714072412441 0.6896889812137617
2 2 0.572324900891813 -0.359901178373958 -0.33570293673108004 0.26553569727687276 -0.04919104279417275 0.2154799689775949 -0.3789400946077215 -0.44965923160220644 -0.24068285871268083
2 2 -0.45491660820756263 -0.3432612843131461 0.24902820293955946 0.3318184553504337 -0.49034749161480645 0.28002908407369514 0.19352055086335315 -0.5755607140131261 -0.4327675913351271
2 2 -0.28530923325416374 -0.629987434680065 -0.22121271209677415 -0.33203254243570285 -0.3797762939214676 -0.11347870991084023 0.912337940992632 0.04726755808488673 0.37370563640959725
2 2 0.4516748197201406 0.5058683688079199 0.09868928065481068 -0.6556974325751194 0.002084213303495507 -0.7343878797084031 0.5151135325749592 -0.12999950339355265 -0.1303153238765471
2 2 -0.24860166628468153 -0.31569413659733225 -0.571466965147379 0.021012876471320066 -0.6203755536942324 0.2146726221264621 0.005628622231987259 -0.1396125963900117 0.07227729185748229
2 2 -0.27543574738807136 0.3801666742575646 -0.3309262094783394 0.35594784275267266 0.14382015081152486 -0.7152191148377788 0.2932874709514468 0.01890337267723219 0.129730074380318
2 2 0.12249321036420169 0.5367136989509274 -0.04741171284191679 -0.3868110685921342 -0.00047646152572226056 -0.1504663380443295 0.24704983577962075 -0.6294699056141669 0.12463587374236586
2 2 -0.21452985850838455 -0.2011715141211915 -0.339688470076565 0.008485404144762402 -0.37090114577926814 -0.057235918111598505 0.2635147594326618 0.5759632928277706 0.03239037874724676
2 3 -0.10190628218171773 -0.2212001368108337 0.11399503504991891 3.1766051717770064e-60 -0.2840212958292026 1.5670944197376622e-33 -0.19495933285331524 0.1907447855990989 -0.2806093909567544 0.014998054313861692 -0.14189029516073284 -0.025412577595443044 0.05788897353476292 -5.847432611009003e-24 -0.3056412959008508 0.038357941502107286 0.03265216661882853 0.11699481826404384 0.33721288983957276 -0.25066766110397587 -0.29311182704790617
2 3 -0.4053388178391175 -0.1472607835609937 0.24966414563060912 -0.21261627980485057 -0.21303802195190383 0.35138761247500727 -0.26404323412249203 0.2873089280213089 0.07558640929015564 0.7317211474239373 0.309824466055637 0.5237491948882085 -0.626988610881712 -0.4277934237095045 0.011063214677450887 -0.3856830949893786 0.3724714243361342 -0.2652555146249657 -0.688869940567485 0.2554878633637612 0.3776841406576645
2 3 0.47697884905717197 0.022719508344349777 0.18954089994598158 0.14483262014707599 0.10008250511211803 0.1547065344101678 0.3440876665043082 0.13958076680108408 0.15088920354298285 -0.4716937314579596 -0.20808500834648289 0.06057389978027717 0.4681197478260311 0.3428657695638986 0.3743794638503016 0.1614907070035651 -0.32444492059104085 0.08880547561260804 0.3089268742628839 -0.18346189690363093 -0.30068283277035585
2 3 -2.214152146023609e-22 1.5793849214006786e-69 -8.154994540095517e-22 -6.449990841268726e-49 2.3141426263603614e-69 8.17569168769276e-38 -6.244951447408179e-45 -2.19502097586469e-28 -1.3439221514067705e-23 1.0179063193710049e-54 1.99746900201581e-40 9.888920467321876e-82 3.528398307648257e-65 2.7837140783896176e-76 -5.815917875714724e-24 1.09830783774548e-23 1.9333462549197623e-71 2.877778676323797e-27 -2.239978489628227e-28 -6.361619786425192e-26 -0.2837174950316901
2 3 -0.2651397543724762 0.19000698885309925 -0.29764497842492765 -0.41782261182203223 -0.3803148977434809 -0.4394048785424661 -0.14388353346754967 0.3341783321657097 0.018008422560331784 0.17509541074393184 -0.44373653866847823 0.2729053238332711 0.22911926884773914 0.01741234132373437 0.0032590616822279453 -0.07363647494548717 0.19739271901381408 -0.3353562537391429 -0.0038146445152174016 0.09604769732763195 0.3280802426450185
2 3 -0.040262554388137986 0.06259823517231351 0.24429666397270763 0.34526587925144736 -0.4791629585978399 -1.048258159530692 -0.09111570800629622 0.09664608348145899 -0.05536960635711942 0.19544654517489904 0.20992217873232197 0.4282086056038188 0.16719927363410955 -0.18610643753068515 0.09299955442918921 -0.2292107166132421 -0.2496578378527723 0.274431053019679 -0.26410497255099197 -0.7790869980558571 0.2325205649238319
2 3 -0.3561768553598992 -0.010237064468211236 0.41261622720445273 -0.6478524713568424 -0.4615753521198208 -0.037027393335740254 0.09066454698069093 -0.23864474288257143 -0.07288515924011886 0.40390521052396383 0.6088486520288329 0.10636808736827395 -0.21596399472731598 -0.1480952557899909 0.3529148896475824 0.6209958969443987 0.28116785112172243 0.0058488893111146335 -0.22959513077562568 -0.3786136762275555 0.15213032836110713
2 3 -0.2907308852196559 -0.39845387541729727 0.014753403961806124 0.2341866984637036 -0.3268668487049438 0.09228974296357266 0.07898178488958148 -0.300188950209336 -0.2749492239171127 -0.2617916546305204 -0.2805324893238405 0.1355303723112693 -0.2541823981848002 -0.5474888299226168 0.3639088056171372 0.34831872090869537 0.14980053802973942 0.04176847158005037 0.077017802029607 0.5175078598152323 0.09450502336706747
2 3 -0.1511196065429897 -0.12923525920162815 0.6152449224869108 -0.17825329158520217 -0.26790156236723894 -0.49986844370869077 -0.05254606413384363 0.6018059635622046 -0.5112762855179209 0.8166884994143712 -0.1521333918471272 0.6437231078640281 -0.5385198081914477 -0.3691409303445963 0.47437133586695207 0.01324156122921474 0.11561763081110914 -0.5727087605856528 -0.38578919960872726 0.3214321754525113 0.23239916153988596
2 3 0.11854519666452416 0.15334910338513225 0.1420068463460405 0.31072772650530667 0.12297960219684648 -0.009101373863242869 -0.2869587453409113 -0.3076868647822525 0.026040029452228722 -0.2896347855363997 -0.06661313589643766 0.2690801892477397 0.15905185574080616 0.08314256743419149 -0.1453322243179636 -0.25475797650352194 -0.23554830895922726 0.14712413027409074 -0.14135830643970143 -0.17445707384762257 -0.15822437037614426
2 3 -0.36127859015274066 -0.07431723522135213 0.18167601387936633 -0.2001680030946306 0.17113522686625127 -0.12828743667927398 0.3081745338482298 0.10277804147998483 -0.3150976213815009 0.6523848872835798 0.11012899782234574 0.40405627075152384 0.0036581729655455 0.024636015199400528 0.06012399399191969 0.2591348615231896 -0.2999840756636397 0.3090049035027216 0.026438842409232017 0.02824760083544307 0.2634294041985126
2 3 0.25326359577989943 -0.2127837731853704 -0.1221310444281641 -0.033801052762417995 0.1888673838846168 0.11152384589749889 0.16750643736307336 -0.06246717102285046 -0.17675310406423878 -0.33833492053174236 0.5127178191451581 0.04642172100933753 -0.1392169036060461 0.4950160461840763 0.07681976177982919 -0.20187632302725073 0.07510471908031267 0.4107053158806729 0.032733763839293786 -0.20654909894955994 0.05114464697526088
2 3 -0.12150073419068105 -0.05868533707165626 0.3203909474459065 -0.042178929674437315 0.08386456388202439 0.1737283064138174 -0.39704540724659954 0.2796297244324512 -0.07138077774473113 -0.14150309041902098 0.4232817828018394 -0.09829095778700098 -0.4391603713306006 -0.31121415480423636 0.4231040483744621 0.5071355943902515 -0.11267414730967483 -0.24193254256972552 0.13460499824622388 -0.43013524694522787 0.4527894467924649
2 3 -0.16502080190837887 -0.3463464160977423 0.00856516480034211 0.19466622462848363 0.4363719053916917 0.27644809757206035 0.09673452203610866 0.2481700803597667 0.003233964303204145 -0.4899992306375747 -0.1550673124740874 -0.5579170069686276 -0.15122367298070358 0.3613579562667671 0.4576106348810504 0.2372427039097419 -0.10741511091068782 -0.31429422706172094 0.18604801593746834 0.11123301909639143 -0.04497253440019348
2 3 0.058719769289623386 0.26094289700232626 0.04675242466604358 -0.002635027926291192 0.19046862659898792 0.14870037200153557 0.2702367249377138 -0.2230199958865478 0.1563254215851585 -0.00214736234135498 -0.2617920293672687 0.009145713314072105 -0.15549860322795564 0.4039604467237359 -0.12665924158272815 -0.18681201974980857 0.3583124192713665 -0.39191937969737717 0.31528082868031826 -0.11450021316562405 -0.06275038362524847
2 3 0.02427149804554383 -0.17791644955511543 0.01995350492316831 0.14788987021652045 -0.2166080560698968 -0.17463698499235794 0.1737875247227255 -0.08893348937978461 -0.015501808856803297 -0.21163679297012988 0.34408791109164677 0.17354105659585664 -0.49626859191565426 0.18445910006225358 -0.1626511310518244 -0.16447830486363146 -0.20468269704196732 0.07185209400768039 0.329669687566787 -1.188672081300732 -0.11075530509177114
2 3 0.3654241242973932 -0.013273663368223543 -0.31305478739241976 0.619463111360712 0.07793636629602131 0.4012107432108317 0.38206147695047626 0.04969854518636055 -0.30824362251424003 -0.7597779456079512 -0.08165263810935108 0.024519868945066636 0.3048346567480261 0.4287676330287528 -0.06633162100180587 0.11336032585518194 0.2270411013398611 -0.22667442548883646 0.4512889938795292 0.2596524421889719 -0.0036774689232438964
2 3 0.11341786833165922 0.05115840385318593 -0.18347416221846372 0.00680371552732454 6.987393641225008e-82 4.64863479011816e-25 -0.11199738336753268 -0.09267277786629786 0.002174847213633122 -0.021132088726958643 -0.05566614903088838 -0.10940880406760854 0.011020116263529991 1.0934505109411385e-54 -0.19130475180609924 0.26285799817198463 0.08172674309864277 -0.30137543414408047 0.04537390910775181 3.364733138798631e-53 -0.11230057646205788
2 3 0.333441852628759 -0.17344397097873754 -0.11394485192505649 -0.07545034236262069 0.09810539421820444 -0.3754894170351821 0.13526654983711034 -0.0024075361786062934 -0.028630720478428618 0.16050044367982116 -0.00847512912684993 0.3991326463118195 -0.2845786897510191 -0.1261491304675144 -0.04509619224470986 0.45239091018684496 0.031015184771810658 0.26503387332178313 -0.5764649511925223 -0.012539034390225866 0.36226201446875095
2 3 0.11529036881154281 0.20618686966002436 -0.16790521708932987 -0.3178941099623486 0.23835021639928824 0.17388928941751458 0.3098530157811019 -0.004282154904710639 -0.0388809151695476 0.29665319818592967 -0.028640212417990425 0.22207001912895957 0.21860330799083513 -0.4166900718787455 -0.3138816709013909 0.529173858204341 0.31030763890550167 -0.4010883408538383 -0.2225382196664859 0.17124172136416213 -0.02611234784866566
2 4 -0.395409940494849 -0.9632186096865997 -0.4014646438849439 -1.5255995153017105e-71 0.06504570921488974 0.9706784917175726 0.23580781743352688 -0.5500965474705152 0.7439200084242485 0.00026630300152421306 0.38637707803491445 -0.35101429614442264 0.472995341024819 -0.5787699383227985 -0.5026699422680506 -1.3140754024725338 -0.17600058051491738 -0.2921517160039881 0.45013351060184986 0.32732665275417816 -0.15178579236280157
3 2 0.11232569177180332 0.5297766655274918 0.7342134006449272 0.08549466004946106 0.11680584336311581 -0.09941648484724906 -0.526748232117352 -0.2707087552794409 0.12448869729780934
3 2 -0.26204958505523224 -0.08781972510385035 -0.043405477182009156 0.18098656423780066 0.4974762323329947 -0.32318495079883347 0.01305906509536603 -0.6139924557662617 -0.2523312335729187
3 2 0.5321260982261514 0.08017639692313835 -0.0448139484007156 -0.4779533234010518 -0.3092360978492771 0.15177302328700978 -0.03147285600449963 0.1489904860746742 -0.4897449373540723
3 2 0.33869827889362175 0.2969442864850591 -0.15568342064962268 -0.1232104160822921 0.00998548779133637 -0.33933081297013434 0.020899875831940678 -0.7333198332177622 -0.38365735070321505
3 2 -0.410139034002639 -0.339055630441817 0.2772074551588866 -0.3770982329568771 -0.12143485297022182 0.3617845001634525 -0.084815950777003 0.4664823584182123 0.3464981433843365
3 2 -0.1766273581162237 -0.1287189444284219 0.03729202922770915 -0.09365076102310148 0.02695243738475689 -0.384757326315266 -0.34533924494671703 0.3630266022028972 0.6562317617503683
3 2 -0.060920153779564494 -0.03810823349483616 -0.2096070185439066 0.027699854395435805 -0.36541701975287244 0.042115513286066816 -0.1257711171681284 0.6922783046828916 -0.10733591870317574
3 2 -0.5417519681177976 -0.15703567133965787 -0.2163402538667231 0.01997516524523829 -0.10637309592774043 0.28654623536621693 0.10210151491114618 -0.49185048370264983 -0.0032917971537620733
3 2 0.29886938093533705 0.2766605310425947 -0.12422576388127621 -0.211547693067606 0.04288283878674362 0.34449828844144764 0.33080325543861283 0.08538354752731996 0.23504047072230513
3 2 -1.0858673465292173e-34 1.7588817399255803e-05 -7.834384926059954e-25 1.1956392469044418e-06 5.709973036490512e-38 -1.8224331839831005e-26 1.3195849557401847e-17 -8.597236119563566e-11 -0.40215293363390336
3 2 0.1511563578114988 -0.4311228132057939 -0.1558363622642497 -0.06197475269161028 -0.5817485549458606 -0.30113079383811864 -0.18337618381322054 0.21899076180631466 -0.22582030616414117
3 2 -0.5195345287215387 -0.18937604299695968 -0.4818676250289761 0.04058319143460334 -0.14487036088968486 -0.1937303712998382 0.10302618527340329 0.5716663036446605 0.4453082027844039
3 2 0.39920463112903454 0.1807696269335769 0.041358099158333654 -0.6091492802118391 0.7807145911897593 -0.4200659187416971 0.4474012575044105 -0.01433211067236518 -0.13686882783656118
3 2 0.2758793796163348 0.3595415135950273 -0.4800619447313897 -0.21115488080276668 0.004209347884671815 -0.3031364375266741 0.371297427608803 -0.18658445336785556 -0.07360908635043374
3 2 -0.1305482663403027 0.2000117206646861 0.45190873796992037 0.15221048796362477 -0.040731598381351854 -0.49263636371026587 -0.5888107096046139 -0.1865921402792694 0.1891001080967892
3 2 -0.38743236867843023 -0.4448314085989539 -0.28207720484296367 -0.43904791040159286 -0.11712175744349462 0.49802154734862636 0.34255070415894195 -0.24839337025521893 0.16502309770054494
3 2 -0.17362743880942128 0.38929135524413844 0.025848111299137045 0.04118014894312833 0.007328682463881994 0.35187171201656253 -0.4362958008753435 -0.297413550538274 -0.23906856782456773
3 2 -0.07268413911527559 -0.05552312563194316 -0.1638315367411048 -0.45226107865893217 0.25663661440443536 -0.16868915285421163 0.11604078765419792 0.2518718011630877 0.46618070231519443
3 2 -0.3709925009786677 0.025759456348431926 -0.4819928174173353 -0.2616921513309727 -0.2990837729544541 -0.3744697104048398 0.5221694646501661 -0.03905567722580419 -0.4039234069385181
3 2 0.2912716516645622 0.08172837514837251 0.16985987782373385 -0.658828597832038 -0.3939617421379989 0.08622032883713396 0.27658385251441747 0.22314737681743813 -0.29464428234430784
3 3 -0.0604823194806409 0.07876126099663529 0.032287391398926564 0.06625496264111383 -0.6084704777555262 0.4629319097799187 -0.9852820960946224 0.02103456577053518 -0.08134991800660588 -2.352086994158837e-31 -0.48822602914572544 0.09585982381872668 -0.134760168444529 0.026074968718577958 -0.13235936263053516 -0.36347242835715887 -0.3330886637228639 -0.14163275237685827 0.02345812470438485 -2.109610400669241e-07 0.29980256376829756
3 3 -0.31664993259565405 0.19817319991360866 -0.4982249589826371 0.19369938434804693 -0.05882224042420877 0.1809355973506834 -0.06731044141501834 0.15305427164094002 0.21801548691251763 5.733273055054956e-18 -0.1316992613479858 0.06967031002209949 -0.2736598415643451 0.3044072150141788 0.311371521398298 0.1778600367484477 0.37508173128256567 0.1493001260712564 -0.045829734284434785 0.05934848079858254 0.2700416622792772
3 3 -0.4913477261293861 0.0380847974611112 -0.7540666279261784 0.7126852935107758 -0.33638622012033664 -0.19517631664840449 0.07732071441041195 0.3938586078321224 -0.40190559392544356 1.3788908442819507e-08 -0.016733431310156286 -0.4336126912255816 0.3323387211812327 0.13677468359886716 -0.028332015621217586 0.15178905438401347 0.1570246857815918 -0.9022939568173544 -0.3227303599247967 -0.16821600360876204 0.14506806642838402
3 3 4.9170938463979594e-30 -0.0013384091440593034 1.566295769613111e-07 -6.698125682176029e-07 1.424238089030297e-32 -0.0004701816200462341 2.8275229704684405e-08 -3.012672356624585e-14 0.0013585024645197015 -1.641752907135197e-07 -9.063600458506064e-12 -4.997328798225273e-07 0.01334984008047773 0.001681883625434362 -4.79368449820839e-08 -5.661262577902136e-05 -7.800849038486069e-37 -0.014423757631169291 -3.540541655418226e-10 -2.9634350294122607e-10 -0.08837249387498064
3 3 -0.06979296324743293 0.0820182252727079 -0.6105400461873722 0.535771115017138 0.28442006496897837 0.19777447254614888 0.4052414220542413 0.38771013464793763 -0.45204345242532834 -6.965791525984773e-07 -0.03532626603070798 0.08264643789210643 -0.0374436274868583 0.09993953297874543 -0.3935610087940212 0.2547058347993795 0.5057623999053009 -0.28462013531576186 0.06256130301341985 0.3704724599824747 0.17664567919700827
3 3 0.23010557810467985 0.6954588971610626 -0.27498329635433855 -0.09414705665869892 -0.0094633546186859 -0.42504881257756083 0.5182954453848688 0.11535526864954648 -0.47074991045008857 1.0894166333066962e-17 -0.1409031555379111 -0.008494510473474059 0.0828702029605244 -0.1064971629337177 0.3243716631844923 0.14704187006408545 0.1434413046595657 -0.2531233993679314 -0.12530977993827702 0.15028166465173612 0.05910965917419469
3 3 0.27374238559921193 -0.4525819609063798 0.5177496240983124 -0.006509707777534027 0.22968946469526963 0.13816649777566192 -0.12816741204856455 -0.23272999512528145 0.41158345894605286 7.847746195136442e-18 -0.2762668726883377 0.3745477146151618 -0.14324705091540554 -0.1755661363977115 -0.0958690030048828 -0.031178263066310184 0.22915649821529796 0.0989339060128545 -0.23061574320366324 -0.4995728681444711 0.3587141741924401
3 3 0.11393712842498858 -0.5101788991238814 0.1421735803400033 -0.5853176971210446 -0.18757038489247993 0.18946150185893545 -0.24983539235302057 0.1438503796994956 0.20546842081186814 3.0937746276875126e-29 0.17271490763793035 0.27068978594542875 0.06007700853521413 0.04286344819711231 -0.35869696811726454 -0.23945676031014926 0.16720678474376474 0.3256238608802832 0.06656005327370518 -0.3557842738681966 0.43388194643069505
3 3 0.04169365637254654 -0.2329880667930105 0.31298179458123015 -0.14189944741851415 0.23838119208017863 0.24037802121542393 -0.1871788595195934 0.2147850731406013 0.49072358528068916 -4.0197758698226346e-11 -0.2560943204723652 0.016102769274984958 -0.11350526750342352 0.323572281527934 -0.3401949472217949 -0.1190433919389979 0.1681839882338131 -0.21799727485196424 -0.042638472673381674 -0.6304641165618762 0.26343625431649315
3 3 0.16099917398198413 -0.19003483312406452 -0.008493411540551067 -0.06172903766409607 -0.2599074367019065 0.16638463113159674 -0.10673377156162706 -0.4152975586910781 -0.19493195729634896 2.1693860366121998e-10 -0.020840837460375662 -0.5117796239701553 -0.5993404997351682 0.24363630837166003 0.2472587814298829 0.06066988649694289 -0.051039277414541055 -0.16639472649667567 0.7016969311542516 0.4203219453623591 0.14828837172779785
3 3 -0.1649053777582072 -0.20756280697323715 0.3110129811914225 0.009344805287151842 -0.2572026103735696 -0.3038843023812791 0.19514967919717646 0.3420059891560039 0.47626117623659947 -1.4385499324707568e-11 -0.4782110000985856 -0.1820530390336716 -0.01277394930235067 -0.2831607452969877 0.3592518345747804 0.012498944236350876 -0.26125535438036585 0.01510408093632883 0.03724496143989393 -0.031968656141372516 -0.09322140882132368
3 3 -0.3103136968267617 0.44654193952676824 -0.5597304831329116 -0.08541473588317305 -0.04285560004464189 -0.3438804149532977 0.22276322752795538 0.21012894346908068 -0.3625137680598892 2.508518948586015e-39 0.029475166547131688 0.2874197763391333 -0.09475178327728911 -0.422098307109748 -0.08185739224088728 0.3392198717179971 -0.1903001873127305 -0.3680385012851228 0.38492207677463247 0.3192135492642892 0.233012458471488
3 3 0.10058124447950881 0.32216051085932 -0.17161182943007297 0.3611953451398786 0.14776768120802636 -0.2707962734791179 -0.009453362980933884 0.2097511309315335 0.12271041373775675 -3.7715637692683213e-29 -0.20952610994181695 -0.2890057475138332 0.027184531314676328 -0.1557327576885931 0.14324124590972065 0.08200785713892793 0.03132544194716623 -0.5060000316172866 0.19731886328889964 0.08220295816417304 0.13124147269700656
3 3 2.0174182374259882e-12 2.623990496667955e-07 1.1676166405653984e-11 -1.5373541502636294e-41 -1.7452260678265278e-16 -2.57911573442867e-09 9.073258631990218e-20 6.229860101954173e-10 -2.8733494246976913e-15 1.6502689480636176e-08 -1.8005339601049541e-12 -1.0366792011024441e-23 -6.539910880310036e-15 3.3225195614556506e-24 -6.122794321975799e-24 -4.92916715529367e-07 -3.595328345731172e-15 2.1112060215826984e-41 -2.7915110843582422e-14 6.887207814202505e-14 -0.1109647274451091
3 3 0.06747688911276338 0.07178420441226807 -3.2214954202354813e-13 -0.10711350262124514 1.2565873845871152e-25 -0.36018606875955705 -2.3807097908823556e-11 -0.13716417666758604 -1.8804665664144045e-40 1.7338996845359559e-40 0.30834965060965314 -5.000405417956464e-09 -8.890326754967126e-07 6.080511605619243e-09 0.20148133149123948 -0.09831064611952599 -1.3237235087602566e-06 -6.124504760970092e-09 -8.575060955214443e-43 -1.2829965541363747e-06 -0.23632557787076613
3 3 0.046115195064083916 -0.6298783213014957 0.9573252964415074 -0.6783150979161978 -0.34762225197266045 0.4741943049500922 -0.42858521248549886 -0.4444306150862087 0.3121377323196997 2.7664640238730103e-30 -0.07483998498546542 0.40384431282932876 0.23373812966248092 0.29026833865020235 0.3006230439302777 0.12647656355507678 -0.6242936625139915 0.1780634782584925 -0.5870417384476986 -0.562002510290411 0.536597633720328
3 3 0.25979427442754693 0.13903946159447514 0.11205494650780377 -0.45301835583093386 -0.03426755750200252 0.11522898842473336 -0.16583157602340426 -0.10489645159647021 0.32288872659079043 -6.961127876864888e-33 -0.3410705333167827 0.3128521045825012 -0.08775025600100515 0.35239818267449086 0.10861518562359296 0.007432977314315809 -0.12895544806165646 0.24935565972838783 -0.41392301872410475 -0.13266505630472974 0.4588738309298101
3 3 0.33648435067944166 0.5146534837869875 0.48378156570331604 0.2277195258913696 0.2350921820159566 0.12342604341103416 0.08976013917482423 -0.18215921063598456 -0.0034477130960608913 -9.550168671256861e-42 0.11384352952084692 -0.19065128732449316 0.11568428384680313 -0.23479625283409827 0.47803163135982263 -0.17173455964643397 0.021795395088701635 -0.5006793651423765 -0.44963117685464404 -0.21153407461083976 -0.06891590512235168
3 3 0.3282852034851852 -1.0345963344777138 0.5052255487016308 -0.2293368388570247 0.35412333255814243 -0.2473386058290112 -0.3027857490473801 -0.05231543106370227 0.5047990358837184 -2.7291732481911153e-17 0.09296668223056184 -0.35601896008780476 0.3207378417681961 0.3977624357455953 0.22466616426797686 0.4238531395778498 -0.21969489094411151 0.2881795839758226 -0.2805820863370754 -0.5207604238247051 -0.2008763611653183
3 3 0.24561982270591545 0.09136609087134356 0.5935723295640383 -0.18193595689424943 0.3100052810424279 0.2724751569906833 -0.4843404463434411 0.09666880273109225 0.41406753106854793 -1.1369339831213461e-33 0.21125202220844197 0.170263184778115 -0.010622253831103086 0.20470572753642072 -0.29685999643390654 0.18601069377741514 -0.11554623968561152 -0.034546015999885986 -0.4664490128385098 -0.4076158890499883 0.17117690880408484
3 4 0.7358075919161342 -0.04296481851571919 -0.3477171260849308 5.3715530234582365e-09 -0.4692393192309056 -0.29790689019404487 0.3648098554420982 0.37392193208669927 0.463568508984463 1.046100850335811 0.24313620294907295 -0.4751888890258409 -0.5845573104855422 -4.8805746961394e-17 -0.15130365561642725 0.11242323802289897 0.18812595687432412 -0.603502034211939 0.3417705038710327 0.2959870404618145 -0.1862339057913684
