Number of NNs: 1
NN configuration 1: 8 50 50 1
NN Layer Weights Bias
1 2 -0.3407869831138318 -0.3681393685433263 0.09478180439346817 0.10623918399569014 0.5210829767061996 0.41839643066478904 -0.034240547531427176 0.035989084174502195 -0.17422165255705785
1 2 0.0589481885555564 -0.21343871797524624 -0.2673170182005922 -0.3560782431557129 0.1804753941867814 -0.20269696098947512 -0.08539189700209517 0.2493049434002282 0.37412848710873586
1 2 0.19653516575914304 -0.3162361197522386 -0.1845667190358817 -0.3360537593642563 -0.1498660310286842 -0.022447663200148432 -0.26607226785110466 0.08959021126138539 -0.1543828185686974
1 2 2.787920968544784e-13 8.148272694897535e-17 6.748748327318401e-15 2.36166943785575e-22 -3.619531433068283e-18 6.314076290776395e-17 2.5171769210826375e-11 -3.1251046309022444e-39 -0.087908906300289
1 2 -0.3073561494523689 -0.1564602588059382 0.20795718632986382 -0.17588494673587327 0.0313069872381993 0.3901675121866922 0.08291738978997076 -0.4048476550069275 0.10860807402098213
1 2 -0.10783447298353577 0.012521598295431294 0.35559236932574056 -0.2846436162338731 -0.16476140001395714 -0.19798108007178428 -0.027165550390542654 -0.032827154944511154 0.22846824062761575
1 2 0.017529323974369522 -0.09408811962386517 0.1604330127476759 -0.315747082063391 -0.23476090781293657 0.0666693027523762 0.22240484876685188 0.12000346396252065 0.19745511687898074
1 2 0.3054441826351565 -0.14768493301610872 0.32364039954110324 -0.17627470425712166 -0.17891231969739507 -0.08439527187408641 0.17491151783203568 0.2758670957313372 0.3058511630078601
1 2 -0.20109938356200083 -0.1010686723857058 0.07523508686353819 0.33264104467104516 -0.10409573042722145 0.16597710113643482 -0.3546025515675688 -0.3529577048767538 -0.15076115765573633
1 2 0.13542122286161173 -0.2224276487220272 0.22098744194871234 -0.15655362820380775 -0.1114195001894722 -0.05739942298184107 0.11900058498503313 -0.015123166386427274 0.19116604805732804
1 2 -0.25996267952450536 0.06788793521395192 -0.1716299434791094 -0.24726194473428886 -0.27011232908658345 -0.2818046244400873 -0.2637216092752193 0.1578184601732072 0.27589920300561177
1 2 0.14897615957969002 -0.1362108384222864 -0.215148145736636 0.13667824950800575 -0.33006135074409393 0.225171057966808 -0.0644506815786072 -0.06924161056998553 -0.03441912993234248
1 2 -0.060846631522225275 -0.24086570040885472 0.03636769427949995 -0.11006906966595591 -0.17078600486327894 -0.2340500126743898 0.12692146397134985 -0.07471512654022976 0.2869065192130406
1 2 0.03717661200392975 0.19359797918073093 0.018023190940403718 0.18323091297634753 0.1602888100544653 0.08125532011988769 0.02586456891813722 -0.19023367571755817 0.29207084887813345
1 2 -0.019659465637672242 -0.22739108288437365 -0.1310491052399319 -0.45906012507952865 -0.30827638471003743 -0.3721442401469636 -0.3143470024330682 0.5265531633425686 -0.08198841186132659
1 2 0.03413434655384579 -0.28698884026122135 0.2703155256632254 -0.2880106175596817 -0.07655427601768296 0.3290944660199853 0.3338119937858629 0.23768621204069304 -0.002657472930545972
1 2 -0.030928318574986485 -0.29674476262294097 0.038950858857344874 0.09002321428733046 0.06456076902682968 0.14808490893655768 -0.27689205045157167 -0.2604143564794164 -0.35818949489479696
1 2 -0.3561676648410357 -0.1756291639239277 -0.13411483497895324 -0.21938741174062745 0.1710414245552499 0.1373139762780832 -0.28059350148101486 -0.5174905983097569 -0.04442412997950647
1 2 -0.11586503179973566 -0.011104024175086664 -0.14966938235613114 -0.2131244952972717 -0.1147074679263627 0.09740919786015088 -0.11647348307505045 -0.25837974601509456 0.035668999587871744
1 2 -0.10564066622072796 -0.06787978427833839 -0.11262459133758228 -0.0526605156501062 0.05010460439432952 -0.12140550899944977 -0.22752096902628946 0.5446827244144478 0.427392158213828
1 2 -0.171872189455111 -0.3061099030541813 0.10704056244680715 0.12476752403570211 -0.13570536521990953 0.30836617071713734 0.2455363661780579 0.08881940793287378 -0.16016934554992615
1 2 -0.2712641548084916 -0.05749936351811791 -0.1985777495094665 0.36466748670882476 -0.09321307563668811 -0.20568571389150755 -0.02506774373953567 -0.31841171395438883 0.23247206478471877
1 2 0.44523386756512356 0.019175097289923105 -0.31934366276237736 -0.3248347348645831 -0.35424698557328066 0.22634387285590649 0.2316407343295739 -0.2442671713876601 0.059837249072008325
1 2 -0.09840099581018301 0.287977817331299 0.3868897057716709 0.11478022156079704 0.14259252573444925 -0.3598767614304509 -0.11055095927331525 -0.11453578364566132 -0.0744754606286121
1 2 -0.028120064039280895 -0.10444288320304058 0.009096309456053404 0.16435445998400663 -0.20637039648191471 0.22472719941503966 0.016351510896788393 0.34614980621600056 0.28256980063544235
1 2 0.17925966310234717 0.38561014762781093 0.26007854916579504 -0.19409995655877152 0.22590910990835167 -0.33729225195256785 -0.2921308790999691 0.05225737686564224 -0.09232051200389937
1 2 -0.11096944923983693 -0.21847144609274557 -0.19227901308792358 0.24133294288397683 -0.2886213281698694 -0.17174897705363434 -0.15303164718200565 0.3365037771173803 0.2602131574003777
1 2 0.3025534472806873 0.395591150651916 -0.07730599587084473 0.21007658017191747 0.06491673500199048 0.05107261260150397 0.0779319454168995 0.2543072153658777 0.21465366134250294
1 2 0.23665478197563472 -0.2539126483303708 0.02715098653058995 -0.23752308650757886 -0.26617297848303484 -0.32428542381716036 -0.13826046853880675 -0.12551395124210324 0.06389379618468616
1 2 -0.07277822344717791 0.05328397681873865 0.228253559602517 0.2162870975537477 0.08568446989990414 0.260585641013076 0.07037746150815842 0.007006388477932633 -0.2897326228000697
1 2 0.44495348701267257 0.029069971642748233 -0.2089673661336296 -0.2942022819138038 -0.27297131201246067 -0.1473410931285313 -0.14159273506678016 -0.06653352039925206 -0.0667671386520878
1 2 -0.09928201928425122 0.26864273775451486 0.2572496179130869 -0.45902860041671495 0.02242063832796348 0.06760556312034043 0.031913348075021664 -0.1066836852418539 -0.31477745148276254
1 2 0.04792551718283974 -0.2790847957995786 -0.0631220864164053 0.24375560892233408 -0.09706464114037748 -0.025395446320602425 -0.3999641485747386 -0.06619076839711585 -0.1285257271161239
1 2 0.26218672025500017 -0.3060692294342199 -0.31537715100265795 -0.3512918205641168 0.12195154308854783 0.2643609920548654 -0.05765816051768241 0.24215197351654616 -0.015825119372069
1 2 -0.10410118186501022 -0.1438976015446258 0.028584522646145295 0.2232090515909329 -0.3434716808637926 0.09085604355138438 0.26419842439715013 0.05839544014717392 0.19249410611394185
1 2 -0.14680002745615967 -0.39324385434240233 0.15359921028387294 -0.2790274652668925 -0.345590429052174 -0.1999473661782298 0.28919803070157535 -0.11124731534892887 -0.2539400410182738
1 2 -0.345680662512351 -0.27296832751727895 0.009864662096728491 0.1306732188902576 0.14913877940099812 0.319588946086239 -0.3299381302048241 0.29079875357227947 0.3700972411545201
1 2 0.08944034878349097 0.06545411606337216 0.1451289270954449 0.06974831522128122 -0.25852951356325055 0.13607900797830175 0.37007889752878703 0.26520100692874016 0.3365702841074938
1 2 -0.4577387576118914 0.307415675131234 -0.150302380428201 0.46981588787008904 -0.20447372243423245 -0.1468832544373341 -0.08037632746644176 0.16259291582045063 -0.07047222034803509
1 2 -0.08951326771636643 0.14330597424101227 0.11541427311119531 -0.09250235241169329 0.1758493061019608 0.19558368713808913 0.1373780884161964 0.02003145438787441 0.29306150343284454
1 2 0.3969499144979771 -0.2454770917680728 0.062012530881849645 -0.36018645815624273 -0.2655782794499325 -0.2856649216726858 0.12437494999705438 -0.14047515154464651 -0.2822862900643223
1 2 -0.08629080022666402 -0.14857429161188615 -0.14125185233804882 0.13083017755843096 0.026061710994838734 -0.1413964176603294 0.11904046031634914 -0.4286897285807666 -0.25387666643570495
1 2 0.22819195463623393 0.2535457829954821 0.21830338047945666 0.0459943936287972 -0.08903402696274074 -0.23129406509432163 0.13696278722024252 0.24471466043045725 -0.05887051261812862
1 2 -0.3652294824821691 0.42426651655605935 -0.2534783192744541 0.32982967996819207 -0.04861183175933543 -0.1342330296007511 0.22719821916544025 0.03375118726593669 -0.3156473741130364
1 2 0.2787985426188214 -0.008955208050306578 -0.06014349055021909 0.47358562637485635 0.30682377194732324 0.33633533433322177 0.04002643979197415 0.06544597293741895 0.29176343791956205
1 2 -0.326699950640105 -0.1814337699696441 0.22210071731406314 0.04115004682448239 -0.011718637712005547 0.03183356141817984 -0.01717207070171192 0.1776461661577928 -0.2215368383800935
1 2 -0.3761613699513383 -0.22403029262173796 -0.21346542816631392 0.09664696330449345 -0.06061166944387008 0.15262682405978734 0.42485791424707203 0.04825086534473632 -0.20649112676764653
1 2 0.21861528045950526 -0.07366259389946578 -0.3800764470800488 0.12246684823667825 -0.003445049477985292 -0.3656269036486182 0.012524133406620553 0.11662554042191686 0.14782561413695172
1 2 -0.07992844518306036 0.3239388705109105 -0.25004723390615036 0.05403471831350578 0.22359895842887798 -0.2943877408768226 -0.5202412224546812 0.022917980845380707 -0.09205967859252544
1 2 -0.36288345870068806 -0.08235162033345654 0.051280250619016095 0.3610455438015587 0.2919707136657053 -0.29901876519768517 -0.1555952012314971 0.10803691941310214 0.05692199329637209
1 3 -0.08941718252199847 -0.2768802972624738 0.16273499661130314 9.692114561237806e-18 0.2500374293884848 -0.06504999808735393 0.11697658750077788 -0.06706145372294371 0.21671139319758795 -0.09625277138287758 0.04973290690418406 0.16750423966731387 -0.07508953142804153 -0.05617121250281052 0.04428347693105419 0.22565502252778857 0.2645710519493934 0.2837137010682394 0.062255318307326356 0.017512158832344717 0.07884914824919494 -0.1111411371273902 0.0915016693307793 -0.10430971607618407 0.12370607512229538 0.6892302168560732 -0.01826289806161317 -0.18037969454951888 0.07831016847455642 -0.02472004375769965 -0.15910285911810437 0.3565626968612588 0.24464723432082847 -0.19377777687913655 0.20692928904952748 -0.13091484419851146 0.12664412386376525 0.05835581815301979 0.04995212910502316 -0.1212322323526666 -0.021045318136019717 0.3842954365470679 -0.01740747287737365 -0.11865254978116573 -0.1820626624184195 0.1463446909011457 -0.0396678785962275 0.2552666932842641 -0.060725405246822434 0.17814916097121794 -0.09711234424000324
1 3 -0.014223641894933177 0.2860830094494869 0.24552732045848624 8.068559905069069e-17 -0.015497528352707757 0.07506143314817415 0.06598456877645059 -0.22096069321433787 -0.2399424598275429 -0.03297850798213348 0.22719956529924373 -0.08962709129988972 0.15867826699165985 0.23339513377874113 -0.3157432112731066 0.1574594228450232 -0.12913433233741875 0.1366892493607262 0.1884126805297836 -0.06285666335734832 0.11254048100278213 -0.15373386291272353 -0.11011305698262164 0.2908046559774426 0.1953242548583478 -0.08311096699382603 0.16414474049973402 0.12555997413651263 -0.0697825980285792 0.016137525674002177 -0.20123786684482983 -0.08826226091332649 0.0019467989668871676 0.07616337974500012 -0.10324180658799445 -0.256112894978553 0.03573151413719508 0.041383109474352274 -0.04778615751131119 0.0080829239160616 0.10179754979295823 -0.19404584209576636 0.00017719216082320535 -0.12266928697140282 -0.06856335260983451 -0.10501217626489029 0.16785660845893108 -0.10381898801510352 -0.12446292625356616 -0.2506289904200118 0.08407342652239999
1 3 -0.17570249653696512 0.10782232249872731 -0.20239655711940496 6.560887551379077e-19 0.19484034350498045 0.23394989094851953 -0.052277608582867785 0.1556857555442903 0.23662577307660862 -0.07319994373483144 0.037985569231225695 -0.1592677849275097 -0.019005776735703382 -0.019214691053207406 -0.012708321456059546 -0.002421417141523857 0.1965564702635915 0.12475237354473988 -0.17107761672725802 -0.1148047254646595 -0.10281610469537275 0.09728870943676578 0.24533762485325802 -0.22927674245801946 -0.25123822180405925 0.09654845493646137 0.039127500394392604 -0.11112139505412504 -0.1660836086034942 0.09280237391342004 -0.21955250653909045 0.07586072347721663 0.20810413894577542 0.1579786196944436 0.08621372702384196 0.02446050370696976 0.17080644139291365 -0.02065964762580977 0.0982174222157349 -0.2720664808991137 -0.029704794252654154 0.34989691900888953 -0.09522469379064054 -0.1986033678049103 -0.031418949327503 -0.01539206454719923 0.2807415512985904 -0.0672194157241516 -0.4171247655801878 -0.19002707437952973 -0.02079061621204557
1 3 0.12992851025750554 -0.4053581511805544 0.08069661681534421 2.836494400083107e-48 0.3866350034177948 -0.08395077666131741 -0.27038860701227824 -0.31668609583437457 0.21341014306485223 -0.0014798334130643553 -0.05543718494964832 0.03271219610141921 -0.06413679084245655 0.08602080302740896 0.3660999194422557 0.08192316765181375 0.11723314491023942 0.37103889250874306 0.32200388267541347 -0.7909719337399783 -0.044380299601595716 0.10516760822177809 0.0886115857065253 0.0024803457654616525 -0.519354156430959 0.6931402693132731 -0.4114431162816275 -0.17055184886159874 0.05157102444914056 -7.20488879755404e-43 0.10517985367828263 0.3402424730532419 0.06687725029334186 -0.22850761539668574 0.15481098330537302 0.012078327737219037 -0.5344550963009015 -0.6331926671975746 0.12570830486862988 -0.2083276218907266 0.4931707981627656 0.5414967779497123 -0.07211188649313115 -0.2381350996920736 0.058895076963184925 0.004255594838871398 -0.17120579706889041 -0.025870863641694893 0.03525615896261496 0.055134013208981945 -0.23014686914281254
1 3 -0.24149971051330824 -0.06353641162389004 -0.06805621938214175 -5.3409201639312e-14 0.1361743544679395 0.18965336872233024 0.13786004108582534 0.08971577808242295 -0.16835655236856495 0.10413897557429325 -0.15519801125742452 0.2140567401072109 -0.050750999856524155 0.24102628813146415 0.0443852689931278 -0.2397205767756178 -0.03653003297223837 -0.10354149652757072 -0.11332223988597556 0.06767573558159046 -0.10620859247923115 0.10407202474330383 -0.07595538578077557 0.36763797038868906 0.0056902839049582715 -0.10769282187152383 0.20164768345099818 0.03538914179736354 0.17487237423443225 -0.01556044778003107 -0.18140710555502215 -0.3029169570085231 -0.1409960856746288 0.004583840166759407 -0.11008889264464719 0.1551013558996713 0.1696899005704396 -0.13024901234652925 0.13290087244227988 0.1257692498920199 0.0363202204487249 0.10623451212633231 0.18627955300750887 0.07000486859871008 -0.1955434051187367 -0.18896191951019342 0.14316313037923192 -0.06548863299018179 0.04130177648715614 -0.16557477480371616 0.09178381358395292
1 3 0.0048461602811214035 -0.03249492363829142 -0.16683098744562436 -7.203394802180322e-48 0.004632099490497524 0.13541747484788189 0.08352134555919301 -0.15455462953045274 -0.18942372258455578 -0.1440227812863724 0.02287805221979363 0.181141346750523 0.09517380115499574 0.25432805315589174 -0.6333187549340091 -0.1917299353761996 -0.23194785998360318 0.18989557856396622 0.04591818284303699 -0.32054691451913814 0.10720344273949335 -0.09100281152674206 -0.06067042771583798 0.2877673078207878 0.21994324446275362 0.0011339915875337608 0.0008211531942871667 0.25035021578828115 0.02483574539863506 -0.0021867593104780117 0.10487797947836273 -0.09065260847934219 0.052045127963204665 0.09158608625271009 -0.23707206223095298 -0.11964437653001676 -0.14322186104001805 0.21646110260937282 -0.23104290813747927 0.2909373585621077 -0.25402660038286795 0.17865049976702127 4.496873479772649e-08 0.11672594036864563 0.01709347458277034 -0.108589818080911 0.09415722712950811 0.10745683800725939 0.31147842819020405 0.013390068865488191 0.11842131771854332
1 3 -0.23380601742021442 0.08000522063579035 0.27149207900956673 1.0199675390055305e-41 -0.2613931728643653 -0.2212408267879734 0.07492769718962686 0.11924697089467753 0.03364017891936066 0.07243710811024595 -0.08164552842177487 -0.011843448671019078 -0.033034537577345015 -0.20672517157505943 0.04810005181095717 0.39088356197925656 0.15996585041875508 0.08368091008505289 0.11878995172657296 0.20224238742705553 -0.07871996036753355 0.218067390271539 0.11766363852613645 -0.006941716487590797 0.010956885826306795 -1.8718351501542918e-13 0.09857958982004525 -0.1479270786163405 -0.1874495122719807 -6.158520212148397e-14 -0.019481579949935435 3.651545193033495e-22 0.09008452763208195 0.14725921707397846 0.07748991491801001 -0.4503475193128797 -0.11883834008108017 -0.27543395770243034 0.28649058315622145 -0.4829092776840339 -0.006668401768920668 -0.20142835401880943 -3.6676003713084915e-16 0.12352675958078617 0.11269339794681377 -0.2170764087638835 -0.3959998839148397 -0.13815620576583887 -0.2537582849655208 0.025815336403366907 -0.22349919937369533
1 3 -0.1586321461832146 0.23751750651184214 0.1585432546354506 -6.315450383071356e-28 -0.09351429896025307 0.18895103204413644 0.051350540588463854 -0.1260015945515365 0.15289015685296098 -0.03415501101354783 -0.18474317045084773 -0.09149754066070025 0.22257779947864942 0.2049635962599763 0.325454287072069 0.16805551293464846 0.2265514249098661 -0.07115234299975967 -0.20073265657222975 0.07317073409660314 0.2866846400315059 0.0799939110156294 0.1280877225823432 0.15251535861629165 0.17642591152358572 -0.002165610988946971 -0.22142817314333174 -0.32667514233238343 -0.011173800476507595 -1.3479542626714713e-41 0.16202451653552685 0.2537434755768761 0.23041690644510635 0.2074243847399839 -0.13572723544674922 0.16708301346643495 -0.013246990920645171 -0.01777641534943525 -0.4021898584816586 -0.023952693877054117 0.29707149755021145 0.1186873058050022 -0.18139451311107035 0.3958004369731898 0.30055650751164964 0.2633077920496099 0.21786341189095282 0.009259127742422935 -0.17154354283998025 0.20911417282772424 -0.21343263873880688
1 3 -0.1956473593122274 -0.052214263415788366 -0.24559367630533976 1.808513954384479e-48 0.21946457397362315 -0.13577496898307465 0.09711465365612804 -0.020864354341068637 -0.04744153609728126 -0.12541571579146282 0.015124094976558592 -0.22452656812561375 -0.04270256737242373 -0.1450025269623777 0.22278720959583273 -0.16450421200099022 0.013674199063542296 0.23108533070109893 0.10305414352493114 0.3006079271454769 -0.04780444080601697 0.2191244641551111 0.014680767816454821 -0.2402407006511011 -0.10002470565886502 0.29384003974858114 0.06923871389874502 -0.002178034687896507 -0.20193558467517042 -0.019475765171765514 -0.00497977603161939 0.221151701466049 0.2588102281990634 0.04907897810045694 0.1096802433959601 -0.0032340021888874215 0.13047499747443014 -0.00317992997058473 0.04866022160743954 -0.1013968463684974 0.15190205584597277 0.03413228271351422 -0.15659242555717776 0.23984622386449994 0.22741577700753557 0.26055267324239456 0.17050443291822667 0.2110387410760969 0.14793879737797463 0.1946592177233682 -0.007386033520022003
1 3 -0.2246739292376963 -0.2508571928953079 -0.20609456860118952 -1.8703691065726829e-35 -0.14915483902160584 0.23073966374003432 -0.09979247808903995 -0.07477022946808382 0.13526079823901108 -0.17355837279521044 -0.06332475135663833 -0.21578247951234422 0.20007427319835863 -0.04356298856596443 0.11093469558968481 0.10094766444795415 -0.15851055241478884 -0.08077675633204225 -0.174886074124216 -0.10293049565508339 0.051907460526508735 0.24188948662512638 0.13036910834350146 -0.07620558822878395 0.20114160281875926 0.10741679827733291 0.12405523214865438 -0.05034958307209565 -0.026789050784877692 -2.1491414410069962e-46 0.14207521355486932 0.4018428988368705 -0.1333673268572489 -0.2101665034686195 0.23494117079590618 -0.0470355205738295 -0.05151258420321715 0.03231067033723923 -0.12991706770951467 -0.22320055515823622 -0.008675710197993423 -0.10576558770774408 -0.07980257958942263 0.23643237250255938 0.25279771360706704 0.24381902824504095 0.06305010399432902 0.1567910734773293 0.026346168529045602 -0.09219873519802431 0.19864066041706796
1 3 0.22736311883569063 -0.061521121466100864 0.20559120307253886 -3.65583109243095e-15 -0.05076951712528081 -0.06497761785085723 0.08602840147724969 -0.06671836624374314 0.10168537411115738 -0.22084314787347292 0.23853931071693926 0.02760443889816775 -0.18185961842179021 0.15949369103826522 0.1355236130464507 0.03169782583047512 -0.023320969008744436 -0.06430183778135008 -0.018641806445988954 -0.1411613486331912 -0.03930670639118843 0.09182684094831514 0.1118689440639246 -0.2892320432878494 0.3152083550049439 -0.08951852037663027 0.24456836435612095 0.02813480406240971 0.08654777834047825 -3.5263352428332447e-41 -0.20335154111062784 -0.014633757923454027 0.06566079471773384 -0.24706002113622716 0.033656599872091054 -0.050979226834210446 -0.03174546259945709 0.04283991762373784 -0.039647276340091055 -0.525431129221521 -0.3144051723131881 0.07997508535412957 -0.009474456965214928 0.03783815712960732 -0.08027066675430311 0.22291293376278856 0.1596506763032084 -0.010414465328849624 -0.14429616427304848 0.3018812283430068 -0.03667664171185217
1 3 -0.10478221309695228 0.18713379001370958 0.2523394978196626 -6.940487897266059e-39 -0.04549473636210331 -0.24344133215728694 -0.02991821889969136 0.19085627185175402 0.17884651999690948 -0.1648009440505146 -0.049030994245269924 -0.013548821399084632 0.23549094241331808 -0.0367914337191343 -0.2043625358848756 -0.20716517540383136 -0.043413272979455436 -0.17731887433513102 0.21407950186692096 -0.3351228222393118 0.13736609000790964 -0.2142932749039309 0.1709589724436535 0.6558898731867966 0.08080220514231864 0.06788263585340516 -0.07899487718930404 0.3015902074976337 -0.11304477750828915 0.058303518361098046 -0.07321136180385905 0.09348050945494073 -0.15195465509039563 0.23590214375399457 -0.06110832830603568 -0.23971173970377457 0.28824550185421727 -0.010879302657601755 -0.8159373940245624 -0.010492297222461047 -0.07737303133903854 0.0061516113174106945 -3.123239573174161e-29 -0.10908881121361917 0.02157144104121545 0.033906742219604484 0.014829339513133059 -0.1419941763825649 -0.18273388872871013 0.11084801909991712 0.04155349623376957
1 3 0.2475386058358294 -0.38108467039584765 -0.1367418515793616 4.16449478892904e-34 0.26598160736073106 0.05929318331043343 0.07292744370778277 -0.24608229805913623 0.2505753975209168 -0.12397261695699613 0.14861769075538356 0.14002665255616875 -0.0773771797169787 0.09239114471869092 0.3125107712925695 -0.04712200829005406 0.1026444714509714 0.024251374959033897 0.017294280763455218 0.25232859578527755 -0.08840518367346077 0.20632664121374544 0.03382484061079726 -0.25276461443084647 -0.2529342751747491 0.3202444673137975 -0.2199398451644215 -0.3059493403447214 -0.0008703027252169995 -0.029749626117593027 0.1423571501090925 0.36651856311740155 -0.16874010346759485 -0.20545339779772462 -0.14149212225684688 -0.09122302627315336 -0.2579894085380778 -0.28580533541804604 -0.1452644311807732 -0.1650708575720508 0.06211441192231306 0.22305536290551223 0.06221772026220106 0.188164231487372 0.16245803745432477 -0.15495970747826932 -0.06521358060073923 -0.004966208091126386 -0.29088935032471147 0.19889199292666548 0.15990074983754668
1 3 -0.2618369910898967 0.03267154314062057 0.10281807450096885 -1.7193767550862933e-39 0.0591499872201221 0.06049082721551102 -0.20744301586194688 -0.17107048030513508 0.15211578403516193 -0.0029466288342784954 -0.09462920336655481 0.17671075539700043 -0.038319038295005964 0.036360199035723614 -0.21211836102661186 -0.1310613211103611 -0.20157424364801607 -0.208717805750656 -0.1837552538251467 0.04113422378701503 -0.21332377200366587 0.020671371869239966 0.08723725229639036 0.018694265778584997 0.0914764352286805 0.06457900723987342 0.2516587413884734 0.2379530287607303 -0.008008697101755327 9.823000944202189e-30 0.12058658146798519 0.061211270326479314 0.036332876885731474 0.11442786696640134 -0.12936889224225054 0.1775762608584068 -0.21426589834053358 0.1227836299390678 0.07866354192251011 -0.12492542946163444 0.17329265640849625 -0.2412194970548091 0.1622619976954364 0.24909216283206928 -0.14666570886870964 0.15467115046274432 0.20265235311171592 0.05201078721784923 0.14408306455305142 0.09942008453937204 0.0251650283928117
1 3 0.19041035043380378 -0.06033239897754356 -0.07571357542603446 -2.3004905642006575e-46 0.040052992650847705 -0.10599901197951736 -0.026586557622940977 0.21627803002631726 0.12568322480562819 0.17826969247256452 -0.022607544262889998 -0.09280016435341155 -0.018686889825071197 -0.10971768680680564 -0.2825784183529353 -0.1296817793118553 -0.11244381954709254 -0.1471596854201388 -0.23337878390582512 -0.30623704486597014 -0.1278223298857248 -0.2787070196452426 -0.017800593374659023 -0.1785299798238713 0.08384689576045812 0.00342026472024819 -0.03756598231359442 -0.004913063690933809 0.13899074304018766 -4.1193715529712626e-07 0.1840030470151752 -0.18571264656213443 0.13502172329348847 0.23656340207863236 -0.08746791583954924 0.2471112394590652 0.13906787766137108 0.17152217110191187 -0.31230912031506025 0.143105214135212 0.21013847628271243 -0.08117598353453107 0.015102757522502602 -0.018895871551585956 -0.27772162201516043 -0.24771383569876848 0.2625098032306774 0.10265467004541734 -0.03350484491754503 -0.3250074177676269 0.12512174736052567
1 3 0.12382835778224881 -0.35174156723243816 0.00936570782555622 6.810555459921167e-27 0.14697891307258115 0.10080475301549488 -0.11564251237852682 -0.09590725636304914 0.18114374055049204 0.030241271417309982 0.1473265414575155 0.17061665238806598 -0.057437324441321214 -0.0603462048101462 -0.01697630097924073 0.16454899773517 0.38760236645339363 -0.08422992703444089 -0.18407632776716792 -0.2482650778687733 -0.2816101005772327 0.08986166999854994 -0.08776945270958503 0.009736866089851163 -0.42648492471213617 -0.02121406007203974 -0.18417099929480404 -0.206354270543788 0.20431648194241325 -4.29654289311797e-31 -0.04269258442871431 -0.10493393546954678 0.04497101750532485 -0.1833986568388333 -0.1075436173404224 0.39580098186444806 -0.1067388309770317 -0.007118095088224233 0.17332527466393688 -0.21511336956830707 0.1497550349500946 0.13678438139221982 -0.1973942627181735 0.058605738057981006 -0.07269046140487541 0.14444781118986505 -0.5247400653591645 -0.048809839063529065 -0.07011350287492306 0.11839524250939577 -0.21966014510736284
1 3 -0.0502675934486819 -0.006120442308787743 0.1620908634873264 2.865809615304496e-17 -0.01291360998754995 0.004924852011673563 -0.2290632692967186 -0.017581162554845483 -0.15534459331158956 -0.18211667511959767 -0.2264870950265168 0.22751071185687896 -0.017924082376819982 0.20629392999436 0.021730619936607156 0.1513370137014898 0.12155971648154394 -0.03585064217081768 0.21091278852149903 -0.07077270231666376 -0.10280440639727349 0.059604003700987195 0.11637337416167376 -0.07847238040328118 0.054609271282968025 -0.4209453688929152 0.1260942580460619 0.18682412538945262 0.016696836276418353 0.01684893022018647 -0.1424794435940353 -0.010131856892603713 0.17573372650617358 -0.05351865066233773 -0.0747837570295594 -0.2486445041099616 0.21290461680875347 0.07949950227153846 0.19049756745172022 0.11276398956046062 0.04628157644227415 -0.1492606222976713 -0.0038135217957918415 -0.22777681074754902 0.13105220184439417 0.08045483225917407 -0.24061519210679347 0.09170040583497129 0.19537518929959038 -0.1403000764573822 -0.01394837772618088
1 3 -0.08427316863367797 0.1503820166494427 0.1447639185555911 3.395707904365038e-14 -0.32842341049347373 0.055039416090020964 -0.10416887984542887 0.14476678272065666 0.17412163940771047 -0.07527911447493728 0.11488862402283324 0.08617018176650681 -0.10606729783123754 0.05728562998169214 -0.07218825866849343 0.04571397309798319 -0.2515131457928731 -0.045192429107065356 -0.1763618796386013 0.09362757573837094 -0.16599853675069853 -0.06303819740189796 0.11928136190198517 0.09949766254331244 -0.013064069383267353 0.11043872394986452 0.1994938567221318 0.2753433137460468 -0.08128017832774793 -3.1204944955450784e-15 0.16949857869678767 -0.034929283422907645 0.26808595986601835 -0.1719023535314706 -0.01576117576560351 0.10457511810326056 -0.18451284978226007 -0.039935361452346226 -0.06739175450852472 -0.3667003777860731 0.04237454353375076 -0.030098347505126206 0.1638715121107568 -0.28973127255360176 -0.12094426692463833 -0.13366141051409197 0.14489200263178778 0.038980690141552636 0.13826210315885606 0.06169352681103766 0.09697446360332843
1 3 -0.07857076095684527 0.12446347702311053 0.17611650794493133 -8.533667594209571e-50 -0.062333130744864546 -0.2258495369471381 0.12133800092146432 -0.12427122395815493 -0.21067236790025795 0.24673733587557825 0.2028528752433484 0.1934328121357515 -0.25925359302043544 -0.12638659311249162 -0.4142664334429935 -0.06764801608767827 0.044367796307512045 -0.09916590516902186 0.2002243194782315 -0.03831505818532255 -0.03609502796769127 -0.17021749585484708 0.1928464708022728 0.0029819360428729163 -0.2390341967593315 -0.06379290788394625 -0.2260777507640355 0.15438910330687847 -0.18725571278396266 -4.235756520816592e-22 -0.2198143510943237 -0.3215544694925167 -0.06267129373285286 0.21456888819319306 -0.25693035468394787 -0.03288639931357998 0.16221288444002796 -0.39089305508907934 0.20871754711442836 0.4522921191911734 0.1274978032027953 -0.3060043468104395 -7.687366132914643e-07 0.15555460065172344 0.09028266232819362 -0.40301858075693553 0.05559816222460101 -0.3254585240388679 0.007492763208392207 -0.11877439115111534 0.25052838589055204
1 3 -0.04802367137361928 0.17212498796117864 0.1379739202993674 2.9261282872452177e-45 -0.039371552031850346 0.11346192926486325 -0.006049436312980468 0.23679046505195556 0.18443216944298366 -0.15489756783356026 0.2120291861236013 -0.07128018515635477 0.22604840481552252 0.01717857478989884 -0.19891039154432982 -0.03835299895008838 -0.10442069666692391 0.050672222885421246 -0.11477222027439803 -0.09853383972559036 0.01067052744886518 -0.15492902917131574 -0.14186229612285442 -0.03862285913659156 0.30260930962020155 -0.32728939532533885 0.011275185161226362 -0.1622346973451354 -0.022360566016831344 -0.037128527146976044 -0.22470740190997535 -0.1550964436840863 0.05924064647233329 -0.03213622166642007 0.1905834485077688 0.03980251080434395 0.09326490021333615 -0.10444595929953253 0.1099568380430728 0.18438473750833237 0.001339913332279343 0.24145660041474062 -0.031218725081157774 0.2499985269901621 -0.13656246162698635 -0.08834043615963169 -0.06240923088533002 -0.2538149151269895 -0.3226999775633722 -0.13126439518934582 0.049009943539113074
1 3 0.15933527897499386 -0.293474239782002 -0.22933407559581004 -2.390699884363796e-13 -0.18272742617747656 -0.224277559310808 -0.011274485587166915 0.09502984482337848 0.23291424843252886 0.12693029454725618 0.17766570796877448 -0.2360763955278497 0.08441333542997513 0.003568751200837291 0.2363115481927765 0.2277061804878625 0.15063157197394453 0.055512900833022245 0.059312031113897885 0.19499617360856153 -0.056320745050814226 -0.14149993041436296 -0.1679683415662612 0.076095482273702 0.13889001952898022 0.42318165266950847 0.20680174574481167 0.11310938956618616 -0.13068023858044828 0.0785572286739779 0.25364838276053786 0.4122677950347614 -0.07808676368041947 0.14525087105773274 -0.11169282110993227 0.1648601981446542 0.22449497106844798 -0.014419416955693666 0.1453541713760995 0.08052724750680101 -0.21351433425017824 -0.1860159565732009 -0.27284199325137154 0.24009181475292282 -0.2125023225244579 0.20043852333066214 0.2625195913034373 -0.1050121760046576 0.3441764090207614 -0.04969108521059331 0.14753267938596748
1 3 0.08322512078743348 0.3552620781071798 0.08504757136577427 -1.4697648385198428e-26 0.30136680664475857 0.22996847337332368 -0.06573271196058031 -0.18194837560702398 0.08042970084112248 0.21143517980670556 -0.23343837155145944 -0.1763593762300876 -0.11486309624090073 0.24890237674734 -0.14660643020175787 0.2169452579834052 0.1384423360407564 0.10924599265024607 -0.1162045912277018 0.5533477623327459 0.014672050125497651 -0.1846551524962976 0.03536068743377262 0.22972119149299638 -0.13945288278372228 0.23383187838824723 -0.28048998903545397 -0.1357326034832503 0.18149445687914578 -0.026512943451056085 0.22782547403838596 0.10480630938246047 -0.18709443357310082 0.248779512956498 -0.11423761620237236 0.007676687551550941 -0.22337828426719783 0.038982466343124765 -0.09016054247410178 -0.1677028503597391 -0.09821961250368917 0.48632456534290625 -0.08992021472780434 0.5319885820651121 0.2913971953318087 0.3296539678423858 0.10635550763043256 0.17044558389955886 0.09275185235344865 0.23720752180744759 -0.14204573519757707
1 3 2.5993521278320367e-18 -4.580687907973046e-36 -7.041929845582378e-48 3.408998390961704e-28 1.215152233448917e-28 1.5164166158765946e-49 5.909067160476805e-14 -9.953335017244637e-37 3.9929368589190006e-29 4.374771145199819e-15 6.892060776726576e-49 1.5267502837686556e-26 -7.587967410174874e-23 1.149390097822318e-41 6.360640845472218e-14 2.9099848076806004e-49 -3.1136485195302357e-22 1.822048503117161e-15 -1.8093927016295216e-16 3.277891175717643e-17 9.233484455136843e-23 -7.5180683293765885e-34 5.119459865461092e-17 -2.4374650936228557e-34 2.9183867503796843e-44 1.169423251736931e-40 -1.03994963992805e-43 -7.718830525891605e-20 -5.81327387212939e-37 1.1514552191439094e-20 -3.763602025030516e-18 -1.8520662933344193e-18 8.091209981953863e-33 6.473180352940939e-33 -2.173892030978429e-17 5.939621131945037e-41 4.774326032404712e-27 4.919766216391914e-20 4.648924481646834e-38 -2.0269236503471375e-17 5.531131276266827e-42 -5.654495772238728e-47 -4.2745318488365345e-38 -3.004609761949334e-42 6.046558678170663e-19 -4.211280349274246e-36 1.81809214709126e-47 3.2173244113849094e-36 -3.661458343493336e-43 -2.408373790262969e-19 -0.20900727346904183
1 3 -0.16904264892959667 0.1882094607979703 -0.2285970810806305 3.2606391507314435e-19 -0.20702528823879798 -0.0279936998240475 -0.21445641886922895 -0.18178094488679675 0.06613513299528731 -0.24025775162712693 0.24166537029780238 0.24574243565915452 0.13238202368746055 -0.17403136077871972 0.02100933970267069 0.10616678221121069 0.033826896804071305 0.0922094715132888 -0.008784685002562936 -0.15130209572343503 -0.09422449755945773 -0.03799768349671462 0.06243264302405217 -0.11562920691686553 -0.15288490105150462 0.28097202954757095 0.00448413102500993 -0.04692530699749472 0.1949481755530696 7.771220106649694e-33 0.2628291703209241 0.442960395098657 0.2714470401030347 -0.0722812460288363 0.059068849879673826 0.15864826509674196 0.081016085655258 0.038104745259279364 0.012844720855242152 -0.23274504180485256 -0.197242380840435 0.16167519623287926 -0.11231446853691213 -0.057284256261759474 0.03296089364503483 0.2626752544499019 0.21585117391580633 -0.12152921471591628 -0.014312435695100552 0.27615196212952153 0.23806939197421012
1 3 0.15547159665340549 0.20899473147676037 -0.03393054313810238 2.5003189287710935e-38 0.1783263121081422 0.009425270805516656 0.14745690097185818 0.07833080307468479 0.047704011256330205 -0.22844478897277024 0.11113510629006053 -0.13517185621128758 0.20462018721627076 0.12717484799947917 -0.11872124893506669 0.13822250769960312 -0.14824811390762616 0.21308547131608394 0.17712048373398132 -0.04497278699534304 0.2033366363604095 0.053415499721722284 0.03791592444583674 0.20759190312191395 0.1965036973126662 -0.020108369533578616 -0.23770850376823321 -0.01195477840550697 -0.05368802977474128 0.07331778863899595 -0.09517103958247322 -0.44045162826650075 0.08770669870178595 0.21376453991759786 -0.026691486748572954 -0.1860274447063669 0.02924612344618409 0.004712558008161603 -0.1589261756554211 0.20999168560506537 -0.14052953976869803 0.07555016856724328 -0.11468749588102804 0.19076033996958586 0.005793129389750046 0.018433104025552337 -0.11254760434441172 0.12108654609362936 -0.0070878182775101495 0.12375060958460075 0.02100449717095737
1 3 0.1038633809582858 -0.18512306678007875 0.12318224630507352 -8.532317412854512e-26 0.24796473543073996 -0.054380996790449936 0.09165428913993981 0.1388078702342536 -0.08042445052267402 -0.2507108687283025 -0.02315227557162082 0.1402715959174618 -0.060526914040493054 -0.21416443218583753 0.26451453212625187 0.013035305792096797 -0.006512061695348026 0.0824589887454203 -0.10804891935408328 0.20142297724133396 0.03394543944531165 -0.11682435263155107 0.01227254664960679 -0.29854073965648076 -0.12503529747261716 -0.2169539822148194 -0.023270702445411188 -0.3226949382959005 0.1876384120529695 -0.0007047397191072483 0.052641903871288524 0.001197046914658995 -0.0766266692669093 0.05689349398549919 -0.06033956041167168 0.20517985930233232 -0.17471033223123597 0.1085820055777877 0.11155862837532249 -0.19823301449920272 -0.17037446197657338 0.37541633934402263 -0.06486599877779077 -0.4393644400801473 0.021656698941473873 -0.08631413428636893 0.06360433672728741 -0.19009887040935008 0.07344990703506189 0.2229559801908618 0.21004246440588234
1 3 0.023318720036035787 -0.03584495032828264 0.1891627003704764 -2.0694223265645128e-22 -0.07340933970314632 0.16859270614430033 -0.1394676693502772 0.21426943759718065 -0.2621872176426738 0.22817269095413048 -0.23169155505713715 -0.16645388928787377 -0.1796432258076052 0.12869017975107308 -0.24550302058735865 -0.006871105679342929 0.13788442597257655 -0.15006016200887357 0.1858959448437272 0.08240581545920282 -0.23364546891123278 0.16458736555409037 -0.17250765268287802 0.3272517021163053 -0.08433821027903987 0.12921239588304428 0.014084142010940602 0.042593346602241164 -0.05361092456747248 0.03584852705047522 0.09131524081307638 -0.17941518462688952 -0.15428712339343692 0.22011542301359852 0.04872710479759235 0.009709408154763375 -0.011153296244810101 -0.143557662552699 -0.2721647580249582 -0.19494080089933372 0.1846851431085346 0.15265157841067212 0.223845076779296 -0.016747880677199706 0.03741623556320442 -0.1393761694393303 -0.02251769293507414 0.19509528201193155 0.16235754828299878 -0.17050275215864324 0.1600724525302587
1 3 -0.12302085962895376 -0.2581685801182543 -0.01926311658819414 5.795251307885731e-27 0.03587175613909513 -0.04926832766179176 -0.17677958911805242 -0.14326644115856596 -0.036579007853099914 0.09776807399465717 -0.06360615472776696 -0.12586188278860252 -0.029792400347840513 -0.1594388483872595 -0.34583770275776404 0.030741420800445594 0.13152050725706765 -0.05652476870224359 0.0037715079450612765 0.41013852593887085 -0.06565898250063061 0.08161108193399215 -0.14250636898217178 -0.006840415223528119 -0.2891545468044429 -0.36843730614322623 -0.1665321684414846 0.5098638398886827 -0.08573040446189278 -1.9297471761563797e-13 0.3399868501999338 0.1649716331934197 -0.05228487584801468 0.24464751098949286 0.19237269021426665 0.31413109332877054 0.24206959922758284 -0.1484164041445978 0.21896953556033927 0.06310970528975653 0.2513798418875639 0.1703423159400638 0.004494867314842781 -0.010671759504113983 0.2826603381081457 0.1397459526747146 0.2704577500931329 -0.05340119571431268 -0.14415396969539024 0.1809703185507768 0.01697656828129117
1 3 -0.02682605512970306 0.20592800437081146 -0.05000090462249021 -2.4068948713179683e-19 0.12105091534783434 -0.04898570357644584 -0.14578626043311751 0.17059574266658933 -0.10774718761348182 -0.04028418781663762 0.0839120070470701 0.13821318915387806 0.13171232097848848 -0.04839016347484614 0.004788088768632578 -0.19593432339906292 0.09085971238000105 -0.020169754161344512 0.17855894508417053 -0.16095881599173129 0.20879965291441363 0.0015253922400301342 0.08018190321090266 0.10495305578820387 -0.09304302679230511 -0.112853921465157 -0.09597327419321118 0.39582075471402606 0.027479474640903535 -3.182677983081152e-31 0.08373024023585982 -0.40057897867064635 -0.009889749653102143 0.11247679485956925 -0.20657124146232997 -0.18206685739650835 -0.1531295114501188 -0.058407767658164585 -0.2607503123137865 0.297011878181065 0.004173827345927807 -0.30050011517869823 0.2789285159390149 -0.2238359791530646 0.19888927838169385 0.05941712796478158 -0.09950991751510133 -0.16413916254734495 0.27332572412778344 0.21933215047280796 0.06184070350964681
1 3 0.09038067972543448 0.060211096560812125 0.1328136292002279 -4.6676373318442185e-45 -0.17751126371460701 0.18890430901965907 -0.03248638567516969 0.005771572111503121 -0.3703586001963564 -0.17480347822078046 0.08292425313847464 -0.07608815717680495 0.1802054870683182 -0.09738726903696443 0.052400710646167435 -0.35011086855609397 -0.387636890487066 -0.15285734011911578 -0.14891733633959292 -0.4108095807360449 -0.08821160386850187 -0.16409932303758762 0.11308989559517646 0.3630534721648645 0.24327165650252774 0.33665759406934276 -0.1166437899941451 0.14801403861382004 0.026871150547162263 1.5334000711515938e-46 0.07839343444843261 0.008582112353941507 -0.04931194806769531 -0.1132415843463051 0.12473138304912185 0.04981896534593552 -0.166006881950203 -0.24160403981618903 -0.006290898594356615 0.08054209198983207 0.23995262145960944 0.05390555972934582 -0.02762359301699099 -0.008911814914586829 -0.11438961366383765 -0.13011327851262616 -0.2865677989355636 0.1144140349696161 -0.020686571907004903 -0.20727514050560952 0.08808316878414532
1 3 -0.08053271127954961 -0.02788099759677947 -0.19084352337977012 -1.1856629182869196e-15 0.29040530451956825 -0.21484123989135978 -0.22654639680571406 -0.22289350059740268 0.1706612014932781 -0.033839900778571075 -0.2478004552514525 0.18107750689287114 0.18330337302300367 -0.04783334004802737 0.007154291915410021 0.13306523917005808 -0.0951687368746515 0.13255100360570565 -0.09266813219894743 0.13896618521285523 -0.19658550056994953 0.20563827752307373 -0.15505894881537782 0.033117093197725066 -0.3871953295347428 0.22770709147102822 -0.05778497786923408 -0.47806470888788044 0.030868732342698522 -1.7375397786871243e-19 0.14878697417725867 -0.009783851718247904 0.20212853408114706 -0.2474479902638025 0.10463203432167344 0.08984765845083931 -0.31670593321572726 -0.08279524618949935 0.20197104918876305 -0.17318859942350093 -0.059717969661602366 0.013551232400301552 -0.13941128463925123 0.11897157306505944 0.02035638606067203 0.1591420503659622 0.009497022102793944 0.1496243683033195 -0.006829672526895287 0.18280304237356768 0.022389634305870227
1 3 -0.25809189981882924 0.3153085592693265 0.16638357867836134 4.413680757029019e-44 -0.09369445788849884 -0.6365129750515834 0.40084107604977237 -0.03219212132439986 -0.08758962894407396 -0.09680278157867903 -0.04284655023289629 0.09788817663364852 -0.04055194250138417 -0.09573653619514912 -0.22951951822733271 0.448612062718244 -0.6307272583221176 -0.24389919898349388 -0.13359836859082028 0.04611410621963195 -0.2194807401047419 0.024924914839378386 0.38912378366706263 -0.0031929788116928366 -0.3858248453247225 -0.13334203948268047 -0.027143727868769243 0.4729127539596269 0.016425876076874932 -1.3408733592161659e-21 0.10842325677584712 8.006400325164158e-33 -0.27083138643548627 0.05432411269331919 0.00017846879729651395 -0.2114304098599767 -0.19870355940561765 0.0506275483422279 -0.01764516721855567 -0.20713244854297494 -0.15223120929344094 -0.1719321888092012 -2.0390556515540482e-27 -0.6943020409415823 0.09384979897711947 -0.345211897879408 0.07191119640949471 0.2391734358858363 0.4719830789427642 -0.4906883960660894 -0.10896682764254173
1 3 -9.15175974085765e-16 -0.01110973779116458 -0.08749829727412942 -4.730257743611145e-16 -0.01796384067213854 -0.00364864781756359 0.02554076216485949 -0.0576308548727522 -0.06282507163924646 -0.0031584855210209976 -0.03912104819517516 0.08141925904023735 -0.03935642984949867 0.1104521576066411 -0.05956820591457144 2.4156514636226672e-48 -0.0016402675913838227 -0.02070854150693097 -0.06602071509369227 -0.05864104488664224 0.040996911163257994 -0.04534499133496265 -0.0740585944203665 -0.020405076756745796 0.06590395055300502 4.91664295169973e-16 -0.035045035106658844 -0.113441812495705 -0.015466058247448464 -1.056212362053507e-37 -0.12468396944684632 6.173126411665853e-36 0.06359622176673273 0.024971075423035928 -0.05419440241468236 -6.073830826075128e-47 0.08211274255364934 0.05383774798930657 0.1846025010421661 8.32768525082485e-23 3.2227334230234805e-41 -0.015240824735966699 -9.748949307967417e-29 0.09763683074929425 -0.07029414795878633 -9.885767854973686e-05 -0.025861051439363805 0.03795347935238325 -0.08570460624241558 0.16128321616104072 -0.19263591996363102
1 3 0.15118290429760914 -0.40037323829264504 -0.1325909850967073 -6.012983852303047e-49 0.04142591630187643 0.16387704968828842 0.03837952706870597 -0.11384478619232553 -0.09164371977835185 -0.2490077919908259 -0.01742434064382636 0.22903953051971218 0.23884680820462037 -0.02517261573796286 0.01174849303737564 -0.21842485947668513 -0.13357314691769148 0.2785081843860777 0.08227962040670476 -0.24976627846383098 -0.028972305486455765 -0.05003557709342778 -0.03541138059713333 -0.039514386222935835 -0.5468629991176086 0.2915998872147665 -0.26925323450901595 -0.5184585072086421 -0.12365062487398527 -0.043161899547167024 0.2064480958932479 0.020324460177932574 -0.050819174699650076 -0.19551010382503134 0.02408016794452307 0.1882065737340098 -0.3262645924358794 -0.4615676624127253 0.16820075311413699 0.020024363276068 -0.0742903384565914 0.4161849376794308 2.679258207107042e-06 -0.15553442689189603 0.16894422299554956 -0.0914674620610015 0.019827648018009583 -0.13488717026242011 -0.11738604606369632 -0.0959589849687606 0.17778542920240353
1 3 -0.02528701062187578 -0.5808016619967143 -0.04671767773472734 1.5659632059358686e-27 -0.07626432535065553 -0.07653962507083245 0.18874375023839318 -0.10130078399199027 0.38154750926470604 0.012428465181596647 -0.10636904410510946 0.08098080612715308 0.10303600657982186 -0.18558476190407738 -0.19437305962225424 0.2842694596379507 0.3104682810562761 0.19619461565641705 0.01055541126535966 0.009200716866070357 0.14677703754749807 -0.06100593852243593 0.28240176655241095 0.07670695888619668 -0.2439810657092351 0.5283349297443934 -0.013374223100220359 0.1403450680381899 -0.02540585796763461 1.2731221543515616e-14 0.10333812724875358 0.1219452796580992 0.13326747812601933 -0.16205563879404639 0.1762175446716227 0.2720114351918925 -0.025276140264972668 -0.23328451746865153 0.20233350555172291 -0.09044072985409246 0.38218259920548664 -0.1729295266816636 -2.3336704146605767e-34 -0.291747102785015 -0.027506430911640657 0.39732465512673387 -0.09023221193159295 -0.4668446623258525 -0.07744160267755379 -0.09910818281973181 -0.18545046555066083
1 3 2.9880735144230635e-39 -1.988472333214502e-20 1.168358251614518e-13 -3.0002118510961e-18 4.5689262250602344e-48 -2.2603611674774115e-34 3.580117053317826e-39 2.5758232340784305e-49 -3.192404247443781e-45 -1.1901987248378601e-43 5.657469196871086e-51 6.415032999779604e-47 1.9749605193751293e-46 4.8921515231810215e-36 -1.0345396692706909e-29 5.2887036277032986e-14 -9.98498825759912e-45 -3.148980848184059e-34 -1.8313670968957694e-46 -3.015953657791124e-48 9.170105657996008e-36 -8.644642177070237e-14 5.556981384895072e-24 -1.2672990361738063e-44 -2.1427041540960574e-42 -2.016782748706243e-30 -2.101063549967835e-47 -2.5535018155229635e-16 -2.750130310920755e-38 6.300057957653896e-45 -4.5373687763942e-15 8.823816666155647e-15 -2.0225420731836938e-20 -1.0897750850545641e-42 -1.1983802662107608e-42 5.1572970503000575e-27 -1.777340216032374e-18 8.737503749301577e-18 1.054553946339224e-35 -2.8329009214860993e-18 -8.409697162249736e-42 -7.027902201919373e-49 5.929223217139217e-41 1.1114047666857588e-48 -2.2800773292289416e-15 -7.20218366325879e-48 -1.0478948774911374e-15 7.355687311938073e-32 1.0532655084150606e-31 1.2896696092897003e-46 -0.09578891381297763
1 3 1.1231367832308278e-44 -1.3141223233684585e-49 1.92448215695603e-32 -1.1435391186978337e-17 2.556887643282231e-31 1.404438575802413e-45 -2.6768726019623398e-33 -1.657338662150422e-26 4.886956315422357e-24 -1.2733623486143347e-19 -1.2946661815905811e-14 1.4523446068846865e-42 -8.482608456502071e-46 6.141077000144067e-33 -1.399729797999393e-30 -4.4098697776013003e-16 2.087944941056638e-34 -1.8285648896384152e-16 -1.4029410822473425e-48 -1.7731485338408008e-26 -1.456695898764934e-42 4.506155498517305e-20 -6.782774413089187e-47 2.718690743033067e-43 5.252005716396502e-14 -1.0055526351550634e-40 -2.1414969275571143e-16 8.998651897557953e-16 -1.881742797592653e-38 3.476718733469621e-29 -3.400200830981484e-21 -3.8442101455645544e-31 -1.9356766456975599e-16 -4.941617535926432e-37 -5.09546562389361e-15 1.952362749450352e-48 -5.4612394348500767e-14 1.5125183224160763e-26 -1.1027535124750532e-13 2.1347540586306065e-48 -5.271710398796827e-48 2.0588299445913207e-19 -5.541410004636381e-32 5.804616184923505e-15 2.042167226214657e-39 6.905518170772246e-22 -7.2794141169786e-46 -5.144388120828905e-20 -2.094008888768074e-39 -1.4876640381730056e-26 -0.20210630967754895
1 3 -0.0662051692847298 -0.19636491485990962 -0.05441503419223818 1.0456454063100639e-22 0.1319842611537864 0.0022790612338448 -0.23982395715562058 -0.13688549420978477 0.16304976836456078 0.01156532569006434 0.008068392631567767 0.06835131142525604 0.08103096909884475 0.07798320212229044 0.20760412919416107 0.25960923654995477 -0.0783991630189475 -0.08050322718206085 0.01553253499092259 0.3272090414116043 -0.02737298240285826 0.2233899490740115 0.1453221473981284 -0.1339469937295201 -0.13704753891715837 -0.011109180588721129 0.15217356902387771 0.02384429468588761 0.0785591493131665 0.06978807753919043 -0.20190138852211129 -0.016287343165588827 0.23255886713928262 -0.030494800579078895 0.2050662896103456 0.1083044944615635 -0.20694297044057866 -0.08753429059726635 -0.018259463554436733 -0.026063441009423285 0.2321286051603771 -0.03175040904610542 -0.26682061383534095 -0.013114957767327491 0.11722365676655147 -0.07653776447598361 0.09502206701566697 -0.04527608191477463 0.23631767738480455 -0.023077012580084228 0.05321032227272939
1 3 -0.12655819046392813 -0.021274865931695374 0.1998998280559761 -1.4276298947366263e-13 0.1844546727342744 0.2037383565859115 -0.0016263407046275074 0.0800022302070365 0.1735494908452979 0.152542550428707 0.009724400280412444 -0.05039633243389302 0.1749835444175018 0.07284030713607564 -0.09969882618160254 -0.21798662589265053 -0.10227915171786156 0.16858392124830174 0.09502716775098109 -0.24576252952132707 0.20106622318985087 -0.20096497417496162 0.002516522664167302 0.1483252660719403 -0.16177677320474268 0.031070464552445918 -0.23239585895044726 0.07814279041999803 0.05000521063437571 -0.007999266870023208 0.1599752497694925 -0.2704531387302265 0.22711829926915691 0.09988545431120044 0.1524827182876116 0.18146802964469466 -0.14623434276754754 0.19251247732664453 -0.1785132835008516 -0.16433124275254238 0.04547028919098224 0.14332145307255106 0.07592283530620542 0.08325204907855926 0.11763626906362085 0.06185984675080976 0.09403204500604027 0.13787559156987594 0.26013543104772385 0.011620325933691217 0.1649505071092502
1 3 0.8089172410876639 0.1341280442445632 0.12174612057184261 1.9734057323676162e-45 -0.26384681739982907 -0.028241017863315423 -0.6673915709335261 -0.293143312186922 0.037128272091311094 0.05433077852760886 -0.14829100104078966 -0.12658496140794678 -0.012264482382173585 -0.005810377933093771 -0.22524292987125977 0.026303314597276837 0.46470659841666684 0.15911900095127285 -0.11571130359099256 -0.008683628451215364 0.15735497127889145 0.21566009244573173 -0.05063908302400241 0.2942776659743416 0.016821765652775822 -0.0028960588563458653 0.27557986153888087 -0.11543606901219416 0.11162223623035449 0.08812168445780871 -0.19526835055495442 -0.1439308998774916 -0.1024372615481814 -0.2530137455839904 0.3162082329881067 -0.4693615313157239 0.26453597000590195 -0.08207397016275757 0.16311767944829073 -0.6737829555545759 0.04246921693356963 0.1790450931586877 3.162126455846483e-10 0.11150139027225543 -0.32659960114261727 0.2725422087183808 -0.16230403159991866 0.17256870674132246 -0.10565982027190858 0.016008467906726477 -0.11692735863971208
1 3 0.3339924266070277 -0.1883897726454228 0.07459195599011209 -2.2459768374604883e-42 -0.11595570236793756 -0.18395319025558857 -0.07137960101156056 -0.2574876858773793 -0.0525321510798045 -0.1943418671570729 -0.18439527306095665 -0.01751268260316009 -0.19883410335552146 0.21281460612617786 0.26517848192826726 -0.06005109244738821 -0.04179158076800599 0.18082572201428773 0.056310442698179954 0.1857308276824839 0.06319819666645593 0.15128149903502794 -0.0976831320087045 -0.47929751393457093 0.1372056106168987 0.3072280819128999 0.16567295103037205 -0.10905000981535896 0.18990404875475553 5.755288794431334e-31 0.1758310422928951 -0.15391632499338184 0.2643642059164998 -0.08381977994535751 -0.24679514336446917 0.3620463195902117 -0.010889237535564507 0.12837206561941344 -0.03334022872249497 0.2046045226709753 0.26222300050147784 0.3698077455989131 -0.17475464203852417 -0.17945310636473064 -0.14224038898460079 0.39227976561029404 0.4422250688582779 0.06017987206038785 0.1037925156477241 0.20159810589889093 0.0824653019934516
1 3 -0.26076648718071554 -0.12505173486149024 0.11296341009127843 -3.739409888729167e-22 0.10182974798995605 0.10447936076014039 0.13578424174066467 0.2057081502521123 -0.14632918114777804 0.18798158019588548 0.07640354163492634 -0.23009204604135358 -0.05179998231961571 -0.043723769814466594 0.047479764275493865 -0.1289182173383058 -0.007083544214925883 0.17125787133586728 0.12312963269988741 -0.32076834488325146 -0.13618190915978853 0.12452297009835953 0.06470214592343122 0.3662795202952883 -0.15818120128967375 0.029389240362481223 0.22569802559064445 -0.04190910418435202 0.021649278319938316 -0.07576424057457376 0.04071604049181479 0.018545028618877895 0.04760903606729785 -0.028795245745355438 -0.02193950431121282 -0.24521914521595137 -0.03203429522088696 0.1046425357151969 0.13932934372403177 -0.1505121860808233 0.13483028364112615 -0.26399802093362323 0.013229302808306318 0.011976927893766517 -0.04351841312982124 -0.24285605828562606 -0.11802172283157 -0.12159754123065541 -0.11438058555976874 -0.22708454441647527 0.19428585336602783
1 3 -7.439717108162116e-16 -2.9066968238865895e-19 3.659401978040564e-41 -1.8244595088142365e-47 -2.2635774778604697e-23 3.619271368838581e-37 1.0321939653156897e-42 8.92259265343359e-20 -3.2181050868310024e-29 -1.762987517054648e-16 -1.2385288400812849e-48 1.0574900536069888e-43 2.654612156058437e-37 5.696185786386092e-37 5.2602128938138524e-36 8.630176960469367e-17 -2.5930370391194937e-45 -3.408389020667616e-35 7.248693687583395e-27 2.2541752118168197e-43 -2.2244218864961037e-22 3.286955541175319e-18 -7.714286068261685e-21 -6.491361307202081e-48 7.157294430244548e-17 -3.965957719893141e-21 -1.7764518240506106e-18 -7.367827826148338e-48 -1.8121284159026888e-26 -2.0704667351244124e-48 1.170416273619563e-44 2.130175878133594e-46 -4.858530611410455e-15 6.4769092766125405e-49 1.7701552959436968e-17 4.640089109933741e-18 1.1645197185795297e-42 8.19985013141024e-42 -2.933585895548718e-15 -2.6631602962127644e-47 -7.627188372214523e-48 -2.9451444297245353e-24 1.1089895254618775e-18 -3.118439433401819e-39 5.524694783989555e-44 -3.041920080772811e-31 7.523430585578431e-48 3.5052909840599034e-15 -2.2956988500204764e-39 1.725802500537427e-37 -0.16224953095208586
1 3 0.12763161507854234 0.16652298880710362 0.20823641173609708 1.2188811244645504e-42 -0.20761441454931048 -0.17503434789361924 0.15951833811647756 0.13950170965246145 0.05993466432760875 0.1822290952648543 0.06849032531838359 -0.026490786528690115 0.0863523255384138 0.1871147005333326 0.04908552049954422 -0.16438946472280536 0.09557728433979978 -0.1012116258233096 0.05054163051950812 0.05229164130665329 0.14674878845568165 0.06964446376604183 0.22338315823223232 -0.04135995229091341 -0.16708726050494568 -0.2514564278414984 -0.11777659511125267 0.2730669614436093 0.1923941702465831 0.10137269274548091 0.049556054703955195 -0.060917306733040466 0.164636801526713 -0.2201439057553922 -0.24269485366323143 -0.12572961289581 -0.11649715401666887 -0.20406558427462956 -0.06837329317198608 -0.18333181899568765 0.15631571038533074 -0.1349704202314273 0.29612408609218105 0.16659345900753508 -0.19859635418850233 -0.20436535259926525 -0.1766884348886472 0.15128241767272965 -0.17510829960606472 0.21214995182609456 0.1609333198986537
1 3 -0.11694011083131267 -0.11861023254052844 -0.024368920132225535 1.993712725052236e-49 0.006186055387376071 -0.23367016102124838 0.09221969950185241 -0.1373709832345801 -0.17075686603445842 0.1785907640109336 0.0359370498873293 -0.012745585827770755 -0.0407426784622982 0.01402013384846531 -0.1947463355157923 0.08498710330634075 0.06004906200507445 -0.23557249517050968 0.21135635811549086 -0.5117582638671028 0.17033690845923335 0.03764417105026204 -0.2543334871108094 0.015954089992695746 -0.21063144118570395 0.10180729139167723 -0.0003429914111245202 0.03227779281849521 -0.034571401884888046 2.4795768316285444e-31 0.18569533938215238 -0.08943032302380345 -0.3603339909505838 0.1626714482994174 0.04869321127171633 0.13935236576735371 0.19556088957958262 0.16921644918407264 0.21847055574570842 0.19642826160656748 -0.15411819761249845 0.2818391817107122 -0.00013765544049787525 0.3074126148536982 -0.09894005215095292 -0.10139712871036594 0.18371876052149871 -0.08673571400656922 -0.18445837982089613 0.2211726045229251 -0.16658663352198755
1 3 -0.05612016684230846 -0.2262047330029524 -0.006784399170519964 1.353387724726977e-48 0.2505789511142158 0.16404248285520934 -0.3080540232929111 -0.2420272467961163 0.2686599147432851 -0.06335325563743628 0.029035086668945418 -0.14033040912254646 -0.19050260370261732 0.19809851025397499 0.2246177512158071 0.13544964083634226 0.1246053857449689 0.23976434741100447 -0.02975815033300281 -0.4971056905282614 -0.2734438272738363 0.08341077035811052 0.05999771654392219 -0.1863220985520137 -0.6541748311189584 0.0983367692818313 -0.2585582575079048 -0.24565158264157944 0.2116973408088958 -0.004993225684681053 0.08590376995845869 0.37086283648895246 -0.08213834781788393 0.06308551797943994 -0.15632655310806887 0.02510191472562177 -0.014803417608780949 -0.5727765592966785 0.13063316263669922 -0.16278178940853147 0.2992484984142639 0.6037513085231697 -0.172255051953311 -0.1608470693564878 0.19040307705897974 0.13183008773190602 -0.07792508964578525 0.04900573879652687 -0.21075408084015143 0.1997492276730775 -0.09530209842538405
1 3 -0.03535397306801723 -0.11459457373996179 0.2905555402449463 1.8770981938638642e-14 -0.24196205819434108 0.02817508806149084 -0.13592575795750222 0.2377174294030948 -0.1358173497962635 0.19385372263922787 -0.27176207167319977 -0.28010807886186573 -0.061807707184088345 0.1352535925515233 0.3675093734486416 0.26222533240946083 0.1724895257253614 0.0049733342075876244 -0.1319606567352427 -0.034477253384261206 -0.14984238767011682 -0.25441949718594165 -0.027502859360859052 -0.11436602793345722 0.24238636975982228 0.619945925230412 -0.12268284117419742 0.21922910450822908 -0.08664974725478454 0.11811541794560693 -0.08619875659323765 -0.05437213994446419 0.3361073179923503 -0.2433004135453345 0.09262456392429347 0.09320234127173906 0.23143166767726162 0.14184568588663113 0.34444754195444577 0.1627469368739461 -0.0939058848738355 0.11073464162655311 0.060136398590877285 0.21054910658668669 -0.09497590805804848 0.17771398553099552 0.1534502768903408 -0.14857306922633284 -0.4030850956306618 0.04688093524147226 0.17558752230380809
1 3 -0.18227944593403353 0.1751664359141768 -0.2326417266130274 -4.881311950024203e-15 0.17424022947554055 0.10196946699574105 -0.07852112770097425 0.19474785915728335 -0.10703380463947805 -0.24615927743831503 0.028350403588932902 0.1499155614454695 -0.05482545774152321 -0.016059201990629192 0.032857453567984723 0.21405695832036425 0.07816898963374766 0.24545082038034807 0.10369600864312843 0.18306141171438897 0.08451544113479359 0.04574925395550046 0.19721750309176247 -0.28836367480714564 0.07538496681983517 0.12246099442563983 0.16415061108398224 -0.1300647606595392 0.049014208159613264 -0.016135303673298223 0.19585137159998228 0.28344682746841876 -0.13545493896668848 0.10621257176999531 0.0372515776486609 0.0793614442835624 -0.1977566490306813 0.19927667820348843 -0.13873129384623298 0.12019169708867414 -0.21291254121977865 -0.14324514149092282 -0.07264941370468651 0.2613183957662506 0.1353723043779466 0.13629113544488242 -0.18574333302301857 0.17943258301233425 0.19114371394349491 0.29017043630264905 0.08557439566261019
1 3 -0.21696127258625586 -0.14571783767365656 -0.19594129261645918 4.28788408512087e-35 0.09603087803593433 -0.1311504422720809 0.09944010146852775 -0.041894979166983704 -0.19616648796333985 0.03680080372498767 -0.07198728959514374 -0.08771892256735449 0.028701934717531883 -0.17025863479331688 -0.11785338202463248 -0.2420965982888509 -0.11263736564694618 0.24913759989186932 -0.1744088799251699 -0.1359775179209007 -0.15174812146232142 0.1280196649052611 -0.14153114022093455 0.4402052943945478 -0.0506129923746023 -0.33333211085863984 0.1555230638706803 0.10077886199564867 0.19394040696819978 0.07512299053550262 -0.23883670477052402 -0.32209548104468716 -0.1128796097005527 0.07553516004873598 -0.058497540532557846 -0.1304243928139118 0.17909277373051524 0.17355036902047236 -0.2340424246745645 0.025598997086374774 -0.19278027941563225 0.024366881928113274 0.029599567140872297 -0.03613364572577527 0.05665505196575208 0.14949536060777194 -0.038620408460316676 0.14932191663329544 0.1944940533623905 0.02507919940600875 0.26806951373023924
1 3 -0.05217759273232222 0.12912488753285456 -0.14731782951415484 9.219288116787984e-15 0.13465036697294222 0.1589546160943743 0.10982253164269687 0.11148337744232098 0.09371789789537792 -0.17039798461527408 -0.04604286376099632 0.09804467310777555 -0.16225264541237153 0.1398848981664963 0.15060562440714553 -0.12797773450967068 0.10070173362616201 -0.19258024283575753 0.08470969648052508 -0.03097819382420998 0.23739051413109563 0.0703132851843221 -0.08826443335320786 -0.3132925726418637 0.02474521923902204 0.11985669652869539 -0.19436958021850723 0.0008987356793661289 -0.07746708700002782 -0.022350287524732906 0.10375475544249607 0.4491220691772913 0.15343134816035267 0.13330746093982548 0.22630979298133122 -0.12181390623608465 0.02791752183952724 0.1367739922529788 0.025873491244333125 -0.24701828573745196 -0.2060840431733044 -0.05330083739414881 -0.1003923326278191 0.0012884648987940694 0.21064043574884167 0.28080193904787526 0.07023503574563808 0.06620501752481572 0.09099141599552617 0.0940679641268543 0.17736275351079164
1 4 -0.19384602865065564 0.26316659182637425 -0.36460920771959965 -0.9945631799021283 0.15983250513043568 0.15669635181930952 0.6586663108861959 -0.43180881592657216 -0.26889361135626805 -0.0980443170398151 -0.11447257402685293 0.3832435151916663 -0.34916078595929506 0.3617838999311138 0.10882228950402936 -0.7359964435448919 0.11396836910617517 0.26368420074543253 0.5391171629708726 0.2656870981947918 -0.24770315122357817 -0.4077873668013405 -4.3791672686843057e-44 -0.15272363865832755 0.27582636427653534 -0.1685345868572038 0.13847784916787534 -0.5144557368058692 0.3049732304530298 0.19238642144317467 -0.4310442265477527 0.4743207281810705 -0.036961707407072816 -0.2612049217676884 -0.1845954673514773 -5.4553817052882945e-40 -3.187309110189903e-12 -0.17487927561095742 0.0712971497327049 0.8327518004814378 -0.21400314110502658 0.32384981226369564 7.024787080279232e-23 0.2720656666269814 0.32265502998841983 -0.725301830325112 0.6604933345875689 -0.09269122686336435 0.3708328254638103 -0.207897177138383 0.17068300446029014
