Number of NNs: 5
NN configuration 1: 8 20 20 1
NN configuration 2: 8 20 20 1
NN configuration 3: 8 20 20 1
NN configuration 4: 8 20 20 1
NN configuration 5: 8 20 20 1
NN Layer Weights Bias
1 2 -0.3150274950535829 0.06417922367005598 0.3242000329625591 -0.5189550172436407 -0.20375575202957186 -0.3205643054642034 0.2832691923842934 0.06602599245618637 -0.29081438236027063
1 2 -4.870019383170459e-10 0.00045659358789670125 4.0539762908015115e-06 1.1323829855295108e-12 -1.2533587587257063e-10 -2.3370348496227444e-31 2.9841108039281898e-05 2.369649055142992e-21 -0.354325686703661
1 2 -0.009413648699207742 -0.10530652969029522 0.303295987619125 0.5834723046397992 -0.46479921909594474 -0.17748039837293472 0.08536845893300145 0.4467242361883094 0.5482428362267256
1 2 -0.6248067374192401 -0.4477182962946685 0.11513866920034363 -0.1742554997243103 -0.03847693227036506 0.4087118449582469 0.21513907549440672 0.5281155050014625 0.38381652656614107
1 2 0.2644086048559363 -0.18644579720215387 0.08026036091175469 0.12212736682486712 -0.3766601425162088 0.07008017483616664 0.16159071467284739 -0.08838477681680763 -0.38388171269149857
1 2 -0.4867327169825722 -0.3086348472192757 0.3024876976763486 0.12439477793486085 -0.34445911220876746 -0.34410185830776757 -0.21364185238277303 -0.55769448375 -0.13410106731501373
1 2 0.22757804418153063 0.047133238864587035 0.4714755256314012 -0.3046360514313771 -0.2676865783587299 0.3608608254600408 0.13677770785171037 0.2626731883913072 0.1859789727296315
1 2 -0.3888466829912312 -0.026980486803937206 0.10936295710923029 -0.1784347227320365 -0.06219028473599731 0.5083085783670279 0.20330749944563237 -0.0019754593738703897 -0.2800988121665321
1 2 0.22016419546495603 -0.31690713648148466 0.12068272992596586 0.6770625536340115 -0.5148182145335805 -0.40885297691994815 -0.17993102143726167 0.44655276773030766 -0.2739571931888165
1 2 -0.3517912266499719 0.03614787389320242 -0.23693652523193154 -0.5109532773801316 -0.458501306121977 -0.3795975036435169 0.3753546143898578 -0.2351549149489137 0.2151818590674729
1 2 -0.2858422332198694 0.11836263337473157 -0.2339728868867315 0.3707721300582208 -0.36150772229741734 0.3887837889041587 -0.005819064284644431 -0.2268921899843273 -0.27542078683413224
1 2 0.24434151309428936 0.274359705551671 -0.22375985103375767 -0.4529986665196866 0.3554590424637021 -0.13973012077061067 -0.12021298661550182 -0.4573893502138736 -0.4795761322940914
1 2 0.18792705902703205 0.19915015379277026 0.2071167058486343 0.11107334642814289 -0.36826081875100247 0.32333935856063367 -0.2994189406385538 -0.2380356263533466 0.4082870567169969
1 2 0.0033410920887112076 -0.10376000425714432 -0.39321787769560446 0.011571405014941518 0.5038585472039225 -0.384296367851675 0.2988962916971066 0.16006635572345668 0.12589225609919144
1 2 0.04636868269315854 -0.07948177796326342 0.01948794155765515 -0.02700287045149128 -0.029060396608880323 0.18154258455452615 0.018167466221573215 0.004174791760790267 -0.3272156850041126
1 2 -0.02514328058708714 -0.1862205138331201 -0.3280177189404525 0.3505764151482245 -0.1241793798171056 0.14135367064348606 0.4231531136255432 -0.2524510622494294 -0.07067908483674609
1 2 -0.024829874534838488 -0.320686557945249 0.22551683860393537 -0.35280324338307395 0.5510541773682559 0.46771589235443434 -0.2783382411626882 -0.2726724886928382 0.3236649754096643
1 2 -0.14037237696177338 -0.15612073904799423 0.2570401488078202 0.07948076616896199 0.060443035195376915 0.007713864756337312 0.003915645384184675 -0.7197918484999066 -0.27821116341508
1 2 0.2923328256943711 -0.19487312938468737 -0.38629517542381464 -0.5749600874958355 0.25614361521479945 -0.1370426523603863 0.23038229341125335 -0.3877496954374163 0.32219323942153494
1 2 -0.35907956534953406 -0.10048378621155878 0.3355067904363759 -0.48116341685074954 0.280818525548697 -0.4689183353800471 -0.20404797358949836 0.3430222781503428 0.3314343293011618
1 3 -0.33837950426301533 5.238661612606434e-08 0.40205128837463133 -0.29434189388214044 -0.40434018145021167 -0.09143056221567918 -0.19861675325336875 0.04111326270020786 0.15016268577629488 0.32225558678792865 -0.4575060375742218 0.2160909389257901 -0.15205743345365733 -0.37193123188732313 0.3983161365229729 0.2947353859264164 0.3164858663104567 -0.4701964936361587 -0.21432849967063725 0.2756780679731909 0.3975598920151035
1 3 0.2039408100818828 -3.691488509933568e-05 -0.25832142710859546 0.28846533141080827 0.36338673623319306 0.36133761172637113 0.13541652735718768 -0.016087358756396882 0.19698087379889023 -0.010586913007001144 0.32144276359541274 0.23261304588114629 -0.20588795407954738 0.30201033882855605 0.25177677440561347 0.4556874753906614 0.19109655341163986 0.07472621857160024 0.204421775937041 -0.1711159266149949 -0.1300028436570681
1 3 -0.32782745795232465 2.8033772036840683e-12 0.21642809299707066 -0.1777998768194009 0.15802528680171807 -0.0529398566258206 -0.24222287323343472 -0.4057750548924648 0.29810896096928435 0.23668468826879202 0.37867757297348087 0.05377404736160368 -0.09777074399414172 0.004853145873420216 -0.07462200343396441 0.38935243828753613 -0.3839175638494675 0.06539948818986817 -0.08959226614850696 -0.12920723045340812 0.14642680225331553
1 3 -0.5687584059863393 1.0576756657825645e-11 -0.4331759493828322 0.20983316046523043 0.051158985929326856 -0.40557887601086534 -0.23292020881647366 0.08157100013180048 -0.986353634064724 0.2544137414059196 -0.33644044240518234 -0.5874213285988147 0.21544477517759325 -0.07816001074467974 -2.1130329725578116e-21 0.18486123140599417 -0.02147156106039897 -0.5624827020908092 0.01873302219015293 -0.43617525181243355 0.2705353230372103
1 3 0.5467880426661041 1.458530724071842e-05 -0.02978897990641137 0.31580984721433236 -0.032416870523619586 0.4141596692767381 -0.28893901190950755 -0.024123015621306282 0.2580014386485003 -0.33976274383952937 0.3050644523770029 -0.1690376814696687 0.19898963472335168 -0.38259124608545053 0.15269448266082652 -0.0764789866569767 0.2868039860862826 -0.10196159496072679 0.10244286357299447 -0.20296340853906805 0.22227599975950862
1 3 -0.14101944847308098 -6.28115836283116e-10 -0.739198821497994 -0.5687438674714439 -0.04275730333781049 0.34036301590214507 0.044463441254008605 0.3187010332021041 -0.28830061125651163 0.2548003751664331 0.02052584700527641 0.31844127143516054 0.2002207296755106 0.3201536504547546 0.13311749126553132 -0.045480219507001166 -0.12327628270841043 0.7060111961883763 0.04533027878154525 -0.31733347090809366 -0.2005134771602339
1 3 0.4961413866396356 3.250209149293223e-16 -0.7674257211531119 -0.5423776068774016 0.49092590113012446 0.5951381924849164 -0.579776814722996 -0.0615027988580709 0.05235990647363622 -0.33663067683777387 0.3090143029255314 0.41845436028596017 0.3215012799479514 -0.01908605654968929 -0.04854258515720289 0.2379198596303835 0.24557827985679062 0.7057305058404013 0.2649081808456599 -0.3382666925238131 -0.3758657815342689
1 3 1.0122576529239897 -3.881998492428234e-09 -0.01898306571278979 -0.6795245652972925 0.4138275715883148 0.2321600457245549 0.33539085724884554 -0.010545594862700595 -0.09888366491283263 -0.1819116016588054 -0.007694370765840657 -0.2799004724098244 -0.37781924369908476 -0.2500307792943499 0.14784455646358885 0.22023246071953712 -0.2469580586727897 -0.6820406151423315 0.2739872705841826 0.3041584166427355 0.3924087601496007
1 3 -0.626325131072329 -1.3570106213245742e-15 0.2790667209818278 0.30962854937519263 -0.12098602287192242 0.1644214935860944 0.12182578265283657 0.12011565963558123 -0.07706447470852529 -0.21542276688738152 -0.0659623158482021 6.226652664542693e-12 -0.007767755774500866 -0.02920191123693028 0.07779132152344014 -0.28565153526832204 -0.0004929077569359162 0.134025481128942 -0.4183232530857618 -0.5103932782332857 -0.1645254862069309
1 3 -0.2360480710035463 -1.4014407988882783e-10 0.07689102242701923 -0.10991304660342179 -0.17255799716117878 0.1344493761560485 0.24118168850642913 0.08523192985927032 0.3080568588059691 -0.20298877914862634 0.23289261653901364 -0.3812042433585116 0.41236585403878945 -0.15572237258727267 0.16789018416416346 -0.26618006979575687 0.306948054868434 0.08010044556687522 0.1735125016955895 0.10956878133148346 0.3337587832793338
1 3 -3.210359337380225e-29 -1.5440356466080914e-05 -7.20970599429516e-33 -3.809766653767198e-05 1.880474617916045e-20 5.920919141771356e-10 3.321679418479322e-06 1.0399047888790469e-10 -2.287095985510698e-30 -1.609902191644985e-33 -3.494912842275841e-06 -3.1744444903515016e-06 1.3048961795475046e-12 -7.745818923955612e-07 1.558304709063762e-08 -1.1655843228867081e-27 -4.2339311104042835e-13 4.4476119516075424e-26 -7.089977996270245e-09 -2.4572761292053008e-11 -0.3111805530375024
1 3 1.940358650133439e-08 6.067696942960987e-08 -0.1367666437805024 -0.6201433484947212 -0.16160520855329882 -0.03716488883685226 -0.04089812807164697 -6.067923642119584e-06 0.44553133340927853 -0.41083824301786537 0.21059097566882903 -3.164845606756712e-06 0.2976091079955845 -0.8288164226495873 -3.937921121740537e-12 -0.5953099033489412 -0.48894824007865184 -0.4177486224264418 -0.5135677195922158 -0.0197018434597653 0.13677997388456486
1 3 0.03930785225313894 1.7278977629253933e-07 0.05771724156925926 -0.1449800598565938 -0.05682767445836098 -0.15507098549968562 0.49396562646733605 -0.12030712840420929 -0.2500504173802453 -0.162721033795768 -0.09296278252050304 -0.2630140960278125 0.28690987742827806 -0.03146482872296522 -0.23210187613068634 0.03140990046545404 0.06729034189596171 -0.2125006958439319 0.003393188249075591 -0.07111009760331277 0.4545500833859967
1 3 -0.3317903442988541 -6.332062266031689e-09 -0.05531199739465423 0.12149649893028315 0.3229122386597002 -0.0801029894496951 -0.2644459953125081 0.07115823363581969 -0.2940283477590916 -0.017864070720998704 -0.397178133187322 -0.44071311056557283 0.1620453368172966 0.3581515137587495 -0.2623431328339936 -0.2709514154369113 -0.002705440787366176 -0.4783981903658453 0.4235644883326589 0.2684990896052632 0.05677997824735542
1 3 0.19264308371003314 1.295281718165323e-07 0.09908496037351727 -0.230863391579881 0.02828053625156181 0.28489230594215104 -0.7388949989218522 -0.22057302543644053 -0.5345944777334254 -0.18374196333483583 -0.4259384802081206 -0.14016968023185605 -0.4115013187039834 0.38118085781513594 -0.09500437584024492 0.11662099340908491 0.3565763546107073 -0.03968231178023345 -0.35583282136421196 0.41404433849011263 0.1793430930370126
1 3 0.7715734631796543 5.6953316498866495e-09 -0.07004637798083217 0.006134454015728773 -0.12500553794475175 -0.25869165244829573 -0.4947809050777328 -0.40637277385672876 0.08741979311871674 -0.017255101468737908 0.08756522802755035 0.3977271817521949 -0.43324793478413004 0.1805983834505731 6.477857304994624e-08 -0.79215537622773 -0.09330242901458828 0.014611021386332893 0.08511345507669937 0.5958068994264393 0.33168683745348004
1 3 -0.6065781068784497 -1.1027857484179686e-27 0.3488823530207037 0.12240843068186359 0.16247651227236817 -0.07849778029038185 0.08812254012309309 -0.3143926650133342 -0.13227042855879056 -0.2839780841073319 0.1796406060067254 -1.096540618342047 0.37744556568748183 -0.4136849550160691 -0.2600327699521924 0.23401968787833027 0.45455623763735903 -0.0843641626485093 0.04414854381492568 0.03320271254005243 -0.08141653312664295
1 3 -0.06235902334388365 1.5525209511575384e-20 -0.34501592188449676 0.055260581153674465 0.024206625437181606 -0.1844429766885411 0.05064373565823657 0.019693704403195587 0.07685967714429454 0.2211236580721641 -0.3801707840359367 -0.09552382658278791 0.36842617473983824 0.2665976211890303 0.2887387762593801 -0.027326867734135306 -0.09849195075021953 0.03167162457453392 -0.18311032351071765 0.3160458347978618 0.3704718703685328
1 3 -0.5936030735917125 7.661343196286641e-06 -0.07581270622733685 0.0770524453600753 -0.23827795264553855 0.19478780524373115 0.305519557350986 0.06564383268138628 0.14229838033199563 -0.2691039757107076 -0.2548536474203098 -0.5136707966941281 0.1454660335770705 -0.6260439658886272 -0.2993483117561299 0.006323775701823225 -0.12804692344829266 -0.3359227463815237 -0.2917516615094115 0.27750142205864 0.38634094408477293
1 3 -0.01216157951850163 1.3851123250565348e-09 0.009463289919151295 -0.04991483161350834 -0.01866320513099648 0.3557336199867173 -0.296538277390866 -0.12691696146246906 0.15044091069858867 -0.07925372519344138 -0.009367395827471195 0.3828437176611449 -0.05117497244369346 -0.028657533617428843 -0.04935380071780249 -0.04632182810432617 0.3131363177516894 0.09852932061624005 -0.40264409505550275 0.38095630041542516 -0.11578677238350912
1 4 0.6378510697158389 -0.3512063360400895 -0.3155749320033998 0.8032767690693623 -0.5125803872615564 -0.9883788851775034 -0.5147017639416603 0.13761614530786861 -0.5511790794455562 0.4503519260864544 5.042307075142316e-13 -1.1067051983577263 0.2968481598497162 0.6212163180848413 -0.7722845329245636 0.8809160251388278 0.11365839625862836 0.02363391360896855 0.5139975053615664 -0.44732685992944465 -0.21487476599439237
2 2 0.2346607114541974 -0.11922135535695118 -0.3427591096284616 -0.2600303638341781 -0.4992883110038062 0.41303649729558706 0.05884220394529406 0.2939357768060423 0.3769028475200517
2 2 0.679820296591225 0.04034515307147304 -0.05732100079567773 0.20291710027026227 0.2863938798863344 0.017217961608553416 0.35742875690551773 0.398006901586342 -0.1593491279924719
2 2 -0.12932409461062463 -0.29754431476214 -0.26349444624136953 -0.8975204088354115 -0.3183320849012411 -0.1813829454271727 0.09329132702796139 -0.4035209924488711 -0.10197406649744248
2 2 -0.030319110483821004 0.15028143947256453 0.20604390123726013 0.16901815631039152 0.13705051982582842 -0.44676107678691074 -0.33882472174891853 0.02145182623950994 0.462806830391224
2 2 -0.459216056083159 -0.5999207809067921 -0.0658394215082325 0.431531433791738 -0.3236429537895814 0.22546120976784073 0.30204421825334204 0.1957371830461885 0.10963993211928205
2 2 0.19866738366472728 0.18894159780079228 0.09301473192296439 0.03223973663976773 -0.04537393101604297 0.16910368167411133 0.1737780890343187 -0.9057707514106311 -0.6055561470552479
2 2 0.16497296277448095 0.5827164500103651 -0.38161896172752957 0.21981537106227114 0.045389096408140546 -0.37404070221294594 -0.5027651217412613 0.22699993855709336 -0.07003093417335565
2 2 -0.5815645502283456 0.002207054139340031 0.3657911099049768 0.4522657139034134 0.4374268587927939 -0.3461889614014134 0.0932022678862558 -0.14948784245294272 -0.16209812009417846
2 2 -0.06165878008411781 0.00015686304894634926 0.09168945055159695 -0.02598075681503194 0.008367504362762986 -0.006106154488076463 -0.02781515540324538 0.0916412275058103 -0.17781976706200356
2 2 -0.15630923131139857 -0.021970642867628433 -0.44839535893593835 0.2216541252600481 -0.3534113747152123 -0.021656400938444453 -0.3485941410923015 -0.5665964035872417 -0.20349559007357446
2 2 -0.2573303410967443 0.03918110151404459 0.3929205432751085 -0.2766161051412259 -0.26801026973592534 0.06841444290650178 0.6933706603335504 -0.2183440910466741 -0.5777120117182887
2 2 0.3376563156598208 0.4033162010738293 -0.07411283182397507 -0.359994668484468 0.2564058274828136 0.3867161154050775 -0.004873086831460971 0.24850474465718914 0.44279390050224227
2 2 0.10648607559771886 0.5074987664565812 0.22337142690523287 -0.07881294208245473 0.02748259155562722 0.0010895133434702768 -0.8020427858043924 0.18026139640037303 0.16366172066611587
2 2 0.27476399681635005 0.29507116795296034 -0.15562707645702722 0.15583578842513776 0.08000138260488387 0.6530980267767277 0.6159470218970476 0.5417200588340456 -0.12230151033249168
2 2 -0.20145612977228652 -0.42395652489413976 0.14898056300127413 -0.4041007174632913 0.09382087417057361 -0.26329909476135666 -0.27515124904889526 0.009114374423777136 0.04616217155962191
2 2 -0.521718441372437 -0.2521578654565653 -0.3512242536749715 -0.3453163624337882 0.395033889755586 0.506999093903658 0.21816506558953055 0.437980022696446 0.022091527568296923
2 2 -0.5376490174592493 -0.164226441599772 -0.051785303159530637 -0.09472066336848563 -0.18828960575345544 -0.505088093724216 -0.5102092797700452 -0.545539005500608 0.18988013384159358
2 2 -0.4200736075973415 -0.03613395816353844 0.4281384323612997 0.4797676475461122 -0.4231868340197755 0.10100993034594115 0.11476174802113842 0.0610093778425659 0.04822357496723132
2 2 0.17343681941430467 -0.37593853755340806 0.017997048827832894 0.1250842910409778 -0.067388004730145 0.2546212880127598 0.09302536446625506 0.2738899131426505 0.44193077536705316
2 2 -0.19710397072952593 0.09532354234098403 -0.4066064453891198 0.1034551139683371 -0.053156418852368124 0.5469664152808535 -0.28772936690054884 -0.022480207706551195 -0.08966245554027351
2 3 -1.9728846737286054e-26 5.266915030013976e-19 -2.2117752417523144e-15 -2.5352133460719074e-16 -2.5278328775324457e-45 -6.934165585743822e-24 7.806295627402526e-65 7.762107881717312e-66 -2.027751381786373e-17 -2.107062853934171e-16 1.476361063369195e-65 4.30890893097006e-64 -1.1989297066449467e-27 6.954645935604436e-14 -1.8790243379872255e-16 5.547597461810633e-49 -6.339179439410224e-29 -1.5865945853346395e-48 -2.3704875958488843e-52 -9.123556233006303e-60 -0.035186023883601036
2 3 0.17737102006890804 1.4853256948906847e-14 0.04969050481881596 0.2285898476457581 -0.18057164011382107 -0.16787750359603595 0.21918648875433153 -0.2899157839594107 -9.252841944481848e-14 -0.10187105062677673 -0.03157203921930107 -1.0573913549958394 -0.12457247707853135 1.1725086385019633e-24 0.00389445655656548 -0.6409975473424275 0.24450325210072824 0.35292301015315586 -0.45426232622504625 -0.7080258920582065 -0.13711650575055495
2 3 0.21590810115763084 -0.05417836757201247 0.26979059232208735 -0.39222521018390644 -0.07710835219372403 0.43027254440869295 -0.2059889080943694 -0.10947892606212471 -3.9044994874156646e-13 0.3290014163679517 -0.035418880686571654 -0.5098545724996769 0.36978083352878005 0.4981771450652744 0.46336611606968686 0.33194202304694953 0.1725959995278925 -0.06770710216224542 -0.013445335819895763 0.12998881498851214 0.3384875657050519
2 3 0.3935039018863811 0.17270242203079514 0.23292221452661183 0.18571632724336426 -0.30728354400785984 -0.7227823268883872 0.4550476818090545 0.017515940675060213 2.4989711314341626e-11 -0.2890206919041873 -0.015450950129818683 0.11555308156590666 -0.26811104889378257 -0.24645479425636738 0.12345745274445431 0.15548880796694944 -0.1580863844125795 0.3349133922909119 0.33509761699400853 0.3181270603733567 -0.03367006600813852
2 3 0.00951746021851953 0.5391148232793422 0.10123715914451686 -0.06041672350601343 0.021676754732973702 0.509594532011746 -0.3967635275682944 0.2252822771664575 1.5807345299452097e-14 0.12938241026688996 0.3534826123949657 -0.11579353990322244 -0.18591075097742152 0.4982316882156921 -0.29982935446263903 0.2019154341949669 0.09661830145681988 0.014509274815149374 0.0642466780480729 -0.03547528536156988 0.1524643064987102
2 3 -0.39520536126730393 0.3709465315201185 0.38441994703447485 -0.03154145069946274 -0.336252315281147 0.394729941095024 -0.07072311255046769 -0.24428412671272753 -4.0366398733722107e-16 -0.09255845451777847 -0.15431661542727515 0.20356795110044795 -0.05040139990967168 -0.14972055773682513 0.4200404622672689 0.09933717064542229 0.4447137747152893 0.04632963899425942 0.11959548293456196 -0.35285612487025886 0.06193742931147084
2 3 0.031086640595383113 0.19396036593119345 -0.29669400819007724 -0.19717643783441488 0.3657185813719358 1.0675669798658125 -0.3092198970061756 0.4199224712319521 9.77021544587436e-58 0.3402162755320278 -0.3593775318616047 -0.26346222683966564 0.24975484072121687 -0.030052373487463514 0.4075653460773518 -0.16743553059004784 0.274121990850188 -0.4146874823481462 -0.12142081077109024 0.20864073333923042 -0.22049168073422534
2 3 -0.08059616219942654 0.2514870484379603 0.10276843595205423 -0.3794976466303776 -0.05952949604856438 0.9718175253282997 -0.21783621065191303 0.48936240679271986 1.3949543480000706e-08 0.11495235207609447 -0.033551915612200583 0.08041588950350355 0.40384654452524943 0.35916926673260136 -0.2545748025908109 0.2594047301864132 0.19875430132144897 0.08994730350078732 0.2897373836670777 -0.20838602206100482 0.0559731801908691
2 3 0.3176071281253496 0.04637613553636967 -0.009204557526418779 0.12803313028339905 0.7719139451435428 -0.13193438981416994 0.3718633311721049 0.24811435450925884 -5.228110393778656e-57 -0.23069737845223673 -0.8640154607428404 -0.33813221472665816 1.022392221531282 0.2731563695288374 -0.21419400303249272 -0.01726493372373741 -0.5207078342527878 0.30338346953558215 0.4257217167849117 -0.08809113327950176 -0.417146026289925
2 3 0.27133411635858773 -0.26236849027200343 0.10144444426449484 -0.31245582569608005 0.29878965113128164 -0.1274352242767432 0.020705155540376538 -0.30546167185368633 -4.1044785800880845e-17 0.046897550911812844 0.05131016549928784 -0.12094853566061964 -0.07745815904453987 -0.3612617198752111 -0.2489268359440688 -0.09793290940671605 -0.15782157090371435 0.5671055286078612 -0.21913723725146225 0.1694698824936191 0.12203385827912322
2 3 -0.32601967897334816 0.05387647027969672 -0.0726415748695168 0.1528721677364634 -0.19130838502026498 -0.44640519337142565 -0.1828377192097047 -0.5650315372443047 1.4132959430054065e-65 -0.4836218900914674 -0.09330761172457831 -0.3085202403456506 0.1279761094844356 4.868947055464194e-56 -0.020682660212769183 -0.9301548152768899 -0.16122774686574776 0.24018247394215506 0.5457420143550272 -0.220485412392946 0.2287699414773074
2 3 0.2763370956964049 -0.12637979315380507 0.2551320948054094 0.37383271958165165 0.09686870451069098 -0.8124378261742069 0.24601982708489345 0.2815159408131282 4.772861129780416e-64 0.2089390980632138 -0.02502880869736498 -0.38959723488261105 -0.05475073836716546 0.1440422588198133 -0.22130715047290644 -0.44510982260232995 0.15720508635838193 0.28191910682449306 -0.19857896919748472 0.24382375561633823 -0.2705777758922428
2 3 0.22807922405396294 -0.3128274424274459 -0.1505808203500683 -0.42175305592448553 -0.025802197652635923 -0.5027355088586366 0.3587850745655132 -1.3048651099051924 9.109809603150414e-38 0.23910509792847429 0.07873391339653305 0.3822272195759936 -0.6106997657340049 -0.08662066181314357 -0.2672199088823825 0.39996349060153324 -0.08749954013607004 -0.2793547339157516 0.3497433952760847 -0.14128034062471798 0.28349390319770496
2 3 0.3862126677425328 -0.2621017774646124 0.3244324921598836 0.038759751995562926 0.35205037021151814 -0.4204695311775801 0.22068937088456855 -0.8184941236849407 -7.638858476773267e-17 -0.3460002118744846 -0.2968785191870271 0.19281565590808467 -0.7370065363622488 -0.3548494348312975 -0.12554636384225276 0.2660135756239614 0.05089243756567012 -0.04555661140672157 -0.06499175601087932 0.009858492166450067 -0.09261486978404021
2 3 -0.3520222038499909 0.36905281613422886 0.04800665787862293 -0.4828483447777117 0.003133568861066327 1.067146884484621 0.08631940361124527 0.20376353175751036 3.781112502299423e-12 0.12930033906415062 0.46514423369098307 -0.0981987839010408 -0.342690062025199 0.5987426358261039 0.11451817326691213 0.12589198425277348 0.05425335848191536 0.3664587094247072 -0.03376004551640676 -0.26953069408348374 0.18921914360647568
2 3 0.10253280102839776 0.24143131231623471 0.12915383838207772 -0.06432303551683904 -0.011054771045823216 0.2846308479626123 2.809726236315619e-54 -0.25212535577164247 1.571075344732215e-16 -0.34595157206896626 -0.3194574146231496 -0.10965459395066529 -0.030504831538394176 -1.0766560278776201e-61 0.22641896460183314 -0.455802103873068 -0.2891864467152534 0.08414067885973975 -0.37596246645900777 -0.33352989493492374 -0.01947577283407494
2 3 0.25852331092223513 -0.03897154250660534 0.12093730157600754 0.4163203369424043 -0.18356821084184968 -0.19109476044210824 0.4069303886588687 -0.49548668959534664 1.8187613938991358e-11 0.09819418993143257 -0.24479892020688424 0.4125400983471325 -0.1706073182812626 -0.2817000114216559 -0.19230251464536668 0.03489635411866003 0.1636673097310143 -0.13141504338491275 0.25545469903788004 -0.3881048352849175 0.2551558936731312
2 3 -0.03381929533152258 0.18639469546362772 -0.04868794226894916 -0.36872182504761897 0.29894557873296823 0.5733299406529992 0.2603993711946014 -0.40935637406790665 9.652538021066764e-44 0.43263546057301383 0.5800115761774971 -0.5415025736895358 -0.29463253324521604 0.24583518698895418 -0.16911189416445047 0.6256680197751893 0.3800607073237236 -0.20780070736679354 -0.25919945546569406 -0.18423883425098703 -0.3305538015392456
2 3 -0.23099209254152486 -0.12055976616506665 0.028870299942069376 0.057977597046029956 -0.08532041092348515 -1.0491995501845781 -0.04163848275367025 -0.30986922243449266 1.1317030708369281e-45 -0.370420704756998 -0.049742250064589114 -0.47607962248911856 0.03241065058998786 -0.18639464205769987 0.4034806410753183 0.17316287012595777 -0.035202395581941374 -0.22602766535713023 -0.038426156545314546 -0.27564646870691084 0.4299350441347705
2 3 0.1305396965507811 -0.22575584764240011 -0.2897903902083299 -0.5690139459243763 0.3503413500402063 -6.812726195020383e-41 -0.5163225960930118 -1.0294673364956816e-50 -8.999643122938166e-16 -0.14055894535623153 2.3594792763156057e-50 -0.022454588494423333 -0.29148976821412753 0.3593518439668008 -0.045566409229046666 0.14415308149335007 -0.39138964717308733 -0.21209439548392042 -0.21744248209133962 -0.06890625344694407 -0.11769049687203327
2 4 1.9018020689658264e-50 1.0116605438536355 -0.4898503992868428 0.49224476256509325 -0.16164483728717624 -0.4329285874015165 -0.7493330540721209 -0.5531142821161492 -0.8481902623459339 0.22680068679560694 0.8692034346949098 0.08379865373740174 0.3006286782243009 0.3541290209488606 -0.32682736128410533 0.23432099701125672 0.40108083121099775 -0.574422605917069 0.333674740892535 1.02979791387046 0.49899611441966524
3 2 0.009713277681730973 0.09501511939200132 0.2633664847687796 -0.5547959181590756 0.2502258180834079 0.2145525749896894 0.1841018466088903 -0.2850538728780608 -0.38979725437062757
3 2 -0.11521519965556955 0.2858606462401221 -0.251044415667536 0.18261414888005773 0.1349660190997179 -0.38763626587354255 -0.1538945327557843 0.5203363077642768 0.4803258473149206
3 2 0.1351089118691685 0.5352304896058718 -0.21176348978355852 0.43105698741571075 -0.14972852653858715 0.16424820849697916 0.3586718934431809 -0.2926120499654641 0.038126810249933675
3 2 0.330531837390132 -0.30289497161199275 0.06367375873640045 0.07584761821544926 -0.42737768140491 -0.2045802498993264 0.14349158726915834 0.26718440311885183 0.4502776645374809
3 2 0.057247357195824196 0.32235785070624534 -0.06057490477655347 -0.10208750469283125 0.004296762600417363 0.22830827409602383 -0.06036647357022467 -0.32107687571330057 0.009090705699415003
3 2 -0.2748736436011147 -0.27776329648680315 -0.2000141734676958 -0.448404917332009 0.3804863950183706 -0.24639112735624225 0.20993324545952075 0.4199605785346474 0.17774750353279403
3 2 0.028901373340992756 -0.26878755088663936 0.005013384358564533 -0.31217141545018434 -0.177480104752247 -0.2567778899606004 0.0230030280398858 -0.5513613544131586 -0.5367304449917115
3 2 -0.3796860041424359 -0.39413725382956843 -0.09627735248055388 -0.2238743071876776 -0.20674867293195606 -0.051695186903023736 -0.19537535327343541 0.5055047752498135 -0.22446336173066675
3 2 -0.47274129023007483 -0.08984026478620026 -0.3871952073538847 0.6241197403270577 -0.08976600256991063 -0.12659861220274196 0.09573692590208964 0.05823387518785464 0.35156313886826374
3 2 -0.4273326549191708 -0.030678044118055928 0.06025326204984931 0.2895003919785341 0.08516656103454122 0.2568551162219593 0.27985667061029035 -0.5956417231275256 0.17997690124001287
3 2 -0.23846503144660958 -0.14683908950419852 0.01408248660498359 0.13670689431103272 -0.431146195543971 -0.3132224615664976 -0.3290908816316436 0.3265498611421455 0.27309608409076835
3 2 0.20889439011610986 -0.12732177218069854 0.027930879294486233 -0.39809384967520234 0.031816034906370486 -0.35656214142229453 -0.020152561130278367 0.1263091694428963 0.2987243224543599
3 2 -0.3240975854502282 -0.46267878085488046 -0.3869903787902378 -0.12796062761228294 -0.4631736733735912 0.5078422028972611 -0.06777052287776142 0.017016165159737286 -0.3098878866875973
3 2 0.517019248923149 -0.10455691843000853 0.00469026253592907 0.39168964310622834 -0.09443517741830636 0.39323609178227337 -0.32854015492691196 0.4979898079506046 0.36031824021619074
3 2 0.22097937169673848 0.5590494276764613 -0.37152938961371884 -0.12217248055643294 0.3918021855923123 0.24369957574363124 0.4519130588844766 0.29592129836581754 0.10350716727454931
3 2 0.1493471200453425 -0.2687378488211846 0.33367771041954125 -0.1270745400469867 -0.2074535788016634 -0.23097373653598624 -0.32611851384050505 -0.47867351682490455 0.12239657525971233
3 2 -0.09649293144539323 0.17394098827741775 0.05093240451431508 0.28415284186092127 -0.2751803821446105 0.11377157341970137 -0.2893452316106377 -0.3287702767046051 0.5273064043221742
3 2 -0.13784053516434988 -0.007605768407960726 0.0028904938885029197 -0.6296718884824343 -0.0024111184707784417 0.22969349193059813 -0.0005519672769660602 0.45215146026672953 0.5802900641363123
3 2 -0.49949553770344457 0.07000851014519169 0.5593917259951459 0.13895715871971975 -0.291547184629944 -0.025017607398141534 0.3426833953403305 -0.3053890194479406 -0.42366918461453745
3 2 -0.20945555225970702 -0.18389512422249626 -0.472941071771295 0.41017865969618095 0.025693096416275728 0.01926361126136652 -0.03853124881613468 0.5098652295178762 0.19211464609948714
3 3 -0.3652132261143048 0.27540064239570694 -0.17464358702355895 0.20502509122050425 0.06359288257766472 -0.4955560006549206 -0.6211210805001017 0.02987300725868797 -0.11309027410203751 0.06387312160827453 0.2612995886808922 0.45835622492687794 0.137536387308249 -0.18312505065722592 -0.020608511662469593 -0.17257582775974029 0.004176919429264306 0.43833101863369056 -0.11632666638021508 -0.36891491224612755 0.0585449203650759
3 3 0.17558481911088045 -0.37508100068495615 0.319948647281195 -0.4470980773843221 -0.0011186017065130986 0.06659574171294669 0.6692053486880313 0.6348447877875254 -0.1288209834588408 0.25230200781625695 0.04985702110250655 0.04056472902288173 0.10822626265747641 0.008835449492908053 -0.03549559190110886 0.36253866071599955 0.0805259394051642 -0.6309162457622342 0.29097854759234637 -0.672392024118875 0.04521796976039861
3 3 -0.09702058535613395 -0.5319305524784597 0.31099730644505036 0.20510433947838852 0.015687252237664203 -0.04467427268822142 0.11596730550801251 0.7631207534386679 0.3009751304312922 -0.10804829649392896 -0.06884090649410636 -0.4251558420485111 0.1738680152928028 -0.3047844824459552 -0.37417191033405073 -0.10309343809641272 0.03641966904010562 0.17217362071134526 -0.2414251300785338 -0.17341440916494053 -0.016342793653754555
3 3 -0.021211380684199154 -0.7317284398605249 -0.17812427263855707 -0.008629915640800219 -0.7701986477478714 -0.08976619498064595 -0.07492872428080401 -0.4914696070185091 -0.31840873446779105 0.4817183588813179 0.19436593834101526 0.10471299958618116 -0.12517512529220226 -0.48689300379925343 -0.46333220348780413 0.15116848761850604 -0.40821678062739175 -0.09923830884868046 -0.08694547206423849 -0.5813814330876759 0.28568643017467116
3 3 0.36459693636593443 0.08930919830331384 -0.13375282615279965 0.3797476443285088 -0.08142572603964296 -0.1413432897267137 0.029221150443568482 -0.145961776421221 -0.15910126014175024 -0.32793351146576366 -0.18742566553966922 0.2514596584315742 0.004800986180633065 0.07651071156635664 -0.03740801589629029 -0.3065699595450177 0.4077055237759912 0.0595443034011036 0.09211025019096446 -0.43105647389542917 0.23725584831523555
3 3 -0.009677361754012414 -0.5223145327646043 0.16637086246504212 -0.10260975804271001 0.01768348938893059 0.2817293605304758 0.2763389080831517 0.7847312501246884 0.27050262036575456 -0.21727424826333108 0.3244719880152834 -0.36554830839802593 0.46668656953573917 -0.13408625496180596 0.292195046449043 -0.0311401908944979 -0.07961426472686467 0.07466153769654872 -0.12104893799276144 -0.4880616460146987 -0.054501560166267025
3 3 -0.0279851583321873 -0.19105311022128715 0.21383392999416828 -0.3915263020774999 0.11187250646328294 0.15107698381568332 0.38963013184669 0.8262562857389617 0.012630290668014731 0.47649852903303647 -0.40702945417173886 -0.37497610324474767 0.16569822428068903 -0.10548354785400482 -0.588791998638321 0.34926299704429825 0.20121594765229678 0.018489769610919207 -0.11522781857361665 -0.5650458896003971 -0.1360106077206211
3 3 -0.4311080335752853 -1.147137795251916 0.4331374869819479 0.12468791241606916 -0.22983259102084305 0.15581060229588184 0.10197334408397328 -0.17192336703832986 -0.6982174364688155 -0.09829405627855162 0.21660354982506902 0.2128441828271868 0.3088148732112881 -0.6984604953270915 0.33847848537862124 0.2943277469233516 -0.19331008116504822 -0.10298843139721515 0.08561646922416695 -0.5802192588159543 -0.32236533079040086
3 3 0.04001602105362138 -0.13120394858948076 -0.08370954131845902 -0.316182125008257 0.12125208113364136 -0.18573440667485852 0.12408451962787932 -0.13945320020887897 0.2728164613358062 0.2557596994533945 -0.21636635478783256 -0.08245853408500382 -0.4591219038653442 -0.22055868271196175 -0.24920062304809296 0.1111685789700932 -0.11017011087836764 -0.0036245737370806928 -0.45876214843215785 0.12160340288602375 0.10186448920443489
3 3 0.4274653968814059 -0.3619812065327988 -0.22493884140922532 -0.395201053998053 -0.07190206353323372 -0.4711725331444342 0.5835685346608954 0.38061442058762934 0.07178492496784676 0.4011292793884831 -0.20894903272030646 0.062474982963494914 0.07208028448085353 -0.10874301475643317 0.5167105725791203 0.36320922738627087 -0.2772774332810018 -0.2574926184555643 0.0015140211818115245 0.0818799645600617 -0.23146340531795667
3 3 0.02368289511191891 0.40912264361047496 0.02138245177311847 0.3866877236973474 -0.33814787917485156 -0.03818173862490036 -0.26621484036332044 -0.13033040358378978 -0.2046043501229081 -0.11198243217070031 -0.23775831128992028 0.09707963614836157 0.2313830414123731 0.09813639763244858 -0.09786803189821616 -0.3127982497752843 0.3584076001766403 -0.10356033805716924 0.025363396780338346 0.2148300179606051 0.24177582107739132
3 3 0.20871971280163862 0.18201960656828653 0.13282165524590983 0.0766584488686501 0.3203993895670429 -0.2123991136739139 0.2691804154875216 -0.0919743997107363 0.0516212403385989 -0.3163297011467246 0.25746472573322104 0.11805866521964803 0.17475686802159432 0.00840003577375368 -0.37229968883170317 -0.21622229624284375 0.4035601382089031 -0.31955641307639676 -0.19231921654532072 0.17630066261046654 0.25464778448401615
3 3 0.06324329008560456 0.21215722366129933 -0.03929207958089461 -0.05592148308367649 0.05430607464085965 0.3509825318504916 0.38822974365302493 0.3099330544158466 0.3515304323720694 0.10956598584808641 -0.09757132299044545 -0.35671546078963856 -0.09084670819361335 0.4027954053630861 0.13650633194488535 0.21631461013764064 0.3495839690822263 -0.420636150716169 0.03322014164353695 -0.21526511174165444 -0.1166157006850377
3 3 0.09114656469840057 0.2959391077161274 -0.23917919632657902 0.2127828732329603 -0.3053294695866382 -0.12689285865724498 -0.37847887311063805 -0.9169164189610026 -0.031342777763875646 0.074498414083626 -0.07951042704002553 -0.25454892457447054 0.007762750885503275 -0.6019787096426452 0.4652105861676502 0.07611742972537332 0.1757132532676621 0.2739301036385998 0.07497158752104555 -0.05573395527481761 0.10246113415550151
3 3 4.457429443462488e-21 -4.503917227172219e-06 4.369227835356661e-12 -1.4548157383598563e-24 4.028460555238363e-09 -2.7096044886281165e-19 -7.896171993189311e-20 9.979783480015012e-05 -9.024857620864538e-07 -0.00021078681572591607 1.3162559450614758e-09 -2.5100604634777384e-29 -2.9053901332968136e-05 -5.6328460897340204e-06 2.087611505284113e-26 2.3034669438833532e-07 -3.9475990730125606e-07 -0.0002896069308671522 -1.5588044793563616e-08 2.210830852081853e-08 -0.14621707759894417
3 3 -0.1576367210532158 -0.15580586654912826 0.3743343295226892 0.045534234208326356 0.10410349286880238 0.3882854881590299 0.2749074122171935 0.2948092090345842 0.4286664977368713 0.3791706151151451 0.4381158266774056 -0.5479959683120808 0.11019901546847435 0.207155753992528 -0.11422786386749989 -0.34368040900802693 -0.12583864945187648 -0.2405649784274445 0.08520402836098083 0.033522323217537085 0.14834380542771777
3 3 0.4053898887425132 0.370950376511024 0.1955725682454376 0.029780261713032278 -0.29495906480339185 -0.15821494560821864 0.07091874327636968 -0.026494818267927097 0.09422955511424153 -0.06966096226148626 -0.40106237192008504 0.18473578245492658 0.2981326988875119 0.1145834388818193 0.31047886101093 -0.4204949240807896 0.2616528830731367 0.023372203840433363 -0.31345582800726196 -0.22354294091349572 0.10676530907555028
3 3 -0.03271570935673449 0.09181921216127721 0.11287857092991471 -0.10243874563338842 0.262454799446098 -0.19051434010345641 -0.24100853359549573 -0.4099385991974971 -0.15964808805553962 -0.3824278616808676 0.22565505694564464 0.026886968431804516 -0.18088809164759573 -0.19817227400216147 0.04046047049862872 0.07535402468314538 0.3491508529255084 0.26088406501169104 -0.3280945376486901 0.38762107124296286 0.23524958945877017
3 3 0.4847146336170509 0.6728240229504951 -0.34824599704608916 0.06169400554484929 0.267498811798823 -0.027591560137179786 0.30650515760578173 -0.20301492129598606 -0.5256353362468025 0.05128920065019835 0.14869325923516952 0.26847786322005185 -0.4910208727686759 0.3260759521833062 -0.11906722061382709 -0.29376460417797245 -0.2481335309239283 -0.12256411523084042 0.07350576020474754 -0.1448977870067937 0.3018314199909815
3 3 -0.4389542110989901 0.3740951896795219 0.31768897559367343 -0.04899353575735435 -0.2684867109826068 -0.5155637089178771 0.016018349794393066 0.09456673199624438 0.354754355186199 -0.31353275720950574 -0.28653414379927816 0.2956448250289994 -0.14657290246559213 0.28953568158888454 0.5594185563029364 0.05350975479677017 0.3545948892822729 0.05113795538872278 0.28646730288811967 -0.28995771636262785 0.05246384087800414
3 4 0.6124463650982298 -0.5923100919842277 -0.3571012132955994 0.2417022962877574 0.4766693284741323 -0.3143960914500267 -0.44428451338263475 0.5932268757532834 -0.7895479228876566 -0.5020347877458173 0.1862976820523049 -0.2179748635637142 -0.35511070103642034 0.39877504527376145 -5.845847026724369e-12 -0.1413004390019741 0.31100900513211077 0.12157064446139411 -0.393665828660194 0.3040247813356197 -0.006078586106576091
4 2 0.2697761787939496 -0.08029566820851125 -0.25376106547518923 -0.28076015417789985 0.5057970732883008 -0.25374444321965517 0.6292819095610906 -0.3635470426024026 -0.2852088476573804
4 2 -0.2192682479974926 -0.08584466376377496 0.06235583180742601 -0.13931452760945312 -0.17865149256241436 -0.25939026795026593 0.6387968363050389 -0.3653738802626138 0.0745231860950699
4 2 0.5511955302023759 0.5131418415539809 0.40943746099766865 0.20308785451237385 0.28719145393941276 -0.2160588014398934 -0.31679947950444687 -0.45907323771520386 0.049560193757541504
4 2 -0.1427657775500607 0.14416546492671492 -0.34618193374134265 0.14584148481667114 -0.198448450390675 -0.017060746804249693 -0.23790611735346504 -0.3415124084217939 -0.0443354962004627
4 2 -0.3398210229248629 0.35347211791306643 0.3327344092870369 0.3137405965117033 0.4979417042279785 -0.2943750195836514 -0.0844180809223123 0.16871621568690337 0.25394604243774005
4 2 0.06597848317273203 -0.2766840966251503 -0.07100722678858265 -0.08353879749750998 -0.21880350329652368 -0.35971828072163575 -0.4498285747531517 -0.4256927789201747 -0.11822634678004636
4 2 0.3879767827720157 0.5844161960961847 -0.18733303111100383 0.23786634863873088 0.05568232796857551 0.07332169337582685 -0.45329024535565143 0.6029629192315655 0.3260121975162868
4 2 -0.3043976250531693 0.1654236047558038 -0.15358067294734848 0.8333379133528677 0.005999408462760094 -0.2256944862829376 -0.1833486372549651 0.018750061080576308 -0.2099093496120195
4 2 0.257032913213428 0.36182864303391576 0.39682683607755775 -0.8907784133193146 -0.6135517881746837 0.08059265751321502 -0.03774426305266078 -0.1381942699048114 -0.3475767684557095
4 2 0.39209618833178006 -0.4899614345126598 -0.1863741547250829 -0.3516519345947672 0.12070892863392302 0.07823857899681737 0.05975091304563242 0.4562026939926523 -0.2776172494709888
4 2 0.32779097066438523 0.0014448280166176994 -0.038909009480400505 0.2416345324805527 -0.061471899609472413 -0.0153277989410577 0.13047377695980256 0.13186141960296818 0.4806724370360726
4 2 -0.19517311486796257 -0.46880555780754923 0.4368495061211827 -0.056775070297432235 0.20833646461913566 -0.22747727479993066 -0.18421206112352126 -0.24920952185885298 -0.04118633178333621
4 2 -0.7004053197105767 0.1636553925996476 -0.41083174874348893 -0.36336403030951053 -0.23924395967123288 0.278925617203418 -0.4223086636293151 -0.0561673506715526 -0.4237184137108278
4 2 0.3004761035865627 0.025910356582515264 0.2391728130517935 -0.17192053830337178 0.2582819303365286 -0.3670664393227567 0.37205291868753704 0.13190536950323145 0.5593610629652079
4 2 -0.31089693268836865 -0.4713454307655761 -0.416946708331572 0.2227737288128383 -0.3945534842397468 0.27211407043228086 0.1583170224170337 -0.5523954421754025 -0.17758035726485608
4 2 0.38032844556996065 0.47153345863535073 -0.5480327284719471 -0.5679319404917075 -0.01802900638748579 0.20856693183901506 0.21420865618258872 0.0051132025974259905 -0.15377139594509096
4 2 0.014922350685627056 0.2743811133374349 -0.36224899580820263 0.06215347984666473 -0.09336076828472413 -0.0921573855614478 0.5923373118689733 0.5160541633064757 0.22318552027030333
4 2 0.4476725175852254 0.19425815779061256 0.24291987280993976 -0.29972904681568246 -0.031075548889814217 0.20063691038318165 0.07089257168506721 -0.6268359288389724 0.5126106816017069
4 2 7.568058902393833e-93 -5.495873162881567e-95 5.040900911286402e-81 -1.0532899996004214e-93 9.689276203030429e-26 2.2821241796149599e-35 -1.0837587403230805e-77 2.8481001170978197e-83 -0.27976464307644733
4 2 -0.297023940236653 -0.2089172200295793 0.028190871022360325 -0.2775609276288655 -0.15652351841736298 0.001710461737725148 -0.07193436128388246 0.6016919382455354 0.7094235994064965
4 3 0.06657886756312288 -0.030194577032634205 0.3591944534395513 0.33681843296398867 -0.2486234500373062 -0.09396857667855146 -0.12690642490223503 0.4378793635270364 0.11883188314547433 -0.3289749203926377 0.07514975386429329 -0.5243243042343672 -0.15613465027602888 0.16284711043340916 -0.11282218546359923 0.3043328633994594 0.13572916329603188 0.0331987431563634 3.0456619028576544e-90 0.5054532211805436 0.1281263953468771
4 3 0.09229338539254936 0.004537342132891637 -0.24343476628191976 0.34127202517890076 -0.24923600907783788 -0.18099706318769226 0.2828017178309368 -0.19662371049291008 -0.27309540834723106 -0.30375721993705934 -0.10044468322252444 0.19847617840748297 -0.2951157969594688 -0.10220339544249235 0.2355858285219421 -0.27742010394800426 0.37655578396776185 -0.2678801245144182 -1.9100598481914676e-97 -0.03555073448105911 0.2282316189207623
4 3 -0.2756802659469926 -0.5369650127454025 0.33209248636343686 -0.5383190546874644 0.5630142552797402 -0.3448050046043461 0.17569581887162683 0.42841470170230583 0.5347989444030429 -0.2936392754726918 0.3733013307175901 0.012564765786616208 0.2949143915785269 0.06451089532040453 0.014810661967597448 -0.03568325866130017 -0.25571842980553156 0.5135427646989388 2.813347062640158e-88 0.27961186011715833 0.3868756635043651
4 3 -0.151883176794374 0.2275193102040655 -0.08018381650709927 -0.10638407213370624 0.029111886823715422 -0.2571192327946401 0.28720724315006196 0.14406557668421718 4.611632806466117e-87 0.34229476305933176 -0.306007509929746 5.886513751093918e-48 -0.23875565920972716 -0.14117464733000337 -0.3543350299999162 0.3007324672358758 0.31457278034894853 -0.22650373334133225 -5.855042823457299e-50 -0.2536577021120169 0.044683096169162315
4 3 0.4373329606491808 0.23975220287314813 -0.06241463301174725 0.011484428764397689 -0.2816293055342088 0.18168007545195208 0.0543987841880869 0.06260000413575423 -0.8975705704680375 0.03541014484069247 -0.5573203543364159 0.010065242574561607 0.16942459677374058 -0.005924555033233273 -0.1475167242677485 0.29558512024857847 -0.23433809974745126 -0.23192829460470782 1.572076108834566e-32 0.19760151311749907 0.20106036783779951
4 3 0.4076675572167558 0.21246429797620112 -0.11380661324407695 -0.22432868195671515 0.04393875112707354 -0.0561986892455715 0.2794736091835836 -0.12970720888738585 0.6500608291349358 0.08608851934882936 0.2166392021564854 -0.25826995050501295 0.09971852246261921 -0.08925152018258131 0.079788577359719 0.26106404439115816 0.3171155952426728 -0.45745519514240807 1.7384380413130586e-94 0.3162027198045088 0.07363100122980801
4 3 -2.5371290996058563e-75 5.711289786771386e-54 1.438264983537653e-47 -9.369645391832754e-70 3.449520146430084e-81 -1.0368308563765444e-34 2.783249904790025e-96 2.4870636850300725e-32 -4.563126936094392e-85 -1.0834156572626077e-72 1.899044227082143e-54 -2.561490197312721e-81 -2.411305048423673e-51 8.243330817795669e-68 -5.006446904197023e-91 -1.2900368362786583e-52 -2.585303090447328e-75 3.6161522728801173e-87 -4.415881712138968e-45 -5.706522923755586e-82 -0.3773397742563236
4 3 -0.1890388384162001 0.276296319675754 0.32302830664902543 -0.043690506285837226 0.16913350763810728 -0.2992016914006302 0.34409920046887577 0.09695068744734109 -0.06107372635235044 -0.11868334383170374 0.38648304154104546 -0.20145649262870888 0.2191315673940987 -0.03498290198069456 -0.27008188114128473 0.6047989186674536 0.041632846479533386 0.6408411344245278 -7.54458314770571e-55 0.5338131946648987 0.044689564734650834
4 3 0.193460754269107 -0.3291480458894965 0.38995034518930316 -0.06293742565067566 -0.08255830443640653 0.09129421422983335 0.02079115091449789 0.49337308641531497 0.13349758797229253 -0.2736420532745217 0.10095113385303321 0.08272460584581791 0.3225029894134443 0.3570045715645965 0.2635812200292296 0.12732333025863643 -0.10869412771759573 -0.06824485365332839 1.1569705783140734e-57 -0.012968424517760141 0.11441282660306872
4 3 -0.3757189554320018 -0.18968820079306137 0.29421393596983436 0.05021696438185087 0.33013852540882904 -0.01509126975117093 0.2339644788516346 -0.09045101660877548 0.4361599257546927 -0.06522832609118609 0.004976978269899155 -0.5885779653657441 0.27747371948162175 0.026555643468440453 -0.2577280978844415 -0.035859721399040465 0.2965280563110578 -0.051992774305780975 -2.1770995349219529e-47 -0.36815302661694094 0.3326706222942646
4 3 0.07505132923666723 -0.048481654430511764 -0.4566293767878967 -0.010973190501940023 0.3007836925685657 0.12043727988748212 -0.37495371016037754 0.453434618289716 0.7318040079494087 0.16329094314187828 -0.07684787864825098 -0.5762469639281242 -0.32024026589125315 -0.1547988575599991 0.15428521860382194 -0.12544739684241224 0.24906535375149808 -0.006617107215766079 -2.809651919437741e-95 -0.004353364135478798 0.2763894686650273
4 3 0.26114727472456756 0.27428609422220307 0.180158034062607 -0.055893560434276006 0.3611266606321083 0.17792109551998037 -0.041706966534821546 -0.14627053597735273 0.6655180102603192 -0.6602292384822642 -0.6012462791862815 0.2543055196478365 0.29516141709685817 -0.40009324055358053 0.16264819503366315 0.04437793628775912 0.05908813436841983 0.3468201291159284 -2.922388930622598e-70 -1.0427236327182308 -0.12426303410833735
4 3 -0.0822585711028346 0.2845226432083125 0.029418920257205956 0.1823127694578761 -0.20389614651540947 -0.2668413687281851 -0.14257242299091316 -0.7961393403739179 -0.44330634192872226 0.3759486555196215 -0.20217315935754623 0.40486798917735606 -0.43918468518566606 -0.3444822031320941 -0.3488078803683606 0.10529253661026834 0.34743610136993663 -0.4949702127400367 -8.651163869299474e-58 0.10619957684712157 0.2682023696697237
4 3 0.147463883487139 0.4003229749602665 0.15209874052173467 -0.03716442535510411 -0.6230384502313546 0.29431654783881994 0.4822905914221187 0.25384510156663403 -0.354278413175738 0.32167173509380825 -0.5546185756403073 0.3838525909773492 0.19288882165034787 -0.21966873075815943 0.5032310584731606 -0.03184947498698939 -0.6013192694968834 0.1819970816119369 8.390311060236072e-76 -0.4053718049764189 -0.3485643055308308
4 3 -0.42000400453746867 0.07951803203917103 -0.09503307320225672 0.2625062989140762 0.20447029018137047 0.04458210368587014 0.38723287127944284 -0.007526666148388222 -0.037462230571015546 0.03029944967447685 0.3597733213362167 -0.1582122470993941 -0.19419754675334924 0.3542221036370245 -0.3323875151256234 0.04907845794995451 0.06533555701396622 0.3212818049892658 -8.294135357004585e-49 0.5667366473466396 -0.038911699266003075
4 3 0.18301485625339928 -0.1626537075791589 0.31757982791520944 0.08892012747469272 0.23849615191964482 -0.20849342423640194 -0.4422477090106081 -0.18106592298886748 -0.5889671042160862 -0.5420058893926452 -0.44908598896778856 0.3143010393284144 0.4724041088413303 0.10964688468644886 0.3252909814648436 -0.04240364209922175 0.16952170919550275 0.5279654555050395 3.4553301530858505e-96 -0.6943709690358746 -0.1679574010118997
4 3 0.12154502716753172 0.1290699693356852 0.11072327929585955 0.16044799127370574 0.06837807391260436 0.4020370739465755 0.019806751999107055 0.22116455181630224 0.14138734881216417 -0.10572886471037922 0.17074224960901804 0.3890500939299156 -0.14785501102141194 0.16783816511003868 -0.16331861052526866 -0.2722427376164231 -0.04380731564564624 -0.102677088735102 4.0366595137393186e-50 0.23988416662216588 0.3002953081494513
4 3 0.3653643148699102 0.3278861802224926 0.10647728210423789 0.008903693142714261 0.58782939655018 0.008901080074798274 -0.2356477041609333 0.014225117454626032 0.8264097678337468 -0.8910939802401454 0.17923604666296422 0.15068779661730197 0.2974069271348041 -0.5331386711329766 0.179935953830628 -0.12361806623243371 -0.5941205127256904 0.45140951820437425 2.0673087084425277e-84 -1.1640634059787998 -0.2247798142466124
4 3 0.27409810949493196 0.32238327352246426 0.18316854812501396 -0.1758293312584884 0.00019656942649658892 0.312695322968728 0.44507655516275163 0.32528590688794057 -0.128778160552326 0.36473453323757193 -0.020533517296955732 -0.04913030793402388 0.013633549603025073 0.4389354507414347 -0.24016103987591642 0.5264707635068349 -0.06349056665906923 0.30178409578480747 -3.308486316623012e-88 -0.04678381827649356 0.24649321573845626
4 3 0.18826483478086342 0.48303760161721343 -0.5924529192334228 0.3218296675373646 0.24447125572174544 0.5270390408721041 0.36739571004527877 0.1393538427964215 -0.6147028707030623 0.11280938414053147 -0.24442534781477485 0.21058556878346749 0.13527928955522922 -0.18828051577614024 -0.4093487014582145 -0.238440929169758 -0.21102853728136203 -0.05886025278927769 -3.191478618494882e-47 0.10657976116815449 -0.30764427873454153
4 4 0.21003663409822448 -0.44012251393751173 0.13726816957526833 -0.4785196529556345 -0.4493955299900979 -0.5588400148524527 -9.64984921575964e-75 0.40242848219687605 0.521901967276376 -0.4917145451863356 0.2652124962339674 -0.7089480630459938 -0.1990937140095243 -0.537943591635501 0.31629024299226666 -0.6045240316736921 -0.404241430007163 -1.2745198536353868 0.3318117827329807 -0.8419932294681838 -0.24718171785522994
5 2 0.019297487464647305 0.08014102804056256 -0.2797598402628957 0.333441721913239 0.15354642817137232 0.08377832970147166 -0.1359583829104404 0.4502366939155006 0.5065308981232247
5 2 -0.2893249059300273 -0.1246525367881806 0.5050449149585399 -0.26455134967510596 -0.4106768377008006 -0.2669760661112174 -0.01702100463336325 0.0750187497690353 -0.5595035345677682
5 2 -4.6628737068775443e-23 -7.336127584574662e-08 3.800966074219103e-11 9.652075002641597e-26 0.00011498018485329921 1.0369281373877592e-18 -6.805790400685849e-10 0.007449592066838948 -0.3695164356271667
5 2 -0.4663211256452523 -0.21629069790135777 -0.16483202442319886 0.587811758501383 -0.41063995244780904 -0.26446616900658726 0.42571781309203754 0.3769348877184502 0.4156517813348063
5 2 -0.09886056258389296 -0.32518296222832827 -0.14894052902532146 -0.31188721096023564 -0.2023882586636151 0.16180687436679572 -0.6086552911134493 -0.18244770180126135 -0.2738857893766984
5 2 0.38048270361146797 -0.46878868583832395 0.27272929233764276 -0.14046450474703584 0.29632741346999897 0.1188276777126691 -0.32615988495787085 0.3099646498659684 -0.131653491635233
5 2 -0.10789177742897885 0.01202113723457652 -0.012645391931483905 0.12376824535671588 -0.31090588594940105 0.13162683102504952 -0.15937430696103289 0.7918507112506028 0.184658287163552
5 2 0.23458172646163916 0.380919899768107 -0.26518532259955235 0.4024211356607597 0.028165418375163696 0.3514711882319481 -0.2978087683280027 -0.29956776814614233 -0.352779849181846
5 2 -0.11193233869397871 0.2909570527842782 -0.17335807433177605 -0.4447949020487789 -0.2190409536355636 -0.06888706419314408 0.002453102586462949 0.23784933212028764 0.4257093835447593
5 2 -0.12274232316465081 0.012054327120451598 -0.21435253440828939 0.42771905843114505 -0.5395750171361884 0.07014567857761962 0.5044721923598493 -0.013262226944991419 -0.24427714542248766
5 2 -0.12033830260793214 -0.5089862152209402 0.16906309583501614 0.04668476747038133 0.0034409239836578325 0.43828313325258506 0.37907804495414815 -0.330462640046156 0.2982040453157195
5 2 -0.13926412923979434 -0.2498307749125444 0.1682847036762323 0.2740742092793378 0.42545787128781815 0.08320713425811209 0.27647350598663 0.14323525752024616 -0.43894768430095504
5 2 -0.0679005178224521 -0.5460932383542633 -0.17143451325523104 -0.5160187182471799 -0.30394410235528874 0.1492987381640769 0.002561026479831149 0.2558963741064845 0.31339172039079766
5 2 -0.13444035594603707 0.0984941729444814 0.05903717235819144 0.07796788995962622 0.2872138706892069 -0.1915170378237751 -0.3697154548596066 0.0993439730429215 0.11081118947144974
5 2 -0.10105276843318155 0.35271790047384305 -0.4524229346451066 0.17742327540571814 0.19343054325142384 0.4807314740672438 0.16772724970490685 -0.3389599619751086 0.2613695508917049
5 2 -0.19041226034946152 -0.21571184604017277 -0.43928018485520054 0.5456871728011049 0.3487626094259541 0.0032368602113699804 -0.15589654934820876 -0.47972428734722417 0.01859039119736279
5 2 -8.201096609311118e-21 -0.00012437594282389052 1.9011135644860212e-07 0.0008132596327785738 0.002450274705918786 -1.1046502521609076e-08 1.0647973435526816e-12 0.00011644959895847221 -0.4451476852819574
5 2 0.27240203306319 -0.34129510294008036 -0.11886809018276832 0.34330953185628094 0.21625886552004872 0.16044594652140662 -0.3616149416673138 0.14942196241575434 0.5234192738632214
5 2 -0.3274640828778417 -0.05594201890251664 0.4312039987991787 0.10855474778190402 -0.26132755507328687 -0.4256422890210002 0.09634087506877315 -0.5493746330069661 0.3451563922181851
5 2 0.2627900557321005 0.2787688121891306 -0.3019549624981561 0.35356838119479095 -0.36814709825420205 -0.13915802396230442 0.07853991904814529 0.4707634410209153 0.10239201525619408
5 3 -0.43694208848409527 0.6170728506204748 -0.00039632638123091474 0.3863192035860053 0.06013483597061096 -0.11311327948362555 0.36486058458071746 0.10538392835810625 0.012634536216585624 0.5556767424872583 -0.16975963918438958 0.2202132017532751 -0.18974126027211827 0.23346155684997894 0.20556663135692205 0.3167908923086067 -3.3451155119712442e-12 0.19875516896489154 0.30794141039754946 0.05846571605666437 0.20086396977673188
5 3 0.0022345126581573434 -1.5826470000886553e-11 -2.3405429144914255e-16 9.476391037177842e-05 1.1481165530250122e-25 0.0013182141164853022 -1.0338737948710247e-06 0.0008334998174604067 0.0008405509779164446 -3.69188121469167e-05 9.959368403383047e-08 1.7061979939240155e-10 -0.0010384992322193638 -0.0012421908856238824 -0.000415690830472369 -1.5267975274287784e-13 -0.001436913901045008 -3.129154671161788e-14 -0.0005730528217104695 -0.0008704867376578872 -0.08275017926418354
5 3 -0.4776617955191815 -0.19535233088852136 -0.0007730164120771414 -0.4375812516505152 -0.1810032653605523 -0.504664791405783 0.15139980701484657 -0.014603057679026728 -0.11785707236887809 -0.5507167854171677 0.36047067736813065 0.0642699749512535 0.3140610028927474 -0.2447060206003224 0.10554931498536615 0.10890106264798705 3.6786533414423314e-08 -0.5707556807475703 0.09832244438124463 -0.02409676244121938 -0.22907123820899672
5 3 0.19582713811964725 4.0138645374493844e-20 -3.602151089802296e-11 0.23381828704438085 -0.35362225357257276 0.2112551381035902 -0.010017726670169263 -0.25788560417250017 -0.38568997161537844 0.26206526060581026 0.0166831425130055 -0.0011680624663166978 0.18070530635626278 -0.03704525527983686 -0.32844772868778466 0.08651249012731002 -0.001137440370930433 -0.2816363337382659 -0.41969675327009043 -0.31416798246910355 0.07626709816272147
5 3 -0.014893366478183435 -0.2559943407516777 -7.051645776366061e-11 0.06941051640453925 0.0314600545634432 0.5592406902834995 -0.36179875730001543 -0.4154824914129094 0.2044688420235663 -0.15834877948618753 -0.13086743259756495 0.1166640362434906 -0.2599967681564733 -0.23366620581788683 0.07277746865804945 -0.31746311845733033 0.00016365830823110298 0.24001951068445537 0.24618328139072376 0.3743603465007641 0.43417277833127094
5 3 0.42813960407337515 -0.06003144022835154 -3.6456824054799124e-09 -0.5237282715664383 0.3174874132274584 0.5665009414829307 -0.2772805855054374 -0.18182426106552066 0.4167042346654223 -0.5851061013764608 0.12618349989863964 -0.042177137947394534 0.3243630899082402 -0.0972567907234432 0.05324167590383836 -0.45055805580715047 -1.4987676396541493e-07 -0.11223506705267058 -0.015096755067212675 -0.05077249160073374 0.11914975813258806
5 3 -0.5544350124881052 0.33323970006851633 2.8715061681499055e-22 -0.5406879936636694 0.04861705101461702 -0.37667126770856346 0.3756940813495106 0.2924297079319772 -0.05777379001686804 0.4545699711310521 0.09117266107162422 -0.33670153782839507 -0.33725762930064035 -0.4277653101351106 0.2651490371757087 0.5113539647957415 0.00046333062077605656 0.022053550225247992 0.2993213995071114 -0.6248115872927048 -0.07089614595333657
5 3 0.24837384888634062 -9.8610390838447e-05 6.182857605120002e-08 -0.33627808292416317 0.5230344754204753 0.20912806553757526 0.09789017960013778 0.12560776455692793 -0.1860210700450017 -0.4823157174778251 -0.5650467000627197 -1.8051131929371904e-13 -0.06527995695600049 0.47691366363892146 -0.2976994968866084 -0.04935249735575558 -0.00044333886361151053 0.06134614449716114 -0.324383993061741 0.41575532477282906 -0.19604172277090612
5 3 0.17014779037442165 -0.24977574476663505 5.912271537718653e-06 0.10460433447422246 0.14278657638609935 -0.008179951500007141 -0.3197697351520412 0.06930256374885593 0.374566773044638 -0.04269962567757728 -0.2625906409999855 -0.0008449147462973401 -0.22662505953331133 0.3118400285516506 -0.08665421251246594 -0.07341891912098164 2.140833696758669e-21 -0.26504980582142945 -0.18300880478816217 0.017563339458497154 0.09843217169058861
5 3 0.4874605814638918 -0.17378827406959385 -7.489651399513489e-05 0.17021119595754927 -0.09497694730702179 -0.10239283496123869 -0.1693451853112432 0.13549911896568495 0.29817564454664724 0.11439248704639968 -0.6767167005290247 0.001248856463246256 -0.2056144130843886 -0.12318454570287854 -0.2174224723885946 0.22513517636779853 -1.0682421779909542e-05 -0.13617623632248663 -0.0734196609391953 -0.016102197823071217 0.1740522252455838
5 3 9.652325054499993e-05 -2.624596346388842e-20 0.0019961394260308903 -2.1840387724377436e-05 -1.517932860027424e-07 -2.6181077374686096e-22 0.002181784132652512 -4.213504183093711e-08 -6.13909490936706e-25 -6.983111136328184e-10 -9.618764421511033e-05 0.0023082754686488413 -6.552280550565704e-07 -0.00015522930088108174 -1.2818797028493925e-12 -0.0013878106743031385 -2.6449275496764945e-23 -1.649261740100168e-05 0.00016124698850171875 0.00017120403094371647 -0.23466279434781853
5 3 0.6170262670487768 0.554550101667782 0.0022088308316872522 0.1988604558323635 -0.1498014472252345 0.12026858497957749 -0.19475979766962342 -0.34710334818891503 0.00290743037654469 -0.17319986514933805 0.2856596645641784 0.0016425409633307514 -0.06475311429123966 -0.08341913473453272 0.1645708226441962 -0.030377238650584802 -5.43182345887529e-08 0.11716659579260817 -0.33377221878300856 0.1387160792931662 -0.0031285411511039773
5 3 0.2707015318973382 0.38057137708578836 -6.804254714571528e-23 -0.057802727597647874 0.4633673801932142 0.03708607017799733 0.16284557524671797 -0.41748185649344216 -0.21186343862597815 -0.4170450760739643 0.2417993022928942 -0.23080073674168836 -0.2713352671052132 0.2287217777673244 0.009378535897437057 0.324169446762458 1.61244671717276e-05 -0.29126151469068867 0.36437959897849825 0.009389374600217078 -0.3652782856959791
5 3 -0.009640797828952212 -0.4272436832782428 -5.077011291543362e-06 0.42122210108559976 0.06943249810534999 -0.7393468503641559 -0.8814739910103384 -0.13096703841389915 0.4317062734420947 -0.532351222600728 -0.4387135666796266 0.026382023489218615 -0.4826452916311118 0.006967947918778857 -0.24802358175052286 0.33215400858272265 0.0013150754126842962 0.08180269833111943 0.33141647581983075 -0.08221926617866285 -0.2257982181362976
5 3 0.3072326740234198 -3.821110071665345e-12 5.6775765705790855e-15 -0.04462237590701432 0.10190601298882918 0.16564968642875635 -0.06641398120852676 -0.1453538827595923 -0.039558093886262274 0.000965007003354531 -0.07453408429191588 0.0009595087717535369 -0.22324393479889942 0.07727002041955297 0.4838675355868702 0.2625587932207392 1.0106133360812678e-22 0.33876063817006646 -0.5619053414632746 0.1155638689254134 -0.010898984430170651
5 3 0.07851156383971913 -0.0009730922898362125 0.0016552257780937676 -0.0002341785434601356 -0.2825844939394987 -0.07172789711715026 -0.16299683992407724 0.08032014974234376 -0.03052679269860135 0.1689391179690682 -0.3955968694063781 0.00011736938004892448 0.04571677505954873 -0.0005939805748649388 -0.33682029583472833 -0.2597551277263098 0.0002965860435468205 0.3216710746913243 -5.247175263487248e-05 -0.3288394423876769 -0.06124171413050031
5 3 -4.876495779529274e-07 4.745566330058987e-05 6.917540532167477e-06 -1.7450739973279903e-05 1.2752632100355038e-10 2.6990438991388346e-05 0.0021660652885962346 6.046985085698935e-08 -8.97705147815242e-11 -0.0005583319566902344 -0.0007767535736847788 -1.8812306063188192e-07 -0.002176288582185686 -5.792256532200442e-06 -0.0021685592742222352 3.616932766929742e-21 -5.596912958348776e-26 -0.0006831374241390013 0.00014254682267855255 -0.0008133184881899036 -0.2577735399886417
5 3 -0.19463660240070021 0.08912261367906445 6.898023930565864e-13 0.134856073815082 0.4698866708120046 -0.5190847080952383 -0.09389744182156567 0.27774310353458265 -0.06874610389871429 0.22653928315510127 0.35581208029550376 -0.21456595358183037 -0.0649754752717583 -0.12489338240457512 0.23214125740049393 0.5213889605000421 -2.366470062843e-06 -0.05105246655251902 0.2390343933048432 0.027610064705566244 -0.0005748835945861573
5 3 0.29660333015442764 0.030412296436623805 -2.8127331495190877e-21 -0.2558834868858368 0.1298856521809688 0.2800559247557485 0.46386836665301273 0.11409135666425238 -0.32570704418916235 0.17307708908110211 0.29528309722123885 0.39256349784725786 0.29097084406997276 0.32272795379256547 -0.490934929245533 0.22298901754503822 -0.0007261190300474471 0.11490137148349606 -0.25900465114286864 0.4356095029854907 -0.049779529938627574
5 3 0.1507536917023435 -0.22740795706765507 2.1424682293314034e-05 -0.09192701965972243 -0.3087893085126947 0.043056071072381144 -0.5600776589397782 -0.3965560942872687 0.24487372356268114 -0.24770708290932003 -0.23371710645183416 0.0009353802200481315 0.39595730563851217 -0.001217418696391806 -0.13910279861274907 -0.26713943646242383 -0.0017482237048254818 0.46989884241621643 0.18243195499657044 0.24398736251023853 0.18007395528290535
5 4 -0.30439649828161935 -3.4413139455144087e-06 -0.9501749256899257 -0.610821303918018 0.354080621202638 0.44803706122422715 -0.7585098948706532 -0.7968304475668114 -0.2969292421911431 0.13705283792142617 3.121981690464533e-18 0.592638723048134 -0.4175537586736832 0.36239224501717926 0.4248495553817384 -0.16493315349633184 -0.017216698152854707 -0.19284404757563373 -0.4746155596382359 0.7412678198637573 -0.11559854066593019
