Number of NNs: 3
NN configuration 1: 8 20 20 1
NN configuration 2: 8 20 20 1
NN configuration 3: 8 20 20 1
NN Layer Weights Bias
1 2 -0.15442293637564056 0.11428492388235838 0.13864802125376074 -0.19951697326731208 0.07517478541655612 0.19743244231061405 0.012062545181569902 -0.6844496796983051 -0.2632593312860691
1 2 0.4136454272209 -0.016353242514602045 -0.3933054207588601 -0.24739404803531276 -0.2912735530818341 0.6541086929999428 0.08170448970079171 -0.029075336984588213 -0.32447768125504745
1 2 0.05421817757412057 0.15015416290656844 -0.09950715546329322 0.010429176142414915 0.013198798916922768 -0.1705550797480322 -0.43563012768841636 0.26426584756197846 0.5698173069873035
1 2 0.6697023674970438 -0.4696092741179864 0.3515251079474442 0.15617727651744637 0.2575809259159403 0.21952249729225567 0.2315591581758046 0.07167968026971305 -0.2090568163793462
1 2 0.15933172300814286 -0.05398871149668307 0.19471611842222403 -0.3138142615032187 -0.3649580172330797 0.001679372526696283 0.44455551580713204 0.2420051423011487 -0.41860116187385044
1 2 -0.2493613017440072 0.1916549172955008 0.5511095490139735 0.3180409417740523 0.13744094127426723 0.17566834844015639 0.33346493157406737 0.3504300600010063 0.23857095342518173
1 2 -0.10514737430435789 -0.38906968490114946 0.032387282576262964 -0.4667940895410852 0.26809392821280004 0.08342279994213908 -0.14675880671007827 0.48539529580610546 0.5108581883249792
1 2 0.20707504603803853 0.3377103244599214 0.15688722859758286 -0.22198257651550038 -0.3443150394021299 0.22295619535387604 -0.6982944604480857 -0.010119843215670773 -0.1716267010504038
1 2 0.04758794582390169 0.03794164637745237 -0.4636411807409428 0.025120423096904102 -0.3988354099228084 -0.059194352264062895 0.23763105140561505 -0.605320367801633 -0.2394987904156261
1 2 0.4263227759186172 -0.14649575983250018 -0.1891360734745859 0.48247616947640687 -0.42270790023103094 0.056488350089699275 0.2622894805393763 -0.08604185306125778 0.412045634446078
1 2 0.2078487148561585 0.35659873855188373 -0.06803880746157205 0.4755537534793783 -0.39423988988628544 -0.2587853144060572 -0.19792354296769998 -0.4215754136966829 0.12585049157310632
1 2 0.06891499551129047 0.8421504387239664 -0.13368866447811792 -0.2648640222028782 0.34949074262864327 -0.22705039770097785 0.2866044570637931 -0.390795024763937 -0.09448236103001588
1 2 -0.07815693932562102 -0.18413422833403417 0.05193897448708161 0.03233707365660138 -0.343841717622627 0.08119878111373374 -0.03831111083772806 0.8954481032325744 0.32915269210573744
1 2 0.1403608888924473 -0.39421378176532 0.07632455762331246 0.45464695486149553 0.6000073983499871 -0.0163844497636331 -0.25864708574666256 -0.4644462195542121 -0.08516641776316881
1 2 0.01625566021692507 0.13411421720109104 -0.5805681895003418 -0.0771053113529502 0.07725287713742662 0.3614282130564572 0.46039147025407157 0.5044362525219562 0.34264579217141583
1 2 0.496447388263683 0.16007137093500234 0.40251568489242795 -1.209602201490396 -0.2831140718955569 -0.04991872235491133 -0.34195026691851227 -0.5472780043675163 0.3567412996884078
1 2 0.3161117347154415 0.21417229843430519 -0.17880330120856658 -0.1799639308265293 -0.5053281848909005 -0.2697449928378434 -0.19660479813970222 0.6353527032315583 0.5477517574003353
1 2 -0.2900833807114561 -0.3072944819450015 -0.3295704285489392 -0.5166098358516791 -0.09751447350002385 -0.22092592290042773 -0.04489531275598976 0.04663591592480434 0.10850292041558371
1 2 -0.21566742543322062 0.11818319522355708 0.5922224002363606 -0.15294166494763242 -0.04529779626968768 0.2985198018133872 0.3670126198706351 -0.16355683034375343 0.33092805767242317
1 2 -0.752743716591651 -0.2649293156636876 0.36886517659457596 0.16338989706554857 0.1338379745297925 -0.11193442072785942 0.011878547658848725 -0.08664705442236202 -0.4129764072669199
1 3 -0.39955365536399595 -0.14000320235298752 0.13850914392933739 0.35700443274728544 0.7750604773246075 0.30088750370777173 -0.09945828350559376 -0.2567768298734328 -0.2648726617164991 0.32942785779396055 0.08030813140603406 0.10537960487736603 -0.2612798818934617 -0.1268061434830301 0.2258918607675292 -0.10802442318925877 0.4699920476379089 0.023002420095546757 0.25096253716665784 -0.06315884860254463 0.389044823111448
1 3 -0.06877420931584612 0.2501407436571246 -0.22217873609322228 -0.30662911407134175 -0.04773543429185789 -0.6423363170074099 -0.2561887834481568 0.22291051198501147 0.16521833499711983 0.31587385117148986 0.4020707046388924 0.26122783210628814 0.610659048480048 -0.2935244479273527 3.502364076504429e-05 -0.23827728607977566 -0.6763830995554725 -0.11792444086413754 -0.3794791261683244 -0.40368330483286324 0.15793719214976734
1 3 -0.20944552287801693 0.06106599734616495 0.37353480687564733 0.37064018688230216 0.08297499549782161 0.3352791515726638 0.17195159058528525 -0.9535200197584368 -0.24016777668237302 0.2797743493856775 -0.22148531156634216 0.1019978384880037 -0.03480093924236727 -0.8318058202521189 -0.053715229447005235 0.2259964675730089 -0.1481451813954242 -0.1759011554899053 0.024803282122089536 -0.4172537102878711 0.20146089806624753
1 3 0.27350800232309136 0.34084854782735696 0.10934586053942948 0.5439525905598712 -0.06008961257519784 -0.24303325868222797 0.22392681951676524 -0.0050576826836006665 -1.0397257451843462 -0.23537240594977693 -0.31179568140760516 -0.42188447160911763 -0.00922866936412655 0.09626372417416093 0.4509408690000086 0.048867890061963674 -0.2734910027071976 -0.31530411107186435 0.17322935689970642 -0.3151167629642404 -0.17132790613630405
1 3 0.12725820192730017 0.2567602834339784 0.02158260644939879 -0.2582626422201389 0.1527654023585218 -0.1850901861443204 -0.31255608237083227 -0.16552341894964223 -0.0487434004835232 0.30709054595671675 -0.23422964161482726 0.20751334615244407 -0.06106024563156391 -0.2871667784913674 0.30149813017178456 0.2958052171384748 0.11361831824766548 0.21939854148895924 -0.06997241953343385 -0.2928236130386992 0.0386189485856464
1 3 -0.5526999671707754 0.3482679366529801 0.1965885854999188 0.40436038283207903 -0.006579039289715364 0.21678925500514784 0.05239802949310443 -0.3801879969469935 -0.05345022125595631 0.10810349411827003 0.1792980763140514 0.3604232099318784 -0.4287516221519036 -0.5476043704750816 0.3518805013975632 0.15898201651599364 -0.19436350824738247 -0.15607279604063318 0.24749662971703298 -0.13315126086998047 0.3102755414912354
1 3 0.17089265003214774 0.25656174751500926 -0.23125940960448865 -0.38022478631282336 0.13240013762663166 -0.33332043176781195 0.3261137414183283 0.29187273730737395 -0.007298413997919047 0.17059756266364154 -0.20907215135073373 -0.6450310221771864 0.546563857171308 0.5573113959116658 0.24667400239793907 0.22080413820721628 0.22250070561904273 0.18809234409618314 0.16501727311969305 -0.09436687691190186 0.300416354428329
1 3 0.18920626205567925 -0.11241157579318689 0.12894949893086627 0.4080026236996589 0.15991795309987483 0.17761361836747566 -0.28725455479701145 -0.4782331880310974 -0.12340700809484088 0.05760544082442993 -0.021398613070514532 0.21346425609382252 -0.00031898035829083625 -0.056824922920995856 -0.03146227351083809 0.21721182423355836 0.19012481365820985 0.18127525295673586 0.052231750634195266 -0.10930337759107835 0.08341373856755986
1 3 -0.30504504700639207 0.09586857171784167 0.405906584043547 -0.04174748940295813 0.038846122444266204 0.06222087939337209 -0.0005483708460529261 0.3401908474794176 0.03242485364526605 0.02708461920950246 0.32811749218493164 -0.2913597512829093 0.50752986453553 -0.06761388182175478 -0.30344284728930043 0.3002704549164364 0.3806674652365311 -0.2694113469209722 -0.3208064974868941 -0.5243338408789633 0.1646094995803151
1 3 0.8072230895002251 0.10457393703328584 -0.5690330851883827 -0.23019465729614816 -0.7994457547980742 -0.22013528856322043 -0.627532323260403 0.0022867243237389184 0.38639177324347845 0.06100452725770152 0.43887363961780756 0.11421547682239276 1.3715987359159343 0.4101044346399399 -0.19672490249531738 0.394196328359158 -0.530600212568719 0.12530417946841488 -0.23054500530679706 0.52226902975698 -0.5048431416669511
1 3 0.41996327582292914 -0.21824839933056903 -0.257942153353446 0.05226731530504714 -0.4332608528994379 -0.3612780531503735 -0.11808511852815072 0.17818502234541259 0.19287054260885286 -0.27238015372544666 0.12112864830209717 -0.5547537955090659 -0.020113666816378616 0.29821059805398215 0.28667335879563 0.30822556220451053 -0.0325996648719209 0.43869890549776397 -0.27289554841927366 0.4759441452913699 0.2526099374334771
1 3 1.3770855474775894e-120 1.3762059035681402e-92 1.2957821929052498e-107 6.864852080083928e-131 1.6283562271247177e-113 -7.443793398498477e-108 -2.035906354112767e-108 -5.742369865473162e-114 1.7024544507457974e-122 3.370573785617739e-85 4.456640214690655e-101 -2.1012957048962345e-85 3.4075212893678246e-73 -1.5291389988481936e-133 -3.647878620380206e-115 4.0133382472585027e-97 9.804403155548322e-133 3.1581863039541302e-114 5.629162077203059e-131 -9.374471253679482e-124 -0.36930330010477214
1 3 -0.5796449865471859 -0.28019510650299895 0.22467523235135833 -0.40630124943937923 0.156351736738178 0.46924342540348557 0.12850580376157764 -1.188447682349229 -0.026322458894263642 -0.24664438120562 0.494209082599023 0.1572088431365366 0.06902863561789611 0.18054169858058453 -0.34209422092169456 -0.19409152740526556 0.49837005902914605 0.022460213393450765 -0.021602448492549362 0.12172161904578577 -0.3365613711369993
1 3 -0.17251290663404825 0.12056998737525218 -0.08752070067172828 -0.34233199246095797 -0.5074061006774637 -0.23828699868773726 0.45392073745360534 0.0731925025766399 0.3542384702039252 -0.22926506581907635 0.13618325592205185 0.3134141904495702 0.34902660641606276 -0.3368808752750534 -0.5310215059708324 -0.45221307207190903 0.22514014889237033 0.26097715994597864 -0.24937317116055407 0.75113051255834 0.31290632543091706
1 3 -0.054791116148707 0.45287765030719107 0.2594781878957757 0.24726821404713917 0.0580305250558861 0.28967055310296713 0.002556561837953406 0.6487777776324284 -0.18073561839399432 -0.3784123513640616 -0.1333235377980229 0.37015435962982607 -0.42131802662959894 -0.1285308978396301 -0.0616947577935179 0.32555495050065986 -0.10440960744262552 -0.06375914273076434 0.10235972739754276 -0.20446326703192078 0.1824401515818439
1 3 -0.31823540243906756 0.4105402895780627 -0.3313156448874554 0.09479479179823595 -0.05024170832600983 0.28967760732007963 -0.42535224873069133 0.30523732827419764 0.36313666073716955 0.20264397126303027 0.3639292613824619 -0.4826991033590757 -0.11616985743615862 -0.17211113234075717 0.5628377618647176 -0.3804736426172295 -0.11401703004633809 -0.3216841653851407 0.28090407355455166 -0.43419462395403796 0.36594688446800877
1 3 0.0373843204490364 -0.21999229415767615 0.19129225587583162 0.37431279150563734 -0.2410544460630885 -0.13120089348426195 0.21908727757502708 -0.21566436272779543 0.13888067402515383 0.127631730843308 0.1854396004982974 0.35764552903378577 -0.17669477120744148 -0.35108211566375147 -0.22662858562135768 0.095406790739613 0.19593936582092142 -0.2280718830784903 -0.08049626955443437 -0.1234488803609642 0.18847040396083428
1 3 0.17070601290443072 1.0348653332875614e-119 -4.441411592618894e-135 -0.13188945625745316 0.11581569047315537 -0.1450360323555329 0.22496941082495497 7.352022591968283e-82 -1.2749821268164364e-103 -0.00010729770981665448 -0.008449061570141013 4.533007695241543e-69 -5.30378656392738e-115 -0.09671267352446025 2.181800999171504e-121 -0.14791540866948766 1.9510239137885714e-134 -0.09333406111908109 -0.1350321195440481 0.237455362632543 -0.23910430959867066
1 3 -0.2067561525694653 -0.041234278946319966 0.09217262340262826 0.0012199732678193 0.3969616374353197 0.018639461467642667 0.19552767820130756 -0.052270107761961594 0.27679928594586045 0.1843383060933264 -0.050610255861508344 0.025719957201361304 -0.3009595190701566 -0.024405629180754354 -0.22967970100274415 0.09525076215235276 0.4106937281618386 0.07059605269656602 -0.34785485596349747 0.01691002458489457 0.20188152177222318
1 3 -5.3145269024910745e-87 -1.294638797399742e-109 -4.927493402947064e-96 1.4281580730884145e-103 -1.7835359636797315e-100 -1.873553420947665e-102 5.389383529395539e-96 5.878291765862856e-98 8.391208065547173e-88 4.5382454993443985e-98 -1.0506046692629897e-132 1.1874262783599049e-135 1.5041726976308427e-82 3.63231752555005e-89 -2.0195033927979996e-96 -1.8002371319700072e-77 -2.723915592391373e-137 5.9289212013634e-70 -1.1531786578672282e-135 -6.690155443967158e-108 -0.0681434065887937
1 4 0.4213905646482227 -0.8862317255715723 0.4207778837520243 0.9562939312389127 0.1551220683295819 0.5168890577941274 -0.12049614926708699 0.13843305169243939 -0.15678545507926098 -1.232893694008412 -0.6001308940660068 2.3699933767294438e-135 0.5042563582888545 -0.4890664942669709 0.5966497229643227 0.2420660122924073 0.09257758460410818 0.019866793511931498 0.31016068944168534 2.573256685349652e-94 -0.21593845072588003
2 2 -0.1248029343052319 -0.37373974602364196 0.24727255763037292 -0.11227521566594906 -0.3881880842157155 -0.34274322466908586 0.05690719952921067 -0.09306815564671853 0.17720764037165773
2 2 -0.15038268567221455 -0.17969553706784755 0.27742895506350707 -0.10723443894272104 -0.27860845327801503 0.019791919910589623 0.1761333070070987 0.1615704532312707 0.10475481087100254
2 2 0.39572384160780816 0.18659851675985836 -0.08644880236317264 -0.44803207330883454 0.4435979061141566 -0.512746107041089 -0.004191334329450225 -0.21254657757806114 0.12004016879142441
2 2 0.1550659237104839 -0.3721653340080999 0.046792674500840875 -0.5270627353908304 -0.3923285918336289 -0.14474724866638905 -0.02685271646366419 0.4650736099975319 0.470926981834327
2 2 -0.0010839667349840847 -0.18729187509139097 0.36798349564027966 0.2082070564325395 -0.30598389038704726 0.36896121845181373 0.5684977047011314 -0.09989825487656184 0.1272587331427564
2 2 -0.4577015685177189 0.20021704525699502 -0.17454597382523804 -0.10577535440417793 0.3361204949815224 0.05057478928136797 0.8150356321779759 0.24660133081370583 0.30376825808536817
2 2 -0.5935217337254717 -0.008070485754354564 0.28656058921772537 0.20817161553379795 0.2880378763094739 0.10087382241821509 -0.3119330639846285 -0.13700397839976938 0.48263570313757737
2 2 0.5619962444400669 0.10236016900344146 0.11789107428598884 -0.4980787693117378 -0.14002313573878736 0.00757487225581799 0.21836790906936623 -0.1731736734915363 0.2834268108853641
2 2 -0.029831317468833517 -0.4469321093969783 0.36211438738287705 -0.7371003772758827 -0.30572283418263996 0.04228823600256626 -0.3816700248844626 0.08033969626294948 0.3458774553420048
2 2 -0.361931089414145 0.2995663549952457 0.40168303277430617 0.22495746963081775 -0.20456608381147484 -0.4575562106277078 -0.1262666996989417 -0.047162263852192264 0.45117494645493034
2 2 -0.29870799521074737 0.3977686677690593 -0.20632689998584391 0.24023612096964247 -0.43161722743449543 0.21183350667910916 -0.13972288460136972 0.0025063904264647084 0.302336095525035
2 2 0.06260487079319518 -0.3947240593735548 -0.26109220794310717 0.2147490276609141 -0.2222322738791947 -0.07533491661842368 -0.2572428930318882 -0.484073656922567 -0.3292460240781537
2 2 0.45103742395283 -0.43604479566624815 -0.07546909161114138 0.31768364983319974 -0.22968134581289804 0.2943362138668203 -0.5297892712098061 -0.2632833040496446 -0.12345772803786774
2 2 0.35526009422132176 -0.4046963072899398 0.2051654434392475 -0.08021048014814662 0.37611516760212294 0.5011233507598072 0.13952263323988115 0.4255421828502965 0.0690265736648398
2 2 -0.3003219422126847 -0.02518746877997854 0.16652689753488145 -0.23153474156762158 -0.018839451282398716 -0.002751472151767118 -0.12290455574512663 -0.8743926608616026 -0.4269619698196311
2 2 0.24236577634040934 0.1647838633116506 0.16119623422898788 -0.4083893464691784 0.20822810159377303 0.29740341099572964 -0.14969705780714054 -0.09010392290764514 0.33219413050119095
2 2 -0.34835501918442163 0.5180329924306406 -0.45769022514902286 0.04349868014421075 0.3940972628918052 -0.4174622393179281 -0.2536458564393176 0.47446469592124335 0.39048347225349134
2 2 -0.4819486699223526 0.3861782345278968 -0.12357021983929138 -0.27460942384713694 -0.1370183846025586 -0.01027406667737522 -0.09689834612548415 0.0032033815650577245 0.009777315099520385
2 2 0.11387146873546027 -0.1656628123741529 -0.1133447574239211 0.7499847210439375 -0.2987568156675213 -0.3751901956490279 -0.44915084235709835 0.2607378578488253 -0.27186360871460463
2 2 0.31588638100937644 0.23118229252011177 -0.5378017320629886 0.1624975090404752 -0.11135961618437447 0.4084637121538024 -0.3850131280273112 -0.052238608133694533 -0.13775011399504106
2 3 -0.4063229830550993 -0.03241265511939958 7.61766065390174e-15 0.20198996361343435 -0.4326658656433316 6.145727423690564e-41 0.045680097830503974 -0.2559975283964752 -0.05003997659008732 0.27243798797710106 0.0797184530512256 0.10172396822042867 0.23324051070441637 0.11518811954442414 -3.2122392717156e-09 0.1974526330256405 -0.2030392811025167 -0.3336344231672197 -0.3007183332741253 -0.15824417566211532 -0.37152775567126134
2 3 -0.015766434572119507 -0.2259365115909467 0.6832658647779156 0.25408658179942284 0.3025212919629633 0.07508726235884572 0.2782912293175551 -0.05481906345948557 0.44634227493838513 -0.18392710364240691 0.059472821824613414 -0.2072861751867609 0.3277563592715394 -0.39477822872033586 -0.23795702065155297 0.39603250188450073 0.19299132653002768 0.49576951662044927 0.20374227323245575 -0.029665024926496086 -0.10794593332829237
2 3 -0.039693248081251284 -0.3466958954235493 0.5343793238684869 0.2757747572202974 -0.30155509998440416 -0.4051881466329477 0.16729542875053444 -0.1482777044803445 0.20837648186595234 0.0033649883696606135 0.3228714377513659 -0.2606442286736366 0.23976162089208403 -0.2663435329307636 -0.4609497713508468 0.20659192375225904 0.3534371378801473 0.06787420302480601 0.09250500311231759 0.11037745315815257 0.4179637091480939
2 3 0.17506037580197018 -0.5395894609576308 -0.14680552933139698 0.3427547917905085 -0.5187265783496611 0.018977115790380684 0.1213248019578674 -0.0014088858285498595 -0.17094946604721223 -0.14451251826132208 -0.1202523096161339 0.3994477956961256 -0.5229568201178085 -0.255722234696422 0.6180885063379797 0.0036670315912017254 -0.885727598139308 -0.0071409382359682505 0.03906243175447457 0.18863558923962484 -0.08937943483668262
2 3 -2.2618092532573814e-17 3.432959733249612e-06 5.174580512366662e-40 -1.6635435807258622e-08 2.968122188082173e-15 1.1125463554298775e-08 -2.4555288030053906e-42 -4.4475532548335507e-07 -1.4688000338433436e-08 4.3741565296285505e-24 -3.21115814164396e-12 6.235313785123841e-36 -1.803387000046976e-07 -3.9007408080502835e-14 7.696914144665763e-08 2.1236149262891827e-09 -5.980261847230409e-11 6.204939714326596e-13 -7.1270089484404485e-40 -6.691736279585001e-13 -0.276184460064242
2 3 0.12752666394130877 0.03566908849819679 0.34357180455229797 -0.3635140383669708 -0.11816308630618913 -0.4444567057191586 0.028680628999068595 0.021435524956499686 0.18971327574871874 -0.2304306139199033 -1.091790195730839 0.16173503080925375 -0.10774299525350041 -0.962264048110456 0.5855945017681202 0.2370688800798076 -0.6849757823401393 0.10217247241458913 0.04496372156578604 0.15133763086481217 -0.10956356434496987
2 3 -0.07484388969586188 -0.04742386748198588 0.18244565319583908 -0.2034429789862465 0.12120706450860375 0.18203128121229412 -0.3446065355629992 0.022090570967744996 -0.19182280473180985 0.3322924350810807 0.2488344958956041 0.2620739589277696 0.014785592960906596 0.02689616083375712 0.4956008822770403 0.33607399747460515 -0.378776512800865 0.10955679121761668 -0.568717891121182 -0.26506358089086635 -0.09960304657336054
2 3 3.5407578223162064e-06 1.9468676551002395e-37 7.513739253614222e-24 6.381719398049258e-17 4.450157455585278e-35 -1.455396210230143e-13 1.6047447261767954e-06 3.899568624268613e-11 -1.919452113696566e-06 -1.1660439390465042e-11 -7.705581998522017e-07 -4.065957968198645e-18 -3.679551671731175e-10 2.1945328492133678e-11 -7.460961967844875e-08 -1.1467750009054793e-07 2.7242317845718283e-06 -8.693368277680306e-07 1.6428414038889504e-29 -1.4903483085806197e-11 -0.379328548954776
2 3 0.2452147690533172 0.14551826890913133 -0.026457554638009844 0.2615632855591885 0.1679433832758826 -0.13345825682214463 -0.2504935429670849 -0.34626519356700103 0.18503499320282876 -0.10733607295818412 0.31166222573550534 0.33911636156783537 -0.09867803913295049 0.2748995374466801 -0.09572457971455438 -0.03020352745085528 0.34665716501902855 -0.10122862999044534 0.2307528772846881 -0.1630475755857254 -0.180873465136407
2 3 0.30852022058175294 0.18455988100414367 0.10436868734735903 -0.15153702036805342 -0.11779311588476195 -0.006826294740180109 -1.0560550616918571 -0.07317070573830035 0.19864438728580008 -0.4057900168415992 -0.13598624468935777 0.024528706339619635 0.34789263139082954 -0.04815186837801715 0.6640408063864334 -0.117208871197637 0.28004948054144074 0.003559607688501641 0.124655298633115 -0.17675292516467692 -0.3864394276625695
2 3 0.3184091124402421 0.012485088940328041 -0.13970331372387418 0.04948108691519102 0.11089760476453615 0.06323853553031279 0.40501247873357804 -0.6237615324890529 -0.05899169649246572 0.30925013140961094 -0.33238019142567704 -0.027765670524435473 0.39487484707600057 -0.24412570449989804 0.5242581961071894 0.05592072566887427 -0.1921984970064481 -0.14255776062051073 -0.7091651422627849 0.6128598849297477 -0.42345560657748355
2 3 0.29468863741733453 0.08611959062662022 -0.478272568488333 -0.15203449022885132 -0.0069262358320348015 0.16876083175461826 -0.18051745806262312 -0.1185189570636606 0.0351211709001167 -0.1939710388437511 0.1962791037076305 0.27872575802396055 -0.1409564006576238 -0.20273673348163002 0.3215148131033814 -0.3104273579203395 -0.13025366169959837 0.19740654784877332 -0.4061751540935228 0.02547115271263743 0.2554290468482149
2 3 0.26818795964149855 -0.5128545623758202 0.4869432112752499 -0.5407820074776389 0.25578367583134065 0.06603487115429253 0.3391761183096879 0.4113320697037009 -0.22095040606967267 -0.26650350791485605 -0.20931831058607284 0.36333964464048096 0.04891481500740311 -0.3140642139098292 0.3283057462794346 0.008671514850986023 -0.10658940258795419 -0.1314349336841813 0.04964988833401516 -0.1773202694291599 -0.13936149174276846
2 3 -0.38322635300172986 0.25324719645808563 0.15913696868875532 -0.1998940452502357 0.23502771809894082 0.20928393180599358 0.15574665368133947 -0.25641396294986557 0.2566575028788038 -0.2005748152325047 0.03159724632702911 -0.36889347050831434 0.09573821207984709 -0.05945063225233681 -0.010832259814009058 0.3237129470376916 -0.4721732124379952 -0.19721278563587766 -0.022102570082558483 0.05156417203964156 -0.12139683473869534
2 3 -0.2062705226362767 -0.12473086806124499 0.2926975315838989 -0.3278174250012991 0.38211886782391563 -0.7272686391620992 -0.08699519374375658 -0.0613641512824841 0.3310145486637747 -0.24975905981983454 0.049686933713924686 0.009620766717824636 0.3977748845387915 -0.4065558279015971 0.27637733235302364 -0.2891071591132601 0.018139608174948425 0.3057184301621268 0.24814556099682955 0.02388274615299412 -0.12330118160221312
2 3 -0.2305804224859201 -0.3119024693008443 0.09633972238350427 -0.2606188079915504 0.2140830927171808 -0.10236570550543023 0.2188078867160604 -0.09051756872136361 -0.3841426475708479 0.2549630397343873 -0.10993969742770715 -0.21879581143250512 0.27845508965488763 -0.19523964631792 0.47457996546968867 0.1165387746989918 0.25898627531173884 0.28069010309091147 0.09528625024345802 0.37553884453151193 -0.10292059397512626
2 3 0.39040728856593554 0.027708974532413565 0.3004191773901818 0.16809181639464002 -0.17298939113017534 0.11897813224283074 0.42676801795627123 0.03407266566372913 0.2760481720873933 0.45546480235678627 0.10458373056967725 0.23330739280684584 0.3605949093981761 0.08199297893186021 -0.3115095793832304 0.48926820995156334 0.07189277359388808 -0.08730491341124845 -0.0856364955754289 0.07797739034605232 0.35926692169441554
2 3 0.2075024839985493 -0.43086365686962924 -0.0614567633825851 0.18316201439377142 0.09047293205492436 -0.2547627303722364 0.174880894827432 0.6678790048813764 -0.015898460347455123 0.29440298048418706 -0.4434704123761005 -0.4208767679884191 -0.22123048954054808 -0.14961946173209903 -0.7914469893846502 0.36792653701782063 0.21990442407437186 0.46043993518724485 -0.8405612164051134 0.3202441085030818 0.627585412568848
2 3 -0.33627402454033595 0.16829771918193898 0.25146986127493404 -0.1610424387051431 0.12832265406270485 -0.3959498662676303 0.30480719945357565 0.34423768804582366 0.34159093084046444 0.19008252099235404 -0.17542157661865618 0.3329169249835364 0.19974571786433223 0.09571169822263077 -0.590747746459947 -0.02125925394627609 0.4700686600411037 0.09150837392718669 0.266928055327297 -0.15196304759340978 0.13178307493952895
2 3 -0.20769710207665573 0.027661315979990348 -0.21246226680828334 -0.2858202372920968 0.08983125784803951 -0.33284896344530973 0.3077793281395925 -0.05088183226216478 -0.1327032097221766 -0.20391321510039098 -0.12439817027096278 0.001005515346525053 0.2262980470683734 -0.25045843759362546 -0.0793667759712436 -0.19620981693950518 -0.20374794912752514 -0.2068822350652031 -0.3939147787932861 0.3351965694481589 0.2574003290169178
2 4 -0.2307020986816525 0.14985367004045477 0.31474512122287374 -0.7347360446513097 -6.443290490099687e-36 -1.2289206882288914 -0.4265979807150071 2.733730877398378e-18 -0.4310067824337485 -0.897071559365853 -0.546157518114728 -0.37852098421205843 -0.6988098857358067 -0.39480323369430087 -0.41484657912335315 -0.6344971015573617 0.13133557476548405 0.30891298230847625 0.30269960342808616 0.009415811918303443 -0.30103298419749464
3 2 0.3115562098201491 -0.2701296362802596 0.41980279944104254 0.1753882379428749 0.25825168650157937 0.028899240089089003 0.4313582250014182 0.0637371192653408 0.38078540712314307
3 2 0.014156078738587725 -0.12027016382887018 0.545588459461114 0.11225136403714353 -0.35478137380355257 0.2825506528133558 0.05128939195550909 0.06294397800292215 0.4367763124526743
3 2 0.6644876906419845 -0.36295729554511563 0.2258004783023768 0.5649837146132972 -0.48945539526480325 -0.2692958736249198 -0.04086521372338731 -0.4123097099931965 -0.5567091887576756
3 2 0.3546660618547956 0.22540631235798314 0.19632087261676937 -0.6629553979326962 0.1808704317145741 0.0036289041417355387 -0.43726120571328414 -0.0044832650769349135 0.25410993643940005
3 2 0.328045951165899 0.3632405809704261 -0.49238753650086664 -0.328938411810894 -0.31163350531136746 -0.13862690972112351 -0.19005207855172196 0.1574288257126233 0.26420581564005763
3 2 -0.4876274354166181 -0.26378465296275183 0.2567596552086479 0.025227672342721982 -0.4700532175794328 0.027259738398896963 0.10966957912849433 0.358283427263053 -0.31373043728058475
3 2 -0.019473535071383774 -0.04462000354338255 -0.1877623093685447 0.7733221167837098 -0.5281996289597639 0.4627474411431714 0.15152619429373765 0.3033159037734365 0.2620307258572791
3 2 -0.18767880632574405 -0.4011395067368855 -0.18383705361781494 -0.48789315195012467 -0.16653927474233116 0.16926207270489443 0.3828862025764646 -0.3395471608431868 0.31378195647520984
3 2 -0.4199737142552115 -0.44235282427357964 0.1163615220446134 0.308793872675556 0.20852024373975178 -0.17886597394043016 -0.28282242176720823 -0.03979591340245135 -0.4280896015916377
3 2 0.05698807606359032 -0.07778023044044775 0.39183604716916604 0.12878844022303174 0.10378273114601892 0.17509373587482252 0.020544073617414654 -0.5924843613030548 0.08572834894847203
3 2 -0.0023878786833463235 0.09533159090512622 0.036957525655072064 -0.05238493158922588 0.0026858565185211066 0.010115126947471681 -0.041402908355130705 -0.739987888389286 -0.5246756317619717
3 2 -0.3329870046821343 0.1460211910520367 -0.38278682548991766 0.40439380513896717 0.08293486233487538 0.39104770909314246 -0.1300142946599509 -0.1526921525998693 -0.003005002231261762
3 2 -0.319255351582031 0.11637024788513181 -0.13383789316638692 0.31433204183011826 -0.30372111380858774 -0.41918376044378314 0.02435948801575656 -0.29450536942365396 -0.36911797712092603
3 2 -0.1537380386821085 0.057672318933539954 0.275558407726262 -0.24557319601037178 -0.43205446921893065 -0.23263907596589778 -0.052094363601510055 -0.004031647204362707 0.4161871293307168
3 2 0.10899476879885721 -0.26832192746365197 -0.13401946103852905 0.5634214320536335 0.4765411575848504 -0.02263372256267039 0.0635737914437029 -0.19503594679470623 0.19047126520185845
3 2 0.23468057636034276 -0.21516079921790776 -0.19785947571599743 0.07344735786649507 0.4533846669522895 0.5005157706806079 0.3441516907237626 0.46019119855219154 0.5604553570705785
3 2 -0.39147523392846656 -0.6014569430296736 0.11405366489845584 0.31086405277521667 -0.49909134846798087 0.07610097291951534 -0.042682247017969 0.21388180927765782 -0.2809083998628134
3 2 -0.0903955349836247 -0.11954523520077945 -0.023134378052130027 -0.31623452809502567 0.28896900474342546 0.033379054833084607 -0.22748266266909625 0.3451565242136233 -0.24281488390727238
3 2 0.40121387560514327 -0.04076251325836471 -0.5189635791675612 0.4214691348756533 0.11073817369288765 0.31638169847736664 0.19929692240196678 0.06976229961008328 -0.0652116150160899
3 2 0.2788519046227 0.20672814851796267 0.45460446535817356 -0.21731042178039792 -0.2746303734403099 0.28443928800396756 0.19611546624753626 0.04397996631966697 0.12136777142311432
3 3 1.4261770154904264e-23 7.086412154639811e-13 2.762907296959556e-10 2.518829634638072e-06 3.509073392622325e-07 2.6115425607332367e-06 5.9072539723996875e-24 -6.710491258828555e-08 6.443738001524318e-07 -7.910471407947098e-30 -1.97266966632314e-06 1.0035472710082365e-28 -7.079085234212534e-09 -8.724542397254572e-32 -1.4454138245631862e-06 -1.5127469597833166e-28 -1.1671306124269663e-20 -2.953471046918535e-06 -5.623259557516608e-06 8.990586300926974e-10 -0.34674802452872855
3 3 8.094475873589087e-21 5.336560705591171e-08 -2.275870105055171e-36 -7.532176459497121e-41 -3.316783460296957e-07 -1.142031236185703e-12 1.5647206572930444e-09 -4.627382148991976e-13 5.104844345392503e-24 -3.282516784240115e-11 3.10875747033032e-13 7.746187053475994e-09 1.544371326877634e-23 -3.2122252318940737e-22 -2.3247935484539407e-12 -8.966443241109414e-10 5.729012621035188e-11 -2.925148145625933e-31 5.390040614271706e-38 -3.4960589877476797e-09 -0.3750914159021064
3 3 -0.4593604255408222 -0.14958667439756781 -0.08241150892796603 -0.026204609260463398 0.07095125159141684 0.1308047250457346 0.24620479083925212 0.2720342863612245 0.20197363609454097 0.20514894688103208 0.45091308497060417 0.19020251985286477 0.3000272981879023 0.3443340187516827 0.16908537745892457 0.14465673551376154 0.41176828456206654 0.031003924025128884 0.21718456280709605 0.05974462179242351 0.030974136604025794
3 3 -0.20494188860473572 0.1640320270583448 0.24561601565768784 -0.480868098288752 -0.001980027196095824 0.2958933948372315 0.3286814695468017 -0.049753572206141336 0.3791439709966959 0.3119952261499956 0.3869278825093944 0.19684978942193515 -0.1484158760217301 0.1833321396656391 -0.3339160955991672 0.008773680868972593 0.21347876953731795 0.2598445492527782 0.0391789846256306 -0.37114488673214263 -0.15000238624294296
3 3 -0.1801941272804342 -0.2664726340150672 0.39108064620628585 0.26751683709899793 -0.34021376970212824 0.14789288558558042 0.06294576477660666 -0.1619849457674214 -0.09921704622574974 0.16303640968945804 0.8354866119343443 -0.060759327014399137 0.03691564677625313 -0.1925285607689518 0.27185803830228594 -0.27101253050871427 -0.40186040325528916 -0.08639070133452743 0.06707057738233287 -0.09363296682461861 -0.0331314291097879
3 3 0.13436243179804444 0.2234161049537083 0.3082751582431965 -0.015924681228265215 0.28743780484563136 -0.7727632684694749 0.2389484745401522 -0.44515298374063655 0.08835564017575175 -0.3189838259101164 -0.7392604752506581 -0.1514233228977431 0.029615158728227932 -0.30732164692380093 -0.17189930369059395 -0.040223269683093275 -0.35841160552634443 7.077576494528935e-14 -0.25977419152506576 0.0576174520755046 0.14643519565203394
3 3 -7.262857142086555e-14 -9.568654515943683e-08 4.637963153027252e-06 -2.9037198930530717e-10 2.034431045905529e-23 -6.86839154657327e-13 -1.060410615474794e-06 -1.4502240279848557e-18 1.3234412839565625e-35 -3.351782469355167e-38 6.945712095050399e-27 6.48500924437456e-10 -2.158773794053614e-06 1.1382839619543383e-27 1.396195313501939e-29 -8.932159356308977e-08 -5.1630513357666475e-23 -8.005731323868932e-08 -4.226127493450175e-07 3.307101788322287e-39 -0.22777680801844566
3 3 -0.12654781484122854 0.10725454685907979 0.11217984575327636 0.3470357134445565 0.16977109007758104 -0.9748275625561608 -0.2787647484245079 0.2255851754816357 0.2713461396602688 -0.29878174245323286 -0.2915186374938019 -0.08158621257397493 -0.031136379901037323 0.14507575875184814 -0.19817882751655871 0.509543309956337 -0.611718794460115 -0.11697980820307365 0.20865539337883598 -0.030499143938121545 0.04197482775460867
3 3 -1.1845663326005521e-07 -6.532697116434692e-08 -5.716487690954131e-07 -8.225157977207643e-10 -1.11296731042413e-09 -2.9328151894430844e-27 3.3130250306912723e-15 -1.479092610810877e-14 3.1986933003636773e-32 2.196860190554543e-09 -1.140964296500522e-13 -6.501566413634905e-09 3.955474282884938e-32 -1.0645680821133607e-06 6.9330772243318765e-09 2.095762972127482e-27 9.783367224084346e-16 -1.3189344115795896e-32 -1.0441815497263932e-13 -6.920715538614049e-07 -0.0878650872360715
3 3 0.14826336152243766 -0.360355334605768 -0.3887861660329079 0.6048620280434103 -0.22572633813860757 0.5744064072958983 -0.15308130994504057 0.29896845681357154 -0.10229247428500726 0.30287229874670374 0.8163979200433175 -0.0853291924772817 0.48479497647504594 0.13261914748137785 0.2471004005259875 0.4056258581098102 0.403932416183707 0.049089846759442245 -0.3430037893659866 -0.14680777895748287 -0.3404244312643418
3 3 0.25150620932802475 -0.23624723428254862 0.40631691925809393 -0.28803554802350906 -0.08574392688237618 -0.3707734137152333 -0.20894216845368846 -0.28648876513453414 0.16884691449859335 0.521240834206302 0.5404752535763332 0.15177463157766702 0.12387557818364626 0.2119034995215321 0.06433120094299905 0.06486260167000928 0.06670808539257009 0.13382277951477975 0.21215366914280465 0.08910737309153374 0.062364829701888266
3 3 0.21555207860559247 -0.38762233640232335 0.2062707543930845 -0.2485702491603017 0.11831539824799032 -0.055887162884857594 0.3016937499271594 0.422260346621922 0.33422565887431605 0.3863062409535195 0.5502858023101409 -0.2768757377766014 0.1925037585112383 -0.31975047602301365 0.2776925359050227 0.0363162859209828 0.005272769718881135 0.2064732738253059 0.18940969690954343 0.04328337474036641 -0.177955167642779
3 3 0.34517844058987956 0.15063728304404428 -0.1996912117444532 0.05605708571345565 -0.32064284954251865 0.20261888728817862 -3.743314620319485e-06 -0.2520132751468028 0.2538447030633602 -0.08510849076537277 0.051892056581324085 1.3957525142635045e-07 -0.29479731171975654 -0.34900247538023305 0.27561958750125204 -0.23734381431773519 -0.23589393482128274 -3.3249520884142124e-06 0.04497822704618348 0.012420450607566752 -0.19499016728538415
3 3 -1.1819205342891418e-08 -9.35737684586122e-13 -8.565098549156673e-11 1.9736264647553642e-39 -2.425806176028824e-07 -3.929051582793949e-37 -4.115159914694018e-06 4.423404106021991e-39 1.3322422660547943e-07 -1.0075199792770774e-09 -1.6763545974302095e-09 1.568855276763832e-19 2.3210991176298624e-09 -3.464914389579095e-39 -4.992408459951918e-33 -2.0087239149259904e-08 4.980676678264185e-24 -7.735038251972693e-33 -3.658782723179605e-33 8.474463530392686e-10 -0.3870837125624086
3 3 -0.1728114306875102 0.028482874923450467 0.175860060969101 0.16037132984244332 -0.4069497243044373 0.31237171666681907 0.29591691355118377 0.27304762828201723 0.26283007620479476 -0.15304211415436844 0.6272883329021309 0.32568426495051117 0.05729133117265439 -0.15707148887257422 -0.19005675217970108 0.14557804014220682 -0.28480350213160455 -0.16753112162245853 -0.35272593064134866 0.0897003472812479 -0.4449246046775218
3 3 -0.06361697962175152 0.29647776075457305 -0.4150340539218415 0.3309146976480419 -0.027867494186056458 -0.28340213500487055 0.05925879393899396 -0.2374553469858489 -0.471711798596576 -0.017243831003779 0.22510876337110367 0.513006780727341 0.353021855384238 0.006552384093205803 -0.07864013760763112 -0.05483955493195415 -0.30957171545846246 0.284598008109489 0.09600947148026504 -0.46497171480841454 -0.06585682175284611
3 3 -0.2627934469038284 -0.18570528788410795 0.2810068134545637 0.09385929869261614 -0.15380726092792676 0.07663411650065001 -0.143138244728558 0.3336590167407516 0.15077698155426594 0.3219687156985688 0.884834221868085 0.17978541095263323 0.1291370552954803 -0.1482739989576245 0.00636949548160953 -0.4282698882127504 -0.23434833226635668 -0.05319341841214282 0.08754829932737292 -0.12380975326769396 -0.18702996995803775
3 3 0.17754801105302945 0.13701265205388985 0.3267454453799642 0.2009227291789739 0.08209588140937091 -0.36124640350006476 0.21676514040730552 -0.10385918278349447 0.16613622280945145 -0.13875342698119286 -1.0189329413297652 0.02193345954890484 -0.14300800621326468 0.2018612963639482 -0.2980962704798331 0.4074224254310818 -0.3590152976745629 -0.07690240482707641 0.34120935639712113 0.31801118671585726 0.23582882589224624
3 3 0.25511701278077814 0.061389765656506154 0.05197345385366959 -0.5270315646350006 -0.33561029679713594 0.10067185001751339 0.41518431971092196 -0.28797324955045406 -0.5704496374619533 -0.040226361459984 -0.4805012843831461 -0.06231808363771429 0.08269021565068138 -0.018798032358415134 -0.4481828854619415 0.08669227026199156 0.35002924058573515 1.8547106749857823e-09 -0.23222630000209302 0.43820348776927165 0.4142663930381148
3 3 -0.026718466924614766 -0.27246505181223923 0.4848430540807892 0.3808475446396968 0.22449036066118389 0.4901854633452664 -0.26160914703741994 -0.1294790449573034 0.21027008412849488 -0.1561331351892908 -0.5026242332309457 0.4346790693323914 0.1957404293233191 -0.06702112423520883 0.3579087898420502 -0.4529286286127978 0.5222012151535904 0.027546750710566666 0.18063870964351983 -0.10262354573348546 -0.05800032217830796
3 4 -0.00026732349042274297 1.6917783026179645e-17 -0.5032525030676298 -0.5671150901346224 -0.8276264862063019 -1.0922379662023676 -0.0002208027648227853 0.5915252595582493 -5.640577713313347e-13 -0.41914066599385263 -0.26085941581059363 -0.49494368786095744 -0.28098794428125656 -3.60151915638652e-36 0.28343110986170617 -0.5736605427400449 -0.9762585271518871 0.6144472408458774 0.6246495535741249 0.45127085072226825 0.375721200341104
