Number of NNs: 3
NN configuration 1: 8 20 20 20 20 1
NN configuration 2: 8 20 20 20 20 1
NN configuration 3: 8 20 20 20 20 1
NN Layer Weights Bias
1 2 -0.032446503135703054 0.3565234571520687 -0.3647198995795923 -0.03336610611062835 -0.2754182190592773 0.16252345924080475 -0.005135903083414636 -0.2030166038383762 -0.053085330567062924
1 2 -0.09444267545580558 -0.35435779063835676 -0.3532982587703907 0.3143073795773799 0.013445392214353924 -0.0762224310708836 0.5370470467458447 -0.42875225738316536 -0.21549998182837582
1 2 -0.4893261782226666 0.21036190830680088 -0.26892738838119534 0.01624373809475684 -0.025287564281163848 -0.4158312235302307 0.2956165159547845 -0.014208157325376693 0.4142402073972358
1 2 -0.1902966206418348 0.31257257270985705 0.1107392524508429 0.03685631344593593 -0.3985575742581002 -0.3188771524325073 -0.12643640847647145 -0.5483816551378727 -0.029758815923733244
1 2 0.08102069962380624 -0.07483234557308552 -0.055563646548717316 0.3753200996093544 0.3092114888929929 0.5090913237800766 -0.19053879064594773 -0.25639645952556495 -0.42715783946943964
1 2 0.0003397264779782567 3.3018281455273135e-07 6.918801787807634e-21 7.750856201611298e-08 0.004080309535517978 2.86299827302707e-18 -6.950026948301806e-07 3.474143599486866e-05 -0.40687799317167034
1 2 -0.27665178018434783 0.2827178691582718 0.2414916701318126 -0.27938009432738264 0.11241811109645115 0.201845568006875 -0.10296556530492819 0.17051607535478225 0.30667563188784924
1 2 0.08991177977217536 -0.18874270982071453 0.299030821805871 0.08956205491211773 -0.10081927533466324 0.04723337095315438 -0.21846377347654788 0.5082992269775377 0.38429978840039725
1 2 0.4581208864787712 -0.2508920033551086 -0.0780256106257762 -0.022440020614190415 0.19462324782595689 -0.17418495663843014 -0.3441427555105718 -0.03975978875003665 0.3701919724876828
1 2 -0.4582553710933168 -0.16858877995573057 0.12176097082564005 0.16575269803327 0.1342774764182104 -0.4153623742400325 -0.3219421127244996 0.2505896563795179 0.45963840176115106
1 2 -0.11619370596737241 -0.007746159563975945 0.10932177894184356 -0.3185926282111169 0.2895955414411927 0.264025739158526 -0.3447383479779089 -0.5890684003761392 0.1950116890089291
1 2 -0.0019052728092058312 -0.4114467769018068 0.058474514140413936 0.338465729232267 0.38831743821274795 -0.32035361046361394 -0.5279303450525977 -0.2950481256547551 -0.013211452947127666
1 2 -0.4023658195436053 0.3264165843235014 -0.29155027326159166 -0.14221883440613362 -0.035704049721884734 -0.3279921321013658 -0.14493165338099592 -0.4633767258373215 -0.12464567975412909
1 2 -0.445419758799809 -0.253774150784644 -0.05725457199133477 -0.1819122143751949 -0.2104179431204964 -0.3879679283880562 -0.09247205915212048 0.011429625372993153 0.21378372819814784
1 2 -0.18994994762497613 -0.00465523224001289 -0.41704871246150294 0.4701728087278133 -0.5241301490223413 0.25870584401964003 -0.17962023717402228 0.37071378486897916 0.1091710560497023
1 2 0.49688522131444396 0.521462039383915 0.01013165533037513 -0.45475794031646055 -0.3989798537557602 0.29587422867014046 -0.01323653338604286 -0.31319443952719495 -0.2390870729529076
1 2 -0.3208921845338584 0.25556432877463475 0.3631010462638175 0.06501916397201067 0.13545150194882222 -0.18223717409596055 0.2151708886211255 -0.45902911466184887 0.35634490527445767
1 2 0.24378448207015332 -0.010314020020797824 -0.1365040502178245 -0.18121711221506853 0.30493019258373677 -0.12217040124451028 -0.4469047797624458 0.3409669904720972 0.23954949931516267
1 2 -0.3461853726833089 0.24141518828752775 -0.11227810429144547 -0.05193537822301833 -0.1150092756929281 0.35739471065096834 0.25393824277664384 -0.42684962327109316 0.22890640002917395
1 2 0.2464236941257962 0.03448566691372143 -0.3742543367846833 -0.45154772086384637 -0.3131948263820854 0.43309135598513016 0.48236628389381425 -0.011528218790709222 0.2671853771095305
1 3 0.3081692160091435 -0.08641101379290074 0.3382437492262059 -0.31019261812529 0.16368409712557794 0.0004169486339385554 -0.1429973253149707 0.44066597578836747 0.17879594613006966 0.12474402567249948 -0.2909258906716178 0.03020744312648941 0.03544221111146118 0.05591288187868076 -0.12696933282823245 -0.1147419468889746 0.41667240312091935 0.1948948599171971 -0.21132024935684235 0.042195975183550095 0.21517468635022943
1 3 -0.2652530821649672 0.0827537499436239 -0.18953159021999016 0.42921604762621474 0.3253818319323811 0.0007780445986594769 -0.1642803202629897 -0.42645764857402985 -0.12471419763726099 -0.24480597560282893 0.17217272053438076 0.523000679396365 -0.0861302719092913 -0.12109170200565132 -0.06932391150574607 0.22309985224849363 0.3984394160997448 0.11571774201090837 -0.023757980287030935 0.10499430164316907 0.02909916020553168
1 3 -0.1763618460744737 0.1980448050122392 0.15315520812633177 -0.29397950086050934 0.40171212626992553 -1.7941960237871452e-06 0.3421608796873153 0.3712521277633064 -0.14855909567546183 -0.018438683429155188 0.17120285669657992 0.23384369680409117 0.3831450227510825 0.18745822324792014 0.32564304631437163 -0.37665067657910284 -0.28259128543163553 0.27507799379919057 0.17935436081414075 0.2002295589655571 -0.2848824106533215
1 3 1.210637824607428e-07 3.1822181322499294e-05 0.002994207729277503 0.00022587982991930736 7.809267662192385e-22 8.060269686573075e-19 4.738665280771783e-09 -1.0941680514040183e-06 -2.7303012255143607e-19 -9.181909347656127e-05 -0.0037127074251693407 -6.582949594693952e-07 -0.0012610906082316192 -0.0005384411651594144 -2.4514661746616877e-09 -1.1272945279630759e-11 -0.002960039340253653 -4.495536864583059e-22 2.5548184560762952e-21 -1.258073454855522e-07 -0.08853402934562654
1 3 0.41124570153224466 -0.4466504464651686 0.427432779491388 -0.03916301389930895 -0.41852057095686146 -0.0019796102322068776 0.1950339823553109 -0.3600390452253217 -0.14562637580062715 0.017235314112256924 -0.12158135901217841 0.09212852955490974 0.008437124535967582 -0.0850225335735442 0.22603867421551985 -0.0035959531581116456 0.12116973776497 -0.3670175436544819 -0.11463708693972507 0.374420220318728 0.1353743627158346
1 3 0.1504136972064149 0.0527014869432066 -0.06785532304646215 -0.07223970433221556 -0.007504982613127104 0.0026842087299862563 0.15698179627063946 -0.13731397613185548 -0.010866748101448756 -0.4054692185690996 -0.06960010049096334 -0.20859889205885332 -0.16021928575517552 -0.10712163845763521 -0.0068165654976946 0.03981015240230703 -0.22665764644563513 0.2301873513742595 0.08071466395116074 0.1003860043396275 0.1757916464375957
1 3 0.37228099109463836 -0.17926530825238118 -0.3012150290850313 -0.13905589038802368 -0.05202955540631226 4.145943862144294e-19 -0.20889675402804536 0.40540673468505345 -0.09356796880785553 0.29502956751211296 -0.011507352851173807 0.049955179860555914 0.024110475035397892 -0.12815505622344112 0.18297728286775908 -0.30223630398028223 0.03677007965471805 0.3166443926978088 -0.0038121579811326383 -0.05618164288994908 0.17767640176506874
1 3 0.11671692009853205 0.3796905239068465 0.06707842366231018 0.043009974780914256 0.18808056747545934 0.0009922889482222158 0.1388387458728885 0.11685400559661327 0.010332198648958953 -0.03278846141315183 0.08142099228891778 -0.1783242807476497 -0.07701072587809947 -0.2903536076801689 0.29404375343454503 0.12322783787396761 0.3384914513326166 -0.1389965266287117 0.1283209040321905 0.2610733460267848 0.23087652243114262
1 3 0.32294510218375816 0.004594908993766617 -0.15496132265054302 0.3124894983382492 0.4445175439004101 -2.278955704594917e-18 0.010313438200232748 0.16924012904201108 0.10240305684404313 0.021061213583355304 0.05928867932812981 0.001053495294760168 -0.2998337135471641 -0.36000173638629696 0.4177594759373306 -0.11505149495144536 -0.04108556283235802 -0.29564941122434174 0.3686745523781312 0.06514847693160174 0.37285295421372927
1 3 -0.35894041928823306 0.24554179488048924 0.21839209724133596 -0.1710722154264528 -0.20539829945898117 1.1643916414075145e-05 0.3291270375752446 0.19653173481349806 -0.32855583015060436 -0.2512809822822038 0.2358748494615979 -0.23469553688459094 0.14540036957445351 0.21601439762487196 0.2449984506054443 -0.06168550138506695 0.27981391779194564 -0.17015970270392594 -0.2768100506080184 -0.31614747341692884 0.13920486745921784
1 3 0.25157978044832086 -0.2053724189765848 0.34412771534165915 0.1075161439882447 -0.2938627766580561 0.003453349299363445 -0.03616582181525393 0.11721317366624721 0.1014276749096665 -0.24548641035658048 -0.15833240807801424 -0.35839234301176714 -0.32305792918214865 -0.11517676878056471 -0.16846048561342547 0.15071492454242222 0.2925630846444098 0.26915190054078975 0.28966595159760095 -0.04220327654355575 0.01124295139345779
1 3 0.17844853154490364 -0.4837523373204589 0.35315284849146117 -0.1504733925078461 -0.4242598206753864 9.766538856808095e-08 0.1684570557023226 -0.11398954391053115 0.1796608866045608 0.07269267417697607 0.02742027844612239 0.08105075447435947 0.03413531282222746 0.34585689615548104 0.38130021494789573 0.2908253878983909 0.1530140692698611 0.2234852320854354 0.08911568673637427 0.039576322410766904 -0.07517297425626707
1 3 -0.026996254168975987 -0.23797229092804464 0.21562544852782423 0.24420153763784866 -0.23016544115008694 -2.606498574352742e-11 0.2741491633356948 -0.2808505552044575 0.16444016702526085 0.3115449028391435 1.6018931678381737e-05 -0.5198327599824404 -0.1022373701848538 -0.04578718063168289 -0.33869527080806194 -0.3080131222587453 0.0959486336243715 0.31837351621999427 0.18243823862643674 0.33156220786052654 -0.08258467490226007
1 3 -0.6132971563384788 0.12143052051410234 -0.29063434394761123 -0.18571400013637396 0.4426219281088408 -0.0049845516232800945 -0.23904988989111745 -0.40250185316972437 0.00289557215575926 0.34947534065333496 -0.14436172133099834 0.37265190631372724 -0.2975717361872684 0.179750629161222 -0.2853197369066321 0.46842727807706197 0.23476627122085292 -0.025665598418817593 0.1594929240659127 -0.3348053141185646 -0.10230945840961143
1 3 0.0927748326330009 -0.46490827710499877 0.21534760998091457 -0.12946272413491852 -0.12912633152326392 7.186102807503287e-06 0.35453422633249043 -0.2648349917217262 0.17366644817958102 -0.0749875121128317 0.16908541549050107 0.11803351977966671 -0.13060301258270218 -0.173661861794378 -0.08560691851426593 0.3684192001897157 -0.042767728696842464 0.3796317115497106 0.2839034701619844 0.3484390743891553 -0.11727689599371073
1 3 0.024350416913111385 -0.3551358872673959 0.07748365004297335 0.06018914987025573 0.4098416603445151 6.06715051708438e-19 0.20624954669518933 -0.11881183539706185 -0.32986596481566616 0.16255684283380042 0.20173373749133275 0.010452409446618462 0.2571951467950923 0.18875499376543645 0.1306588235273961 0.11394945769671089 0.2762462333665699 0.22469613530019056 0.24353179823969445 -0.1445660277546023 -0.32506986840580765
1 3 0.38456832880365915 0.024378288075875713 0.2864892294040475 0.1906675025397927 -0.10164145393126749 -1.075194733172253e-05 -0.39909529587955495 -0.3463555469294652 -0.2121172489882011 -0.2985380086250629 0.44751285858131484 0.11257323994477553 0.029974649245793492 0.22021737657854196 0.37045908890475815 -0.22009595161197035 0.00738191243406368 -0.25075315242406215 0.05770103530985235 0.2514466099673885 -0.0717665246401136
1 3 0.37528985137878884 0.4097468735306238 0.12841081766234175 0.36116079705370235 -0.011162354453928732 -0.0006037249025286477 0.3801635760928005 -0.04692713701672455 -0.3513879152520886 -0.23525749887758585 -0.2395631743298139 -0.004942426344804694 0.015997261027011666 -0.2109988829912704 0.0043919633906201894 0.4316408741965618 -0.008055649873392216 -0.1520140270753206 0.386708795183459 0.13127706264472833 -0.026488113607509724
1 3 0.040596627960199375 0.2867990665366947 0.19342382695392935 -0.4328719216277708 -0.2336981200343415 -9.096468487754913e-22 0.19225282008138095 -0.12632124555905686 0.3352079922614422 0.053116125512514545 -0.2435806694020654 -0.18309330561684262 -0.42307581058493565 0.16278973244480524 -0.22972471566565505 0.3533469430398341 -0.1706657779475557 0.3329671258179128 0.1975510493409685 -0.3279972185908042 0.2031246257833196
1 3 -0.09852025634819335 -0.09454005974418424 -0.1704837284498258 -0.027128841518845842 0.13014096834583508 6.88418966831686e-08 0.1094287999911042 -0.14839077008591736 0.12441561187983775 -0.3880114066347766 0.26882806647915247 -0.04674276974813241 0.07084315362650213 0.3379604759160095 -0.08153856714631848 0.18837758936457052 -0.09437033421154749 0.39621773212071776 0.006680814055860428 -0.12843883542132042 0.30890983750659706
1 4 0.4734764668640404 0.06697016448745556 -0.12437274887547099 1.7091499682057154e-06 0.28113221860643534 0.44560628315458517 0.015096537143178048 0.23275106953174524 0.4101980922849073 -0.23699357985613537 0.238384606965085 0.2887756017063539 0.32992476003638194 0.1945711427005771 0.5718748053095621 -0.3301304225439271 -0.30826758153114003 -0.18853375802964292 0.026321800465282083 0.3947140642389792 0.26886348291852946
1 4 0.3081342940597726 0.46705621516219453 0.3943097868762205 0.004688041659668595 -0.48694802862205366 -0.4661307159704291 -0.26157624404531177 -0.02554507939392891 0.08408023004808293 0.26249973951612143 0.16739262455526646 -0.3315785390973162 0.0017806202142436971 0.28571430988064744 -0.11500870846050269 0.052086134693812895 0.4094289382949652 0.077678388920559 0.3996436111889553 0.14990421614505278 -0.2516202536939859
1 4 0.16621128205508198 -0.16380701761668603 0.2941677303958087 -2.0212197064700657e-16 0.5781968078906783 -0.012208152565535932 -0.08852894439690456 0.19199112370183358 0.2509825542216686 -0.3937482907539165 0.01654000459198663 0.22429100419873846 0.20622469979954627 -0.30023933193121666 -0.2286413036360684 0.0537189896307453 -0.2582413799631729 0.09047671821576289 0.0377893616415143 0.32628288948610157 0.2597184135857224
1 4 0.20885589587605366 0.4500872884372735 0.047750452977403664 0.0025320918940167727 -0.38444677907751745 -0.3346370218010575 0.3364391563788553 0.25529323132611376 0.3604676193207534 0.07167549102877109 -0.2842415395036414 -0.0014259350703122585 -0.07789053373171419 -0.11870249240508998 -0.2898693815959487 -0.32982255502902597 0.3890474780290015 0.047825209812876954 -0.28558904704353294 0.2726692590676766 0.2582703334387734
1 4 -0.26599936253547873 -0.11212015433773925 0.21282727860893008 -4.0264437377651745e-07 0.21263338833077586 -0.034479976081754515 -0.02713760841183213 -0.3911777097936039 0.023442323120831894 -0.36196872201143154 0.14573265998663346 0.023408604475078542 0.01926057854528461 0.3496410707619018 -0.32946463112415175 0.014387123729284782 -0.023828359696249007 0.2316386145039672 -0.03954573373836992 0.31719724332022503 0.10662630177764558
1 4 0.08192377323101198 -0.021744994492863372 0.11519515125212426 -3.874325961961371e-06 0.006095996264967152 0.0012506143705837535 -0.28494616437117437 -0.33160318246234005 -0.05544229156776845 0.00041487381301727905 2.578003700488198e-10 -0.19488927222545754 -0.3487725714270816 -0.32675507641044094 -0.012183541369207941 -0.0017952690255576306 -0.20997204819604226 -1.3639492803750106e-07 -0.15794351046225608 0.3084838771998518 0.07376471682502263
1 4 -0.2234682897202234 -0.0013617762933382017 0.19124345968985085 3.407240237508227e-21 -0.004929747337147851 -0.0012069012384696729 -0.3422158277762317 -0.1951308585932596 0.14613929742914905 -0.3625191746470154 -0.10336543508333383 0.10728508276748396 -0.25084081746775555 0.02046471227859404 0.0004459050084141116 0.0402490816425847 -0.03658117139088556 -0.01730272573376353 -0.2280755186317598 -0.19686629085382007 -0.05181298014456421
1 4 0.06570732080774838 0.13195417994713055 0.2982505922834523 1.3343507499030626e-05 0.20177433859164806 -0.5429688874164934 -0.07589381826042406 -0.3284990473988121 0.07315292547948717 0.22466085319891305 0.011297603122616812 -0.3311509786996595 0.07189875402183721 -0.09995579596895468 -0.5166560693539446 0.013880844755570068 -0.0010256782280030927 0.04232056972429662 0.22534493850737905 0.3392532730665688 0.1434119693435207
1 4 0.41038713942176547 -0.1764671480111282 0.30240373824434735 0.0005354274497403285 0.32471515322815775 0.5877054747501136 -0.1694430245811802 0.02819727913706674 -0.017795649406564883 0.11089398265316658 -0.13013944305981018 0.3520589779158798 0.27230690118386874 -0.04954700880544623 0.23040472058532566 -0.37986781616311555 0.37370836934930785 -0.28374084353504925 -0.22493678650405066 -0.24644262363637381 0.06798748014665311
1 4 0.12910750662368484 0.044315146446767775 0.5215506201405528 -5.415005932944801e-15 -0.13294970926448535 -0.11621343099780135 -0.22175228032571295 0.15074886294007947 0.21230503952642318 0.31997175841816045 -0.5519820648286418 -0.00793150081714504 -0.42628885672639943 0.23650145911003195 -0.05295637586136262 0.36875220423021393 -0.09238792055572574 0.10224070081798751 -0.2623729954368229 -0.04515691720889469 -0.1338531494753997
1 4 -0.128597247049642 0.030927197970231884 0.2903946272872425 5.567574304178907e-05 -0.6573304031107835 0.09679535807820878 0.1111905379498739 0.32833562364909985 0.3361858655646666 -0.1437961914192951 0.31695006611372756 0.16906094596645707 0.025416818043923407 -0.2001365550022608 -0.3350953821572121 -0.05440734957768739 -0.36438558276728467 0.2709737808137165 -0.2039075687850158 0.288813897214601 -0.30675384466181604
1 4 0.0009477773933913956 5.070962231076315e-10 8.194551302595286e-08 0.0008015743208889671 -1.1755910912564608e-05 -0.002995279461068912 -1.1619502559561377e-23 -2.9728163591462496e-22 3.898477457570003e-12 0.00014299334669921017 -3.054608857866916e-19 -1.8899320827101864e-05 -9.463782733720993e-06 -1.57099439805815e-05 2.597176894380759e-09 -1.7318048678789087e-05 -1.179132828817746e-06 0.0008778172679483181 0.0005589597063959645 -0.00085764388614781 -0.36759473110855706
1 4 0.036171914560183295 0.10373108710188465 -0.040617303058818915 2.5139322928649816e-10 -0.07834951076537353 0.045914668509112834 0.024780367194765607 -0.30304504880896427 -0.1323810887327006 0.18904963815527312 -0.0022386765815292403 -0.07890540653899834 0.20630245943344838 0.1305935619998049 0.02367836770384436 0.1297041186962467 0.37983997938311037 -0.26212398522127633 -0.276289808996712 0.3958855189339641 -0.02073039649957958
1 4 0.19468184553877685 -0.31259870029912423 0.02391979686603905 7.954598396974992e-08 0.31097227378901676 0.5227177028773634 -0.0012687179319297408 -0.23288855775761047 -0.05083582497995508 -0.07508648519478761 -0.0494675684783294 0.35776379665995284 0.22953920871009223 -0.020229469611516008 0.6147433603028847 -0.16913292953059353 -0.3703339122318575 0.17075663398733557 0.2596619599305387 0.29026208220959987 -0.2853197165105482
1 4 0.31237928697191353 0.12613679151789034 -0.0015276116659371883 -6.640033137221003e-07 0.6970821178909193 0.3020389525600281 0.010362090691050607 0.08882851519012383 0.3638588911728354 0.12914382281784367 -0.09681466915903618 0.23798054029974525 0.2406041026702859 -0.11069090776989966 0.4003283658456665 -0.2222892785917564 -0.0119454517339652 -0.07157492455237369 0.3309191818220725 0.27505089045928555 -0.017878054811614377
1 4 3.86404848916448e-07 2.396567752119081e-05 -0.0013197063721412498 -0.003357197331051601 0.0002959223694516325 8.746904584229787e-09 -4.53907401101448e-16 -0.0009415480301447746 -2.19697707366165e-05 -0.001521737955794606 -0.002403502072691584 -0.0041885242794407265 -2.118578223731429e-12 -2.648883370500173e-07 1.927709480032842e-05 0.00503721384222943 -2.945523576766087e-19 3.834326576720675e-05 -0.00025423233047187574 -1.3945560352780507e-21 -0.12183586468852864
1 4 -0.0830275225523817 0.2903768420238312 0.424775941590357 -0.0044795300485291675 -0.16445230694239338 -0.2688568492299103 0.3407247901363334 0.27976434901357883 0.28365066128948574 0.13848093187424715 0.2928522158271876 -0.3181984120502188 -0.06452789560648331 0.31548565926405114 -0.2699267686459898 0.14645143024450322 0.1841777522821526 0.3198497488739869 -0.37840611897339305 -0.20967910046506227 -0.16891411566371956
1 4 -0.1992358326843867 0.18592237100773532 0.017418150566202883 -6.610717564733708e-11 0.03014448102294478 0.33153827624979354 0.13343132208954678 -0.10533535282981259 0.2638050192084649 0.07478999048650643 0.25937067778461825 -0.23839429704627715 -0.15081928026754798 0.013205426675103807 0.11938725275548868 0.15333241502369382 -0.40282972505455655 0.054234945187935424 0.1976392688691557 0.18950934937471917 0.3138354268747475
1 4 -0.33163297338625325 -0.2033836953407798 -0.06445457215037116 -3.070710671897999e-06 -0.015765839228659255 0.4120875145868131 -0.26229740376188765 0.15964145726352863 0.09663522218388285 0.3650576649824192 -0.016164296132198882 0.2090021421423861 -0.19314218443076064 -0.2562677904016748 0.41551310584608403 0.2376628510536671 -0.1732172338976719 -0.27061303586466096 0.2626021719016639 0.18946761170836396 0.11398424417430808
1 4 -0.1660776449378199 0.5785529948160276 -0.33067433952702907 0.00040503776951278164 -0.11316810066373031 -0.13139992101815595 -0.13722734047609586 -0.05685481493830149 -0.04643987954775599 -0.14049441878624447 -0.2675612928705665 -0.04556797575860372 -0.214770341678925 0.28820122843838275 0.19296314730045833 0.20491580080890928 0.31598893781626813 0.4207688554662053 -0.21191072912856704 0.3543981921468088 -0.2730252486804852
1 5 0.36184188360347824 -0.538628928421407 0.03221973501180024 -0.10894533518987488 0.07804716085320547 0.443985334540722 0.1611906941637667 -0.010671936219062761 0.3188938143414689 -0.40781529540330025 -0.406618772596627 0.004843751130942585 -0.16359740448833607 -0.027572108065115022 0.24888725472761172 -0.0007531978147006352 -0.09873527233700756 -0.19003293696614887 0.32654418000990665 -0.5604308534352351 0.31725725537540816
1 5 -0.10567684977114555 -0.0008064634008566911 -0.23602286772662523 -0.11634832296109579 -0.09348989803892316 -1.037394840702758e-07 -0.0866292437188261 -0.13037863996940866 -0.27087785795264024 0.19526238678252783 -0.30496949438489757 -0.0003452231381990403 -0.3915572558557539 0.1746311008817954 -0.19801204945874257 -8.036306869698383e-19 -0.11105156008270296 0.3372540450333864 0.2360352421186297 0.1336961127274189 0.17998110073378287
1 5 -0.13304291700439033 -0.06962218812326158 -0.24093619867214194 0.20976513726868878 -0.18619458832671495 -0.2449452470610516 0.11625023537689 -0.08946659368154643 -0.21039212407270524 0.569796547791067 -0.23688797166531017 -1.0269542457860774e-08 0.07271332252498774 -0.3935301893926122 -0.1956760435156018 -5.736130985289689e-20 0.18340307958747679 -0.15105064582515726 0.345930428607355 0.7360196158367716 0.35087269546157274
1 5 0.301533241344936 0.0011545159295257097 -0.1984462596092475 0.07611627829727134 0.3372434600753368 -0.08587068984065875 0.20960958699165347 0.29015612913234096 -0.20007401587890908 -0.05653696185145748 0.08835813009840568 -3.0396397596464258e-05 -0.2675063793892864 0.136722759064116 0.007672867664548744 -5.4986341683332546e-05 -0.008087900021951042 0.19640947198801761 0.3147843974807803 0.8396044669604407 0.2722641312306933
1 5 -0.24186367839323708 -0.026306957316854274 0.1664986731746153 -0.29732985212942864 0.2801289463460682 -0.1145068530781356 -0.38380340569696597 0.27775335313435123 0.1638069123012914 0.3327272512740785 -0.1272827158867256 1.0477019270195055e-07 0.12968053850650788 0.294723390734939 -0.11978273499762151 -3.2192102708934794e-09 -0.053502292332928934 0.21497358535817362 0.04881682449897454 0.3152506082214429 0.07373405244467675
1 5 -0.09768486977238348 0.29225986718617136 -0.3112847523660527 0.1359989236453571 -0.2969204693252728 6.296207782163176e-20 -1.803494082802024e-12 0.0438131781814891 -0.27098118072749006 -0.035739370828588024 -0.29242618823995276 0.005097597453143116 -0.3550583134890439 2.3664770921157162e-05 -0.21903113475036332 -3.388477949227042e-06 0.02298423844080024 -0.34646350494730305 0.06511320301766009 0.3584783755780397 0.11889262384941693
1 5 0.118553175670614 -0.278989597733653 -0.08449710971839353 0.0005524188926984129 0.11912411227033734 0.256502487997134 0.2527446784674072 0.13035699640822931 0.17162338884986725 -0.3628316678590648 -0.16618704182340469 -2.0211874752449155e-09 0.03631356391920399 0.2516908064946174 -0.0006057625051767806 0.0017237368032876144 -0.37883809898063964 0.28271187311151225 0.06914744293337574 -0.40422896393067204 0.11262454306458702
1 5 -2.9755123341881283e-05 -6.326870035421822e-12 0.0008243388120036339 -4.885507630796473e-18 -0.0010476878685264455 -7.439833221244836e-22 -0.002417059456830212 -5.29013593114315e-20 -0.00011909522250230775 3.765311203981731e-05 -0.0014113260805640123 8.965084593549804e-07 -5.628712977848597e-10 -1.3544640922027283e-07 -8.862558895326112e-12 0.0030536948471596203 1.0679874377315842e-05 -2.5893111642887107e-22 0.001571073342279256 0.00013631345292734157 -0.3149608118876316
1 5 0.0343414545101332 -0.2437928227423118 0.29351728027291824 -0.20691844038043566 -0.09988199706283712 0.00013655492067141415 4.103292871988002e-06 -0.00022156766892124594 -0.22283984333659515 0.14980511136652375 -0.20701058287888394 6.635570976933813e-22 -0.1501435600806866 0.00030891300520390053 -0.14076521760732488 1.7578805113452012e-05 0.29378668771131206 -0.10506553070618782 -0.3106586685545586 -0.014525363912369775 -0.15492876171586575
1 5 -0.15197406992030696 0.22051846967065952 0.20291705935410753 0.08245815975739304 -0.10403571406691937 -0.00343213399801147 0.258595055149132 -0.010543180356858285 -0.032986438948049236 -0.040725352188537144 -0.3218166558961868 1.043950216098282e-22 -0.0014953744215018508 -3.013931479877351e-19 -0.40991518441746533 -0.00038691053570322713 -0.18950678976443883 -0.16242801389446848 0.2550952162766099 -0.3303305102917432 -0.02877482632000473
1 5 -0.09882369179918322 0.03593654809090029 -0.04540753953037687 -0.17732144852718876 -5.811968241506294e-13 -0.003542856547446111 5.115682282581828e-09 4.134793166539241e-06 -0.04354313656588122 -0.05647796706836036 4.8633397174532725e-11 -5.4975927225440415e-08 -0.010768645382528322 0.00019515131902630702 -0.08242224283038707 1.997676180565867e-07 -0.006034424402294648 -0.00018118952423131298 -0.0007072253017519013 -0.0003878802867052346 0.32280113149795825
1 5 -0.19842180127278053 0.5675473792929447 -0.3411638730825279 -0.2566929173226558 -0.04304179202623122 0.002528090275834776 -0.27538108255840443 0.2013066923390582 0.1810388387250449 0.26972864438952315 -0.22233786301042138 -0.00405362353589363 -0.09539977135327037 -0.03641995229367954 0.22474428318729012 3.617080083114102e-19 0.41179532424775783 -0.2669822804845937 0.328713743318122 0.8589545582099748 0.3281625878205649
1 5 -0.14972238058605122 -0.19635035453003152 -0.25870011772284973 -0.0918504187500863 0.013686787628928582 0.3684279542235603 0.23833107006328919 0.2564153620760732 -0.1585423671677311 0.22592516373969623 0.06397485919294335 0.0010835950508763421 -0.3431622773127212 -0.07721035594145423 0.038424048365812646 0.0011252565951153316 0.09984339758463094 0.036864668651269195 0.15430299238679868 0.061575099228730175 0.24420855184095655
1 5 -7.576919625469171e-22 -0.004552080655136179 -6.5531385775172645e-21 0.00048292671082012753 0.00239807977490744 -0.0003179833090221832 -3.788285687689133e-14 -0.003915211867075127 3.3576906280117455e-08 -0.00020338969601983655 0.00010312439953851215 0.0006619523618061657 -0.00045878577725761923 0.0014583799129769409 -0.00024269367382774766 6.688440859148817e-08 -1.7231753928521026e-17 -0.0008376365396473293 2.3035188773174569e-07 3.7119384263851924e-10 -0.37594870836529476
1 5 0.2656575248556481 0.4852912204061913 -0.15865105503999227 0.11881258107549474 -0.3663257305222524 -0.20431294833615246 0.2766468791116807 -0.06598931149174486 0.15258189966374786 0.5088702816828197 -0.16097518313310033 3.810996292771205e-07 0.3134223381120531 -0.27977272559481303 -0.275132624496732 8.164986103035741e-05 0.3941698987361885 -0.25293930987352325 0.36064911260383214 0.755043994295229 -0.05160947688159121
1 5 -0.0628881211927671 0.008954427403946742 0.3224471500213066 0.16861718044547547 0.29902249320147456 0.11816387340845479 -0.18030524258638297 -0.2581354332053387 0.05111736462337956 0.44488632609129747 0.047684716289702556 -1.127095995580934e-22 -0.00967924860096983 0.34637467371398695 0.116803585315076 0.0003557522617778081 0.19445991425578915 -0.09103127780949681 -0.2270611593276936 0.8264228517631633 -0.13652946631771262
1 5 0.33757607129503864 -0.040242941401420644 0.2310378710227272 0.2636284445505059 0.143367353069059 -0.22185851303746104 -0.07011521105688259 -0.22337265119633531 -0.177159090335272 -0.23204135240086515 0.22272769302150106 -2.1903654030871754e-20 -0.35978351538711595 0.39438935221841137 0.21804067731369495 -0.0010293909618795459 0.2654957491002502 -0.31592021002577364 0.002910524467945637 0.3231615934238661 0.016470120917874174
1 5 0.3628589632094429 0.08444290864375913 0.20242299600301653 0.28484314910380826 -0.1680879170546847 0.05848461937675568 -0.12200152175665652 -0.37067420029518694 -0.3621022262191723 -0.48404777841367075 -0.26610417595424724 -2.178139189194575e-09 0.37237526993634856 0.01741997933640601 -0.12534539954900095 1.004606498853975e-23 -0.2722844802563175 0.17173722374459327 -0.2653214971248749 -0.10977807574183951 0.136241212335103
1 5 4.044653616188988e-12 -7.193260917442557e-22 -1.594222470826381e-17 -0.0020715113999178344 -0.0018947495569200928 -0.0019992748266167096 -3.062105254816052e-10 5.783381577403356e-20 -7.720398281502418e-07 -1.2620951894613562e-18 1.4302151986274797e-07 -1.851681767985946e-14 -2.189174731590921e-23 -2.1846231511689028e-05 0.003557681593704638 0.00010926876265318224 0.00029611088636261935 -3.582292326816077e-05 8.796756892159146e-10 7.824630782977972e-09 -0.2667771208894719
1 5 -0.18316074592928905 0.0011327021477009784 0.12060653001737823 -0.14623677563285753 0.010945065707841269 8.50233701308811e-16 0.11727499661259969 -0.12801797360502784 -0.01693016582673767 0.3340217600845088 0.20499001442847156 -0.003282835985893206 0.13301154327112305 -0.15886517901255773 0.19885368101074727 -1.9751999170263933e-07 -0.39121841375441463 -0.05111227453274761 0.21658255692641554 -0.18822587846940375 -0.33851888153610954
1 6 0.4862235115013633 0.44620132200464646 -0.3223959595620259 -0.029226236587361985 0.5018771414672285 0.0762896357073115 0.4284865534365957 0.006116949215142513 0.40324590747585476 0.20156576672103546 2.271624924373765e-05 -0.34875579755585023 0.48311623239326335 0.02883599594465827 -0.47213757317645966 -0.06064547610434445 -0.08909657383755927 0.11293124271787647 1.9227643387678257e-06 0.33708281348660196 -0.09554807255889432
2 2 -0.005183045149301638 -0.04443367723963575 -0.15449847118955373 0.005139548878248675 0.24749043355379943 0.2551946055249575 0.17848765639158776 0.4358215954783631 0.5780447133819896
2 2 0.4414762838024733 0.09074913938821805 0.22735633718481454 0.1661293439612803 -0.29706793093322253 -0.5229385989347176 -0.3662265401648379 0.3849080989256858 -0.31473118978827225
2 2 0.012656160710886093 0.5220889479262961 0.33679960862056413 -0.29922896820501194 0.35927556070635885 0.28987875810105124 -0.20978782854270286 0.3450577385027939 0.20435141578818092
2 2 -0.04333565556142411 0.13654815469773698 -0.07812059629804229 0.05675031383812514 -0.3310662375871186 0.45333809419923166 0.36070430205801773 -0.23801320147978142 -0.07608033060164673
2 2 -0.02936309151991679 0.0831347326990675 -0.4122867540058378 0.5863690234011869 0.032392244037436006 -0.41414342653300223 -0.34183645816569985 0.46894593297035436 0.1127266454594683
2 2 -0.19568238925962123 -0.3665440526627688 -0.09074690253331184 0.2896589904179777 -0.19597273138886595 0.06308974434380804 -0.3829939229565347 0.4281470440387552 0.14330196897980266
2 2 0.407662063911161 0.19803799254233526 -0.5459804179695582 -0.4741737913693952 0.21695024983340958 0.33161174873175747 -0.03892457726411365 0.47441305492007013 0.2365457740790793
2 2 -0.3604153863373211 -0.27691953284757714 -0.19109973895756555 0.18287251021565795 0.037784775061396 0.0013953981375090926 -0.2849472464461882 -0.5671106809098239 -0.3234697588590353
2 2 -0.4112467597732346 -0.4473536332742279 0.21983510490799313 0.20446401266079461 0.14784684546632676 -0.2336764746820889 0.05055715148846129 0.3827795025365327 0.3201736643750543
2 2 0.08657872260326126 -0.0008692372054272806 -0.16033651510401484 -0.0012662874281585232 -0.23480594898687393 -0.09134405805468136 0.6600231402484156 -0.13242202352695098 -0.09567252112826156
2 2 -0.5938134242732505 0.38215365233905657 0.0011498104718873042 -0.253509373604016 -0.11154396300720545 -0.008472029616358739 -0.3166954127002168 0.09144975432352907 0.15273980970578238
2 2 -0.3525826648566117 0.09229368070152709 -0.3084375493229169 0.14120763912188797 -0.03203737698502267 -0.09064974941013854 0.37305119954043325 0.5200239278438978 -0.03220254790831744
2 2 0.24434301067524497 -0.26004800843399495 0.3616690876085164 0.2022692632459818 0.0947567756007748 0.45773123041148356 -0.3552155597141416 0.45302086612303377 -0.057017250274819194
2 2 0.3397424152627973 -0.06899990962893837 0.3760996659564762 -0.02767102202930057 -0.047827322281274204 0.3049008216834921 0.05873529439850282 0.23089800136816216 -0.08964155844466376
2 2 -0.08761002265375976 0.024825381437804706 -0.4104409758214458 0.14486195117462666 0.39139832971241434 -0.07718887387168448 0.23884543133418012 0.14545777012341557 -0.3692213522022639
2 2 0.08799772474040574 0.1514251499711685 -0.3209237709601139 0.13073247134149665 0.5050501739479145 0.1608095407194836 0.3280816321796463 -0.23158335662582674 -0.06824884790757514
2 2 0.45375004052371004 0.015777680168331754 0.02502942629646219 -0.000903036101312523 -0.06816282448308479 0.0887671047925008 -0.1113935925595006 -0.41831013653547117 -0.19552214890302516
2 2 -0.2923257438878882 -0.10308112685592416 0.28342873013867076 0.18585010990157408 -0.12087327190081633 0.20107423895528495 -0.012244960108016845 -0.11340926603089416 0.17774040960044604
2 2 0.07157062974241071 0.08984088827070917 -0.09348977819957976 -0.5310843655000108 0.09339893136300825 0.10703487574059217 0.28275080497692945 -0.3499029179656878 -0.3417033569992155
2 2 -0.2645085971627425 0.1298654706135207 -0.07721192686346952 -0.2354096850694373 -0.44254419094626074 -0.32656700966388774 -0.41560208289422096 0.22134647164680402 -0.06020995649758352
2 3 0.3585992692111716 0.1290392387847593 0.0627233865979346 -0.35811913605358003 -0.16290941650441812 0.24973877875880762 0.37090126497605663 0.19862618777635138 0.10058844075603661 0.21647782884401512 0.3430061221696919 0.22956716014734668 0.40125159831778834 -0.04875249245649309 0.079612801089204 0.13435247305483608 -0.04479711788679928 -0.37882591237727736 -0.21989530840966431 -0.3254744164461104 -0.1445866636726705
2 3 -0.21700316551310406 -0.6554364929594821 -0.12053593027798475 -0.053689550404906104 -0.41110072325430946 -0.48633680620362946 -0.32093516270714684 0.3886941731361964 0.09885078507494742 -0.06675177179666346 0.24488526163760077 -0.1557535679165143 -0.11876054885936944 0.2532894855111447 -0.23343650803837593 0.4345328914735302 0.20218511096440492 -0.15913085947003303 0.40553004983485047 0.02971541416933155 0.041483291389218656
2 3 -0.2883948451928281 -0.32882696358722624 0.20211008954078258 0.3364319558395686 -0.2596053907771033 0.04195207830013919 -0.259239977369205 0.2633933709212092 -0.13695150311024323 -0.22699058430904911 0.009672792777940632 -0.4002691913332872 -0.08928515087306757 0.6654244315187559 -0.00016390074651109112 0.0188664568551326 0.24456360832672586 -0.032068631992414415 0.08033383815929308 0.1340653837817745 -0.1869510822226487
2 3 0.6329924547641369 -0.021123152097631187 0.6417755151936957 -0.1446483204010612 0.10676409012287669 0.18838814845371676 0.34023307079900633 -0.10545191531854545 0.41068882770193194 0.2173617989358908 -0.13189747693926251 -0.32203084447529084 -0.2262547881697976 0.28761254314646034 0.4666918601621289 -0.005843130016539563 -0.07284337348278043 0.22238922527744284 -0.5358288413396265 0.479828828346392 -0.19833190963248257
2 3 -0.07088673328844095 -0.13274367074549562 -0.23859509426183068 0.04468040724741455 -0.05095618540600521 -0.13112774296261587 0.2847106780788712 -0.36032945553332835 0.07738477597605692 0.3960621239341193 -0.0994074803542982 0.23893663746985394 0.11336784952150149 -0.2647637620096263 -0.31013716762786303 -0.3562674905574932 -0.3525051876072602 -0.03206964072757936 -0.10780854744272109 -0.17786665058729906 0.24146704756347265
2 3 0.24325595062148553 0.1514686453361959 -0.04543781905675756 0.03624551386710176 -0.36321045121826456 -0.49071490757204916 0.47744648876986573 -0.0948736762513866 -0.050265915831517 0.027020175223295133 -0.23488447881637875 0.41298151860588755 0.28840828148253717 0.12653746411916206 0.3187577527001331 -0.086663999772651 -0.047626519039887086 0.24073530406208124 -0.08772332967815798 -0.4042865368396173 -0.05200473077716331
2 3 -0.024786988257453568 -0.051162740692444315 -0.21771435365387962 0.0010018146017712274 0.2677747058259336 -0.3628433447332772 0.19893489780050355 -0.34881251382254963 0.22194628913037215 0.23819809307785952 0.3538007615211366 0.10698557238596977 -0.2949718960475452 -0.09798983864435167 0.06827529632790602 -0.06712180543929962 -0.3604238356387207 -0.03241838020393239 -0.6600528088792394 -0.37106412415760515 0.2469663529296879
2 3 -5.67625031097328e-10 1.2336693131889638e-18 -1.1161768970264584e-05 -1.3470860233051588e-23 -0.00015844833819467438 1.1542088081316614e-05 3.64765231861775e-20 -3.2458178804353065e-13 -5.1667469079822195e-26 3.120627795597684e-10 -3.463724407533635e-08 -8.514421096620242e-22 -1.8018388414022424e-05 -3.1263406193864035e-05 -1.4956367646090841e-06 6.014420954952633e-10 -1.2720645536420871e-05 -9.712984158050825e-10 -1.0156892231133488e-05 -3.8036139061625035e-05 -0.2929171483954209
2 3 0.1847584089844962 -0.4987604113896796 -0.5716254424826394 -0.3063827194453401 0.2713563424469291 0.04064171099023384 0.05257691940431799 0.3788077544679619 -0.24512282679178074 -0.4731184388674157 -0.03451681877476396 -0.11211096220889574 0.3091213368278655 0.3096665026073357 0.27312162908400844 0.2864690257996598 0.03870866772014322 -0.08735522737522554 0.34413818185517486 0.29894921079938347 0.004836506151820604
2 3 -0.20931968634037076 0.3886303658683676 0.23420446236225542 0.3901756868351441 0.09898546851302258 -0.5015463390037032 0.4012680757810395 0.39676388455335765 0.16095307271350506 0.06295542772805884 0.2121627054195353 -0.10208984076526796 -0.08377108886847336 -0.33776585610466503 -0.08959143791957756 -0.19391667079446934 0.12898766108873877 0.051896830973260324 -0.035775777670625654 -0.33162283451693675 -0.021004554343959623
2 3 -0.36875624487058895 0.422552492184161 0.44563691304817193 0.018324890594992895 -0.07399318559988555 -0.10288994309650486 -0.00018538208066094976 0.4246256388215915 -0.005400506657661156 0.18337331524989847 -0.10318483767168118 0.14014267926046065 -0.22236196244478124 0.05311829218593508 -0.31863464234379524 0.08393338089311729 -0.13678405526552948 0.20748978701747478 0.0026142710008355504 -0.3842274116976131 0.042256323170458535
2 3 0.4295293845266896 -0.49401922064358916 0.1867790387525966 0.2941668874537297 0.12830045678987384 -0.23126331691608776 -0.03564977552287063 -0.03987110742003312 0.24135510406740363 0.17117211969566565 0.150800498128072 0.25566537583776683 0.15901757478011078 -0.33709179139394146 -0.22867077447033482 0.2906969038267546 -0.18040073127221834 -0.06702658903291725 -0.15107455962249794 -0.05812469444618634 -0.055791263662255536
2 3 0.1927060161362038 0.040730939046674415 0.030044340712047576 0.18077169089611647 0.078985513860493 -0.3124483467589768 0.03899723686638632 -0.4151223327285228 -0.3512075761896066 -0.3522799891262494 -0.031698856611111936 0.38041941655757666 -0.1760307886824467 0.11774030962227708 -0.5196566964498042 -0.08676034657460774 -0.10657257516540511 0.25681159216134064 -0.07279736093676967 -0.37974330934232636 0.1406714613698091
2 3 0.07453897973046641 0.28159790446255467 -0.26635234780207623 -0.1459781419407368 0.3421195400016534 0.26138521976629625 -0.09300939621305425 0.3143050062935659 -0.15828384422250963 0.1321848211582308 0.3121021354775336 -0.13705579029569334 0.3540680162094775 0.23424862731158844 -0.4246849220873009 -0.2740666829732025 0.048354565631893685 -0.45851302204930555 -0.2234885181992719 0.08653186467071187 -0.21042337694428376
2 3 0.22212411995701703 0.2137842583535373 0.009949115192128698 -0.19459476792843391 0.4390994597100082 0.39682181229459806 -0.23818928746036805 -0.07678889273122991 -0.09981551837376035 -0.6230457230760972 0.09245293072535597 -0.27794800060001257 0.07962294085122827 -0.3056398171691927 -0.11482098556189217 -0.30798686200258496 -0.0836924467862198 0.00032132390535100227 -1.790388915703344e-17 0.26008478347333835 -0.3700271246809158
2 3 -1.1212314438358118e-32 -3.979379537053097e-06 -0.0002633309043130314 9.149093242086555e-27 7.404009317810679e-09 -0.000100987014941728 -2.416224428288099e-13 -3.0818496627180746e-08 -1.024434568892641e-06 -8.004408254384095e-05 -0.000166729747139783 -1.7814999356045363e-10 -1.5648932021667146e-31 2.2159875139345647e-05 -7.43701636125634e-26 -4.5086123903558154e-06 -0.0001319469232039446 -3.2970916148674295e-14 1.1141441706339501e-05 5.697884803905858e-29 -0.2477712987567666
2 3 0.24074787246337676 0.16397339819255408 -0.3086190248748948 0.19237748403485097 -0.2761554111969301 0.09080946572994097 -0.31754940502461737 -0.285365609399166 0.1627127311414452 -0.3332372269380092 0.003329198288072456 -0.04071349244006662 -0.05586032701794225 0.07424293347826552 0.18793010875431926 0.3084622919523472 -0.29829564108274065 -0.22677809513546165 -0.3559753764831514 -0.0046172948491228355 0.42036808563984146
2 3 0.4356338239342852 -0.013663049829553686 0.4929630984513887 0.09883740795725986 0.03970084062245813 0.30737581927712837 0.11602962887219301 -0.21746930741148532 -0.07694934548052056 0.03578982156621533 0.16252870411671777 -0.3482830205931179 0.3660048145423795 0.07715480680670835 -0.09413858500607876 0.41564570707974907 0.06372124600751174 0.289468452910398 0.37103565581477727 0.25945330788289395 -0.39119929774926004
2 3 0.3395191797028098 0.2896600182133872 -0.0762768149301534 0.17031705620681048 -0.6285423933940398 0.07135457751181538 0.34144621451135615 -0.529333048306239 -0.030550716021260173 0.0406778900371184 0.1535710512577509 -0.09680999244750098 0.16849599603401672 0.22029318601803216 0.1319461047275338 0.09074801274957928 -0.03869521258449236 0.16315559063478807 -0.2928859147329591 -0.23290746108279436 0.11036597748593162
2 3 0.3611142436096107 0.404295470927015 0.09129945986829864 -0.21367871114081388 0.37014665036096417 0.1275272330054324 0.013366520123752388 -0.11280364790779937 -0.17484739998859447 0.00967995639642414 -0.09164308456774473 0.46587047286748284 0.41740688372784546 -0.003721276967093887 0.05490509568931794 0.017699530001621933 -0.22979587390393386 0.12407541628297454 0.08986458382702121 -0.24749487303862452 -0.24559917600145773
2 4 0.25964368837934393 -0.208123950473721 0.14349509106213149 -0.08490307065942386 -0.23379055726161338 -0.3391130529323701 0.4113206421478387 -0.00021376045077179284 0.41330374837154366 -0.2580877188672881 -0.28287290184271996 0.2641011419434703 0.40695957952675105 0.06556434575609002 0.2255858519292138 4.826694951933628e-06 0.34291499077873555 0.1463741733840229 -0.34486608462134366 -0.08974433029530214 0.1877951498834717
2 4 0.10650950459604404 -0.16978007159510583 0.3042722807650736 -0.15116250960101932 -0.3197545118157328 -0.2090862940031471 0.01656290220270899 0.00017258180415676046 0.03329902072263427 0.38277653773353937 -0.44393160996122516 -0.4444048512522132 1.329639178037966e-07 0.3079643167744776 0.44523140624727675 3.5555387616257337e-07 -0.16894704528773222 -0.25827959446247956 0.23222947692410828 -0.1154648834537311 -0.26533416358140316
2 4 -0.05417666955879667 0.2551672592453417 0.15522621388371022 -0.19487410448295017 -0.33515531108109814 -0.2700161327739518 -0.5938312341100551 -2.2691181958382376e-05 0.3565725224970421 -0.2952988568526044 0.25599972034062785 0.3008219273185285 -0.1746505652156074 0.2778197158152494 0.18390677441924047 2.571065415273654e-17 -0.043217226546243596 -0.1523308459705037 -0.039288963579236676 0.11833274217072513 0.018306013096855117
2 4 -0.21355968675840512 0.1844642587052443 0.16231264988132196 -0.08622774083422219 3.805838057201213e-05 1.0377175640547788e-19 -0.1769846476249056 0.0001207147642397769 0.21879349562296094 0.15011898019681533 -0.16327253509132342 -0.3178981941381559 -3.4752420176815393e-07 0.2296807815313944 0.05508427629053858 -2.225410346015007e-23 -0.033435347661521744 -0.13895321828639917 -0.21213736354065385 0.0421059033716001 -0.20823718615199902
2 4 -0.0735720286579071 0.13141372677784066 -0.10023094628976964 0.2892698965534146 0.18691998029678117 -0.7409782671734361 -0.5212666608184733 5.391375922375095e-05 -0.1386555275866308 0.39362391591903917 0.019266738979619336 0.007764568734605383 -0.19877302570678143 0.0682323974702807 -0.15857636056875127 5.540440329438273e-05 0.10382557275142876 -0.04816314066148781 -0.11289044971241574 -0.16407353782737252 0.024603583015983397
2 4 0.04607685365254725 -0.27386646680413 -0.17231983477636337 0.04399462357692405 0.14655105893897374 0.05744598571055899 0.0006027336435088363 7.298351735028695e-05 -0.4551976397465911 0.13429650562015008 0.2704073512142699 -0.17148963230146302 0.1749263558476265 0.033728066887304675 -0.4715895954290909 4.3998827796261743e-10 0.05306437413366879 0.2007384477321949 0.1277102454412808 0.24522062619314292 0.18346987535467654
2 4 0.01948790157228113 -0.24725287805268942 -0.03808027907735603 -0.3104424220152218 0.35316644443533396 0.05087035886226394 0.24750198111290259 -5.569864206422303e-26 0.11326982555330974 0.0993309940065287 0.3158976981531212 -0.07752558762098273 -0.025355109841012247 -0.16058843292923836 0.04863041001771636 3.7867334218164566e-05 0.24011501013557823 0.05444437807694677 0.1453516950950298 0.30598027766707875 0.27548241124880735
2 4 0.37935757180716284 0.09802406099233543 -0.25221243832933365 -0.31157165989438473 -0.1057094972736614 0.24949783538031897 0.013004392000852934 -6.226225478588672e-06 -0.2537306556345925 0.3353949291732351 -0.41866003393177903 -0.43573505543878477 -0.05133710289540179 0.1962999660897479 -0.11867434073067178 7.638985484301792e-25 0.5858052376898751 -0.3818993001741386 0.38214050982758196 0.2916600949045331 -0.08022690098901945
2 4 0.11257081804229087 0.6200193248245336 0.37473574694559303 -0.18360641820804866 -0.25288300781890566 -0.07049260965838904 -0.42576955703452085 -4.642853040051134e-32 0.21990590963977938 0.3601438376450605 0.4638820119533941 -0.33103423451641567 -0.5218320493501967 0.06729537521496866 -0.460704205835959 -3.394957508471215e-08 -0.36656564736361685 0.06822265697300896 -0.3980020242438914 0.45675226984689604 0.014023035979218564
2 4 -0.007281141209197971 0.5047631946318697 0.06467882762594639 0.07618935809783253 -0.107301762839288 -0.6674670560047932 0.023703620057316282 6.33290301321863e-33 -0.40291793184945307 -0.22977921678918392 0.11188983109767249 0.4394367285066652 -0.08565541399344982 -0.37216989730126737 0.02055156512381279 1.3866707061166291e-14 -0.10917704331860517 0.22818176046101216 -0.3435373857987715 -0.37916491973060434 0.12116291867180973
2 4 0.058026465600882496 0.24303823497747748 -0.07150169608191616 0.07201497528553039 -0.29330463417183916 -0.08818393820677622 0.04835165112190488 0.00016339416095639264 -0.17771096134639078 0.31906101784501284 0.2647303063115249 0.4982455533151164 -0.4554978030026014 0.4598200148405516 0.22741095638854764 -8.283974279325936e-06 -0.1269517497572959 0.00039016934993283076 -0.284691600233595 -0.3991005338767511 -0.005448128636887889
2 4 0.2913137208509701 0.008544986922562253 -0.37352641897149047 -0.3294208156952575 -0.20000119002047806 0.42917130562248446 0.1091706029530221 1.0347789175464776e-12 0.24773206748578933 0.11098513007657475 -0.24421646663787117 -0.15969463999197955 0.22444538814716367 0.07077559636196465 0.11112608926354338 9.849875448964213e-05 -0.042465399060887456 -0.49577247405405545 0.22837373845953912 0.5440209373960776 0.27203419596266376
2 4 0.17463945051913699 -0.04568590895069834 0.23702035753503656 0.6144787830388936 -0.1883485468734603 0.23211312776578602 0.4118430275744357 -1.7785890032738466e-06 -0.4341092949622174 -0.38920364991045364 -0.06904609573667163 0.46397398525719363 -0.16818146898558337 0.07721519545750212 -0.10938462649434968 -2.1608126610699342e-06 0.4968930210048831 -0.03505227003590592 -0.06151430850341951 -0.16201552795601834 0.21919638974909486
2 4 0.31909428165908243 -0.5367899913869184 -0.344795268858796 -0.15249722454103487 -0.06772688826414974 0.02066080911538517 0.14055690918238373 4.589463032578563e-21 0.22855767332539123 0.22104014367806266 0.02052272825299706 -0.2219852224514842 -0.24126596682983423 0.2971217162243315 0.22997219219649398 8.610661594492942e-07 0.1941949064508104 -0.43346728724378997 -0.3802994826772125 0.20314720225011598 -0.16402073048966567
2 4 -0.3801554286734776 -0.3140442968165863 -0.3029956270011026 -0.08171275829475605 0.2697097345669022 0.4825386896400806 -0.06655787351403976 1.2202552640821004e-30 0.37475312660200494 -0.11897462545395335 -0.13284291979082338 0.07329907171375219 -0.14011514309540551 0.1041240799896003 0.46690579487076583 -3.970166872522074e-06 0.3992176608124872 -0.4315814964122691 0.07696936332902962 0.2939565056696549 0.13739554779135651
2 4 -0.22225814934099908 0.19915985653815568 0.11191921184915056 0.03750733406275865 -0.15354225971461422 -0.050584393261970735 -0.36705671007043084 1.3399053450216005e-28 0.3483913216066684 0.10039392587420397 0.23719705376567116 0.1653817315996968 0.21515329231889282 0.24325794019516758 -0.3425148671955392 2.204032652945801e-14 -0.10347501974415652 -0.2796632239462245 0.2140972880750676 0.06670274422965994 0.223751621116683
2 4 0.23170105437894342 0.13592299336837144 -0.15921222574984228 0.4235254831530137 -0.19443518458464554 -0.010155703676688275 -0.1978278449673622 1.376575440370647e-15 -0.00021796008610549435 0.37851075268958134 0.2168565628871386 0.40261801418346393 -0.11756511221066236 0.20814059314519473 0.1800971087734074 -1.26186245355581e-24 -0.12865369928692547 0.2235692870391604 -0.09568172403666454 -0.2797920196419572 0.05243387579630069
2 4 -2.2501006064725374e-31 2.061750281897412e-30 -0.00023660923686414482 6.95860647193461e-05 8.297655737426983e-07 4.641034195954109e-30 -1.683909519050462e-05 5.771392915129977e-06 -0.00010005719112784884 -1.9359578116766483e-11 5.749418584125409e-24 -3.568981255428097e-06 -2.036085129650634e-11 -1.1221100011671728e-28 -2.5339191051714768e-05 1.20468325759641e-07 2.283641977641285e-06 -5.826051398923661e-05 8.91450989520692e-27 1.1723155909560654e-05 -0.37542830055343224
2 4 -0.3676370722077683 -0.09751233207782449 0.09881663048895456 0.06523201436985782 -0.048025745480952856 -0.18883165446732797 -0.6080306514850425 6.695992662068341e-33 -0.26217891369186025 0.1964008176041639 -0.41461132306354687 0.28218367057870075 -0.1590738214045441 -0.01764177488967598 0.1239729832584378 3.5773745038512212e-09 -0.456259375018813 0.06990234527430982 0.09080445731205919 -0.17743176428368745 0.06436038247790761
2 4 -0.04004314411671464 0.3162953069618526 0.4272711173868296 -0.26649028734887376 -0.4681890514304369 0.12053808069056322 -0.3756165156752588 1.4346934265190144e-08 0.27907418217518076 0.228286249371635 -0.2892734651905072 -0.1705533626487191 -0.36734953669107046 0.04603181572719551 -0.29186371094828123 2.819055147570673e-08 -0.22599178135610962 -0.2604927508679322 -0.16509859139006713 -0.0031610173346026935 -0.028784322623173125
2 5 -0.03360249357675208 -0.540659231064176 -0.37329691794925207 -0.22174627948453168 -0.37882161542593434 -0.10859533490099965 0.20542872927480557 0.5914866248885277 -0.2897178944839988 -0.07064581432472751 -0.16285930357404774 0.22434921950289774 0.07092302175975336 0.12251461725042884 0.31866923170829187 -0.01863494762658374 0.08041309981691097 -8.872977225767283e-05 -0.5939294007215704 -0.17812539308635364 0.06939275909446427
2 5 5.857839840463427e-06 -1.0898982934679416e-06 -6.006290210046659e-05 -1.1113795159697953e-31 6.611625757787106e-07 5.246337700342402e-06 -4.6060884128841e-05 -1.3406670591901794e-06 1.6034134026167203e-28 2.3404389201892402e-20 1.0043677217004573e-05 -0.00020904477673755722 1.0174282081398298e-09 -5.00991951700352e-30 1.0697441898910873e-08 -2.6999805292178495e-05 -0.00011980034048982809 3.589765497794026e-15 -1.1192489179700428e-27 5.45196384013711e-20 -0.36040613180656866
2 5 0.10323947150160553 -0.5349181621229592 0.17888726566513577 0.13639186169918086 0.01297474431684685 0.08414761387278508 0.026437740769807174 0.10779054116336778 -0.37304847019498105 -0.3956150330356606 -0.4652224287035514 0.15691351296438338 0.2810203752297827 5.701827873712304e-05 0.34084534510036424 0.05059589418616737 -0.29121486328280427 7.717180762048359e-05 -0.6775428789863788 -0.6206986150303795 0.28279940242650514
2 5 -0.2972354813505119 0.30150551819467986 0.5290345915837272 0.3979459521333559 0.050389677529092194 -0.3758005715241212 -0.29044221139628157 -0.028723058506845433 0.010068848261422837 -0.11447457292241063 0.4669468770583961 0.29387130287293617 -0.24363177847015624 -0.22167927390714331 -0.15616811754428658 0.18310680127488477 0.4882440358611431 -4.09337607066953e-12 0.16716679539243104 0.6941073314713697 0.38863594711629973
2 5 0.357180896064309 0.07669414079341107 0.038749555037266195 -0.3636255286051325 0.03970695328732441 -0.37370297319257817 0.3523820987197083 0.4032008432653614 -0.049734663079869214 0.14407912395610475 -0.3987288089178532 0.048249148813795065 0.24803407758304197 0.06535389620445782 0.21388090623635903 0.18950237670203016 -0.1504311170434778 -1.3732528404301657e-26 -0.49113152462762893 -0.14324390206149293 -0.029940061654771113
2 5 0.13654580943079234 -0.010476553269876752 -0.11415211307815562 0.38119055425598497 0.023641850456971508 0.2913318022080087 0.16789376815737436 -0.4589081491505391 0.4242075891818076 -0.22573918077774485 0.4006808560865244 -0.03352765595803628 -0.01971604737038572 0.2828499058695382 0.28210846740706447 0.2371340524437098 0.4924963430338245 -1.1337219014840195e-07 0.5475154393494677 0.19865195670644642 0.20324316129152212
2 5 -0.22676580269893643 0.04162736944903446 0.08615849996661237 0.17297145499961528 0.17292945334636942 0.33677019073038955 -0.14350848370322467 -0.2534972855429319 0.3328502825196467 0.27270287741818305 0.22814936300266794 0.16371506837891187 -0.23465458746746967 0.30273195201728614 0.3052634377169749 0.031359601296318367 -0.021110834646790717 4.731843006072171e-13 0.3502939264284362 0.5574099809854444 0.1327980488987742
2 5 -0.00010329106384809567 1.7750206356352226e-20 0.00011382869603973741 1.6749757345338657e-20 2.0092941524191563e-23 8.135501389375358e-05 1.2004066419542551e-14 8.992633667190143e-07 -7.907897037296449e-06 -9.531498305210854e-26 4.597438803954424e-06 -9.148022777386161e-06 4.223338389841962e-07 -6.0701911859653405e-05 -1.326978631203348e-06 2.998831993554044e-08 5.751209296496689e-05 -1.471969481484479e-08 5.705625821862504e-26 -2.1667293795115823e-09 -0.384578461736583
2 5 0.15309771248931892 -0.10026131896387805 0.22946179048355428 -0.02808151724740994 -0.44887990356340346 0.3349817545008063 0.1927784252512001 0.29017185318299143 -0.46213325941084016 -0.4281599322902429 -0.09662154980999317 0.2851922137910726 -0.23287093033457926 -0.3892539322917999 0.035256261821678264 -0.2622531374172083 0.05917448332922854 1.3289249248403613e-30 -0.6500331502002674 -0.4429105641733358 0.1333811974857963
2 5 6.140707622157386e-09 1.2908605489101864e-09 -2.3506133306029166e-06 2.327328665551682e-08 -0.0002092070338673669 -1.3183235975348686e-24 -0.00024699088083423497 5.314098088049511e-15 -9.566251010380778e-06 -1.2324321901073248e-07 -7.237425663002885e-26 -1.7863107702250868e-21 -5.0170040960884166e-08 -6.754896660763681e-05 -3.5494907452788734e-28 7.596359777362616e-05 -1.5123962047514262e-09 2.0861106263014428e-29 -7.471180208042135e-14 -3.329342096147399e-05 -0.16073062565656454
2 5 -3.761689617363655e-05 2.80028969003804e-16 2.819232784120899e-05 -3.64714831618794e-05 8.538397100081807e-09 8.614969304296156e-14 8.330964369113533e-30 -1.6442140519386093e-07 -1.5955907935042442e-05 3.556513397930809e-25 5.269330192786485e-28 -2.1809345615601938e-26 -6.69658301311582e-09 -6.569264164627377e-15 -3.035166844853088e-11 4.256607644202826e-05 0.00021772039345717658 2.211474542948342e-06 -0.00024036930454214204 1.4360157944727223e-07 -0.1939705257161805
2 5 -2.2244873962515482e-18 -1.4698971298871402e-28 -2.480188115834303e-05 -4.111149710214244e-05 7.465787252140925e-14 3.3245928322428642e-09 -2.8807641302680933e-06 1.0113091799810055e-08 -7.859909342480593e-09 -6.912113071534286e-12 1.8623563360666066e-32 -1.1010192672273159e-19 -7.121346225579857e-23 0.00016915982605583536 -2.0681482108583463e-05 -0.00010710427476586014 2.3043517392677126e-05 -0.00020930235368588225 6.743986431657186e-06 -9.736094559480074e-25 -0.16785985493002856
2 5 0.4150848555443745 0.3919494917900842 0.27600660483303885 0.3831063430867242 -0.13413625579966876 -0.10931854942081268 0.012400913039907134 -0.0640716177700155 0.1834811465084961 -0.26216736766331583 -0.3493828480040614 -0.13476781252024186 0.4360223684840694 -0.3224079570768213 0.36115368305582374 -0.004300329043533949 0.3985298816108806 -6.0839815052865875e-05 0.3630243275132609 0.38228224372393577 -0.2170705264312922
2 5 -0.11024076811260637 -0.07698964934823545 -0.5780172561939149 -0.2543084005336421 -0.46797758905068215 -0.2468017568918152 -0.07930080576249082 0.3952120335541082 0.08107390677790456 0.2974111318084561 -0.3242508208421943 0.4233197794631555 -0.19058386484398906 -0.23623524483484487 0.43531439356353463 0.3757010660526306 -0.17370142289337753 -4.283135514254286e-06 -0.38062693116303975 -0.49105477924778046 0.07937501420270887
2 5 -0.39437189134606804 -0.062237138843520536 0.3974518306783829 0.003990578134661679 -0.042234110705646796 0.17249358858903532 0.21843372273184283 -0.5281865741998611 0.31426021902037976 -0.056640942516267154 0.3394819170259708 -0.17669799896773775 0.13523055383484917 -0.1579313837011309 -0.2893925105651303 0.1445026134672764 0.00905973952592561 3.126095052618096e-31 0.6293565588276954 0.2676797314758147 0.3245830244003392
2 5 0.18086607903972898 -0.48499306350755084 -0.41936211292680614 -0.034301205113015064 -0.40613596653470185 0.12140407484879677 0.39918242529943687 0.20117934745861937 -0.10272651087210458 -0.27933472358552497 -0.17383055659736196 0.24288148865880904 -0.07157270328569826 -0.11045611789179503 0.4307071177549317 0.04459986931456882 0.06606891501702607 2.4861610479848976e-06 -0.47837439688451555 -0.23435025199599327 -0.15778912850655794
2 5 0.30903714574432656 0.001239865333323796 -0.1298308571704149 -0.43787186804604045 0.02009709336636017 0.07435559633257194 -0.023558939275320216 0.6397061356944251 -0.21499637080896827 -0.08579779541335433 -0.1109167798185778 0.3507896175515426 0.25607083349862647 -0.010358806848745161 0.34843474955103315 0.10509894171961204 -0.30350354572801114 4.7845998013248257e-32 -0.43950275556496 -0.6515134916425116 -0.026508536330546194
2 5 0.03375303726151303 0.31867388602569374 0.5476882998487881 0.14436786352929507 -0.16606100148680997 0.18326974347357322 -0.23295371584925137 -0.26245426711007075 0.13883725753616538 0.1074082462600201 0.06249520692620319 0.09802015363267134 0.4024949145568386 -0.1768678479404726 0.10506522416959586 0.11297887976697284 0.11569285039860876 1.8193142799235758e-09 0.40933282813550353 0.4244799343688442 0.12160723792269608
2 5 -1.1958818616181208e-07 -4.607380527447266e-05 -4.7263831694658637e-08 -9.996676528662161e-22 1.2762142962456706e-19 -1.7646405456398251e-12 -2.6071882307582504e-08 1.1015293159102035e-10 -4.6502366976248445e-08 5.3932024279057915e-22 -2.0330978277056173e-06 3.90075955815226e-05 4.2441350074907187e-26 -0.00011449665013501427 -7.828005947274055e-05 -8.928088860576705e-05 3.1021961947022107e-06 -1.671103159286687e-27 -1.70134119324118e-29 -2.5629324259419704e-09 -0.20484583616828717
2 5 -0.06724425569622265 0.34687778588163687 0.2821687836956968 0.48694782307110196 0.4594498659389166 0.22285310962857682 0.2218541369413302 0.01159937063132358 -0.13047087439802432 0.2860984321014187 0.23628411477489775 -0.35565831528486563 0.025590414496062735 -0.13107334532513334 -0.1945329883920238 -0.3366630480672845 0.34695220614278943 1.6520938883370892e-09 0.6772118280745733 -0.2925640823006611 0.13994717095737613
2 6 0.6558034730356965 -2.0747677188863338e-05 0.38509326692939416 -0.3469799325678187 0.16330750877764644 -0.10155197620400126 -0.06067007441346608 -6.0538894722877815e-27 0.6542410385696098 2.5601306924274216e-08 2.2591583186792315e-29 -3.1334442424829372e-06 -0.3911518903902268 0.2412641246362932 -0.5758302216720211 0.7051320917323479 0.43037415476126406 -0.2567970507421787 -2.4902995665008553e-05 -0.5391819417729058 0.022036786534487384
3 2 0.633411583771416 0.10740993171756905 0.03681712005918717 0.2299475733373544 0.463926223636148 0.1512834105224956 0.32730414259050017 0.30085002030306657 0.3494941323984126
3 2 -0.327834165599078 -0.3383327616459726 0.05302219818828838 -0.5226986967170532 -0.4333701802051893 -0.5586596328129018 0.5476828815573677 0.1343868036585783 -0.08459615179391432
3 2 0.0932323157001813 -0.09865453763872913 -0.02860404235326486 -0.21108065200323542 -0.46960509315823395 -0.25784278543298184 0.31437896233028434 -0.4826035192975512 -0.3383915968272062
3 2 -0.007672840201623074 0.04595050491396258 0.26654919439626745 0.3589564985624557 -0.23624129927404358 0.14350475674360724 -0.46105461354730737 -0.4247228831510759 0.15697861718934608
3 2 -0.41888985138368656 0.5039953485273999 0.31788776162802995 -0.24080647145519737 0.5762952984131015 0.45363764750600305 -0.3566704804113159 0.16920592215454688 -0.2491735881474138
3 2 -0.37425111356654306 -0.3307354438326323 -0.1550810508966091 -0.21788796044536143 0.4793557212751124 -0.39748116776229037 -0.09426242616171333 -0.4617830804002774 -0.2665060469493478
3 2 0.051038062663369674 -0.32882539367517616 -0.1255868711338504 -0.13966827558004713 -0.4128336372943957 0.25185027559499334 -0.16597786145222718 0.2694968264017103 0.26898102301476773
3 2 -0.02170046685806744 -0.5091740811940793 0.4307143916785772 -0.1965888914986764 0.27609600797169337 -0.19299210453506463 0.145397009031043 -0.45966953619161144 0.08608216131912921
3 2 -0.3779634801221423 -0.2780139982617535 -0.45236844774272605 0.7284969329683934 -0.28715657926369303 -0.1730935862926157 -0.2507898891594609 0.36785817366601503 0.2864669299408793
3 2 -0.35867213160570316 0.030981157700981567 -0.29950931276210707 0.08109702125455005 -0.23883681129642859 0.13234829943199475 0.3800384649145377 -0.5016047655811726 -0.0004892874035543323
3 2 0.0015855137947643923 0.27499647867405125 -0.3229004320859018 0.39033859949603533 -0.25231708298676947 -0.13557544773118443 -0.2642486228184681 0.5302786521519998 0.3047881909414768
3 2 -0.07513462162928933 -0.2365258441347803 0.40580068750372533 0.14785273453711628 0.14791929160397443 -0.49742089409339735 -0.34422966989138337 -0.3750259828940837 -0.5552582833471981
3 2 -0.11657596349401998 0.38132827422888654 0.479125955123117 -0.0579375227671043 0.4695474648642564 -0.10313879363337847 0.4341664890474409 -0.16342122565183326 0.33701892301754577
3 2 -0.3637962391811532 -0.32143391658021664 0.03505550088428269 0.065161051595823 -0.4249893836789799 0.30324266860149257 0.06838964238728892 0.11186559009274069 0.24451126983020446
3 2 -0.42898001077038633 -0.06364565491753685 0.10239672979969335 0.005235805048012968 0.1683553752639126 0.3734481109536303 -0.5189379396896632 -0.49463436786360243 -0.10365945593577917
3 2 0.05278195502314996 -0.3037104717643378 0.29793896774962014 0.32545784088185986 0.3374963565355864 -0.36541499221633295 0.0053270129966309036 0.28788066950670466 0.09253180940025749
3 2 -0.5404827306624882 0.055581032976997465 0.4361363951278034 0.12376780776975502 0.17690240060119902 0.05539982757843153 -0.5033564100621963 0.13281427469890353 -0.09143663787742286
3 2 0.009098367967503407 -0.07788967817550058 0.5037836967404847 0.5977222447384146 0.09188572652546552 -0.35912149070516225 0.524259961253626 0.010117655683408671 -0.12063544366844944
3 2 0.307562170387431 -0.33656006876433003 0.03282833221183386 -0.335026719579279 0.08203552218668336 0.2683039141339903 0.007069526558691582 -0.1410091650775435 0.2130629434688669
3 2 0.3586186006046068 0.30709069135830375 -0.3002084220990174 0.09815857768739775 -0.40987654817373204 0.29241526652523203 -0.4737119986729478 -0.23734837398210606 -0.522457055693878
3 3 -0.25603023480094844 0.14843958215795974 0.4229621707811888 0.35605076281795184 -0.9336522352174271 0.29636166383627155 -0.3048784901017729 -0.1170615015353806 0.13428407145959115 -0.03779503281566858 -0.055005026952374005 -0.03081382850859474 0.06725418262658535 -0.36772103495999964 0.22000101469829036 0.018931531061909306 -0.2475668400426422 0.35676470870427535 -0.04255211144315118 0.20594220614196188 0.10445367716165065
3 3 -0.5513671567025964 -0.3014274587974154 0.38569392563536153 -0.006933861357258326 -0.030055317635271847 0.323393647239047 -0.355546966417087 0.361497849831888 0.010940478611694839 0.2136976062937519 -0.008990048619787349 0.1617875521426486 0.13323247094277302 -0.2680691582668532 -0.30798625538547997 -0.26171795251432567 -0.0663770167781557 -0.16259005668011828 0.10595378441102099 0.20089059635167883 0.1848374895458273
3 3 -0.29585533370632067 -0.033636739073773826 -0.17392522293454393 0.36439730043258634 -0.22920663333745456 0.1374278693592525 0.387601679908399 0.17607247306806667 0.22507178333578817 0.41269593793977427 -0.2793409558499672 -0.2725039741219531 0.29435561907069147 0.2409885346988588 0.38903768221365503 -0.43993071495279223 -0.25438426917852436 0.16790630665191938 -0.23714940938656642 0.05699561165418331 -0.34041634817475713
3 3 -0.29702933890193267 0.07896237338964832 -0.09141199313661551 0.41680364572236167 0.044206618200800914 0.17103507326184905 -0.18623028182580306 -0.2774863641907972 0.2157875507498498 0.049513329970895775 -0.1786057436298488 0.01611124467656807 -0.3004582796350816 0.1555090332759663 -0.20673094167809367 0.22773168155427514 -0.28019711785666374 0.24917326324961717 -0.09576392708835302 -0.19531771796134997 0.06342664341579904
3 3 0.18505914567704165 -0.26366026367840584 -0.11337468849888065 0.29789100632503607 0.161014997327097 -0.4061820098363253 -0.20574423937004332 -0.030127221371718912 0.1204329507898578 -0.041996572433482635 0.20329238202351504 0.27056237263741423 0.4702612948746485 0.24369392891231798 0.20232159832077382 -0.2619720867532847 0.7547394667009393 -0.1051829094894501 -0.3555795903908537 0.1988215683411701 -0.09634660369591753
3 3 -0.19306321433340454 -0.4138604871139808 0.08375840465312581 0.3451002490111959 0.00020177111970885473 0.24378199768515427 -0.010732792663935129 0.12128198334889222 0.1416803157235077 -0.2158597723586618 -0.07290914335758703 -0.19387224820405055 0.06429488327790103 -0.06783112782668663 -0.4279151940912554 -0.7270559259618699 -0.7301099084858387 -0.4405517988878652 0.3458850702893018 0.2588454876833079 -0.02969349688665732
3 3 -0.3704838052801616 0.27135228241985754 -0.1677125724715067 0.36708577367979317 -0.561300740512009 0.017549114498486146 -0.11599872600021387 -0.13492432087604925 0.24104875699367473 0.22812191409014357 0.23252370781748657 0.33384653001499115 -0.1709085633308358 0.3465036637953405 0.07463816673800204 -0.23168294132760725 0.16063295946780282 -0.022570920356114008 -0.005517371504067282 0.3089952791097718 -0.3026477489000535
3 3 -0.029528841049425027 -0.007937590426938482 0.1646622912520904 -0.019524995446159488 -0.10030969828185382 -0.2832773103786463 0.385284947341307 -0.25907175483418 -0.45805996411744615 -0.2842412230057423 0.1301455622804577 -0.10806143888934769 0.014209592622915459 0.30236973834429365 0.30722991760824997 0.3702674594111025 -0.24400777615832425 0.5417692503217683 0.39364926264589767 0.13597801592513178 -0.10739149758172595
3 3 0.519601003481306 0.3307887710197133 -0.26770152420011595 0.1456336880676559 -0.35739596080785957 -0.013038233669168781 -0.000495271646814233 0.14442897943192617 0.020520848768893468 -0.10688466247154284 0.11455041710102537 0.36924105453397843 -0.36508868740450545 -0.23300194807482183 0.33839449930393434 0.16988329599218677 0.406114383571975 0.38875193993928414 0.08732384449079644 -0.12590574823514883 0.2435288602818861
3 3 7.197983083292372e-33 -1.254452997139181e-45 -1.2301147616152245e-11 -8.888676118358305e-10 3.256802987816603e-51 -2.643402029565006e-10 1.670201367133069e-44 -1.2145089396333242e-10 -3.909417595227552e-17 -4.87116720029681e-16 4.1738249476143785e-28 5.490963960933593e-48 3.522824670923411e-14 1.2577273874163352e-46 -7.259600516815139e-54 -3.485471750671316e-53 -9.821596181278868e-13 -2.2154091866346234e-12 -2.9591738487041795e-10 6.7732970523210545e-22 -0.37765811809909977
3 3 0.45795960803094465 0.2652639231961986 -0.2808123459002696 -0.3351156713361239 0.6955159202398351 -0.001940292836925518 0.3428605045539143 -0.1408463730892884 0.0812437827181147 -0.16143058212699388 0.2656052500794766 0.06515034657408056 0.364246000248562 0.1684375264203696 0.1639670008652609 -0.03746243416149749 0.05883332126996686 -0.6656955439359085 -0.15301599218819714 0.09880480401847976 0.29439017441163423
3 3 -0.17669098548177764 0.01846394000151773 -0.11735856858036248 -0.19246467612036394 -0.04947198086758733 0.09369079031496894 -0.43560058737479324 0.06870171988718365 -0.26351685872244446 0.012308872488092601 -0.05743335455985289 0.7326517147382409 -0.3135229890973765 0.31165560647190343 0.3085190753945676 -0.18043125400547838 -0.2754897570924285 0.10811686819609248 0.3587515139934416 0.11088230448374195 -0.11131922705834936
3 3 -0.11339892563232183 -0.38813542933434075 0.4708095568351367 -0.14279782123800866 -0.25556818808953663 0.31484419519873647 -0.10598764923298885 -0.09804311970306104 -0.05320672741842588 0.12940029957330162 -0.1420088342071153 0.11337980117529621 0.22470431020690557 0.09433922375755843 0.3550158879126069 -0.3559580018486852 0.20213940411710696 0.007400153448492181 -0.05773833414367138 0.26593572647548286 -0.1966760636990196
3 3 0.31353184216565394 -0.20398986153848428 -0.30483459269374247 -0.13231029817192774 0.08403216993323817 0.3156108648137242 0.34016338329670737 -0.09295923681983569 0.22199352528058572 0.2566079598714958 0.15001583231490093 0.16062388828971086 0.36892397788335685 -0.10053014850841575 0.15330614549601349 0.34512577257224936 -0.4164942324272425 -0.11257685197959838 0.23740756364826102 0.20340110178314683 0.08218617442609463
3 3 0.4142902744807171 -0.13081996092461595 0.2515585543047916 -0.10765201726008491 0.49020894152440947 0.35996714483492653 0.27944857077329377 0.16513620849620547 0.22615952479936546 -0.1480462097268225 0.3027355622698 -0.28575855073810746 -0.19460639631650842 0.4208276408067345 -0.23305802635544673 0.13973766437905188 0.11958628756031842 -0.1859447189654297 0.2880767971453462 -0.26109867339263587 -0.10554575705972802
3 3 -0.09948852690990287 -0.23147835817553122 0.3500595311923456 0.022138721055893616 0.15555284861349242 0.19390186114411767 -0.18030094595752158 -0.014672645377993194 0.19969257783886812 0.33714650161028714 -0.2846132036582804 -0.36276110077522283 -0.011124636649406463 0.09853338754438037 -0.2576728398294739 -0.23149486486668008 -0.2402097670652328 -0.03694655946709073 0.23172629344976933 -0.3222653309056394 -0.04286747539733296
3 3 -0.11212663901541639 -0.061190101093015765 -0.2410519661536701 0.29484296512189684 -0.13461583738367597 -0.1620969147640688 0.08146543925802593 0.3654923260913543 0.018967017583885862 0.23680497815504753 0.13252220247757626 0.021619028535462353 0.5115867361862733 -0.17486257636655247 -0.356158421446863 0.03380712290348903 0.028945069523068905 0.03798074226874565 -0.011031882221334612 -0.22307066621764116 0.18358470185406975
3 3 -0.5667049357894609 0.2992577336453558 0.2735763887484945 -0.2782125980891347 -5.1071075628503746e-14 0.40445476069083963 -0.07156589067972333 0.321919511556308 0.3875005485943303 -0.0993781456838308 0.060315947654337766 -0.1899607441704359 -0.07708803510984784 0.3381965613695975 -0.4048959076798254 0.16927913267027694 0.025802488287733964 0.4069436364061361 -0.11224134168602282 0.3162811351758182 -0.2656703741722119
3 3 0.12363847549066825 -0.28070719031357744 0.23542029771306158 0.03821710643963627 -0.22989982477881218 -0.17831837562086209 0.3026106265274287 0.4202295028679005 -0.2722937723435447 0.32137419407738343 0.12001678763471255 0.10822533409794038 0.04267413215267995 -0.11139481921891818 0.09978290866375115 0.4083627625299042 0.3881011728859596 -0.254717657054181 0.1470972613664152 0.039272535723265584 0.3401150938459761
3 3 -0.08403418899988688 0.027534569087919097 0.2580900544190924 0.17855363330754304 -0.1777626411063387 0.2672441351003572 0.1514597051243512 0.1702526413629591 -0.2609611812746508 0.09013225472061052 -0.22167556414630588 -0.00636054618297111 -0.359831490047545 0.2720451801099306 -0.2075205454295423 -0.2895895227517385 0.32322952360809665 0.10461087319986842 -0.0017917760892341842 -0.3176422448878029 -0.14943234546546755
3 4 -0.24687667268636143 0.09634234879626147 -0.31657051228651306 0.009619037242775694 -0.11543324656296448 0.353992149137542 -0.02166746670026176 -0.22212725092536947 0.04841680556868446 1.1039220550132828e-25 3.568825370984862e-12 -0.27409024156912265 -0.2539093137495642 0.3573101502214024 -0.3824183216611398 0.028044477477869194 0.17675188085895577 -0.20323214359048974 -0.02701314167735816 0.17934761331729937 -0.36177151243373584
3 4 -0.31520489524907624 0.19762743014006157 -0.21370391499682242 0.17395688155143024 0.33322437495184354 0.04556454274173026 -0.062216752475696024 0.06164439978448033 0.08498796103511289 -1.3253344676697685e-12 0.48707718975387 0.156983393398064 -0.10665342800941272 0.2573107736820485 -0.15546401125772258 0.28833516203224413 -0.20027202041043163 0.0922749082521767 0.2941905099613906 0.22434512325162748 0.011347860151371434
3 4 0.3747197579654735 -0.2887971321511301 0.07030170388251876 -0.21487325667947507 -0.09416215830960926 -0.3208235729687407 0.36040286657432713 0.35325208696331944 -0.1958636710604734 1.195442722248897e-39 -0.10535816108604505 -0.029056405172752018 0.45466340664335486 0.10638400603272663 0.2943306249936828 -0.1509310650845166 0.11817727250473511 -0.2033538296900195 0.3485434306236074 0.15765246219152887 -0.24810058802921026
3 4 0.2982959198046924 0.35494809881973716 0.27954535454315804 -0.19742435502445274 0.2983645898114417 0.39229986832277075 0.026530995512978526 -0.016705609337915543 0.12699167041231765 4.976820741063625e-12 -0.5054451290434824 -0.32610308171488883 -0.1811760567302998 -0.35107682190249423 0.2639703098440746 0.18319715307399093 0.22493068004447872 -0.0006585048934153161 0.1557213832556209 -0.326783564838054 0.08481465873483805
3 4 0.31802057289537755 0.5431230217402097 0.3251430357486779 0.15142322860989058 0.008963938365116522 0.46786280850228523 -0.05442178058929481 -0.2360237506876872 -0.06953039558845028 4.2003578175663295e-54 -0.49338951203753506 0.5334243356244887 0.8142347009725357 0.1238532754583209 -0.17491917503340929 0.32741378571402435 -0.23076241477485154 -0.03683221163340312 0.0952004689171772 0.17119593431313546 -0.37770033695509264
3 4 -0.38236972920256435 0.07274985729966262 0.13973820396845568 -0.28642916323756856 -0.017372730303559892 -0.004279612201963222 -0.09234024482289249 0.35359957691040783 -0.40158058983533634 -1.2177720791401685e-16 0.39816185817540234 0.15761474199408235 -0.22652283442798948 0.34145708784689266 -0.03351590940518217 -0.06236187200778256 -0.02627855678738017 -0.2162270585372777 -0.30591525526276303 -0.10762004500565267 0.2666785868301182
3 4 -0.14873790128515385 -0.3085487403429895 0.3491691258576867 0.04213035803373639 -0.35992868026450425 -0.23277675938267198 0.34404021250324174 0.17459654942069058 0.393303674610459 3.0592529327932404e-36 0.02657069325523034 0.21551395992743103 0.2341615972958869 -0.2831245177699217 -0.20601182111119973 -0.1977522171809537 -0.29048211323033585 0.3754886639899433 0.16065672235476827 0.33542064865376137 0.3455348117040238
3 4 -0.4443135132063506 0.2054220354839674 0.18749962486947513 0.15283463322238472 0.23788910249201373 0.5696789032451026 0.2071395381611871 -0.2880146405038359 0.1851014959852294 -7.957674961772328e-43 0.07942363879833428 0.009063920090783311 0.12567079217446914 -0.21066384521927703 0.24525729538190755 -0.28092019529230655 -0.062197295128431515 0.08326604470994696 -0.15730654419397166 0.2239379446244007 0.1408978214942014
3 4 -0.20367410330497512 -0.08879056971857668 -0.031840627728700624 -0.7012607409201668 -0.10171423605766228 -0.4315111597552157 0.043644692670135064 0.35629550361139606 0.1952368429089674 1.2068754223087322e-53 -0.2300308315183348 0.09472441888813227 -0.4274850656956213 0.3072397147508384 -0.3753937366901102 -0.23428412198390647 0.18567559824046367 -0.5222101397632963 0.28814387257476803 -0.11019199120185032 -0.08660951960298957
3 4 0.19776705807010245 -0.028173515819870196 0.18736854109197318 -0.04668567117772134 -0.31845394650025444 -0.09172635368284716 0.35188797825745044 -0.28234944580574617 0.2143405584200187 3.2409682344955937e-53 0.25935279018224644 0.3432207896973344 0.1865356883978633 0.10273438960042258 0.17922807354546572 0.3035000059149467 0.029625382046672494 0.06430231301711252 -0.35259387309806856 -0.005558488516317547 -0.04996376108421903
3 4 0.19419848822634905 0.03267115085828218 0.4595935774475225 0.3333788091566598 -0.4197327026973865 0.14016554771526873 0.045768506682997194 0.24206896714071902 -0.1015933016022347 -1.0565766526082122e-12 -0.46048602289340185 0.04804253469795228 0.1306186276171968 0.11928798498504962 0.03795069560077299 -0.09121174029348979 -0.3680269985885109 0.17097245882318005 -0.3378805889782052 0.07598301780778237 0.3232417425583789
3 4 4.331369211317888e-15 -1.1383385857285603e-13 -2.0447085995188122e-49 -7.992362537224928e-52 3.695741671901693e-13 -2.2085923560996608e-18 9.381656649427358e-19 -1.3335677941926562e-15 -2.898631965196541e-13 2.4341509219572023e-09 5.616465649586847e-28 3.96964256135493e-21 4.154104723287355e-32 -1.490334053213605e-20 2.7675854165053503e-35 7.014147402653245e-24 -4.5914695021519787e-39 -2.1926714288872571e-16 7.070812491643585e-29 1.009390354561006e-19 -0.37359487061303603
3 4 -0.26238579581851235 -0.11857582346116273 -0.3367731675575761 -0.3606893410411712 -0.028365792498196808 -0.08160610265621768 0.3963972874147494 -0.12044522665817978 -0.2758965895144892 2.7535531404521173e-16 0.42883810350607354 0.29131940830565306 0.06978303895936153 -0.03330765812311322 -0.03565107167187097 0.4176437376446957 -0.374310508055762 0.29663217103777745 -0.1305102103134126 0.354701255568158 0.20078625670873146
3 4 0.32977971678524515 -0.2193676497465176 -0.03454303633286493 -0.059896537854859294 -0.056404526703730265 0.2505881133409028 -0.11649559171438416 0.16595295793347686 0.3949086737673384 -2.908786388863049e-53 -0.09356535101551186 0.35434898368934203 1.02620271475633 -0.2539996872717366 -0.1442229648806853 0.3129958785820639 -0.17833493328522707 -0.04960942277903426 -0.11228274944736727 0.36999258324343326 -0.035242894258101294
3 4 -0.5511025454338896 -0.001523798228465782 0.006574005299674107 0.47860309655884953 0.22949648475112022 -0.5409275043845793 -0.1439736890703199 -0.37190368226621845 -0.3264203115839744 -1.5507723424651492e-42 0.14613065611722367 6.603251625782595e-20 -2.76999819134127e-09 -0.12418637288727086 0.17169777982531687 -0.948187164037212 0.08068251646599563 0.042749629281849354 -0.40289903649935727 -0.004164736920578598 0.09607313154090148
3 4 0.18171559433609352 0.2426224354090119 -0.046424810618245466 -0.043801410937621875 0.4038060553084066 -0.09989658156765402 -0.143261244936004 -0.26453192672304643 -0.30253486474467955 2.452872582110001e-11 -0.2997892444199297 0.05008449120526042 0.19482708439521737 0.007001389006223235 0.3515287521819154 0.5533782089760633 -0.1759430518444129 0.23803942997121896 -0.07972306009850524 0.31484601175286775 0.31064324820258055
3 4 0.43574471193399195 0.07266075635501999 -0.2963744414307524 -0.45907657350645803 -0.4305345547757912 0.10468715491721696 -0.19910363242151427 0.3610837452441067 0.012084673501554 1.0408979388127734e-23 -0.1171641380946072 0.14511664036856395 -0.27973515557366174 0.32340603390127504 -0.29496802735640465 -0.16559505693852974 -0.34462242177596975 0.35348537810018804 0.13045630721797502 0.29435641781028676 0.37309225055843137
3 4 0.4060974740466228 -0.39403294755131824 -0.26889395486782586 -0.08068069775096344 0.2859594728194657 -0.17864704046914565 -0.03088925420730207 0.1032621007400101 -0.15301273164699752 3.0968933711535703e-44 0.1457442360419038 -0.4261463460271919 -0.6286565553214889 -0.10348927966989083 -0.17319135405435318 0.11327662569570647 0.3743060169832776 0.2912903693386183 -0.1466270362550804 0.23748081241556898 0.2512315443639917
3 4 0.17223145294209713 -0.20552251725226434 0.3978983542931017 -0.0002848742829366264 0.42286585200589927 0.6406361958957132 0.41429092618370866 -0.3048668549275424 0.2952406369428811 1.5407446972725456e-28 -0.10028782438043943 0.06956969600152514 0.3280995584171624 -0.14408841792231727 -0.0004083835059242493 0.1662046080084218 0.22010588782943188 0.3453224181054867 -0.2990947338777878 0.5213898702138506 -0.03710187936122028
3 4 0.3652652012793373 0.07314747008261493 -0.1657836595964829 -0.24170862577138294 0.13181243626328368 -0.19617745961685437 0.35079608359224296 0.031397729726103274 0.05891024872874946 -4.0051545342928384e-28 -0.1724963379331837 0.23666665118593708 0.32566690225952705 0.16037615224927804 -0.09171402854996043 0.27051747550117394 0.20487316697162739 -0.17254474532322114 0.3591983889026752 0.33216401650814753 -0.1390602093098102
3 5 -0.0438708548793279 -0.27506053703951505 0.39415402185068643 0.26060738305256115 0.4664861020359593 -0.03196639141610901 0.15234240267808338 -0.16336582954200463 -0.0853431623510991 0.36558901253228604 0.27198043446334474 9.931827533089587e-14 0.036302350398849624 -0.1789089699997879 0.08349221623378211 -0.25468924646750957 0.16432821174991796 -0.704976760893922 -0.1815116177500747 0.15493607908500942 -0.07485155499574596
3 5 -1.3150535618627484e-18 -0.15788338606520003 -0.42155049142340406 -0.23814006258774673 -0.14718244145605164 -0.25475284133096304 0.07636306724755991 -0.2907846989167405 -0.15766974519326676 0.07081139012652594 0.09487669746102433 5.580170910758236e-20 -0.11471989998917446 -0.1943303560966673 1.5138216187941407e-26 -0.2855303128783652 -0.030721204786468694 0.18398681416046 0.20147200680792549 0.29753922152712564 -0.0689210399734379
3 5 0.003891569884563345 -0.26203770571565055 0.20050742869591737 0.16807829234949154 0.5359654642127291 0.35490624713153357 -0.14333701252603734 -0.14900316684065665 0.046659622786256114 0.17056535895252112 -0.22635285056856355 -1.1661150056697043e-44 0.5091789574241229 0.3653126979390517 -0.5322722442551991 0.4818918281407894 0.20614556326055583 -0.28660689100435455 0.1372099506252042 -0.0617387213351838 -0.2671606939116991
3 5 0.17758668473487801 0.07034884522970147 0.39900117560652243 0.11793808031994125 -0.5457349446979164 0.07368648336014581 0.3308860307954783 0.17475143842839377 -0.10930261327140248 -0.36779144507047046 0.2736610946980822 1.973664605614474e-31 -0.0011364026918487158 -0.4985984810020634 -0.6576357080194482 0.2481785697096374 0.10293205912329585 0.05735110296169817 0.033512671865378055 -0.3075298275576566 -0.2249910265929221
3 5 -0.051812760617015535 -0.4307184088844748 -0.30270248076554945 -0.10610855286220804 -0.252525847597696 0.01520982811632125 0.13561327849956034 0.2945941011596771 -0.1258550979289914 0.08723949037844762 -0.46034163965637126 -1.10131585766211e-37 -0.12161313588367069 -0.033047268905939106 0.5094742087842596 0.27191431892611273 -0.36781286727454854 0.24612690060737746 0.17040941325034434 -0.0076999284583460165 0.28834210813057365
3 5 -0.30060928532766384 -0.2523933562868359 -0.1662013857516871 -0.1922721848733195 -0.43644981656554915 -0.2762145809100497 -0.12256203497275421 -0.4482603766097895 0.3177888632514776 -0.543631137167183 -0.12773114114318335 2.2810106565695445e-22 -0.8825666750419848 -0.432955468523189 3.968825812266706e-12 0.24845698562125065 0.34256581597106744 0.035771021196625334 0.22179425925530116 0.3757187093287105 0.30793093100912283
3 5 0.30726148003542314 0.03448659877391074 0.1435869847105713 0.3028763231777257 -0.43595464518288746 -0.1441740814575392 -0.1440365869491424 -0.25702685502480815 -0.0759161123114253 -0.36467195661346746 0.15819440914838098 1.2993078857011666e-10 0.26137579884049017 0.006505069814152458 -0.011761713570313831 0.08270571348314788 0.1254667617582957 0.06603675849353283 -0.030367599661373243 0.11574316162871202 0.26720468962399974
3 5 -2.5119626039726056e-47 -0.002738816924270879 0.41013499729239977 -0.2561650494015999 -0.13663100085168275 -0.19465903455673414 0.3162543722482451 -0.07045855960549734 -0.5027685330479026 0.35217555539363593 0.3650508120414085 -1.4422616446911915e-44 0.19766410761583159 0.4225572545359468 0.2751195826365504 -0.5034722778347317 0.05055875166310026 -0.7967298110249251 0.07712557084597767 0.15193226390051937 -0.2601351540340973
3 5 -0.14218871922618243 0.045251420927743896 -0.2745969714583925 0.2485755678539937 0.4497550559553156 -0.17696629910050443 0.08786922988779114 0.2371901994709986 -0.18355312057333087 -0.008918939432234095 0.04697358974542738 -4.066520594342404e-10 0.4220553506739969 0.6523084163683595 -0.5319850416978034 0.2105316452079395 -0.290554411266641 -0.3962977219106004 0.44218436790508064 0.1352733460125884 0.09969972036406786
3 5 0.04136489465986163 0.26578575652799197 0.0004750598251862631 0.26228739636594245 -0.9010105338039607 0.1511932140745889 -0.2978570184358594 0.07978210657390981 0.2188664596840326 -0.23183496114887578 -0.13099352028424913 -1.2808552946288982e-46 -0.33748861905651206 -0.0478019556362031 0.5308176147565734 -0.18202617261240625 0.21551199730993678 0.36260489500913523 0.047590759366547615 -0.18012013543130836 0.31859008817264467
3 5 -0.019372398253259506 0.024924294987888996 0.207775385969977 0.2167096877985779 -0.6413261005075709 0.07531039298191168 0.27629769801650816 -0.147220497820632 0.08732218700035908 -0.07126200640989608 0.24649326034890962 -1.830506560110924e-11 0.10573205592071623 0.18118866213424095 0.46665143412486443 -0.3803120986762593 -0.24866166139187865 -0.04003345785575128 0.2059336959858219 0.016989556881007537 0.20376627468488984
3 5 4.3318485575228e-25 -4.6518681180627044e-14 -6.977542710442515e-11 9.345568927008131e-14 2.8312787600431212e-40 4.0195594854719854e-14 -2.181913244879924e-15 8.176532259702632e-15 -3.268919522617288e-53 -5.589493469671451e-10 2.9538913294342287e-09 -8.649931943293514e-14 1.267655992146417e-47 -1.6033323601560625e-35 5.680117630916463e-54 -1.0353563445572725e-34 -6.014947947783351e-25 7.374974501722429e-22 3.0661816178557784e-53 -9.888017224137984e-11 -0.12467030616378189
3 5 -0.34050813248260015 -0.14413658182200648 -0.08295697275229381 0.16087879404821517 0.639169111464576 -0.3301641255058197 0.20017548609649322 0.2625011715437528 0.04958656554712392 0.029196306521354947 0.19738657417839636 -2.912202722053457e-44 0.3012400780442033 0.2359569835913471 -0.5142076921878439 0.234284883806534 0.12290292842062185 -0.1835494804125728 0.023116188746658377 0.2893854802906126 0.2892219215031716
3 5 -1.9821973753548784e-47 3.290840287173829e-55 2.58930521145667e-20 -1.4033501634517606e-51 1.2318612411668346e-21 8.201137210475965e-33 -3.0010675931019764e-54 -5.3197615095386134e-12 2.492061073990065e-51 -1.6295643924163712e-09 -1.7957116076128198e-12 9.636518583854185e-23 -6.922562226203923e-47 7.807447868583104e-18 1.0518091693134718e-17 4.607030395018145e-12 -1.984926425624851e-50 -3.5412012151500103e-22 -1.4672037058839533e-14 1.0304374747904764e-19 -0.3870718428325479
3 5 -2.7819360921845147e-09 -0.3040869160112817 -0.12340215901797892 -0.33704692539385955 -0.029960846125854215 0.352703676878482 -0.08706802361208489 0.24001617275005332 -0.1820793254051531 0.16556692424196146 -0.4349292958655552 3.1181847000993564e-16 -0.29158676562438784 0.28997562600460947 0.30871851706916587 -0.285763329037185 0.1917566084835035 0.07622758515913006 0.17031829077355798 -0.6581119117553627 0.08968718247619531
3 5 0.20184042570558292 0.051314645115889186 -0.22230609975119234 -0.23270593037025486 0.15366977594999576 -0.10232215325219146 -0.09541648111022098 -0.39098906535458966 0.04270048644668874 -0.09816095980551272 0.24611259963338125 -1.1326006692635949e-14 0.019349251637863822 -0.2991351862456982 2.726744036219407e-11 -0.08532955412849104 -0.09313082116749949 0.24610708796378622 -0.11372953157841356 -0.30357676864241606 0.22111577882445124
3 5 -2.4933482898452047e-10 -2.4824752529378776e-09 -9.27953091456948e-08 -6.817332831265453e-05 7.453330092880928e-09 -2.129918849452235e-10 -3.431800414144715e-05 -1.7349696596270608e-07 1.2871571487656885e-42 1.5579675336487518e-13 5.199771748329451e-09 1.2241218581229485e-45 -5.392363505988659e-16 -1.2717110165382294e-10 -5.77930065778136e-42 -5.425584851369286e-06 -1.8259035882406098e-10 1.0148024395261822e-06 -1.6830002311681804e-05 -3.3302454662528326e-11 -0.0005931236931560845
3 5 -9.691748548745438e-19 -3.2475750682285603e-18 4.394578882386219e-45 7.543771187027805e-36 1.72051375909112e-17 1.0870821987306873e-16 -9.82511359111325e-13 1.1258261852118531e-41 1.7617703109284476e-31 -4.207312804500669e-39 -9.621155390017424e-13 -1.618277440173039e-25 1.1343594295282921e-09 2.0668879767853754e-47 1.0967801419191634e-48 -8.377625640979002e-10 -2.3947416042347236e-41 4.005792390359982e-12 -3.22452114555554e-11 6.130035133626842e-25 -0.3479568307856479
3 5 -0.2217846961651596 -0.09027271587246692 -0.3166151029847982 -0.11495559266587903 -0.5798600000337304 0.3502473032887535 -0.10199242006661248 -0.16860030076205287 -0.2105023356886797 0.0654504943639631 -0.05352183756037881 4.883894761838356e-50 -0.3954755939712916 0.05292146794047364 0.8564204166561474 0.18263455801731013 0.34084942748250774 0.25777055653434006 -0.30617330681051597 0.3180162295439178 0.3092319889537728
3 5 -3.9976062844248017e-16 -0.3762163545743848 -0.03782287237397729 0.10773275941490544 0.10965278319975477 -0.4415435361811069 0.07919072480963216 -0.2950628127890328 0.1312513919178275 0.09681238843371319 -0.05553877389880749 1.121010238816524e-37 -0.21493902526929323 -0.1430064195576579 5.6333802479388887e-14 0.19182364748677894 -0.5743499283437327 0.13081701012137742 0.07351376387808373 -0.1742206842138227 0.16615191151403755
3 6 -0.5017868736165754 0.4090852532275722 -0.4996606088169194 0.5371953091910922 0.1480205689999446 0.190549583605021 0.1354273926485811 -0.761684995330051 -0.5412990309708174 0.40743341232945807 0.04088393891945817 -3.1225334164145404e-11 -0.34546586968094856 3.224120415632624e-07 0.3648316866613007 0.15211213743065521 0.001736626094472967 -1.2437699608509977e-48 0.3961701594952561 -0.6065867220892134 0.4293230626602187
