Number of NNs: 5
NN configuration 1: 8 20 20 1
NN configuration 2: 8 20 20 1
NN configuration 3: 8 20 20 1
NN configuration 4: 8 20 20 1
NN configuration 5: 8 20 20 1
NN Layer Weights Bias
1 2 -0.3522617100069352 0.05455019617775156 0.01833790134792606 0.22866585453542437 0.0510110121017503 -0.032808267501218145 0.5836116063183335 0.7076896802914102 0.6375995290553976
1 2 1.7709930243655042e-23 5.891932728222658e-16 6.180071488086618e-21 9.487056284999728e-10 -2.2892441936583487e-31 -5.474448389895819e-40 5.722159380237343e-10 -2.0134079169225537e-22 -0.08944380961614434
1 2 -0.38998352855620966 -0.5436102179459363 0.3007529243541692 0.2784231487975183 -0.06909243266342048 -0.028985117262287686 -0.04030088138938623 -0.7152251407317178 0.017912515487351226
1 2 -0.5230869830124888 0.27133179121957884 -0.284479228657198 -0.17823599288307337 0.27545983846194605 0.2849723330807718 0.2205551995732027 -0.2827939111027734 -0.16782481039105618
1 2 -0.2343622251053462 -0.42803502884463673 -0.01908047886750409 0.3468936666700518 -0.38422676151935525 0.2856293721031204 -0.3615167586855916 0.10691514771231132 -0.3710888896712444
1 2 -0.2122658229168559 -0.04268212078457489 -0.09433389696578418 -0.6557138465834516 -0.36375362817138024 -0.5185544991218451 0.07339824136009611 -0.21316966848374913 -0.41079221150665707
1 2 0.05406556231911623 0.21436763156542926 0.009811539588378932 -0.31598210618697303 -0.17360421950268487 -0.3045321689561282 -0.35672362046685246 0.21122838048338366 0.48029209929665967
1 2 -0.21511400958038407 -0.20745170525812065 0.0038254511007583827 0.0361595284811279 0.16802695681778515 -0.4083485059697649 0.007031024128239115 -0.3265324325356642 0.2992160454853455
1 2 -0.10996213290311486 0.15451642041896285 -0.023529094852486474 0.1330963638240411 0.001898327439531297 -0.05259731734005963 0.18843636876331565 -0.3553209206494427 0.18460701193889184
1 2 0.29628859470085 0.3683277091849277 -0.34845725771037067 -0.20821827911697277 0.12110688678000234 -0.2224833413874069 -0.015087719458314377 -0.29899821150616296 -0.27032434618870604
1 2 0.40917194722624517 -0.28909682818502047 -0.3767082754784015 -0.05193249987902244 -0.22427970235864186 -0.19618764510842543 -0.5042234267136709 -0.38657050608888066 0.3271864795813726
1 2 0.36896405003137484 0.14653973871043383 -0.0445460334806211 0.19227667100562232 -0.3277880968751255 0.33276017161936994 -0.3590172039609041 -0.269100125074519 -0.40274596409975616
1 2 -0.29368261342656526 0.26127944542538145 0.3593175115319503 0.17789736968194755 -0.2594263358223968 0.04161878701249113 -0.21919403537615667 -0.29904194999532424 -0.07205271595968533
1 2 0.13089104930328352 -0.3550779314796629 -0.0416571206261406 -0.1868461385057748 0.03522582474561828 -0.19401990230230334 0.42882434219659493 0.16740374115102663 0.6005885635304662
1 2 -0.0989764959665662 -0.1412429391096781 -0.3736629143380736 0.4822455115067475 0.009287687097165738 -0.3664124785490206 -0.3686397173139268 -0.4988462287201953 -0.051458063041294286
1 2 -0.26974917400197795 -0.13746266349865285 -0.2580870744507125 -0.14654010914020069 -0.3392166368759534 0.2569180759332697 0.23535476509891046 -0.4380095879333895 0.089612653820309
1 2 -0.2686403318196063 0.3830895378162162 0.04113727314336735 -0.38977610255820644 -0.2291371294232304 -0.32720724135707924 -0.041025604561147636 -0.025497126124592675 0.5344360440040433
1 2 0.28296742543184283 -0.40704597087299843 -0.4496583174531263 -0.12700323059782812 0.12537717477457613 0.09031299630036548 0.32969775657834494 0.16151081529504413 -0.32379192409014856
1 2 -0.6991590555561167 -0.41771146983192226 0.01772095437367416 0.23252797059889627 0.06094213100097361 -0.12246613339504857 -0.3961187095206165 0.4978411767860745 -0.1871002131497452
1 2 -0.2360691597461892 0.029480747932644293 0.013948491213524256 0.35536826397751464 -0.029140278960451998 -0.21262851408469333 -0.15581726568165116 0.2738610119672859 0.5112556343134438
1 3 -0.11431710207427453 3.01929333138442e-17 -0.0907730454508773 -3.7722993391962984e-14 0.07616856143496754 -0.01864887598574765 -0.010523602470843484 0.026917502590124084 -0.11284531519483468 4.8893046443917785e-51 -0.17419376702031608 -3.61816529586674e-19 0.16793001275818636 -0.012461579482705466 -0.17483421746297054 -0.1796330561256118 0.04216145714038268 -2.9015156871776196e-57 -0.07743263407639903 -0.17731631374307616 0.23941515438475347
1 3 -1.1760541134706627e-48 -7.612084256854225e-14 2.3153699744850217e-20 -1.771322758702092e-58 -3.47238724120537e-14 3.613692912106248e-56 -2.1254251377584366e-24 1.3905154123764332e-45 -2.2802367275998522e-12 -2.69656658755608e-31 2.9294125268970045e-61 -8.859413640067523e-19 9.12872855713351e-22 -8.234553874682481e-18 2.0637526186247395e-63 -5.155479341447157e-17 -3.8284371656545086e-51 -2.5118758776442503e-54 -6.337555752937539e-28 -1.7703367619899055e-35 -0.2521652165374725
1 3 -0.34232340828409447 1.8503830833140487e-13 -0.16276340444539478 0.18215188285662878 0.22162119304872888 0.17928866858877557 0.3634765139585885 0.22937719966265607 -0.32986023082563226 0.22873961184856653 0.3398263760047597 -0.16113472236410417 0.17035640664855228 0.22938171482322187 -0.39059823378424996 -0.30444540237767526 -0.1400624739432293 0.16430191449758128 -0.15315731372124797 -0.23859004369981354 0.3749748330377797
1 3 -0.9443534444929083 -3.784166539816053e-43 -0.45502457245873495 0.3253246615639724 0.37924888766310483 -0.1412051652312623 0.5547822200122362 0.1401758018972548 0.2501033470179708 0.2172662958262897 0.35038223408018865 -0.5928451890125074 0.07437999414172101 -0.3670970609741685 -0.2714714046309869 -0.3581153019241041 -0.10308004395696507 -0.17136021886853117 -0.8152171577046629 -0.10164753622002792 -0.018333166246548162
1 3 -0.7478313408556801 6.426002489555051e-20 0.3970216324663032 0.48295296503685275 -0.3590668374565144 0.4912300409152051 -0.20430985711910607 0.3281184351106391 0.41769845559066915 0.3851192716068574 0.005766283713699973 0.4730436509162977 0.42031321019476187 -0.2545040679574297 0.35686596880873567 0.0881685283759825 -0.20516424318231244 -0.3602546142685171 0.5343509214200921 -1.199920610072232 -0.4188618595444142
1 3 -0.60609273976957 3.234834652452539e-27 -0.1344434253172769 0.06071580820077039 -0.007183485238730914 0.09062680260355915 0.32747004581537986 -0.2660643672013079 0.11034446708806062 -0.037435124223080554 -0.35935458922834246 0.010525151367635141 -0.4242539958429287 0.39239513265439624 -0.2480828298796543 0.07982279494230435 0.3947543015656585 -0.33705728208765845 -0.7707620334988239 0.2500901390211921 0.36368246535380017
1 3 0.02441277349261777 1.1273151568320557e-14 -0.15214743583560644 -0.1965835862715864 0.2582155465059465 0.10770767488237784 0.1428516809643171 0.0709301123672808 0.280329699238714 0.006079186127036225 0.06857624207185353 0.1626765080509594 0.22673186983666338 -0.37943283655311066 -0.004191272948142287 -0.01831421084340685 -0.252269449048892 0.11670126856323487 -0.32476001587753955 0.02728421593433539 -0.06032516131283952
1 3 0.10116024940428794 5.860577575541929e-45 0.03939713579401095 0.3637953206310398 5.326612204233851e-53 0.1330578957216197 -0.3081591071204764 -0.29619747264036245 0.16209407637164727 0.044870863756256464 -0.3710087955484961 -1.3041812874340675e-57 -2.884022503137699e-08 0.1144963184138534 0.29620971755492276 -0.34709608252785173 0.2531588764411628 9.980369023035383e-13 3.759780346786444e-60 -0.28609538325570566 -0.26216063914064713
1 3 -0.30076808727813675 1.3291201036658235e-53 -0.01948238951448492 0.04136118734686238 -0.7327535712270858 -0.40363488455473445 -0.13206749928122155 -0.28292461496319454 -0.22621785745667972 -0.5062215072668694 0.390317805292979 0.14679299343440774 0.09932231765409662 -0.24608365031342622 -0.3656013788957395 0.24620765449957344 0.10441613822472025 0.502899977128568 -2.0008453680167535e-17 -0.08467980479040652 0.023023685645235676
1 3 0.15655088311745027 1.1369493859841048e-54 -0.2591886358159842 0.16042441204507937 0.04893394934182324 0.21869669467778263 -0.42711830833160014 -0.011596620425280752 0.2575340858987407 0.01530043597602722 0.14917202407416535 0.4094971141474586 0.2721882013421709 0.2624212554235978 -0.04175317739235229 0.19851595415161866 0.3122467071706607 0.08032022538583475 0.4747878774345901 0.3017976783740041 0.37610505195858956
1 3 0.4339865438861336 -2.872161559214208e-12 0.289130712874281 0.24932795909052122 0.007004750933923232 0.15809834740596646 -0.5318900392542755 0.3941704153680839 0.3004408563705921 -0.0020203442921331144 -0.002861841810817955 0.4162146037482564 0.24949243360466686 0.04642324935559018 0.2978357848661929 -0.11565958574935375 -0.21513935109229385 -0.1446570024124023 0.4958969753646333 -0.19347333226652783 -0.1058690985093573
1 3 -0.15257345820434756 1.7681804827462486e-26 0.02270712771537471 0.2349427526200256 0.20501429026575907 -0.35226887227811204 0.12181975210465298 -0.08625561003251765 0.205755227168928 0.038846401715683335 0.30675506719685675 -0.458028779141909 -0.4593843937309542 -0.11038552109600272 -0.01259332343872801 0.08317943190181402 -0.04096678051845186 -0.4618018870855416 -0.26051752555660707 0.21772496832943816 -0.2842568825206874
1 3 -0.24500071616556185 -1.1243369369208611e-34 0.11514113540754528 0.14694350313208968 0.1453135068686295 -0.2910784922823597 0.214190379059501 0.020848549008085734 -0.07949409961782804 -0.07288965275213612 0.2044333623969579 0.01778715241813875 0.31535644283961417 0.18919358849161363 0.02050944843923536 0.23566297059202124 0.17140744285220866 0.18454051829002455 -0.34550413938038105 0.2952145167130708 -0.16610218172184923
1 3 -1.2543111926263532e-18 1.2458133369476932e-41 -7.277139204163635e-17 3.821198188730955e-09 -2.2082615564483183e-14 -3.3616900933783745e-25 -7.229507494401384e-16 -1.559081867805801e-13 5.334749780114892e-14 -2.744031454510048e-20 -2.83760827009981e-09 -4.6716183662928995e-61 -5.514036293131817e-26 -1.9783232218987777e-18 2.3931568542678934e-20 -1.8708236228567244e-09 -1.553918699375077e-11 -4.0661428890611003e-16 -3.6363330933576236e-12 3.579918572785254e-27 -0.005445419252422768
1 3 -0.025789671058803174 -7.092398899451669e-34 0.019674885623198867 -0.09058094312325723 -0.09339474019138884 0.0003809080599022862 -0.17876148593763572 -0.2940026335409692 -0.34142520648356006 -0.3151124085873491 0.23188923590023977 0.1656906986637363 0.2421597255305552 -0.18396228784497132 0.3459445318104123 -0.2589142680596814 -0.04054694654054391 0.297657441210771 0.031489156115159365 0.07747524812202101 0.032940234630737
1 3 -0.0013172053972908058 5.349016168868576e-47 0.08185624780540027 -0.009099651292899047 -0.2659720614856855 -0.011031573776193591 -0.28923791797535153 -0.17525584884357565 -0.279313754873413 0.08409028807493833 0.029673527460027233 -0.46822199640745 -0.3693280756386119 0.06125177764052195 0.17714728681886285 -0.024871139555111676 0.021191130098773096 -0.03533427884623432 -0.3327622765270479 -0.14919593613757268 0.2914482927280324
1 3 -0.008758084913721629 6.2479805245271254e-52 0.17798321449120125 -0.17873530942138166 0.02482388173869751 -0.15502447724793586 -0.30383681348639097 -0.25112385752835675 -0.012573958007795727 -0.7359885955187336 -0.16564922422258502 0.35492523709572243 0.17047887450505678 0.09068450827042365 0.059838635230386315 -0.04775006952774753 -0.1532962880293292 -0.9067370104638368 0.3011969158462769 0.26473589279084575 0.2978038415309932
1 3 0.0921455626021284 3.6055281904131844e-24 0.16715510100750616 -0.1502641348383365 0.27461859043922304 0.29715287028978593 -0.39912018037393704 0.28323559768682277 0.16954979796612935 -0.23055204328676365 0.08940333580375774 0.4639189283886242 0.37402627556804696 -0.1987291824491798 0.07558017879216429 0.4158606015223413 -0.346032134507366 -0.7456607564167601 0.34460398633461425 -0.31556850485660204 0.11613230956550609
1 3 0.27659072363617315 -4.237078864666206e-15 -0.02377472600089593 -0.18295564746005502 0.4136730145690439 0.0025196072204501617 0.24798573223489953 0.2962347421552566 0.3922915959274859 0.14926141045190186 -0.005402417902689951 0.3066332249323664 0.10809702146284575 -0.2963896294341881 0.02964268907612723 0.3485101235948853 -0.06779002196101644 0.12980407781470915 0.44091421244406037 -0.2963690875379627 0.16696965669169989
1 3 0.1002415312413171 2.7039648965467427e-16 -0.6140139596106394 -0.24253742466304784 0.4267095546854956 0.14933341446480627 0.6492140367218907 -0.2830336997025201 0.15096928152207115 -0.0320176068432874 0.024680926621221715 0.44220754424132264 -0.2786491608537029 -0.28326351587768517 0.39138125025021014 -0.6438980070106342 -0.0009228137726490223 -0.23921052203452273 -0.8120690930292693 0.12795525401984095 -0.3421791255227605
1 4 5.037903213380239e-08 -5.3464573162533425e-58 0.37460982700517903 0.5942775941738304 -1.4355832337153758 0.868639366573901 0.345903025300406 0.24703093812385624 0.9827792416195628 -0.04857459190688441 -0.4105209777230459 0.3541952320096602 0.08724486186423705 -6.579037165462882e-18 0.47288206300757196 0.31770706624982614 0.8833649131306318 -0.2649840938467143 -0.21031575494401275 -1.224225684750815 0.023647450528526265
2 2 0.30918863536545926 0.3753536042197851 0.29128336850998315 0.49053484893958554 0.313401102405513 0.1656532601005346 -0.5288602144918407 0.19640963336773715 0.14995266925342635
2 2 0.4756032406704219 0.2714818374886573 -0.49606859906674206 0.3740938660799924 -0.1573241818464058 0.07176209196081539 -0.12504188220382134 0.13428327822559896 0.4128750107389527
2 2 0.08796727459145057 -0.37259389189688247 0.4732857503662145 -0.17689344929659626 -0.09145428301764817 0.5500987022544667 0.06572310844222505 0.23234626945480286 -0.10091546297381489
2 2 -0.47215207972081313 0.3140265588895227 -0.10831902956950035 -0.5216259167089469 0.09794679025822348 -0.7738860782253967 0.2649798052081944 -0.36004584993421307 0.29462233098461177
2 2 0.07209781246508352 -0.32687474796273647 0.07832771511537612 -0.02085800119565349 -0.019445542983625663 0.0018288151519001898 0.3186888676487953 0.38947326435017293 -0.3872364801941163
2 2 -0.6218428096580096 -0.19450600893831343 0.19464691985056956 0.24980434250305628 -0.40425214183269587 -0.01904860284400046 0.5263380485569492 -0.3781678572786536 -0.14247260567318454
2 2 0.40509154090979826 0.22498183852346368 -0.3204115038073746 0.250237055674145 -0.38166791765156627 -0.1976481689719522 -0.3855935782316005 -0.37486599336126825 0.09127087674883658
2 2 -0.12439312372036558 -0.23586558205112476 0.3643292757114165 0.18188688633574984 0.004958310551378302 -0.16663538986517504 -0.39807142211806384 -0.7230297833951139 -0.12744461702744675
2 2 0.21305836538362125 0.18088627349560213 -0.4104072784901756 -0.38442968295407776 0.1937771450228652 0.2589357436801257 -0.10407242984127757 0.4549249506116374 0.08370458144242116
2 2 -0.191556165191278 0.1315106330156949 -0.24135122516686214 -0.24189200792440527 -0.375659852219616 0.020587617835553605 0.013201788291650831 0.44132649397715235 -0.07788908760333516
2 2 -0.4395040607142279 -0.1618855478811971 0.010686532040322737 0.22723949843438357 0.13848986357985538 -0.15607037874667895 -0.23094254747486778 0.35996168907268533 0.606962633133324
2 2 -0.20966133547427188 0.2533541718979014 0.0009904450308037547 -0.6116206028314495 0.13604089087854826 0.09016422158478007 -0.5989258811885122 -0.2598669604465579 -0.4454078738708368
2 2 -0.5768681416187781 0.5903585854922021 -0.1506626297886577 0.4198943839434645 -0.10116216873828691 -0.03881316373765769 0.24788149962147163 0.4669962420246486 0.2650468647499887
2 2 -0.2526206618459121 -0.21083297282075844 0.20619506193076192 -0.3885599242163374 -0.363629185322743 0.3109652095276245 0.26236355431533603 0.4777446015901604 0.6207034238567236
2 2 0.22496371668533793 -0.44037960475679794 0.07549782494255734 -0.4953674606147437 -0.40291389392540905 0.08443040551898653 -0.016170826489974043 -0.6759088950308985 -0.2501606636964913
2 2 0.06301722334954737 0.44623668680593787 -0.21401400582750468 -0.4287070517031699 -0.3472320889178217 0.23330547246129357 -0.24494924568961415 -0.100098244070575 0.5126677419550564
2 2 -0.03337083025015553 0.07751008801586272 -0.28345498616731757 -0.038867747045353646 -0.0065564685793557806 -0.4821394745698098 -0.07319966517814756 0.13559502019178316 -0.2595258318727064
2 2 0.46176480929515734 0.02881428949893125 -0.27063443358102873 -0.194386406296957 -0.07590693512125322 -0.16434429845895945 -0.34448661973869926 0.12429889431305705 0.5934154740043296
2 2 -0.6089682917970123 0.03492691988375515 -0.3888895025719175 0.41639364689761665 -0.14054700484326269 0.3477530166267628 -0.058596590988004835 -0.6481760029228935 0.1414128961943112
2 2 -0.08542970012901908 0.2185118845397405 0.19341426922476274 0.3419210093145222 -0.17613598544999248 -0.23656844112938807 0.5530975250964574 0.3873833353019444 0.7514836414149152
2 3 -0.3298437982663752 -0.17663684008910002 0.29252642738638546 -0.3039625028376817 0.08872401163412749 -0.3139960402029619 0.14195958465547603 -0.3329663389788455 0.00758900160544394 -0.36977168911545905 0.4212336804774606 -0.9037253243559973 -0.08170426895807105 0.33263557826979734 0.31185355175081575 0.2936544451592603 -0.049181609432248884 0.0361897453145341 -0.16392046557235973 0.6232054055530074 0.06688263727535816
2 3 0.2550994861895144 0.0922190020793458 0.03577873148284687 0.0612344998262934 -0.22489913304996734 0.4638728547054441 0.15467933123971025 -0.09590054501911968 0.22425303222332632 0.13887406576848935 -0.3592054399222377 -0.1189014206332036 -0.19412223656498098 0.03411367732097782 0.13279116572440797 -0.10036432725479147 0.20149902910574954 -0.22848368709893221 0.41229485996208565 0.056977006909617 0.23310232306898346
2 3 -0.04735569013837173 0.24673618560708957 -0.24622242548067028 0.28749900323159344 0.1879778278618458 0.2081864258011756 0.23474184254553074 0.1351892427617971 -0.3900593242872585 -0.2290616803523743 -0.2678535848728152 0.2949684522278856 0.27176409892756304 -0.29072817581301263 0.25634715259192453 -0.08200677147336595 0.29164302271279624 0.30000957061684436 0.3844353832592703 -0.5054406096976757 0.21587140582320435
2 3 -0.0455431723819006 0.30514002521039746 -0.27104002394309706 -0.3004350382521763 0.41210669230650776 0.4478528754328433 0.21903064472246295 0.23885408216988996 -0.2510196511412384 0.4130357097798469 -0.1307463640222758 0.11161118184822343 0.16700366125147734 0.20820260557070516 -0.03270913963565941 -0.37255939303985197 0.46206435479191593 -0.32065104184372056 0.21577562322142557 -0.320947872554396 0.10884704892597381
2 3 0.030054157567389928 0.37460214708405737 -0.37745859127899317 -0.26657849264580225 0.0742464684634456 -0.18220266066739943 0.12112073463315565 0.2106002348280881 -0.16830312955136179 -0.22736049826164445 0.4780559782512514 -0.53183243140372 -0.201043991127995 0.23236067021305318 -0.2880690402221134 0.2350338948896491 -0.29453428248735913 0.15168217656981814 0.031982969432271614 -0.007535070933583461 0.1960067664824792
2 3 0.19480653522450822 -0.13127154719295214 0.18396193663322466 0.048163875302316694 -0.09443865581614734 0.48201874436303926 0.06617244848758479 -0.22140612272720436 0.0317769666055784 -0.06924201661766376 -0.20225386351224797 -0.006404217906544046 0.16427304477369434 0.23985114869568266 0.34807223668170056 0.005544252014846468 0.2861623709106729 -0.005390938164237447 -0.016885978325715808 0.007989485409338103 0.16221871073984903
2 3 0.09856478186823654 0.23437650040163813 0.1523421616962987 0.35509730424258457 -0.2095871866236367 0.1922525920714862 0.11543896795110725 0.052496006382465245 -0.27830857425073835 0.2712830960130919 -0.4372574721583183 0.617257806103243 0.4508148972112147 0.007619010298468794 0.38382382726753267 -0.1523184753489335 0.41319360350811296 -0.03492437340630723 0.025793972348609827 -0.04771173635884237 -0.02921782628887844
2 3 -0.4241084986321631 0.14086605675126476 -0.8729182089671303 -0.46199621486814574 -0.16564344865517455 0.16864560744531065 -0.1241013614187436 -0.6142274192571359 0.47856527908304836 -0.08485097109761423 0.49702596778243 0.14861187649038463 -0.09768023455688395 -0.0896629547824494 0.0360639999446059 0.42591973210306544 0.31405994260685804 0.4729913359952452 0.23275700679172798 0.24874149891919198 -0.33523736374885477
2 3 0.3443007986038328 0.03333759520486101 -1.476350269018394 -0.0790604182225109 -0.010671220243404934 -0.3984291044172212 -0.12973173095307675 0.22354428007265562 -0.43480758910897643 0.1905028961842119 -0.18210521812499847 -0.6756499700868411 0.271266978406598 -0.04908501423016577 -0.183847206003303 0.3602818220585617 0.10506185491860508 0.23004649978349961 0.16088109633433922 -0.08468005621158575 -0.3216146403952266
2 3 -0.002343171840000225 0.13452497245029263 -0.015612727090318898 0.38563214656937506 -0.22722090888418034 0.18328238759828155 0.16924885226119762 0.283692473732798 0.10433581621715131 -0.06405332885311037 -0.29867282211879786 0.37178126668735206 0.46657900082113346 -0.057952702570453325 0.41677597801747934 0.31769821856490443 -0.06306377120383622 0.14953618478625857 0.3981973403018182 -0.37607252929325174 -0.21065915958086176
2 3 -0.4267850282825915 -0.18330800904140712 -0.0796529017122817 0.3624363883528278 0.40174109879532827 -0.05666188558564635 -0.21181536537189707 -0.32150609641998296 0.4917506829562972 0.16357555102714802 0.04980780843025331 -0.310668043055334 0.07084101346738539 0.5047218611729359 0.06090609246230785 0.406636493097178 -0.03810347228452352 0.5646381605056762 -0.3381740181183379 -0.034750899028109426 -0.04858267207151207
2 3 0.23070652026314903 0.4338834287243162 -0.4013663459823285 0.23908550641239898 -0.44333747523839023 -0.1241071404791159 0.23418830317474126 -0.19045851812724504 -0.09679449740057221 0.006520258655850907 -0.08213039895176744 -0.07117435400976992 0.33529476365429295 -0.2444473741626823 -0.4100341833720173 -0.1967863767074294 -0.017042105612426802 0.4520676936468221 -0.22547749661796576 -0.2202920866872674 -0.06459588355602164
2 3 0.5196152368990734 -0.1777683684137477 -0.0715636901471714 0.04894874955956924 0.10247245939410035 0.2655292438529513 -0.3522552927820154 0.03200049811538095 0.04691110530761241 -0.4912813234947678 0.2402107498388214 -0.9921957097295667 0.2879653033845665 0.2482907664171921 0.09769947412778482 -0.28283942629121933 0.1760701292792253 0.17359691627873086 0.17931886411373738 -0.2764056002232495 -0.3723774924763887
2 3 -0.18460700703493535 -0.014791742490295223 0.00983099232854923 0.051090030890973505 0.00011900013619623051 0.13581095773069504 -0.11733722038564776 0.3967539918402918 -0.8858175328276203 0.3270168239596397 -1.241277232695922 0.7233105237553618 -0.032065644626236026 -0.4871710152025754 0.26240443003251623 0.023104526578799578 -0.18761576371225755 0.23588463671792437 0.34669337506545 -0.3797980327592441 0.08979848632514377
2 3 -0.39397662437717373 -0.4369966846521013 -0.1487674395727547 0.09633340911225582 0.19113667297517034 0.23942204876987355 -0.16896762946389232 0.42437681714421027 0.22468466530108938 0.6688608641949944 0.4357529748463505 -0.025981134373926358 -0.2622289450382492 0.08084860807563583 -0.2568821431440258 -0.7944800533967769 -0.04912437917330107 -0.22739911947915695 -0.1982394533361073 -0.19983975678858637 -0.06237261367976626
2 3 -5.104621979117717e-16 -3.841040810426515e-39 1.0144315112100245e-21 -5.013776861346218e-12 -1.0576758406263499e-47 -8.049242682312969e-14 -2.571875104064118e-15 4.10145198207582e-40 1.6626311494838563e-35 2.6569823392118407e-11 -4.1465602967623516e-51 9.61229617904619e-13 -4.939429777944126e-45 -4.396609223051596e-13 3.5836524494140916e-18 -5.601118608157917e-21 4.896472401611766e-16 -1.1747373435128546e-12 3.11517143881352e-15 -8.541220487222025e-27 -0.30152296634366654
2 3 -0.28161379248052254 -0.09652824820393142 -0.012600744223869264 -0.17917689080148969 -0.11099877820218532 -0.11699691144280872 0.20220296929630865 -0.08108306471271123 0.10898977576636144 -0.2629340068884615 0.3868072942535057 -0.047343066768290955 -0.27702815314333284 0.3763563351514332 -0.380619549061146 0.14631121168612288 -0.36665377587081677 0.43466617815967606 -0.3473899171454385 0.6298585048321799 0.34904243196833173
2 3 -1.5894127112413194 0.15099506746981886 -0.5682592960717837 -0.5114869121695839 0.03577846749961851 0.22471887095780788 0.1573919339110354 -0.1473274535877303 -0.12382233510892486 -0.8872643175250815 0.4129148872050758 -0.0516992262729611 0.0008620589149138482 -0.29761225495436117 0.15382737612040948 -0.31475450761954327 -0.6604719395488599 -0.09390363807021251 0.32245359405428375 -0.38210323285864134 -0.3437082978838747
2 3 -0.0958073952463461 0.16237569027584256 0.30382786673145834 -0.20677325698728208 -0.03693467281346656 -0.026447789484652852 0.10808162044360473 0.05243022816247615 0.2380603041953028 0.5963607596603944 0.11456616352536261 0.30950109365387984 0.3342820487838585 -0.22045877715628664 -0.15499872047333293 0.06623197829908814 0.15081597166274685 -0.35899943734292805 0.15379828439863183 0.5923195677368762 -0.36512194417156135
2 3 0.4031153374415212 0.35283120901951326 0.1504007276527326 -0.46995019780490616 0.2043017612545846 -0.26333244924651295 -0.2226158229002311 -0.5075744743372952 0.2693903527298787 0.483773859278953 0.8456343696346532 -0.850102064207331 -0.30268882546579323 0.5271966335496094 -0.46537994636916763 -0.18441946731155376 0.20104553650677384 0.4806717283354273 -0.1536549355924309 0.7318543101769805 0.07072037221719217
2 4 0.7584448693613333 -0.05533069464381328 -0.3992186995037838 -0.407142137514859 0.12281343697495714 -0.38164609266506605 -0.1285969745990195 0.5970272281937747 -0.5996502063163386 -0.15385737353991075 0.41734780301193775 0.5185486108700683 0.05250602936448656 -0.3833135739765967 -0.6302430344652515 -3.3629545769389885e-15 0.6061672955270125 0.9203528238158273 0.790790695037058 -1.1961172136018132 0.09591934291477767
3 2 -0.1894695383691051 -0.05890469642226391 0.18020968688769934 -0.2757222849647601 -0.5061396950220436 -0.1914858027277868 -0.19492118640368747 -0.009310528884314507 -0.49500605714828744
3 2 -0.3437038101921288 0.6652100846796011 0.12211670865812416 -0.13290685298260246 -0.18053901655485735 0.06627179405063555 0.25162944592724795 0.10527986429396617 -0.08726413595686285
3 2 -0.22658379581487945 -0.3051283831907442 -0.12423003552628757 0.2509016392275049 0.5983117232957929 -0.2734914169129377 0.028992685476954487 0.10629212434629044 -0.20134483712700238
3 2 -0.34987318300874326 -0.16680496527690844 -0.26503779683679485 0.39049967406968145 0.25021978454247484 -0.3546912566825189 -0.33351719915821487 -0.6236849245066166 -0.1833166600321206
3 2 0.3343902048027305 -0.31806503497432853 0.575719395752799 0.8083030082785174 0.0005711630010231081 0.3201784052436392 -0.25935520217785485 -0.4178818655968546 -0.3610351851448392
3 2 -0.44294815739056875 -0.07297723193212893 0.2365684654044523 -0.07955373411375903 -0.3180784196701596 0.1310084156253489 0.17849249921259636 0.23210595308944235 0.2612224634404176
3 2 -0.05868209739901311 0.2758889430873953 -0.14703359457796078 -0.29989286101193696 -0.6094491742591348 0.10002606361387709 -0.2855002470971158 0.5832090387386415 -0.04723981204876054
3 2 0.2513115374747894 -0.2979059357364274 0.18340836824938236 -0.00260512055134263 0.826192155661375 -0.19886474694067574 0.5163062886647747 0.29996832021004055 -0.2100633591556655
3 2 -0.318866618850981 -0.3138236904485834 -0.15009676002432282 0.20028680014513642 -0.040029652802479755 0.2905776654743178 -0.056933602763624844 0.9451398655074007 0.27335136064620913
3 2 -0.0838237913674057 0.4623839625364271 0.3148640393666061 0.3582850023670436 -0.2742819203127153 0.11035474769788722 0.3973957956572479 0.24276047403248835 0.49749492087106134
3 2 0.10585794775865229 -0.02382859598625522 -0.393129051041483 -0.3861868301231173 0.23687120386272123 0.4301862560154887 -0.014046537799622666 0.26511800642356814 -0.07742546250975614
3 2 9.662919974359884e-53 -2.345898415720568e-37 9.670930349521066e-58 -6.360102112471538e-40 2.643455614265113e-56 1.130683745102862e-20 3.3010329498939586e-63 2.3088573997732278e-39 -0.45146396034663255
3 2 -0.05889399427939628 -0.023074979085701414 0.0034562586840419358 0.17309167223502925 0.25758602729788704 0.18709106254300942 -0.3431569879516774 -0.6475235363735607 -0.2623103405368052
3 2 -0.2694673779200743 0.6195192873744435 0.06292655872950166 -0.3096030607516357 0.26402063039874873 -0.43366155540867113 -0.3612706284433926 -0.1803565637442061 -0.2431003987319869
3 2 -0.09928901203015728 -0.15975786740905365 0.43398749406346704 -0.75918743824773 -0.14151906591146945 0.3037344339470767 0.2957916512292039 -0.4985000180219305 0.40691141148258636
3 2 -0.18373614860169266 -0.2668971042012248 0.2916707511239324 -0.041526992823984574 0.30570935231479124 -0.23858748492080809 0.012954969683077603 -0.1966527353547229 -0.45369483218667295
3 2 -0.25315615593659135 -0.3068210893998859 0.16247238237150238 -0.38194222134936107 -0.5094396085059647 0.2287058971302514 0.22957052701423794 -0.5807007162742392 0.278765433008363
3 2 -0.2690632777898136 0.037356512076764256 -0.060326755529824055 0.012688102921913247 0.10061076109391624 -0.17104807087910615 -0.44690762666545014 0.3073546849893679 0.5349678620688991
3 2 0.37306744571680855 -0.3258566001273691 0.3562778959837872 0.7234961308624737 -0.13957716328383904 -0.6302158141102873 0.31765815701615724 0.35896318122965637 -0.20415061346834373
3 2 0.3998811242190638 -0.41114849202677467 0.24604696196398557 -0.22380921342453894 -0.18221628460364334 -0.18123911977639784 -0.2889949359729561 -0.4549387806146927 0.5270560398640943
3 3 3.8734825680148085e-17 4.996117819821916e-22 -8.65681298868569e-25 2.641899632535026e-29 -1.4171067820028973e-26 5.273456213033308e-57 -9.593536558434825e-50 2.4505564248879652e-46 1.5243539927747498e-16 -2.075286005849184e-62 -7.734387074151687e-64 1.6840272689623602e-66 -6.222815432773121e-32 -2.6627205501984198e-39 -1.2051233119607719e-58 -4.902085003441658e-45 2.782532286391189e-23 8.877734032904979e-52 -1.0991115755514638e-14 -1.141548608841265e-19 -0.374682102588781
3 3 -0.3146572003272661 -0.17808036642598424 0.6085104618077225 0.11096192847990163 0.45287965360325655 -0.27345631592170927 -0.5994176616901764 0.698355320281424 -0.19568941296839956 -0.06563633077230609 0.09253594821540935 -1.3352590114542514e-13 0.13326924035470586 -0.07734978102953609 -0.5943540575157503 0.19321170927248774 0.023589000616867833 0.3283402992417151 -0.8342811778273723 -0.09862002218942845 0.2695686535621312
3 3 -0.0016921747570157785 -0.07226996328969135 0.11013407842329688 -0.08535424871038565 0.22880871821694324 -0.5108400725275178 0.42254956306924407 0.38985310062477363 -0.3843168345255634 -0.4247020157625597 0.48597668911751385 1.7148825010234937e-15 0.593454304865536 -0.7717386385242061 -0.3853761782463452 -0.08679139727488434 -0.49260675974169715 0.2598103630182586 0.0020223051784345174 -0.22780291597449867 0.40230907606429833
3 3 0.35578192660562663 0.15487230632785584 -0.3525875620731968 0.18130991313839795 -0.19252164153070125 0.5508083699568843 -0.45605310592149206 0.2292310611364985 0.02048942912528539 -0.1110533191378466 -0.5405057775640355 1.2477676934069607e-21 0.0107123954967193 0.42745823417813 -0.08860847393117469 0.35937122284616346 0.09201640846281267 0.13378744173546464 0.18182566745276643 0.15774226874367397 -0.39130477688271703
3 3 -0.26179239491918915 -0.029122310823155542 0.24908583442933382 -0.08080520618844875 -0.0014474546805013453 -0.027857963225570426 -0.2940254542780561 -0.5985409641039187 0.16993195664555974 -0.2538335489846807 0.3366741630205218 9.288550918162503e-29 0.1253144823677323 0.3611733526962058 0.33310834247311116 0.11280620069052195 0.09945399171472916 0.40733349861891976 -0.12350428639498151 0.17322363574496585 0.021978163400656815
3 3 -0.30224610783675737 0.3049519947134218 -0.1068968161351571 -0.29621641417369243 0.35885803782909154 0.3190002812613811 0.0573382434375626 -0.3160404925457043 -0.5182067865998915 0.08915343086680436 -0.127561403664142 -1.6560265293794262e-16 -0.29909662031379775 0.4291902151402387 -0.3161815487562902 -0.25755210304969084 -0.19212912982473274 0.6074578016395744 0.15875666745210187 0.386776644182426 0.34882373113843157
3 3 1.7041684083870511e-15 2.6303293075735035e-13 3.839418728848431e-38 1.1391708135728788e-50 1.7072948224434258e-13 -4.4254575477608334e-66 -1.831284968441771e-41 -1.2543210026150421e-50 -4.899132959179195e-46 8.287881415930669e-21 -1.3384562625220194e-15 -7.349542493621209e-46 -8.978760222187939e-60 4.149540739119287e-23 -2.443196894007067e-41 -2.6993376844249838e-65 -4.8374978059362986e-64 -3.517198849198069e-22 1.9900918506153757e-44 -7.32550874175758e-24 -0.375802728105656
3 3 -0.16015001014785382 0.44786601541143317 -0.3618355694538916 0.3206104498813243 0.5234305296499155 0.49530654499992643 0.2054120905462864 -0.12421204094003536 0.23690363581287213 0.11827637802913823 -0.508244269216436 1.177664752947552e-15 0.17300848130113314 0.030975325119816415 -0.37060076601319847 0.16193092051797728 0.00023144132947453184 0.1752023799776263 0.644628775262754 -0.264220657952722 0.2606315369117033
3 3 0.022091495878669536 0.47530855277796374 -0.4875576576233455 0.0039075138218664495 -0.028357178317806486 0.3406887235526671 -0.23917636637763515 0.01994381606148906 0.26689239669295717 0.279439091996879 -0.24437148516361604 1.8355410841404246e-48 0.08263697483350818 0.17610042250686772 0.3783616048327644 0.0856232163198206 0.2422891113236087 -0.2744295166314314 0.18093671222424582 0.2013533327750406 -0.31811273735151707
3 3 -0.3002624733687896 0.4219259937388071 0.09311164785399768 -0.46258733059089135 0.49473002526689486 -0.7974766034303226 0.21497569700275304 0.04716192636091442 -0.22239723978845263 -0.3107716384855589 -0.18997623540624567 -7.891990969383498e-47 0.3320135087616875 0.1811402559125665 -0.24577998346521746 -0.32697369812020294 0.006241898517304651 0.2553564763951584 0.20368338551473705 -0.17558519424859056 0.2880346335275451
3 3 0.6720374751197613 -0.20492677153644154 -0.11159196100397265 0.5023278449520526 -0.30959024636995175 -0.38514004538902336 0.4754795024439476 0.14194298154052132 0.12369916104506992 0.2832940144181333 -0.5549885306721484 5.506027708213883e-44 0.745978678708829 0.18839097261446475 0.22393957698054737 0.6235822306938382 -0.0038319583600089106 -0.3455330888909836 -0.0351772446565714 0.030635971195552662 -0.33180429403661976
3 3 0.39002938980602253 0.3266791466370787 -0.013395729780955578 -0.08149750106183465 0.16282836089821662 -0.058263740270357224 0.45994230137771447 0.15224584048509338 0.07125946900216626 -0.20932837614700991 0.24808014090684144 6.355302243985962e-65 0.3312452550660418 -0.1659569064922889 0.1211255689575388 0.042837050943102264 0.1810555018514648 0.16602922240107348 0.28633629461329974 0.3346592212877324 -0.17291337531624884
3 3 0.21640136186449485 0.5615756879330779 0.8247375499270688 0.06140275086734271 -0.7410331677399582 0.24210081855513763 0.31602412501680716 -0.07683252104514837 -0.013175712551109147 0.7125142377210311 0.490764071317571 -4.837807926218121e-18 0.16784775857476636 -0.06147114271474827 -0.5195431382814788 0.21790846190509805 0.04427709959313948 0.29965898068084146 0.5394455589984547 -0.09687587862403962 -0.21688660483770897
3 3 0.38549147375864884 -0.2961735937806708 -0.3356000170668761 0.23350233644414378 -0.09179061237970022 -0.10316959743566999 0.21797539372088232 0.4644947344592607 0.12447223503764084 0.3417506658161781 -0.20887308256857165 9.88945487682888e-27 0.4435594640906632 -0.4623130286708942 -0.119056750700764 0.08281849182567755 0.31040481989251933 -0.13872622974514126 -0.1454278777130517 0.2318844808290754 -0.16617799512992099
3 3 -1.44489214017475e-60 -0.0021759170706578575 -9.441997129553826e-10 0.05059874768400963 0.127155312825935 -0.016731764303884143 -9.665303407487603e-42 -0.01522256263213606 -6.339924118364766e-05 -0.09381235327861102 1.3326954372559302e-25 -4.901929124590696e-54 0.21225131876278697 6.592883077055496e-52 -0.026762642728632467 0.10102990821551927 0.11052115307810867 -0.13163811839782555 0.004276106879762867 -0.23290219609843313 -0.12745396300583975
3 3 0.018559061392131527 -0.4097692047679885 0.43517357800619777 -0.33104027619096377 0.035023567910781754 -0.11005146849708251 -0.330093012423214 -0.17796471734713806 -0.15099292234944567 0.15208209510294432 0.33078669656149584 1.7735064260298846e-23 -0.257983837259527 0.09325915470820559 0.017216777825391296 0.0014554484953911472 0.2185866683317214 0.47546351781162566 0.01896143484365913 0.3939076029209731 0.33273794860738126
3 3 0.4223850750685282 0.3343095675815419 -0.2513964788754866 0.3990676840705913 -0.19055224532321077 -0.21665315354298176 0.11052687003939077 0.3241282011772942 0.2068718594594095 0.2111053770787815 0.002704627295398648 1.9708405245954337e-18 0.3045772792550968 -0.04088804100554197 -0.15597839396772517 0.3360891175813869 0.25805459556959204 -0.15797960155957197 -0.40864675540689477 -0.1613777663574441 0.25315674288300966
3 3 0.15527269903457222 0.38829939853703965 -0.20646530085521467 0.40050400712107337 0.05561205116103325 0.18234861554072226 0.5410703762211773 0.2682955693413993 -0.06725141979128121 0.2650571084359565 0.19457999356694183 1.5027253558069357e-14 0.4387791903404107 -0.4729936498151436 0.2595011057610197 0.44360924430713755 0.3844268979408273 0.11209849895475728 0.22767466424717595 -0.210949588480674 -0.013977477738212686
3 3 -0.12730259852668005 0.38270603646791806 -0.021505446661735903 0.1472229418111269 0.125514706026519 0.1469893448628498 -0.07089515322446666 0.18929686643553784 0.5233617087162236 -0.34059771329793925 -0.7774884876677047 -3.981181374151803e-52 0.4605776100104684 0.21248967989434622 -0.18450970226865915 -0.17850565173457897 0.1924641002831484 -0.6248595202949051 0.05217778865609004 0.2085166665069372 -0.0764354391083815
3 3 -0.2030854544022716 0.18858494402722253 0.5005231261817976 -0.7321967119717367 0.1075125145862726 0.20432416869384387 -0.12447048446153337 -0.11398787518153718 -0.2147863960803658 0.0607255722968346 0.21299522010971492 2.2709525233728523e-14 -0.47930981382013926 0.1743456616115344 0.009352093083570368 -0.2292325954298293 0.29161305783477165 0.10593738645934861 0.63054250677091 -0.23394686595289088 0.5043113352235954
3 4 3.4918860372829967e-13 0.8842729516513458 -0.8763701481329417 -0.8713772545534678 0.5246121291171894 0.6033007518256873 -3.135904773288879e-17 -0.40051259246881743 -0.481529349124258 -0.7517165797150549 -0.4766629993076899 -0.2123282519359851 0.7010205682967876 -0.19711405354745068 8.467976096770633e-12 0.5267540164685236 -0.5065233854218946 -0.21978627271856868 -0.8895518644851871 0.48813433550184454 -0.15833416118908228
4 2 0.15246343408017343 0.15411520476544804 0.04463515591708199 0.06221877684424504 -0.18678231498764594 -0.032609639353571335 -0.04140393206509228 0.04309698458315158 0.3321503243361233
4 2 0.08790085232938137 0.09484887513394619 -0.2676607017442572 -0.6742533834739132 -0.09279577507391348 0.07934805464984146 -0.059439566883083925 -0.1947279037238467 -0.201874509113328
4 2 0.06015765152769283 -0.10251361671147573 -0.001246675693309526 0.025629734334327473 0.10739699512036295 -0.21822853357164576 0.03898424554162189 -0.01705271463693975 0.470885140681847
4 2 0.0667447528039396 -0.4694474510674973 -0.5393623549640876 -0.0009095766452493015 -0.35325079460327113 0.024592178751690386 -0.11000460934860229 -0.19388204183760555 -0.18962062762218052
4 2 0.3058167538056046 -0.34158604073165444 0.06184473016418374 0.20283992458541775 0.149353997012079 0.3363834080818505 0.2502234886882944 -0.2799003423375143 0.25417049835708627
4 2 -0.25732901733848895 -0.08368202179841853 0.1955992196249901 0.5743168458151283 -0.2692233804619628 0.08868544658813814 -0.1448302369985863 -0.7208186545313998 -0.2199086434849337
4 2 -0.19809591244762212 0.1063098089796486 -0.16820594928569338 -0.17812825974286692 -0.2288337508614078 0.018875438643280982 0.42897896473154407 -0.7774152629895217 -0.43465070740000866
4 2 -0.0031711409296864513 -0.2625790342063572 0.24119526403059216 0.527248230738379 0.38492011485972805 -0.05055865025055605 0.5309594575457217 0.12824871007842545 0.2087416226368844
4 2 -0.14345979299538408 -0.41684600114158965 0.23699804794537713 -0.2108926196950988 0.17712541068034318 0.3087797945777751 0.6051070888008394 0.17291191943980805 0.5398413614449711
4 2 0.24482389276256722 0.06033014650240352 -0.47299634283360104 0.24010335458341764 -0.24929927823657416 -0.23794661256457472 0.21679885834061796 0.14929989866440221 0.38681414806279696
4 2 0.13853104564704322 0.20735062361939285 -0.08138617302301104 0.18322153602475183 0.02315121018104841 0.18320437200305723 0.08953579592247957 -0.6361436433430747 -0.5726944442887497
4 2 -0.2504133142425847 -0.23955739010844196 0.09985801436859046 -0.2668498245046369 0.058341084528826144 -0.13174462811898172 -0.22669282375870922 -0.429735348722164 -0.2866333258768953
4 2 0.7586051513043666 -0.3883998727651627 -0.23939975788786053 -0.3134981045704499 0.08260314677146663 -0.011100490504569056 0.19618357660655045 -0.18381254789621537 -0.36556437191953084
4 2 -0.2082836162615229 -0.3490172571129603 0.16520989065487393 -0.3182578447311474 0.09363862761401431 0.046221328267107994 -0.5596090049860043 0.3343120134946331 0.010543571385527722
4 2 -0.07434951808364898 -0.02395501032138309 -0.1103047529423806 -0.18260912312599 0.37137249293374985 -0.2984812724592507 -0.17678718869122292 -0.5682736226801072 -0.23857320959383377
4 2 -0.0065146941731714005 0.04732738910166526 -0.4600771524544138 0.023278460385239567 0.353127571786436 0.3900358453972574 -0.27545708231052246 -0.07703204890218024 0.06553902089915785
4 2 0.2565309534827003 -0.29478218157957115 0.48642090243147573 -0.5783641981619604 0.3791989877461468 -0.10732976278067027 -0.037429689999942437 -0.3458417812727272 0.26642698927363173
4 2 0.5240122670239572 0.13368832944054326 0.021739425882149676 -0.21008657170405648 0.36420144204452415 0.39121822162815684 0.24752508314917263 0.22748324030589684 0.4218545062399399
4 2 0.0576125450724007 -0.39945693286061745 -0.20623165578446612 -0.5144275184156974 0.06262781003637725 -0.4067249477493117 -0.09378094642091711 0.16100868099184698 -0.00263878672644857
4 2 -0.10173203620047143 0.12146399080643604 0.0344916658440008 0.36655516608566135 0.4301012933881411 -0.461072525907796 -0.06132242149640032 -0.11405094842821219 0.1841206750535037
4 3 0.3120941252891629 -0.36995798469571034 0.03761448835201132 0.14106703249002747 -0.10078404811780703 -0.016942867078280084 -0.14753796467645328 -0.2578084596441329 0.417879483443093 0.21727849374972838 0.409771553710212 -0.38986690655311085 -0.04214141051787342 0.27109478119848424 0.06230400066280276 0.2013679077274291 -0.15821655854532313 -0.10586496783768043 -0.21114178601081196 -0.5391942050713676 -0.10788301529250396
4 3 -0.26027837495809103 0.03547151903823779 -0.16467945814459256 -0.07061309471170256 0.4359315480361756 -0.08757881472363534 -0.016959638729218088 0.12201059678880695 0.1286991314779227 -0.3610285040902364 3.0357633413869495e-11 0.09718170953564853 0.41926527430386806 0.2644841808418376 -0.011858059659860894 -0.3237366785829842 -0.11114994417366819 -0.31216318622834033 0.2520589907508761 -0.17546405646942964 -0.388419370804441
4 3 -0.2511071254485631 0.07665945314852268 -0.3592961443248303 0.0954750816504633 -0.29127362847392063 0.5209762921033592 -0.08483349087530535 0.2923731553758987 0.03976665420687295 -0.1403354237809557 0.43698992309701046 0.35306643491402356 0.5588165413598787 -0.09940562684541088 0.7707058127553715 0.2636387228263043 0.020786998929380976 -0.19214798733731686 -0.11823982218646463 0.031728427242036956 0.00835147254710569
4 3 0.19914455507677242 -0.021635727112117593 -0.057657447610623705 0.1403014895389298 0.009849346895519017 0.3020575055045222 0.2763772872462489 0.1775182957589693 -0.040784402794693565 0.20109673196789887 -0.4259195128574227 -0.358192812377142 0.35922390119644093 0.2847839204385488 -0.25394285152821244 0.05301866357296388 0.08108814125232369 -0.13058317065375438 0.2986398642634995 -0.0903501121814515 0.047244058254132505
4 3 0.07646281605832984 0.4477980524733917 0.348758607640452 0.15657092291161714 0.47006489929261497 -0.2059820022453944 0.4376690627733745 -0.7199475132175573 -0.22030501922662188 -0.20099182820570918 -0.5205891365234718 -0.449952997035208 0.18983825260592374 -0.5738000895544392 -0.22445750420340693 0.3132241235373469 -0.3523528160576406 0.3072045920646711 -0.2531871588394495 0.20871735614428266 -0.19285811523587668
4 3 0.22955779083389394 -0.15662234594070726 -0.07267992792780274 -0.21953449893296048 0.4500507494190118 0.2189486916560474 0.38545789391717533 0.030548245388657667 -0.5034549891059091 -0.4012095135128743 0.12123667360897422 -0.21840902826169836 0.30198684614426025 -0.36484533868741803 0.3092020775615297 0.06093921673753055 0.047209892925265166 0.028017218041558673 -0.05141058415345052 -0.40171944282788646 0.06833624142751868
4 3 0.13427631979137625 0.22564517932680314 -0.2882930385657694 -0.3111940162894627 -0.3451919257365215 -0.08990137041980036 -0.0693764798870568 -0.23696562938372084 0.22320162284481126 0.20223725240839616 0.21091881555928113 0.03647900243591525 -0.11315805730738616 -0.18768084538315635 0.09806351506446542 0.04227549987090702 0.30048155651105446 -0.09069172695127789 0.14945986833249084 -0.1782660602550628 -0.35343031787974094
4 3 0.25887680907363614 -0.04484331521088135 -0.34135713754030184 0.019683028571965782 0.2946120223075672 0.03284625844930481 -0.2659452057533808 0.06318869228069562 0.06232669690043856 0.2592665186196315 -1.074553832895387 0.01564784076449461 0.34885470727079015 0.08367448039756027 -0.34209698800182686 -0.08747633583521591 0.15951024438539896 0.3345809399527389 -0.26398900837240336 -0.6769256678489795 -0.3450907199627582
4 3 -0.01871376991331246 0.03229385254427047 0.2408824234500007 -0.026869175701815556 0.01624228422200751 0.2743549825633989 -0.31231290653463195 -0.22678818203319076 -0.2289509587779901 0.0011796145194977398 0.045137087180241384 0.0022508716718322615 0.14533246659254265 0.1498640356989552 -0.4460631171537894 0.03577363001652834 0.023283350224250866 0.04196396642074161 -0.1228908572339328 0.047384059879533515 0.32326129882830285
4 3 0.06416971365459738 -0.06212959617526981 0.36170078343109785 0.14992848973254502 -0.061060371808934685 0.10241484018794081 -0.2735171593228562 -0.41874439832679095 -0.04601802587369559 -0.21068094771833898 -0.3664072272860039 -0.1142220675004263 -0.5603627266839804 -0.48840988389188517 0.1976074772595573 -0.024449957397176467 -0.019353301723819157 -0.3373900861136774 0.025598895173075054 0.5643203527650358 0.41482408803713944
4 3 0.4694990246716951 0.10681007119186188 -0.27400528889812303 -0.2687260735849637 0.17679659082012283 0.10240444117454599 0.06233812495628018 -0.3041535898753421 0.3069733416438361 -0.36164875529713253 -0.24495176639925997 -0.2934544321555717 -0.05653854185665831 -0.14997732480801998 -0.33308041575646735 -0.1367008203298622 -0.173187170753895 0.20754554178164247 -0.2963595174975771 0.016752338860317212 0.444861629246354
4 3 -0.34221918991447536 0.5727157394030723 -0.2348878728487955 0.07362752849393911 0.400686345569386 0.39990607111009097 0.5966718800795427 -0.03678788321433749 -0.514602954548297 -0.1309424604558728 0.7684704137401325 0.612429738790592 0.025631569612957764 0.12198641330789414 0.4734446119494758 -0.1465683388748877 0.10256922382801716 -0.655488507750551 0.003223463469221811 0.11490188166743305 -0.4105859689022949
4 3 0.15181495152970811 -0.3828487463564747 -0.2483355003570681 0.2055008028839829 0.20939645703734 0.0596905713028829 0.11143164348681465 -0.11107787438900157 0.3249001753195377 0.05704565906400744 0.2375790182251914 -0.1327586895319065 0.04505083192925863 0.2494997855797104 -0.5078414017081613 0.15428016085545265 -0.2542474295310412 -0.09333997858400649 0.025996049136116767 -0.07152065363061742 0.11924603436200712
4 3 9.781160595671852e-31 -6.659139561316994e-21 -5.076454871771027e-22 -1.1528206805021261e-08 7.801650638225968e-08 9.639345263984534e-18 -3.600091037093474e-12 -1.7536652046599776e-35 -1.594434669935452e-18 -8.511558237425617e-10 9.82965535931498e-41 -1.83941896641875e-08 2.6008202557884652e-46 5.96557644064803e-41 2.336715947085638e-49 -1.2876258068250759e-43 -9.699064278240345e-14 -1.4201899298968436e-40 1.5534877000072292e-18 -2.95528342032408e-35 -0.3443045141728274
4 3 0.1641624383211955 -0.057393530313218116 0.12100024182830943 0.14164975703692909 0.18639081393709936 0.23379623758627527 0.4052660030681912 0.13203454779503854 0.28754464613137254 0.2521331873450629 0.09858455154842079 0.377168804356647 0.09651510520897924 -0.04571301825515402 -0.1949624969290135 -0.4138942521894335 -0.2619866761210256 -0.4462683611560081 -0.2308545613229516 0.08365402553813127 -0.09544803479300275
4 3 -0.039898296164344635 -0.19122953038680962 0.17026571119349893 0.3157679013296343 0.010836751266230257 0.13832798711581973 0.34468162268678376 -0.3004093659471232 0.23724643012751734 0.11477249274414741 0.21296686173212848 0.37114821157813943 -0.05474657522675199 0.31526005234809745 -0.15536268708016768 -0.05455562021385017 -0.10707188593982289 -0.39758455818047367 0.12685330898913183 -0.12246855985068995 0.18978370197133462
4 3 0.22652821192204559 0.09818743723356291 0.19423463345857478 0.021452156810838913 0.34066881870465987 -0.0004472244214670965 -0.03363096433407103 0.2562930007066354 0.2865388265083853 0.30486594330577976 -0.10815646670155148 0.11979870237802633 -0.04559930595560224 -0.029045164194342745 0.10960032896578856 -0.37901011715223165 -0.0507475376808091 0.19338209452604832 0.17540865293507799 0.07822124848383318 -0.12296382498584539
4 3 0.09931061573276889 0.10245163217383442 0.2548488706725571 0.1536435598849368 -0.24711075322589518 -0.24257458435192783 -0.371514035078077 -0.3413648029798932 0.3139364137096195 0.3122838652323385 -0.18559624502060257 -0.24962880224479653 -0.08285472697253202 0.01794776984549207 -0.4320383477513936 0.254655586041872 0.14823816859072272 0.2822747517374144 0.42253975986789055 0.06710195342392705 0.38088391124594245
4 3 -0.3601504372178285 0.23210459706529202 -0.3219536181497236 0.3656786820458978 0.32742622713148595 0.17292433153199505 -0.038961212229917365 0.16984221439739208 0.06310111309573933 0.10445454068048093 -0.21332590299720355 -0.09990870265509247 -0.18460763980615683 0.08336981117862917 0.29986931800430894 0.06608069291187349 -0.14355906359392662 0.26657412578588874 -0.09600635185162075 0.09008716548023794 0.23416500958370248
4 3 0.08700049732625312 0.3286966705450086 0.39779774632517706 0.06352000378283842 0.06162803310573068 0.1523534173605949 0.20224436512490454 -0.4448099813237615 -0.2299895610922806 -0.29908300392963255 -0.15345840366753888 0.15211227759876997 -0.337072620446381 0.31856012495900526 -0.25768906764892047 0.14879308915885955 0.3161936367783426 0.2621331142242903 0.2911136633154223 -0.12268738340885357 0.1996881145892224
4 4 -0.708082602969776 0.47366554886800055 -0.5292075603642845 0.09333394845073849 0.7395253334193529 -0.3957978222435232 0.07371354181940878 0.2876408928728005 0.07485307917426903 0.48437386677914035 0.3820997896428985 -1.1829729762534509 0.1868621369231771 -8.867671466284299e-08 -0.37725348610860526 -0.36155881275291724 0.009750525551015535 0.5339851814623441 -0.4779416688664891 0.24338115288301396 -0.01202240753982365
5 2 -0.008760404361577363 0.11331602677390579 -0.22112799337097402 -0.14309011032676416 0.26474025782620936 0.05835296031960965 -0.22579804082803506 0.27751330006401626 -0.4883875140541867
5 2 -0.2595092644511875 -0.16551067020516344 0.23331320394349925 0.4138375746088738 0.7126458345206045 0.6535092687193023 -0.3786511398700285 -0.001585412897585264 0.030119586660126593
5 2 0.148310015570954 0.3695958275362401 0.12258289598446792 0.14379405894509273 -0.07358358855813385 0.5079883111776842 0.535217527737799 0.5753774773642923 -0.025881224555477648
5 2 0.07830203202305354 -0.45944583766459696 0.44928320113743303 -0.5874686148274563 -0.023886732143930556 0.750049487731979 -0.039390446907016395 0.189742283937802 -0.1666870467461202
5 2 -0.19487232445683556 -0.02390505005408377 -0.20230792566441247 0.3990426911772084 -0.3373001997402252 0.3131921896015148 -0.23311200367840373 -0.6546328091004898 -0.08567704758492656
5 2 -0.10725108618875825 0.03352705376977089 -0.02701084119399263 -0.2011183121868616 0.15300169354575904 0.09268981869716925 -0.06028332109407736 -0.6175780965111162 -0.32708102891631896
5 2 -0.001785030978035503 -0.36416797075466056 0.08984209987911529 -0.21104072654526976 0.003718760268951341 -0.0256076496431035 0.4359042751069365 -0.6217910970590533 0.2375545584348338
5 2 0.22009139053435697 0.221669388032296 0.03392213981306418 -0.17910169137243376 0.27827170681977426 -0.024698353696168577 0.15407283981871914 0.10889950505078864 0.612432740053374
5 2 -0.202280178079347 0.21777446011897905 0.06032037132136044 -0.02578042858730873 -0.24146702892252528 0.3179225735720123 0.3520248644487912 0.2969212577671896 0.5886534566789355
5 2 0.1817640612428016 0.2297795951630267 0.2592000055538294 -0.23273937081262588 -0.5628920869826898 0.38657737433572203 -0.16233272523752007 -0.10301144478935312 0.6202329232445047
5 2 -0.17987091765213017 0.13720152565499436 0.2633045000531835 -0.21026798083202086 0.21082907772054638 -0.6907058111314629 -0.3631194805477564 -0.015437456882374023 -0.07940865378551183
5 2 0.4355819648706279 -0.12843412965159795 -0.06515156386748998 -0.11992687634757808 -0.13262334614132995 -0.08472733979855113 0.000443704554613847 -0.47805784833996356 0.2347127062071614
5 2 0.005635623765005818 -0.046897055612381285 0.2768530896711796 0.11682680308440394 0.3047839341420473 0.28665753106733993 -0.7682272194918958 -0.010617896980734091 0.052656252837619856
5 2 -2.939515675285577e-59 1.4579459461523774e-22 1.4942721452989878e-27 -2.0356350340062497e-52 3.9244593902755865e-70 2.1727908588760787e-43 -9.514634432976266e-68 -5.665562375562786e-20 -0.4071164505835632
5 2 0.3009949759584848 0.15244377410944793 -0.5251482403560049 -0.4448988421564971 0.07801498514665806 -0.2016531340587235 -0.4295013183840871 -0.16865403660881473 0.0798085907429946
5 2 0.11677215281096108 -0.2829250773917943 -0.18674556563234965 -0.3017009687291882 -0.029722819069710808 0.39556802437614597 -0.36706888064403553 0.2727878812341566 -0.3195585457812681
5 2 -0.07293626218217852 0.1910294039753071 0.19228726604719776 0.14573436556703281 -0.07851316960618551 -0.0951629931026481 0.09022858283283955 -0.2563591636380347 -0.26934217159164875
5 2 0.11301330113499854 -0.5037100744096166 -0.5674717457585567 -0.2031190778313885 0.13551679786364254 0.0550734967711086 -0.3361186785494409 0.6343469250432903 0.4774286061621691
5 2 -0.629552789574824 -0.3617686001025531 -0.09616920619180729 0.1868107030049463 0.3728793471413449 -0.21306917773420475 -0.015818392417024527 -0.10476402565888493 -0.32946275827699484
5 2 0.4694341525119424 0.13688613540316708 -0.017160174673474998 -0.1692100648623636 0.2521056632325548 0.3093314517843963 0.256541440617428 -0.34650491158504076 0.27613307070981424
5 3 -0.020073014708538693 0.36544030187194815 -0.03632613632210325 -0.0830734698956385 -0.24504725209707995 -0.5030567920907862 -0.14740294578158722 0.08188318805237922 0.1957191049569143 0.1351033070347121 -0.15472556934467388 -0.12989642483975716 0.17664033116877356 3.2561426428463364e-30 -0.26832938970675224 0.42054055530675927 -1.0453475793447622 0.22387873870032687 -0.9069170743331939 0.16884879568702402 0.4803512240405033
5 3 0.15421556285688656 -0.23547209122295792 -0.0498447180459788 0.39267263452343065 0.05582401824949271 0.35740109046345486 -0.3989550347123241 0.1717529732416657 -0.006057239266707321 0.044477148317508305 -0.26307684329796366 -0.3026994113385907 -0.6302245459523281 -1.134821142287387e-40 0.04204506295325598 0.3068543804850165 -0.4111260715583039 0.24307744716519228 -0.3720542860277108 0.4780953539406683 -0.13623039650824936
5 3 -1.2830251042667389e-22 -7.704528306651899e-73 -1.6362884718829006e-76 2.615688177328315e-60 -0.21450717114381535 -0.026128574815594757 -0.11336341740326347 0.11352967738998851 -0.08656214506550475 -0.041558726589319674 0.004944487865379637 -0.29413199986917216 -7.258216017825858e-18 1.3540094679965612e-27 -0.09248457051915326 -1.390556357425334e-70 1.3108645632081568e-20 -0.005755315373091444 -0.0004448203276789021 0.2852369231590634 0.07575532071662787
5 3 -0.05707081958742673 -0.4561885879901206 0.6034110851419284 0.39037498666220677 0.5320865089465798 0.16644993776449224 0.2563998393455493 -0.7186304688959885 0.09861413296385814 0.1589228861769925 -0.3281662730584668 -0.1774480709644807 -0.11724548684751913 3.851547101430245e-27 0.016226333756134168 0.16390335374696954 0.024368302862841293 -0.4481265746541064 -0.026414037393124982 0.03924745328118067 0.23108400445909244
5 3 0.06686671067359888 0.52676067634462 0.18535848334727217 -0.4309349309428109 -0.14848362482185926 0.4428592095680247 0.36321443133737213 -0.2957617936073127 -0.07169695774155166 -0.37307802232372467 0.0777546123594406 0.25609704195757027 -0.3074775404272094 6.49636669083388e-53 0.13051026837418112 0.20564340487609334 0.021105481354014126 0.11679690799438626 0.24064050581346583 0.009256222293881127 0.16993673093856992
5 3 1.3877108042248895e-51 0.10000901674409414 -0.22795102448590088 -0.10629649156667174 -0.11703784187987888 0.3625869937083457 -0.16157312097212903 0.2961667456778852 0.16916952442241215 -0.09022567018023067 -0.585622264079088 -0.4486638530385418 0.022082137088484544 4.0580503092757886e-50 -0.17316339225869606 -0.036116273943243286 0.10787004945760885 -0.11893412766868647 -1.646476579803244 0.31009088561371473 0.3699256461259255
5 3 -3.9291350044204194e-22 0.004218712385116623 2.8440108187681284e-73 -5.05713462036521e-21 0.1842743891446339 -0.005396432115839225 -0.05904137629887188 -2.100507669760372e-34 4.958715873174488e-14 -0.1390510165430235 0.10121265929025622 -0.013996904110771188 0.10445908427730562 -1.0901977325020556e-43 2.5452788638894985e-05 6.027055719392215e-45 5.5275563930692046e-14 -6.5831218445041545e-74 0.09081018358693703 1.0750749910158654e-64 -0.30210234254591944
5 3 -9.909293503114666e-23 -0.47047281076215924 -0.4417066101148804 0.6531088134423242 0.15020958194645265 0.5308303355963077 0.09505859984770096 -0.6202068692790955 0.012295502802622336 -0.042756001997793364 0.4249547715541458 0.23668709707924973 -0.0968644126202181 1.703381158201477e-20 -0.1463340634644472 0.19694892383156415 1.2130316548445443 0.23350249203410334 0.06478019146356213 -0.2350946382740407 -0.4939947704419827
5 3 -6.49100971299182e-05 -0.3061440147304385 -0.5913185579084723 0.07664347965591742 0.07038812279246248 -0.7835591396484127 -0.318903958930367 0.5755608318058525 0.300538015246224 0.27569831792646415 0.17088895671818985 -0.12886446946042734 0.08665308809478577 -6.118892030168246e-36 -0.2624369931978982 -0.1653650248502036 -0.11983411886303011 0.5489930411620935 -0.4063172134185639 -0.07084913468615656 0.41815221164762956
5 3 -0.09071650645970362 -0.0720783267172842 0.0382551421101159 -0.16246767604131357 -0.19804306250090103 -0.2761429417731194 -0.39430698923584084 -0.15566967691658493 0.46635456440094536 0.08633221390068863 0.22829454715510883 -0.19806020011840916 0.2942711333167629 -3.971000456433056e-31 -0.2108874668962747 0.4969880824388415 -0.09557404795348806 0.2241186776194185 -0.46213907577492147 -0.18181073775061735 0.21034293645766103
5 3 0.006080939839432799 -0.10273301796161555 0.22540156777823123 0.10994689724898069 0.28307166416082774 0.454890019075631 -0.15524201857134784 -0.8924588438882783 -0.0757405921057642 0.40902089429331234 -0.10021114311262329 0.33858425225507244 -0.267404149685666 1.4179352857290486e-19 -0.1987293454161751 0.20133980980355246 0.6018835460154679 0.022197228248693995 0.20327617614488702 -0.07933950730674942 -0.42157892810637265
5 3 -0.020859657021060806 0.16426416497404117 -0.16318401540485622 0.2928347999453037 -0.3098383317159495 -0.7418325742888675 -0.2205984259178236 0.2515803772131879 -0.011540194191571457 0.3253407767458224 0.4064204605755482 -0.19023427470871412 -0.11152242667881482 4.250464503371172e-48 -0.02676785266989847 0.43095785702678935 -0.48155841683333667 0.512409336393719 -0.19225724526103002 -0.21387952084552506 0.5803858059693894
5 3 0.008019383526311003 -0.05268602325719098 0.42994464340654903 0.21876452817236372 -0.54034001047244 -0.4520807809779061 -0.10348827509138671 0.1986226227761498 0.6081342827787698 -0.17438895160959872 0.2520031918818757 -0.38830541635050725 0.2603982308196938 -1.858489787921189e-19 -0.046801291969135295 0.2739306258610309 0.1382479507454102 0.9784537609624335 -0.18486452896727795 -0.8029218893221378 0.5190399808311635
5 3 0.018895622458207573 -0.8873851751065103 0.0027600177794208044 -0.38939678665844696 -0.10247786235458309 -0.6677569471798214 -0.22143041076228417 0.4701956606719317 0.4282360564580125 -0.2197264954256448 0.265249152047598 -0.1710129279856064 -0.8852530083441846 -1.21332452182412e-23 0.34739480097495484 0.5748264804595964 -0.34288354593509907 0.31001670314768476 0.1532876048910566 0.211609199349692 0.241399927374485
5 3 -1.3026625640455845e-28 7.958245455976412e-43 -4.168129399164019e-20 2.142922470009433e-36 -4.990165226975252e-29 -1.1212567698261238e-77 -4.630872320371957e-23 5.291899850156268e-57 1.853889109072066e-51 5.814679689677673e-62 -5.817269329889657e-20 -7.958425733489473e-22 -9.115695114892619e-64 -4.0750387024807626e-58 1.1436262383821405e-21 -1.260674387921662e-18 6.993842900682236e-74 -1.7168075210589478e-27 9.540060381122614e-47 -4.5050835563248866e-43 -0.3744710121256581
5 3 -9.05341029894772e-55 -1.3052299030064384e-53 3.1456286862277377e-22 -1.2212204128797735e-18 -7.166003389841882e-63 1.3214068264854919e-51 1.2357493974958287e-64 -1.0316348038040958e-20 7.044169531460409e-44 -9.676510916644879e-28 3.0358767351899666e-54 6.485156820358941e-67 4.842657831149857e-53 1.7243623360915443e-18 -4.835219254902703e-71 3.9420222575567265e-18 -1.2203346801387318e-67 -3.385994433138239e-30 -8.507993725898897e-47 -3.3417454619976185e-54 -0.33422502398867215
5 3 0.15200562092107217 0.6285172622415458 0.603394241797267 -0.5957754949684777 0.15900291933643018 0.6740502235633441 0.03878064097702275 -0.1414048146702497 -0.10795490087486842 -0.10326183467911217 -0.4210644776348003 0.33674900143927483 0.3551665145520523 -9.710398243403502e-57 0.09562453594908762 -0.12643951415657684 0.13693513256749218 0.03764978615976284 0.040964135098337975 0.23611773690448346 0.09845215965850629
5 3 -8.226738849330115e-75 -0.18523158336373166 -0.48105343880878304 -0.2763473137785924 -0.2884383699089209 -0.07733053566029162 0.24267944336014455 0.36534605081489163 0.07894504206621208 -0.07156636072818286 -0.5244581891354271 0.3461369790641883 0.037127334061169213 1.433598522583881e-78 -0.3673665527834133 0.15260664309769031 -0.8918747414350362 -0.03071756702998768 -0.5520899650180604 0.17303744721288541 0.4665575790159621
5 3 0.16530494502913118 -0.4915860082709823 0.2472866562718854 -0.18956720032144533 0.3626802914945776 0.08835584415415036 -0.4137189948953739 -0.09326219181386632 -0.5679292515607738 -0.2323325126636534 0.2765116748465847 0.04316661962306594 -0.11647036648792558 6.14331256150628e-19 0.0862305980922457 0.38623473302767847 0.12721408008591883 0.18731446407636942 0.26647862712844117 -0.20680374127853793 0.21373601036031836
5 3 -4.993818130306368e-76 -2.1429785322190186e-75 -4.608781556572029e-77 9.291289950322834e-29 -0.1306247361713039 8.447778464766637e-44 -0.057631250275878454 0.19033110467851114 -0.013184741476230343 -0.0515002795289549 3.1706629940535536e-11 -0.14012987348496891 2.8187472094177615e-73 1.0175869893358826e-29 0.3374237747117423 -3.936470597664488e-49 -1.9605935384421064e-29 -0.1063429407189485 -8.430067592675601e-36 -0.32567212257382555 -0.22018243665267487
5 4 0.6486631595070298 1.0400289693931026 0.25824377796543646 -0.3148091340849192 -0.3597139492436553 1.2268813188039613 -0.018441801857450625 -0.5514064323866434 0.30218901315938895 -0.8666358217464499 -0.5943223903563338 0.8006245585800308 -1.0962366107717851 0.7282725565849426 -1.1387715706904792e-22 7.076231051872314e-66 -0.5777650067592075 0.3133640556132833 0.45952692067935874 0.32626161028150297 -0.24358961958063688
