Number of NNs: 3
NN configuration 1: 8 20 20 20 20 1
NN configuration 2: 8 20 20 20 20 1
NN configuration 3: 8 20 20 20 20 1
NN Layer Weights Bias
1 2 0.01575303811498038 0.018273141685416355 0.09349495725998234 -0.45581779699447544 0.26503752014548004 -0.3737225582259634 -0.13790989245562402 -0.39536971407741367 0.01416406805373899
1 2 0.4521901946680898 0.3254105874385695 -0.14218908256264798 -0.1000263363751819 -0.24053591753903664 -0.37013096312430155 -0.36199991515044844 0.08143213247761516 -0.1041405063912377
1 2 -0.03409829378583076 0.33197998923120214 -0.033143411304568764 0.12857941202934117 -0.25409789124217363 0.3825831040685034 -0.5767477974981755 -0.06520301422571467 -0.3562128084920058
1 2 -0.2006700738413636 0.22087918493814576 0.20058375383520452 0.15015675777072737 -0.012109919644159098 0.3782582633295465 0.22077045056858746 -0.6167267441759212 0.24504964862978215
1 2 0.3358572521451976 0.26204027898357307 -0.26566036789680303 -0.3237858248959784 -0.07053629659750683 0.11672453843192494 0.2938393935764807 -0.260964992319622 0.2830575919678499
1 2 -0.05048017641102376 0.42280787644993595 0.35807402521177956 0.10289689815685153 -0.2609389834219409 0.15393035726754095 0.3251624922671914 0.49530157987274864 -0.14488048059039715
1 2 -0.2545256501991698 -0.3131866311297915 -0.06827645742646314 -0.4501712520231534 0.008827368644462125 0.4550179046051455 -0.1331658216344079 0.13370374327010665 0.13346662333962278
1 2 0.4448872377829079 0.0772285097375761 0.20744411116315345 -0.04415092675112416 -0.23288416038931983 -0.13304148651014042 0.5306117100560445 -0.17275796557660913 -0.3197083517527459
1 2 0.1920879219883338 -0.5151690191499435 0.3704240034522567 -0.06498230086961845 -0.16180976151252865 0.055567497266264504 -0.0027273311683337718 0.011899522919076519 -0.015796254567110733
1 2 0.45108031303064433 0.46174138126143643 -0.17778130370887077 0.24043051534318374 0.30698959838151574 -0.22969813816148152 0.406454645924148 -0.08640079316751136 0.20990062837559725
1 2 -0.31478394769019136 -0.4450468130535317 0.06329586199489617 0.4282613711903694 -0.26479085485328235 0.1798406320570475 0.11127713950047127 -0.2769894543210434 -0.32247809158484275
1 2 -0.3543213968810712 0.13339172796192703 -0.09974346041111812 -0.40368803264365644 -0.17166615499389873 -0.04736890813226017 -0.08702284964448266 -0.01362436586488798 0.13852798542500736
1 2 0.011485672111414028 0.29332582054842915 -0.39572792345289354 -0.5237738197117521 -0.2984999337705929 -0.001662063496819282 -0.5569213001488743 -0.3064775502973459 -0.046462232331901776
1 2 0.06794580542561451 0.17090860143672482 -0.49450902332688773 -0.2684252352390478 -0.5171435508983988 0.3736482478471569 -0.1518273433443132 0.45713091782737114 -0.1899031167773354
1 2 -0.2729177187308437 -0.4772317092791333 0.11794033911288304 0.3329795545007954 0.048491200612093666 0.04033714539990428 -0.18721737623575285 0.5390393492501533 -0.19666955324817761
1 2 0.014912514354378176 -0.10191012049855641 -0.23322318729034994 -0.2772019770758647 -0.32672158017163433 0.02951528436362894 -0.26583632155422937 0.6190928771336248 0.47669060115484685
1 2 0.00667223498190965 -0.35687572434754056 0.1376883106518061 -0.018401340429766863 0.35232839749516726 0.14254016140071438 0.25696370333325524 0.05159814453474482 -0.2551212251872485
1 2 0.1650514748049886 0.12172455572922104 0.3648865497695337 -0.4378312304788056 -0.03021856392448854 -0.39206020717354884 0.3237932828419848 0.125802277619752 0.5925590143285239
1 2 -0.2585348151102803 -0.44146863856849855 0.4591356742017432 -0.4709872090487188 0.18029128077292578 -0.3423279603629987 -0.35823293201414563 0.20518410528157557 0.28777649330112326
1 2 -0.18922074459644847 0.13804455766506205 -0.048362565822498385 -0.03506648265237041 0.23582480325305197 -0.08823737671184885 -0.34529307094955175 0.10355233770039911 0.4707666149193999
1 3 -0.052035794317802336 0.19551220116751347 -0.08395650426279848 0.08596995526910142 0.1737628861018881 -2.875050070855086e-08 -0.24902063038280967 -0.1867409047562968 -0.38526049865831263 0.39813973669047237 -0.04360828549030605 0.010552031451431942 0.020624399397751042 -0.28297385326937624 0.2194032216713388 -0.3691106967157725 0.16565230967009265 -0.02910175197880278 -0.5605894603347992 -0.18155360217293376 0.2294763037221951
1 3 0.07423057657483777 -0.323353392897267 -0.12622267403879775 -0.1510473090384715 0.16318059437364324 0.4041437340085258 0.010723906350490382 0.2731528939892482 0.26009964230514876 0.4890009054640598 -0.444944954069442 -0.04171810496775609 0.3842047541494226 -0.03782010895934069 0.07373502963711728 -0.08425634440901734 0.20159665460175266 0.4673513442891054 -0.33043848237352963 0.2289155541035294 -0.1291552628202549
1 3 0.24286651050483093 -0.5706258399270939 0.19173574078960912 -0.1111525621465248 -0.2494452943833769 -0.03228081290068309 0.09834587313970182 -0.5367001974228649 0.3512528478700585 -0.5837431394615773 -0.06954467319759582 -0.05942680672260466 0.45567720959833036 -0.4299052564900803 0.5317414957085566 -0.2391912388488161 0.3722716637746211 -0.30152284037724786 -0.0004181420250516071 -0.03761265056352031 0.14956012892301435
1 3 -0.28502354179641604 -0.05679817417528481 0.14372749819899036 -0.2684904324813425 0.17328729265797518 -0.17833609630153532 -0.21476253006903495 -0.4378180021109422 0.24700330357856526 0.016029048339557404 0.21118055307178726 0.09258991180691827 0.22425062513079932 -0.27920550818123757 -0.25307102130725484 0.3608139297755755 0.43977675912830255 -0.1724988380210053 0.24086914851227814 -0.0006982750148808031 0.1207864315575437
1 3 -0.018752765289542138 0.3681599216714588 -0.24514427902484442 -0.21787214142178898 0.2921687907483861 0.2621831663107527 0.26557049801650334 -0.3110420038117702 -0.4495082905837113 -0.20411832927037668 -0.27304803617773976 0.03365708243558767 0.06422611129594741 -0.013852357869995608 0.07961182023297768 0.042408634930823266 -0.20380940952528295 0.1504331355580018 0.1675567399173478 0.14416583322349769 -0.04204300832559087
1 3 -0.03806949301897638 -0.5226736620065557 -0.09351819225279957 0.20410875652290805 -0.11963770497177924 -1.6974354258093477e-31 0.022498125711745122 -5.1722935987590765e-06 -0.06957393131339992 -0.10186578462928736 -0.05994796735433809 -0.0481928808728179 -0.39457524546531353 -7.551696390973253e-14 0.7612801551945008 -0.8821880152445644 0.5565393161363982 -0.30611527346186496 0.02801122475605522 0.001782175794160314 0.19360373684995807
1 3 -0.12650753967183676 0.12912786849826785 0.38441921855985883 0.3813104222917648 0.4337298226074325 -0.17406163915963338 0.26274057523414424 -0.017346773935841123 -0.1920837563359627 -0.23137318280040287 0.30765067564466886 0.10545203902632012 0.28687115521539946 -0.11494570066863775 -0.24855207272068336 -0.3208787739830991 0.25276426145280034 -0.22940269408337946 0.19302390568811895 0.022141520181336406 -0.3009980810864451
1 3 -0.12130723901550032 0.029944223381570354 0.13534780064344723 -0.04653538686783398 0.1318774845629739 0.27769525255252453 0.15440602574567985 -0.06794163699930325 0.23004618970400648 0.3720484717409772 -0.44640466050468425 -0.21669159497564752 -0.10078476667878444 0.187775811773144 -0.4183981516966337 0.15999209209163706 -0.0015696427455814323 0.3860395105225731 0.26171349561008755 0.2176442520065902 -0.10418792233033401
1 3 0.1717087878359533 0.0547875838239396 -0.1472734805823209 0.0596015685037897 -0.35028580794872166 0.0002692962426359923 0.08553831033140984 0.24913216913632028 0.4211831765844517 -0.07554251802588734 -0.12476092910243887 0.489540900523623 0.35109378334292024 -0.3490767736797215 0.2941480095483951 -0.24902110350454532 -0.48243458551697643 0.3481359998504727 0.310317243483819 -0.04646674772772763 0.01529536320501942
1 3 0.29476051685624977 -0.22971107676385547 -0.1896584962109245 0.32564005160147574 -0.2345132033580945 0.1718963145451768 0.13303547813624475 0.15919738279104337 -0.12897806560026204 0.17792281349530673 -0.21695668421859565 0.1812235082154203 0.27584922219510716 -0.010175396290590607 0.3527847526466307 -0.20224416721981503 -0.7327461507687092 0.2804953072506839 0.32343873215464236 -0.14879701943570683 0.23459337600448446
1 3 0.22771746331948206 0.32553733408414054 0.39966664670418395 0.2218576486044931 0.12163080147668826 -0.22312949490664788 -0.36680539698734127 0.4525209776273246 0.2252069577199303 0.07827169816394396 0.23180288503317156 0.2229750777027493 0.30101979688720537 0.013602794316336108 0.46987856343874795 -0.27584929743564895 0.038036780144420926 -0.10336943681220039 -0.037588822898023254 -0.3386087232070907 0.009251092156480423
1 3 -0.02947865755394134 0.2884747739843618 -0.31604046761139853 -0.4156946273473676 0.049156747574396704 -0.058410825462252604 0.22827118262003981 -0.15250041317128826 0.13522194705093296 0.49751809227835997 -0.47800659020739206 -0.02870696879097803 0.12421488735059255 0.6464653224629738 0.12202702220891232 0.2027280039098934 -0.35744718663525993 0.23877851495870364 -0.06435609494886643 0.34144978617946925 -0.3089242149962857
1 3 -6.928226381358267e-18 -2.8869358318229074e-12 -3.600714527167017e-15 -1.831752686652593e-27 6.220639654270375e-22 7.737025608222194e-11 -9.7073203595271e-08 -2.692177561765776e-13 -2.16144448105095e-05 3.5350730635994665e-26 -0.00012131624953111826 -5.051523289597207e-09 1.479501066819006e-11 0.00015882074163173609 -3.708894532504418e-05 2.3384630258950515e-14 0.00017729884161617082 -0.000216539999729675 -0.00011906804905603745 1.8095154262098964e-23 -0.37883395448505164
1 3 0.03973086130917869 -0.715390975917346 0.30990998193413244 -0.25540095659352524 0.21701990258871798 -0.019452451330565217 0.342795413028795 -0.08145504303876298 0.3380267937291448 -0.33947296250013115 0.2649374854985782 -0.21172414399550973 -0.07976257620030873 0.15470364287847646 -0.2237922482075615 0.12482599135344692 0.1812480899052542 0.31248341001242125 -0.10720074349221309 -0.3251262322754151 0.10354067814047407
1 3 -0.0037930776068779786 -0.16786262511152297 0.13369252742842802 -0.1353068993034878 -0.5435636308264207 2.6454569791363036e-05 -0.4007423693891231 0.10134086444470429 0.17076186291953774 -0.21937619270283013 0.3512763827965082 0.008468562555162725 0.3844022691606987 0.04505369698659453 -0.6036706909263982 -0.10760965507131003 0.018735124341817417 0.23697627215885425 -0.3860930172953718 0.2021602579117683 -0.0756622728280732
1 3 -0.3389986176397783 -0.18302919236980492 -0.07227973148292824 -0.21011888998491718 -0.11981092780317741 -0.0007231849851618967 -0.06235838442139952 0.26804379334059397 0.5418157149640144 -0.45524292741983585 -0.18452295205803312 -0.43700087322962833 0.29369946718685724 0.09531516855816123 -0.3059762146147691 0.1515275001127786 -0.15435178552499537 0.22219152636738165 0.02387613478789836 -0.6757158748034303 0.03609284380353658
1 3 -0.4653968657479621 0.3917086487756697 -0.183838820757339 -0.055061894042763855 -0.17749711002363097 -0.3569506070809319 0.25776554278837444 -0.004062544305534067 0.05325400385602509 0.3110424765183532 -0.015318059562649056 0.39675207522667144 0.18704007261222158 0.4899981364946063 -0.16498377146555607 0.45968545095429386 0.6271270646879266 0.5068483028317072 -0.07909038735405326 -0.2749784552915198 -0.1907994484462934
1 3 0.3735453115147075 0.15641067309375062 -0.0642496400778611 0.09328425799659043 -0.12417912341801784 8.48478652368547e-06 0.20772431702239771 0.0894189860108163 -0.18517723016556073 -0.5776463710332468 0.16327151973141646 0.05548737472641312 0.19563134203274296 0.14746451639560404 -0.08124999659996231 -0.34022468827035407 -0.13700767668925418 0.3706123095406552 -0.21236868005554904 0.1691579423833262 -0.3385564324445485
1 3 -0.03477674482067885 0.03816577823846979 -0.13245437099552052 -0.03846970314723143 0.24347389381348372 -0.25377569304284353 0.27238577567443306 0.20247559740972185 0.10694652509330933 -0.2543694980794204 0.3039202803679806 0.188598390507329 0.19474541506105308 0.0068685702873184816 0.08433648698762775 0.002575323288772548 0.5217671341678609 0.137553940378866 -0.24389138665063634 -0.09802679802261084 -0.3548582490850668
1 3 5.825950826935199e-29 -6.22478957077213e-07 9.593853918401355e-09 1.9494212138313845e-06 -4.9569576678489784e-05 -3.841657879591495e-09 -5.015909334924046e-05 9.463632903139703e-10 7.306609309977691e-07 -3.036334532305565e-10 3.630747323801452e-07 -6.274577563072707e-15 2.1972072614738686e-20 1.7132080256783638e-07 1.7373326450040932e-10 7.840601768113433e-14 2.413630173091273e-07 5.1887435828557046e-24 -0.00028672670081355655 -4.902386786518416e-06 -0.3323776124566116
1 4 0.26638495969071435 0.34123557859142506 0.006985642649842283 0.21235780132324467 0.4236788639135848 -0.3016456825190703 -0.19079356411206685 0.5046370595751795 0.1779025131924343 0.012740518324913807 -0.1820581763356924 -0.11938476796161117 0.0001464623250736134 0.20711618589852313 -0.031105869043629088 0.19983499898547077 0.2927823445598074 -0.20164834495112663 -0.5106825954472864 -6.212378333518306e-06 0.16500799980490843
1 4 -0.2699661352439682 -0.37315682859896127 -0.08545420533735598 0.016588882740198586 0.2625044546543606 -0.3071524757447905 0.40613679472191067 -0.18585632191419965 0.4124146384377412 -0.10165168977264051 0.22417340889624734 0.1580528583547648 3.579670305786246e-05 0.2902566715880468 -0.5901704296039293 -0.3288795956900185 0.19758925395767762 0.6584403321299606 0.32870596744937025 -5.341743785990935e-15 0.17966651409707507
1 4 0.30245024044914304 0.2281612642202265 -0.22283740885110037 0.18716627944331624 0.2613047247617102 -0.0001574590145173256 0.015048935268601904 -0.2708796930018398 -0.17671231558101289 0.18891492426105344 0.45592308010567284 -0.5739836790123974 1.7871974241792168e-07 -0.3122393539692376 0.2270085470695328 -0.006204332376367711 -0.07391408851523067 0.2601596038053239 0.13505497392546384 8.712532933360311e-07 -0.40837631158499993
1 4 -0.06562765086068047 -0.29556810184570975 -0.35363790164258957 -0.21801626430922816 -0.2559108883668076 0.21079617475848006 0.0686314198020734 0.2937375239836127 0.40206006485714735 0.27237974079608623 0.09073785838684008 -0.39108876489052924 2.6611334369981167e-11 0.21269979374868503 -0.05686906408333745 -0.02711504815325685 -0.2658471853713859 -0.17121774976530407 -0.16319619798099255 -0.00026503769119312577 0.06953071028837628
1 4 -0.15389647584004754 0.12465769460437688 -0.40895513623333224 -0.027608549545822654 -0.16263080984113043 -0.3249732763776913 0.27522646764740527 -0.20740807755520085 -0.07774728899474215 0.2988746584298927 -0.201188450377574 0.41184706628991996 -2.2431841569387749e-07 -0.43200192022230144 0.30759633778995366 0.15277476753955319 0.03549501951111533 -0.5228849214358128 -0.19028848133558732 2.9386086617554245e-08 0.14650495669382432
1 4 0.5953260600353538 -0.2998754246340547 -0.34670805501332597 -0.3763985692716253 0.4314539738293301 -0.2743808039225527 -0.2684936853272356 -0.10067405105297146 0.1691798734747194 -0.016652320519571197 -0.17002712579989482 0.13140957485652208 -5.546993155308312e-29 0.3384941637159812 0.43507048344957805 0.17785971315755847 -0.10281673572241624 -0.6211608189697475 -0.20626397467375443 1.0133831011469393e-09 0.3426872025390399
1 4 0.3672904794477786 0.39259781612142053 -0.4487240252700214 -0.17506748744439002 -0.02996532342201791 -0.41328958234503904 0.15588246759115532 -0.17646045242181585 -0.5205310082608263 -0.17263669083206704 -0.40143948584810435 0.2564693001469906 -1.5194168529509756e-31 0.20436421704156693 -0.21839878722013997 0.24099944722899294 -0.08765240710103922 -0.32226169625662276 0.28378982938432085 5.43085853508758e-06 0.24893122027099507
1 4 0.3897372768240909 0.031670474051344065 0.21455957464492242 -0.3309661001564976 -0.44147016830328784 0.1768784438008259 -0.030329402108353318 0.009065227322823511 -0.2573726022347887 0.32048416168542515 0.3309581835710647 -0.018704304130340903 -8.444457254428684e-07 -0.13183076062277765 -0.01172551207411033 -0.11131839574731463 -0.6453296766775436 -0.0770536795284584 0.0653289287052264 1.0730761438638774e-24 0.09787932699722013
1 4 -0.08711644494650952 0.19790127019449755 0.1508218053429056 0.057907184548074385 0.36585343834805645 -0.1819423634683814 -0.027599635172981273 0.1549658373474086 0.19425128637986783 0.3458867057008891 -0.17797996310625872 0.2306331459436333 -8.714827001959885e-07 0.06550647470999268 0.18890907717072972 0.07284282914549503 0.321140506056627 -0.37371277469161035 -0.3645694166143996 1.3168432148178223e-09 0.05095897749526932
1 4 0.35518499685868754 -0.5256510454731743 0.03656769641147539 -0.3419924970136425 -0.1231134315295241 0.2063238208305495 0.42647252056665513 -0.31911747297640564 0.21997621401175496 0.28325215160869766 0.29090540434868556 -0.3234070055152565 -5.628993865032183e-29 0.07088193146568235 -0.5954119609596734 0.2390941257498589 -0.3840595153933063 0.33012205035906445 0.5933907624378605 0.00014622818059443945 -0.1293922739373552
1 4 -0.18386627717292486 0.1951016900300985 -0.051863286355038056 -0.2675042111918594 0.13827605586777988 -0.7786457046060639 -0.1899362586335419 0.2579650059485174 -0.16176186313891455 0.18989781335520503 -0.25666674425585834 0.18472941478124666 -0.00022177613205865944 -0.038045623916833346 0.653507267428538 0.13801915167650525 0.26318767897299045 0.23379063264501762 -0.05771166582485829 1.3574205876249866e-05 0.16948778335005907
1 4 0.034920516957530685 -0.01973263992143586 0.18089181761925088 0.35949555533613337 0.3193631638732951 7.121927863885901e-08 0.2511681121385214 0.04015585972016476 -0.07267188929751431 -0.24545620190154235 -0.12560613623588088 -0.3728764826141548 6.293842566973618e-08 -0.3078606495917789 0.00046526377341480095 -0.15835341113792828 -0.20243127069940817 -0.00014042460672146194 -0.12458094337358486 1.626122761934545e-19 -0.3707520992564459
1 4 0.34367064632950833 -0.014505765152770647 0.33257279927269123 0.11696352479445755 0.022798761496962278 -0.5590222618368045 -0.23493667068627003 0.27568393482684117 -0.13852620815630232 -0.284236120396857 -0.16517227244561378 -0.012987306757663896 -6.125769154460658e-10 0.13350486969594216 0.18493073332542614 -0.7299828369968425 -0.044881768380005904 0.06565166419219835 -0.2635887030771301 1.4798655082523407e-09 0.11243950109121843
1 4 -0.044099462749731234 0.31233085088652307 0.013782412355351431 -0.23945678424267725 0.28811079677063584 0.7182581703838808 0.3964985103680669 -0.3078479881765736 0.1891127893437732 0.005102606614712572 0.1806564661160685 -0.24927150102545492 -1.2303257325447667e-26 -0.2918695830267121 -0.1362037466716169 -1.7797375003351788e-27 -0.4882155800485251 0.2741533877611975 0.4668310985759119 2.5348967538657885e-11 -0.27671572956974244
1 4 -0.14452152950529754 0.07951972248958558 -0.03884926675722631 0.1015426617184397 -0.033464931393492464 -0.6754034586892973 0.372292238450302 0.07094232370471691 0.05976255384971974 -0.24317793501467566 -0.16692871050431757 0.2521273510403647 2.2260632672435553e-29 -0.1120611883284186 -0.12031787917519467 0.48735999392004087 0.1752645277733057 -0.09492757149802628 0.7747865597663415 1.348550809420581e-27 0.27720856851009734
1 4 0.31727538969277935 0.4079005344540737 0.340341174548001 -0.4366173517912097 0.34332939284174646 -0.3666423255155481 0.31265379339897625 0.005717481295823255 -0.20773512835499636 0.20139443514572922 0.1261463225642178 -0.14252042402160464 -1.8346223339470783e-30 -0.18828399514727373 -0.15818586418251923 -0.30849482971268916 -0.5162483858019645 -0.17101927607459433 -0.1428230338181119 0.00024885592559041836 -0.12976742221993168
1 4 -3.529153861387665e-25 -1.3824538161716219e-19 -4.265036465996216e-10 -1.5658669945998324e-25 -1.2292947481605254e-12 2.3328888980393494e-23 -5.474832610060799e-13 5.367913125585751e-18 0.00025389504590834003 -1.9531487318843455e-10 -0.00023362755154561704 -8.013648922671855e-07 4.894064015704057e-06 -5.323722401238736e-32 7.385229143209157e-17 -1.5028458348633194e-19 4.1519055474127555e-09 -0.0001433480550598063 1.012318316148186e-08 -0.00030369753880032913 -0.253270484189854
1 4 0.20046905446826263 0.3935310167395549 -0.07734454406962499 -0.08619928098443567 0.31390651518149965 0.20529400007362397 0.21343108533252272 0.11039647429706222 0.22754682454608574 -0.3859695366214148 0.059497373558946215 -0.3083575100589252 -1.9024920535117319e-28 0.22524233713310818 0.16044015162590616 -0.42950195914358624 -0.30718112611930176 0.6450429764938215 0.15408045144706844 -8.22994729981399e-11 -0.0601632137816435
1 4 -0.44912055100610737 -0.2799883410993553 -0.41200619019198936 -0.18878409094834384 -0.15441301640339058 0.30033434946104154 -0.4560730563695039 0.0015114861960290552 0.11525113108848263 0.06982928492758518 0.2612887583969284 0.332924407358176 8.24075196070914e-30 0.12909961158384836 -0.18179606610205304 -0.4618854400340305 0.5007333600940516 -0.33679745170594816 -0.27641736180227966 8.101542294180001e-30 -0.058883434066120795
1 4 -0.11340763598932388 -0.21558949991779044 -0.2534722718055153 -0.030441791690378542 0.01975712709332314 -0.5337400937520665 0.2843051855630086 0.4987835447010946 -0.3032992267279518 0.08916856845870241 -0.3331396248030389 0.3727546611957619 -3.671761554846837e-05 -0.03031671266825618 0.6003549744478832 -0.01299602612215059 0.15859792682555823 -0.8967962967905616 0.007721283596519678 5.885222978525466e-19 0.26632604431903156
1 5 0.2988299342444329 0.12319599109303637 -0.7490231245760448 -0.3268683507990571 0.43798935175520876 -0.07456373493527206 0.5816915146212095 -0.36095342420486476 -0.30686988730537235 -0.633801045778185 -0.18693564679420288 0.069548072556187 -0.20660244621148613 0.5794480293892559 0.4507974613616456 0.3359584043924942 4.404154133743705e-06 -0.4026989857464083 -0.5260525843969229 0.32540097398991236 -0.2198171585791719
1 5 -0.021859563850242805 0.3761362172069626 0.4915515500996829 -0.23674886853572377 -0.21383139524493044 -0.3406549187045344 -0.27119748941372257 0.3157133793294298 -0.1777771915340144 -0.041867602648444066 -0.020106454040346812 0.2954266871187619 0.14805438628048936 -0.6432943689385817 0.2520000046246004 -0.016025454278298195 5.965066238736496e-14 -0.015325315468868094 0.4763125349721716 -0.3844741437628112 0.3481583898735012
1 5 -1.7135817306704607e-06 -1.3776073033102493e-26 2.9634320902662832e-05 -5.336938029466807e-07 1.0585942045356277e-06 -1.4979100068573918e-08 -3.1888776962920535e-11 1.1213860068328916e-12 -2.159329717785106e-05 2.2547519905255924e-28 -4.473232256417801e-09 1.253420592170325e-07 -2.030528970328654e-09 -0.0001926208276974378 -0.0003071298709630544 -6.294425057496351e-06 0.00016242412609806026 -8.435241848266813e-26 -5.9178541567632336e-30 -2.0842582042828138e-07 -0.33709119130015774
1 5 0.1453980444808098 0.08527193577652387 -0.16898930502920137 0.4333294185306501 0.1109991958903095 0.06531530894959478 0.339129952222516 -0.08630763663352879 0.19648800213611506 -0.1210292905885585 0.028830122613975398 -0.17291576235629086 0.21143064995852015 0.28941225258946834 0.19286329435141236 0.03745949925663529 -7.589362368585179e-10 -0.30100696783102227 0.028601034662181567 0.41642481025369577 -0.375035278557034
1 5 0.341788206405319 0.1959292986662324 -0.5729552588046977 0.07755489938067542 0.3171115400050606 0.21793718491795494 0.35712372671960846 -0.41903590412979724 0.20593541988854913 -0.4677382098715109 0.22529222429683232 -0.08561802303065284 0.2523179955633757 0.2548302904643248 -0.13582602957170994 0.003693300308089531 -8.359163102716635e-07 0.12794641283413105 -0.4996683056150876 -0.054091646796479265 -0.03958966817146367
1 5 0.2572826617888814 0.28468384053370255 0.4791827577678722 -0.4153197143388175 -0.5010392758091884 0.06993993978217979 0.0036641348255349667 0.287706867177239 -0.054853137464578434 -0.2809691293901972 0.05825975229613887 0.06908300183409079 0.050338333274581745 -0.1142915042426633 0.15378969109445334 -0.3551134527422906 2.0006899007872162e-05 -0.16132796744391284 0.22335603563574388 -0.3552102465038634 0.08112487761569069
1 5 -0.13205596604770584 0.3505749494922857 0.5941334545212515 0.21963316462452373 -0.47451282749975765 -0.09475252510797963 -0.3539810665008952 0.11688811010377943 0.19229281187685776 -0.04971245104688085 -0.09945886734190461 -0.3879019203522369 0.08886769966521081 -0.5640599707320744 -0.34953140506528596 -0.20029446080784633 -8.411845680688024e-07 -0.278458657284237 0.17378584099336766 0.110842339365278 0.32733215844128993
1 5 0.4137027274203579 0.023108474467948212 -0.6589113428449518 0.3696964261882714 0.1060887403177606 0.26014640321040683 0.2073598729852992 -0.3223577604898231 0.19882483270290519 0.08676906070484636 0.13282894447408128 0.2352987917971792 -0.3434866000007669 0.6541544027977418 -0.12685976530531448 -0.008215987098204003 3.253172524184442e-06 -0.36160920192514684 -0.5405531027138532 -0.01743406841264488 0.021192372465757284
1 5 0.26347601825670053 -0.4171445941740461 0.6720162939711414 -0.06153764505681196 -0.009475294446799034 -0.07041329848865291 -0.29799658495820674 0.29912879689397487 -0.05594370798609535 0.24158024723090374 0.11488602377550863 0.23269566248079862 -0.05645945718808677 -0.6014913847990823 -0.4250364885574117 0.25850099085936873 -3.5006951940729854e-12 0.35305236546029817 0.343547137929567 0.20580997862722453 0.12190593285532877
1 5 0.28874640337267765 0.2901729053922702 -0.17928208702974585 -0.32374506907071415 -0.4089979972030739 -0.3104806257946043 -0.1310986441676677 0.050441802207685835 -0.36836474121023643 0.5085011960259325 -0.26929674813011484 0.13893700163454545 0.09810587707630103 -0.3117493043800336 0.3244425627212712 -0.44457540594224054 3.0803349501293707e-12 -0.2604614760572491 0.5032946501913522 -0.3314997601565109 0.12474659529034635
1 5 -0.10377693747211013 0.086102668234659 -0.19957726899057815 0.10614337521941923 -0.27205672462312874 0.011572869907681365 0.3130340249258321 0.15551476328136846 -0.2396368602115747 0.16499817678277875 0.12933585300177458 -7.105313977770819e-13 0.5358955384815789 -0.0704847431317192 0.02111007886512966 0.024550422267055654 6.0151308262683975e-05 0.3787713112096633 -0.2998466250696268 -0.026946310780328258 -0.05987526190623134
1 5 0.3240819724322568 0.3163251643803086 -0.1910573618678591 0.3266949637338572 -0.22787326584778472 0.2927440801390706 0.05258712483964547 0.27233335721099017 -0.23771367949452907 -0.2521586020022613 -0.5581806603099101 -1.5107011350448825e-14 -0.32262642403970343 -0.6572696430324992 -0.4739344368869345 -0.21094525769136122 -1.3038030744810948e-10 0.49230381244500726 0.13822971673328371 -0.7448706028023507 -0.18126552881962435
1 5 -0.23183849218793606 0.08872210436105286 -0.22923895783271606 0.354802569998218 -0.7624952243299012 0.07376983032808039 -0.2062280556061092 0.3801524114649616 0.40780973446155677 0.03605533089362295 -0.030448848143791136 -7.822825719838972e-06 -0.6524365773716323 -0.021643850553515687 0.07037478594775132 0.3270973168980032 -1.4971239153698764e-23 0.36512755096720806 -0.23015603425767273 -0.5482978455913207 -0.299400824130836
1 5 -0.20470039006372678 0.10632542581878657 0.7077782000068509 -0.4858301220694802 -0.015223747486561426 0.2966389016455218 0.3274397356645558 0.3046524176647753 -0.3878480921139716 -0.046244347128557226 0.11121881324247355 0.25838860982557516 0.2290763748074505 -0.25069919278377895 -0.025943942656583258 0.20215345745884367 1.6550459291931831e-06 0.024400386922887186 0.12317049106546211 -0.4378234675315686 0.2692807459658904
1 5 -0.15623099205839458 0.2803292797876985 0.7123497652438925 -0.30125451931339997 -0.14056180126790693 -0.23091451704535326 0.13590256068464412 0.3849583180968883 -0.36227071647767606 0.2943069830597974 -0.23551576455717035 -0.29760466007258884 -0.3063420544652292 -0.1335301686370486 0.024297693165863235 0.34375612734058414 1.7922064260645425e-08 0.4308394033345046 0.06290884137318062 0.1665332344392578 0.21598467877548347
1 5 0.3026091290225747 -0.29808662343206255 0.20340530870133988 0.09528858206293649 -0.3845167287585597 -0.49684109388477116 -0.4178806689507088 0.26304808134757374 -0.27211158667571317 0.33593889489548856 -0.32214599741426264 0.06881365366269389 -0.3731711819673969 0.0328052131346971 -0.07204978634276933 -0.20521160371683075 5.814350363857069e-11 -0.2609219118652589 0.04292641325367666 -0.28300224408900065 0.36472102056547473
1 5 0.3347080729469202 0.35493814246391897 0.06574816564138448 0.1257066125747985 -0.10378443298128033 -0.4884120005896197 -0.5247654290571973 0.11552427127115186 0.07612350387872867 0.3698993565582096 0.09536962506628696 -0.18615878911057987 -0.10724625209801882 -0.10951259963340397 -0.16594628535499334 -0.5452008256626166 0.00015231271548938227 -0.283136851683587 0.021857063321006343 0.2467284553695077 -0.15193548250193428
1 5 -0.041455445470609975 -0.06613755131325778 0.012644049148287007 -0.3047216657552685 -0.4794550573383418 0.27062263853838314 0.15760969694815627 -0.6650298394677421 -0.010549449591698006 -0.5153983558565884 0.3913526708437682 1.4874759269584968e-06 0.5377680514185302 0.2406533867580687 -0.04446357596890474 -0.1330970680586723 -9.101227829140435e-14 0.41996052307600695 0.1971938405008219 0.160094583877604 -0.05821257346310235
1 5 -0.3666752848142045 0.2881636834106605 0.13215740762349754 0.12117234402917429 -0.3268569472025124 0.09755205475284472 0.06284566040549708 -0.012545654988573664 0.12354314920851653 0.1925460472528722 0.23291702014892463 0.14097952863999888 0.11738951417814823 -0.6589428177518529 -0.025467558697681088 -0.026834315053720307 -1.4761113149845836e-27 0.29267127761627887 0.4119185802160485 -0.09775536063319548 -0.06459271980956623
1 5 0.10834380379819224 0.316422497360224 0.037483460455253255 -0.0930533314881944 -0.18105697410082583 -0.06434041315082299 -0.10991999898943736 0.17233356421654691 -0.34036304717532084 0.2691087129864193 -0.3346425151557827 0.3647584396847568 0.1000525438921705 -0.30303241507205453 0.15395986360961894 -0.470902817228774 -1.382245691763036e-07 -0.09699268976239563 -0.2785343746126291 0.022429692854265302 -0.131349560621563
1 6 0.7337405227855252 -0.37423631031117116 2.634024530342005e-25 0.4332752431586064 0.4580788011232714 -0.3159033388958154 -0.22523920845885537 0.36669078422775814 -0.5477454361530655 -0.3436784181087465 -0.7293686048081679 -0.7016477179994006 -0.7508328731848083 -0.39679311922226407 -0.48169207892234145 -0.46157020948757516 -0.319801224464957 -0.7420795784735715 -0.3493757811875385 -0.158760985796901 -0.03996421998689239
2 2 0.3591395329181569 0.5480899664528768 -0.3798238227548348 -0.4989376688946142 0.0768588521734632 0.13501457288377855 0.5334182213764457 0.037777322950632596 0.10107228318766474
2 2 -0.019759967885930332 0.2246499353825955 0.04184575118593686 -0.40080140089451705 -0.2874681080784029 -0.16703304679686726 -0.29312053221474027 0.3164359156606096 0.44298450894729924
2 2 0.3533949839221865 -0.4674432621427494 -0.2964857449548695 0.41956337760095835 -0.06150195109000616 0.18530909498772735 0.1746825959693326 0.39929811967804385 -0.2442038142823171
2 2 0.21931999498765103 0.1330220703369626 0.04240589972999106 -0.16016712371958347 -0.05367922338762089 0.2875642689429634 0.07161379906373815 0.23784021812809558 -0.39975563586775037
2 2 0.12383120944426118 0.011706100025124977 -0.16240686485063163 0.24298767524421774 -0.08439557635215535 -0.2360778625981431 -0.05879200781283645 -0.24013223195644498 -0.07153572212403268
2 2 -0.12803037634472625 -0.014790012839207231 0.1739133207961179 0.5700464810515757 -0.44901138244725797 -0.4533498166502954 -0.029686654525497635 0.23573481877384084 0.2011396243289916
2 2 -0.4606296747863275 0.15569291391196713 0.10272543963511073 0.13525272796597984 -0.48000696576348234 -0.24127211119876993 -0.44391926437939505 -0.4828138574623605 -0.14769916421763035
2 2 0.4271780730849649 -0.009156325466084681 -0.21656731074617558 0.06987712735537539 -0.018237892166649148 -0.41585887389073456 -0.3641411885433956 -0.255085654932659 0.2718522107825081
2 2 0.5338774151462211 -0.3301162562641367 -0.11423728389706636 -0.3788580471362229 0.18489398727505305 -0.21849506263776594 0.1970953198795576 0.39438422291161324 0.5240568287769867
2 2 -0.2254550938289099 -0.005728171156657247 -0.04819934218508385 0.3599063406920481 -0.3979480403654769 0.31079769720130573 -0.3581890719957234 0.0710914526137535 -0.19647160524292354
2 2 0.1701071618454173 0.5555964695706599 0.4873187246326215 -0.23386504763246552 0.640097188279392 -0.06474904677150953 -0.3395476853866577 0.19063186124860204 0.14196506993938984
2 2 -0.11776245897408624 0.04885249027455629 -0.059487064399472656 0.12521474765978516 -0.10873249263782347 -0.4992042891630163 -0.501176792117543 -0.5080769716519394 -0.33115425856003267
2 2 -0.05448401886748929 0.018339760244248906 -0.16620964151098644 0.29460706532254305 0.47705014250049355 0.24626430181219736 -0.2025133098171614 0.2756561887232771 -0.28131915341005387
2 2 -0.4032603633330376 0.22655696713034543 0.026487442133535544 0.14759830136090094 -0.3421256181283654 -0.06450360578919771 -0.00841487294459742 0.23355613398274216 0.05110999723499979
2 2 -0.3381092968076872 -0.5741708763768424 -0.21833241592364522 0.2167716559530734 -0.42778837740166525 -0.2176244112815179 0.5723412972430575 0.1362804574177788 -0.33950978077254035
2 2 0.19991136657372294 -0.3444051299237747 0.4314260673532343 0.02277873151650796 -0.3648631783439367 0.030741949980029677 0.11788498711669002 0.32166461323117496 -0.043931057995542415
2 2 -0.33248505818142454 0.13392946647459572 0.4439720237017209 -0.09209773235055975 -0.2887418390335247 0.1465279985888731 0.2528401641191867 0.03644173389504871 0.09128314964868257
2 2 0.4099998139007099 -0.3114651760756378 -0.37698450403367234 0.2857761449215824 -0.035732548221891126 0.12615089106479246 -0.03128771253047699 -0.6491324377786378 -0.3648817631481755
2 2 -0.2990872061258531 -0.3593571958236752 -0.027176009489103585 -0.46924950348200783 0.14338553704349843 0.3565083023082257 -0.5039234273591192 0.29001004629873867 -0.4443265541732366
2 2 0.22694636370564644 0.06047521894744702 0.31553052100421397 -0.37772249128177926 -0.05186688721913206 -0.24053841924302752 0.2650156191008392 -0.39250169843093574 0.3983949180468527
2 3 0.008631159350532408 0.20654519091295495 -0.24962729694732805 -0.0809835673969012 -0.16162289990004658 -0.1587847630992882 -0.09817186606692589 -0.3963137424777454 -0.38359972507621065 -0.09539231733324484 0.0005135036119322879 -0.06535267825214842 0.01343581893605735 -0.3845147415167302 -0.009001933967998758 -0.11497121265146511 0.19431397400795083 0.32070326020770984 -0.0034744822979295717 -0.42160370319759033 0.02996420033624806
2 3 0.07196053795248346 0.38645299528630844 -0.30735509839838315 -0.06568882641397746 -0.0018656631431689106 -0.24415550448956774 -0.3432327303472535 0.26297466633610567 0.29580288050495945 -0.3886689956588844 -0.44331483282287293 0.1560820565495654 -4.167173677809046e-06 -0.03656139812568159 -0.22135022811070273 -0.05231318596887044 0.23982924218655763 0.3385802617446804 -0.03622095325383306 -0.03736161031126503 -0.18361134411746655
2 3 -0.0979040632092187 0.24075726438613648 -0.01389579344029843 0.0029523327092144283 0.21653893601760696 0.33302167112706865 0.059085773641644905 -0.34163161019371757 -0.13829357494678973 0.030059197759342605 0.09427963447247464 -0.1920215241490603 0.009083839290964462 -0.2954021051489104 -0.09894835885434007 -0.12284681919434742 -0.09047640989231565 -0.3394151021106798 -0.45956127299264815 0.3245742560056397 0.2621162354558744
2 3 0.39360075341173817 -0.35856035110342566 -0.2955918334936724 -0.0013938979388276173 0.23665875280215326 0.2056507342096287 -0.2643465450923979 -0.08647683734750759 -0.3421507829579671 0.3115220909050947 -0.023172204957672308 0.08066836754674166 0.31868898333521045 0.34091871122106054 0.23992084729231877 -0.40179313550353685 -0.2962507475384001 -0.09104002174846043 0.30378684445791393 -0.2458225245022733 0.05596426243403872
2 3 -0.22264753912079124 -0.017971773651893497 0.3867329397570788 0.27812701245269467 0.3311698457091845 0.4613845473478797 0.060786012708129514 -0.05424941642146046 -0.2934591552936833 0.1250184881970293 0.05626662391858028 -0.1363058276796213 0.20669011088584244 -0.024370157458973085 0.20834678627627246 0.17558082196837024 0.019270328567339783 0.36592286465858886 -0.19845053279872327 -0.22197782556248025 -0.2677952332199691
2 3 -0.39481306749916917 -0.17916675959718334 -0.11684995854019423 0.33698746624520265 -0.14940488768496052 -0.18718891936321685 0.024001274416579656 0.050815850751891774 -0.18522603817001482 0.05590568124353364 0.0030358293849850355 0.3113968271669466 -0.220064920426573 -0.2632789192906563 0.40556312791258325 0.24471087292612043 -0.015982891166018164 0.3264057533896855 0.15835085886328054 -0.08323001344908079 0.33754522547015275
2 3 -2.7943419915854733e-09 0.0008771737103963091 -1.7069184423546165e-13 -3.853550877626293e-06 6.247122456917635e-14 -0.00015344103241626917 -9.064427063104689e-05 -0.00019733345222701482 0.003072651316938956 -0.00011991459763773892 -2.303618110307337e-08 6.019747848781232e-06 -9.605370791669296e-15 1.614494226631836e-18 1.0618580096435946e-08 8.914670211950091e-10 -1.4119028851474549e-06 -0.0034688024140631895 0.000292122425437259 0.00013894898415387253 -0.35803630974476874
2 3 0.5434228689355465 0.4832991954658315 0.36088159355111155 -0.10854930239088076 -0.21149343294560297 0.2448347901163425 0.058613298487430375 0.15724156628019118 0.38615879841357936 -0.02895178720112615 -0.23212303123206107 -0.05762006189677967 -0.2839047721804963 -0.13975836525617868 0.26800613782996746 0.12980625747770466 -0.15713585548279926 -0.06198795536869023 -0.5608995145970543 -0.20976303705789737 -0.21823899076362704
2 3 -0.10758762196165439 0.10182174380185455 -0.31459015766897525 3.167993102350313e-17 0.1378674991022644 0.37670698275264103 -0.005901514534621139 0.3338109661415661 -0.33645585218630736 -0.18997403961306988 0.32931408910523213 -0.05111351388897748 0.1729918134767496 -0.2741372039761733 -0.23053555430942482 -0.43356716283715296 0.03573215418781365 -0.3544885364243273 -0.1707445269701902 -0.3161011709664212 0.434290111332785
2 3 0.2414537350091542 -0.25647538337335246 0.2898085371938997 -0.09260297103445249 0.03989709314416455 -0.15913884760108132 0.45629504388745423 -0.3062833241150445 0.1017218613419811 -0.059880095941341666 -0.3217612534584878 0.2913167240193153 -2.0131644162226423e-13 -0.06139053304537144 0.19595926419823156 0.302056754517436 -0.2447944656400621 -0.42947330584712395 0.2578235445210162 -0.3715331947123723 0.15222962368510426
2 3 0.244038681889635 0.006752474284597648 -0.017074400976331495 0.1468177577682199 -0.1422117965009565 0.2451856853241608 0.24139233713094643 0.2840967470502507 0.3772321441328324 0.12123780992132922 -0.03208783491015861 -0.4737713032932545 0.277847806684949 0.031991783091859544 0.44484680211486516 0.1412162940231885 -0.11856234755333879 -0.09512297340936889 -0.1871644460991681 -0.20767215292149221 -0.21999252260771374
2 3 -0.20125848468244242 0.3747579129948654 0.046139680716377515 0.15214624626539805 -0.17343953240651588 -0.10570503993578917 0.4079535777084019 -0.00708563620930559 -0.3252781517985933 0.23490769974413644 0.17797268986566767 -0.14436036471193867 0.3569458906482007 0.026402429702540718 0.07826702261845407 -0.29286321757441336 0.32512583217797203 0.17935723260526487 -0.008561386020787185 -0.25493463619404194 0.23112642735863823
2 3 0.30940800325849643 -0.3278746494048434 -0.25234517700464826 0.003342783534447702 0.26279986458714294 0.40219495773480624 -0.2789737239719967 -0.19191187895847037 0.014584746700462902 -0.13140429666561207 -0.15678463187160677 0.11765823956583772 7.078654477147172e-08 0.11716041530593707 0.31293305280393846 0.018095656347915646 0.16288138104007505 0.24177224208070436 -0.47592288388949383 0.22398855951182134 -0.10324023192508101
2 3 -0.03385434937319804 -0.11789938000462802 0.08690462350696719 0.1666444636711709 -0.2938698809184841 0.0690513839470062 -0.03791766956289679 -0.3733299074669437 0.055358376732839554 0.03924712508712467 -0.19435297297944124 -0.39825485843064923 0.1731799604614754 0.07349743336822892 0.5137632756035785 0.4700958083543381 -0.15920478819035216 0.4345140942452936 -0.5923446725164442 -0.2016925044734394 0.27840074668926473
2 3 0.3643611447210035 -0.30388516183031444 -0.5323453814673239 0.14019305025095838 -0.23810974805844404 0.13147711539551626 0.49940200430584053 -0.25838362023756506 -0.07681508242024815 0.12437385407381814 -0.07420943130586019 -0.14410966381722592 -0.00255822031396731 -0.48994300043474726 -0.20629270432585278 -0.35735776829040294 -0.36408135935459757 0.41097964421930266 0.30944539900727375 0.3209224653686149 -0.06138102039217375
2 3 0.11794861098654283 -0.1845039660358525 0.3664191410018719 -0.33908209459478394 0.3416255548961498 -0.24346277992808557 0.4768241487384812 -0.08368058810891049 -0.2000721774178073 -0.1508961133294326 0.36949934920886096 -0.08110325117432862 0.22847845552683788 0.410139891727584 0.3945372077721234 -0.08386580037888273 0.18022576776991742 0.12182010547060723 0.20125253019438988 0.43404690987793143 -0.2477540093891003
2 3 0.15288903089197614 0.173590075054736 0.18018047641739862 0.15349457788572407 0.15969242152081944 -0.45004695944220774 -0.37906330106037994 -0.0038362506417893563 0.23565760189798193 -0.40608991429494284 -0.5798847839939066 0.11112879944789475 0.2467190656232127 0.08501232260997128 0.041861266874407714 0.26352594479859076 0.16914786249078936 0.2799975246199541 0.03340733533486829 0.4509936873213812 -0.1235522999209967
2 3 -0.19889576255712424 -0.1437497906950675 -0.08122830401291625 -0.2453021384989781 0.18092960867740285 -0.2046210082526897 -0.08616535450606151 -0.13033192749563471 0.2944553611389446 -0.1494895854429307 -0.33603876670806127 0.5150087540592129 -0.10818322214258456 0.33593836656908915 0.30690265017732493 -0.5115249323998196 0.17581994877173102 0.27489790449062473 -0.2272936483706004 0.25505209454059213 0.04413991289070752
2 3 -0.11290851060754213 -0.5563233751850626 -0.16412008540373865 0.17406170909261973 -0.050494897474228535 -0.11844583907047504 0.306432227267308 -0.1527082674722034 -0.48561793085479266 -0.12613743058043111 0.2572851821281019 -0.16395006442901938 -0.03221264356988118 0.04703253231771013 -0.19715895605837613 -0.5926089162872816 0.09216020661202057 0.5259820198128895 0.34170522707056133 0.22866152387386818 -0.023727860250807257
2 3 0.6052124419199829 0.10552548985787676 0.23658389492531248 0.318684120700455 0.14939642428087221 -0.2562613310068091 -0.11467853340484548 0.24458184468360797 0.016490494951191186 0.05565312094917028 -0.20481413430698586 -0.2983077168525627 0.07398196230057998 0.09203358157421433 0.18701102766566968 0.07841196145721666 0.3697204819853846 0.2212896766132363 -0.1342327973642182 -0.18578320686473893 0.15355402881040545
2 4 0.25062086717045806 0.28333722609215395 -0.1868044027457501 0.36454417850363213 0.11728395865963119 0.27389366785998503 -0.0017659483569393596 -0.17467734966494913 -0.49648130182690114 0.26016351842971164 0.33020009329805833 0.05834642247341289 0.027325364186455637 -0.33023980113788015 -0.13773261001886125 0.15796307534435414 -0.3515888206943173 -0.06869884994176914 0.4781093016795392 0.2884165328702152 -0.028024799163719832
2 4 -0.018625240914605205 -6.078478089660668e-08 -1.1640551107994858e-06 -2.4106171403385086e-18 1.2539899650390568e-06 -1.9256369554427351e-16 0.003398352935439237 -0.007464944330329506 -1.4291248016212911e-06 1.159908524333455e-07 -0.008838637237097026 -6.545488132533088e-15 -0.001590522044968985 0.008899847894010621 -7.768622431258568e-18 -0.007516218332054077 -2.5825864769726922e-08 -7.471035344049925e-15 0.00017563870921187723 -0.016344391492677857 -0.09943809207441795
2 4 -0.0009006976341223718 0.08494811252817712 0.27478414505195076 0.1376217068418247 0.14660627620858857 -0.3519679662037932 -0.019688112805751903 0.005830002430904742 0.23235223932373336 0.24962418397791458 -0.1463085165128598 -0.19593470529109683 0.29133807256754457 -0.20642937776397294 -0.5520074495602654 0.1724604131631609 -0.0802661529957287 0.3496848079203774 -0.0850562631539011 -0.2010154378152393 -0.18498556045886835
2 4 0.304108318052649 -0.43802643377134015 -0.3639371269799851 0.06625372935274475 -0.23670769766118765 0.21309451006136568 0.014241796452751228 -0.42164520688726503 -0.18407899149197063 0.44673507896523185 0.3227716194044064 -0.28341756713524985 0.49038369275769444 0.4264098590195069 -0.3368376660055187 0.25911457192478055 -0.31985047139291484 0.13803960132461693 -0.10851570010058272 -0.17921266272604852 0.33743678853230485
2 4 -0.4059018068386717 0.1349881431020557 -0.33827348776741095 -0.15468723238751916 -0.46270105867163014 -0.11609524863055735 4.1868541204800986e-05 0.23111011907699358 0.2125096343415933 -0.5195615172047016 -0.12881238130382025 -0.057147385415400584 0.030734167698947587 0.46623549367730877 0.09108700566724523 -0.3813911602139933 0.09473889773686367 0.06806368441174361 0.03562487526181968 0.3004335679405184 0.10563582118362602
2 4 -0.2712309712804203 -0.10680090881420656 -0.221150902817333 -0.18308208966842218 -0.11816855545060133 -0.12928240337337626 3.6305670482544342e-06 -0.27918184518769035 -0.1397496812075221 -0.10088485187036715 -0.3964695263872855 0.2419624582467702 -0.0012442543035471405 -0.24146559442918844 -0.3693218513739854 0.043254300053292304 0.021818189188519774 -0.09748328538633819 -0.205077135727394 0.32064991142795923 -0.14137913224991772
2 4 0.006447331379764852 -7.411703661321912e-05 0.35455615833840776 0.21726704652345755 0.06029046518793461 0.13053612559193187 -3.723356111628916e-05 -6.063134439790019e-18 -0.10761540342849099 0.017697851791302763 -0.164136806534263 -0.3729378957174198 -0.18977176693910258 -0.026482200698997954 -0.267528601148531 -0.12245420021177675 -0.1272004148109513 0.1427395572515867 -0.1816829809588526 -0.17291555827044341 -0.16602300084513294
2 4 -0.26016816758227773 -0.050062620056061755 -0.1603040550036791 -0.07016447405311074 -0.12557685109420585 -0.145767324072052 -0.021016011658556218 -0.4766893816823812 0.2678508289313019 0.0699821740193727 -0.11100240483004427 0.28088089189771154 0.34898214224920177 0.1709765797928176 0.09312224241851294 0.2929065115526651 -0.23079746519015598 -0.13563626431947898 0.4669954782577918 0.07727743014714177 0.3049509992944054
2 4 0.257880801549567 -0.5096872544434718 0.24964062450246183 -0.25427316475084477 0.3916766020238127 0.27138014855112974 0.01538850121737431 0.18547186205464347 0.039550426829656045 0.3306595966562199 -0.15008324078740592 0.003953688392509681 -0.060879415306614525 -0.013224884008261446 0.29169841529515256 0.16109532461720036 -0.2688710927501745 0.30468752275813776 0.40701229770462827 -0.10021950773081838 0.3941827966801976
2 4 0.030689724795468363 0.13360937360633315 -0.09620000673618447 -0.4144448524677632 -0.05266062123269927 0.41774230691599745 1.8233220163059727e-06 -0.1776744280421736 -0.3267439754713123 0.311373648539066 -0.45691549670259185 0.07547928243058179 -0.08138225732185808 -0.3759991956610789 0.46587112289102967 0.4316679542211507 0.09639215750234836 0.2003753018852343 0.0945740950062246 0.02483032721555836 -0.23838329507562916
2 4 -0.27923765799216604 -0.3243106714045257 -0.13678502041191357 0.01766294644660582 0.10271546872291154 0.41802793844769487 -0.02035273025994169 0.03405007592838209 -0.14911333762161408 0.1310401944254891 0.053393793634702806 -0.22340966920005512 -0.0126993445292802 0.374653337254897 0.5715392413326753 0.38180771852740647 -0.14962371818204193 -0.2009873085947365 -0.009377232463723718 0.32407920808527707 -0.061775994767320534
2 4 -7.577949516282317e-05 0.21298759650333196 0.23083576421863072 -0.20457920719580247 -0.39067574554246665 0.19294134419949496 -7.873893821440485e-15 -0.5333416012489538 0.06029434821969168 0.2973982564640957 -0.17358608477779428 -0.26378910018286594 0.4252950812323635 -0.08253159817965511 0.3683398490910971 0.14234655629176018 0.27324862488467117 0.35318955922514894 -0.18065628998936148 -0.25571129103092033 -0.34782610291043947
2 4 0.2821091660549419 0.07752776928845155 -0.5880514573204959 -0.006677082207521512 0.2122073459093376 -0.20839340459816766 -2.4483530333078114e-10 0.05909331694440641 -0.2738934812331589 0.1617668805457151 0.2377981975821695 -0.1884318541593732 0.1465441334161083 0.013997548860010471 -0.2521775279496935 -0.42919911396486043 0.26219877653825313 -0.25177376240704596 -0.03884553013055351 0.1378292671876522 -0.42283956558860336
2 4 2.6652732171844944e-05 -0.1190469240697087 0.015748567377333385 -0.28054316819330033 0.358695378415652 -0.337785944608661 -0.00016306419502799254 -0.009675108248568948 0.04747252550011487 0.5905737194085825 -0.15002690674843688 0.008898421274076983 0.5500792266994579 -0.4780526898883865 0.5779725503193761 0.36771284584700187 0.40845033290103494 0.007154222530922334 -0.02412983743149526 0.06814101502451425 -0.21148660809542513
2 4 0.20090376124149145 -0.10528321386672883 0.04785179426562399 -0.0025219743105206996 0.25654258714198525 0.10852366020165778 4.300006194486227e-05 0.05667333032548427 0.18927415685662688 -0.13431859395086365 0.05003642799017019 0.32808694620557194 -0.394870572460062 -0.4250989998502365 -0.3551177571830804 -0.5543953956263185 -0.1390916705618462 -0.30151283584196903 -0.5254759601995532 0.023289740530279133 -0.3395465441264094
2 4 -1.1215155535011565e-06 -0.004191889476274578 0.0007935262219429668 -1.566224119376396e-16 -0.01178171139109955 0.00010781437082821981 -3.2170165831318223e-07 0.00942449095025454 -0.0022930523736615725 5.031927612353682e-07 -0.002889070228459871 6.843111007789807e-09 -0.000598754294618587 -0.004848954673961307 0.017423373185303157 -4.602102910781682e-08 -0.0025896281664419775 -1.963865381630639e-07 -1.2460814387080309e-05 3.8882034512215146e-15 -0.26626307204194316
2 4 -0.03129720691853931 -0.4167258903035413 0.2518413116495531 -0.032978901127989395 0.2146842526082917 0.11621073368203684 1.9552599182376866e-11 0.05587799717437194 0.18715396657881278 0.15719472453885752 0.2308427480528168 0.15446449329472928 0.36336899699662456 -0.4148196028802929 0.08607733716316933 -0.18396748036034097 -0.555915900660549 0.29355088508229626 -0.09524498644085123 0.1787882857707057 -0.20938041378831063
2 4 -0.18692101796680421 -0.39795696680207826 -0.21625390405406317 -0.1936437534485075 -0.22887778538789327 0.12158963820607561 -0.0004951375454533241 -0.41522118010334447 0.07753082844171245 0.6500209578640038 0.11838644336816877 0.042830543539974286 0.06159686317736104 -0.1560784178660441 0.05515528773571384 0.25468690737780847 -0.32250282543405184 0.013085178741529074 0.38493704787740335 -0.22291342888408452 0.10019785581253073
2 4 0.07896083358938016 0.5058879815894238 0.18070961953625256 0.34484751604501057 -0.3258033267171256 -0.04913639921870172 -0.0001229102308483623 0.035312720672308937 -0.07019042015012497 -0.556033221073764 -0.07677242692555364 -0.07116015573456719 0.11409881023996432 -0.055765251147529275 0.3929946983365424 0.24158621388540064 -0.23672066966546643 0.057256381245444486 -0.04375448880913688 0.325273610023311 0.1790949045658259
2 4 0.009548870136567291 -0.00441373831403607 0.3347481716074312 0.24743209163338173 0.25226916643759617 -0.1039184626263938 0.00017607984015339395 0.46988304586615437 -0.04220095504295708 -0.19773670313086267 0.06564969333038466 0.20169219334155258 -0.07183926278702704 0.04311862699673012 -0.26448225957439014 0.14860459172364374 0.33515142672049775 0.1940626748247219 0.2103475280614397 0.35152842748432667 -0.17047403870708722
2 5 0.28307409590563476 0.012980284526909453 -0.46026274537979206 0.12939079918953245 -0.1548975883016029 0.13728539013990515 -0.14109210984326423 0.2822379565621614 0.3763256056434766 0.46025659478413083 -0.2693748477774341 0.4889053165361752 -0.3392085738462519 0.4189949147404024 0.09637884820800452 -0.004588070979079624 -0.21417286403188965 -0.2212947330347219 0.04403761310292653 0.21529233760995706 0.2083733611476067
2 5 0.21540352452044642 3.6499893262568315e-05 0.5384306670033707 -0.3513218370303912 -0.13860301112597775 0.24572455246039773 -0.3658706271270154 -0.38448363828527504 0.33653352824640076 -0.18159400176027596 -0.3374187360795306 0.15174740975416262 -0.0001948240934864027 -0.0051092657153030165 -0.5633558148014931 0.0004625655090984654 0.07820147755914446 0.1167740827477479 0.2667462148109122 -0.1346378046761179 0.2935174682194014
2 5 0.059918120828120675 -8.365173438778427e-06 0.024864853676795286 -0.10345042171654426 0.06517434699725484 -0.1357321429859039 -0.3251797349599551 0.05129061680134616 -0.22256385494079794 -0.5979535480966384 0.11422281244409938 0.16643337564649116 0.09900414323541855 -0.3641355235674459 -0.43449824622606614 -4.989206415890334e-09 -0.20306405883978185 0.17091078417130778 0.24208757515832854 0.3369940879402323 0.09125475303945076
2 5 -4.3517550177262914e-08 0.001916538916773042 7.1298512373743e-15 0.0013607297461552508 -0.0002575099918394195 -6.35851641456987e-08 0.0017425467551097158 0.003505681925597559 -0.008100050655669978 -2.2771185034613894e-09 -0.006873752215166177 0.01186361559023258 -2.2847792912710337e-05 -0.00011929580740783077 -0.009508519219737712 0.0002780606758332186 -3.885361653839488e-12 -0.010126356228752596 0.00028667585507016134 0.00100131559433724 -0.36676962402771063
2 5 0.12852779400495773 -0.0027051629153682527 -0.23986141780430523 0.1544351755177106 0.17916887036563597 0.11618757705256878 0.06721069087505113 -0.1953081555469586 -0.3187662179900818 0.43782283681100714 0.3720869899778305 -0.09564645827759881 0.26396222136316816 0.28648775298233475 0.6969009606665546 2.1734985215068788e-17 0.006161905768856853 0.34138895256413126 0.3816818227903575 0.11914088954649346 0.36789129373742396
2 5 0.5324765521085091 1.0482492147655435e-05 -0.3782168638433686 0.42825579083583243 -0.0960346329009472 -0.3442205325331728 0.2882021439094994 0.29560256119560485 -0.3071521807319007 0.8148433070710737 0.34207093221586077 0.3049431792917122 -0.15586695324485664 0.33508625183774193 0.082122408487154 7.355632425589979e-06 -0.4103602286434442 0.0629762740521906 0.3174868934210679 0.18155722218523723 -0.06307013799257381
2 5 -0.06867142699175693 0.0029501523550818304 0.25457254255702294 0.00499957729577611 -0.18104007636734637 0.05211061540243628 0.2677438233575944 -0.1125818314998572 0.12256936161052537 -0.6455460933409686 -0.14745776349766493 -0.4728386025359646 -0.3354316818259403 0.006110396942483413 -0.34155655183411404 -6.3075732131672334e-15 -0.26004298674257564 -0.057393336198119496 0.027601508969679073 0.24114745901367945 0.14514147334371252
2 5 -0.052438463577288895 0.010909793147009942 0.5198933441076979 0.1868391334293213 -0.03404465897400886 0.014083132149096648 0.025947489248279183 -0.25025230938810566 0.2800196118780624 -0.10234670169467604 -0.10053829444157074 -0.3782624673685147 -0.20636981108264676 -0.4092399345506587 -0.094041978170685 -1.2506060807284165e-06 0.15165713417001866 0.10430190009965888 0.26387123804537577 -0.18350305492744434 0.18393871369071463
2 5 0.04858153346788728 -0.015487805053816854 0.39525990153496376 0.22255022968430502 -0.10008473846031951 0.13079081326143144 -0.00044417654705072873 0.25871336540755285 -0.33216418711036977 -0.0008275589186277675 -0.34082462902284405 -0.4466622399839998 0.32111715594413703 0.35047415478669525 0.15122250052201755 -0.01366834765754941 0.06924077197525678 0.12262159368748725 -0.008860716098810298 0.2115840287363137 -0.04373375378437947
2 5 0.2684082133577296 0.0003436304596515781 -0.034278159623709434 -0.2728934818332672 0.1257185339098892 0.11512202862617547 -0.010444792756709204 -0.40488513101515794 -0.35887022269683416 -0.5454799239457033 -0.3621759862496624 0.15191781188932937 -0.19467319838481684 -0.12882514063629888 0.27701551128564766 4.156689704331155e-06 0.07802091826285723 0.2955022293652407 0.17514911056993335 -0.09631194919758453 0.20156031679235206
2 5 -0.29715255114705713 1.1881779388605184e-09 0.48310905572815105 -0.220308547049047 0.4216008530395296 0.28799953848192505 0.11343336040195821 0.1960120171021052 -0.13725374121969489 -0.4953023535008272 -0.16170907813474744 0.2151321182764243 -0.08265019941225675 -0.3015343687484902 -0.3770619462625664 -3.296557017003618e-11 -0.2654523381320423 -0.1348173913870583 0.05059347317733402 0.2871227613865835 0.15935959941801794
2 5 -0.012640222506179098 -3.373425485832249e-05 1.0996622818230321e-05 -0.0006164094388681647 -0.001543843413252652 9.089649659436814e-05 8.538080951913125e-11 3.1272596923944603e-06 -0.0031470164849707063 2.0681076847973806e-05 2.350146870355685e-16 -1.0755410044224898e-13 9.277872449020912e-05 0.0022572745022189874 -0.00823814497627721 0.016382556156508486 -0.0006080662908663025 0.0006168891782438732 0.0004953213630835716 -0.013349229162758158 -0.05780661281527183
2 5 0.05061803744856947 0.0051252049278139086 -0.010144075908291288 -0.3115150510750741 -0.3315112911757481 -0.07607819892691264 -0.3036304154553106 0.022474064577623236 -0.13696637622827462 0.8048423536067707 -0.07673617195640943 0.5414889695431405 0.024872171476352362 0.5216464550197593 5.556159978467423e-05 5.185257193381747e-10 -0.07112861892991142 0.3718453352945296 0.3569544343248756 -0.20014589673769803 0.09415414697313411
2 5 -0.08405593405718455 -0.00014431845036458964 0.2577926042483747 -0.08683232328576493 0.3209221960995609 -0.17196684752102948 -0.0709783003721293 -0.09257220246345833 -0.31718738976888444 -0.06549002743195462 0.2877653022436265 0.03993818413587891 -0.17167208654084867 -0.26473527883586934 0.2544141311138075 0.005255637873972502 -0.20768994171520744 0.23742574633190178 0.23691085495261271 -0.28443846121929545 0.1970457195971554
2 5 0.17366532728670075 0.0013582500654156177 0.19906284759819684 0.3081877782377425 -0.08730044528542505 0.13360382724814884 0.09950474090213296 0.18572885263648095 -0.2685537700140007 -0.4974079496813894 -0.3888987148576997 -0.10982365728142925 -0.34930299049774194 -0.44534028798341246 -0.4813062408088685 -0.011541150379749315 0.3082177827771259 0.18307317296048997 0.3601371668730649 0.36831919278080577 0.03667121532742419
2 5 -0.17082455920566642 -0.005807174383999818 -0.5780622864070935 0.20403432041843628 -0.05178198740733405 0.20549951715449072 -0.14672981520756442 -0.09374110353239233 0.4442573020577387 0.758249463858536 -0.08607388301614939 -0.04694202520882338 0.30491427784117137 0.1603151896222658 0.5272313026972231 -2.4783494044445383e-06 0.35370065832139713 0.23684134836828996 -0.03016266258815373 0.06388728346392228 -0.1643873097239432
2 5 0.48352769962704223 0.01735577961298649 0.0016239047127858763 0.24867746940647878 -0.09806534352715472 0.22152046592446348 0.09323106677254857 -0.026083061892469384 -0.07892523281528376 0.26445435773801573 0.207765603179167 0.343159687320244 0.062210224767517315 0.4787875709039725 0.5629260139263628 -0.002488886736516505 -0.02122389308814721 0.5035150292003622 -0.11208450172900303 0.1304435981969528 0.2357159196210201
2 5 -0.3026295070636914 -2.4850633999900225e-05 0.5082168025822577 0.10855317778923253 -0.15912622286698738 0.052663555083282174 -0.12576830589335206 0.215365220360589 -0.0285138796879373 -0.40618395952781594 -0.3143729055196682 0.1339945071290199 0.07139583795025516 -0.10266104050723471 -0.3073656669706987 -2.373131439889416e-18 -0.12824532058626964 -0.02179072159797349 -0.2443085306545639 0.3331000878345925 0.17225571293687633
2 5 -0.009895289031303113 -8.948577736786637e-06 -0.20004596556633447 0.2646400048751389 -0.2733834423904178 -0.13027081725693784 0.15264017627860946 0.3147825476454889 0.115636771405941 0.6596771644764335 0.40303536951743385 0.04364848920207572 0.018477994298278802 0.5890551993379741 0.7033621534821713 -2.926992942649693e-09 -0.3289621857216066 0.5030424493199611 -0.22207659191756662 0.12945290017391223 0.4019814629955672
2 5 0.16778454576094345 -2.3023457420223442e-14 -0.01174839782017538 -0.08325944800818691 0.20725787837474868 0.10115588267712988 0.004018790801340395 0.2670942690779521 -0.010086948295952062 -0.15186090278957237 0.1818643795099309 0.0011880672026745513 -0.1423935150656301 -0.0182730253891119 0.2860576305537861 0.0006959110843865882 -0.0021634841151681535 -0.14135256380666486 -0.20459093439746087 -0.054898862097156435 -0.3340180622701363
2 6 -0.3492947086262701 0.05237898464104694 0.3375588062173169 -0.05302566243925999 -0.21784451911380154 -0.11265742790516887 0.34192565319624546 0.362226676378417 0.4726056948025519 0.35547372474305833 0.5086009131301162 0.045827744386161905 -0.6440496868141687 0.22423758666908336 0.06705653806681637 -0.3713798092242128 -0.14713243445370072 0.0854174812216716 -0.3606724975052828 -0.391857792992493 0.4583247739437462
3 2 0.02833221203532504 -0.3695940037655173 0.3631421951776724 -0.11385775142557891 0.4253623524751227 -0.21070429746894456 -0.664550199047417 -0.21957743605503596 0.21773887559930602
3 2 0.21289342314003573 -0.24307134213981685 0.4052870079590119 -0.15407474126958978 -0.20180508303778558 0.3175148313493319 0.3767713237584638 0.26443382557512735 0.1339604888811034
3 2 -0.1515502227512778 0.31363183746449647 -0.17651349033653121 0.2866690379885718 0.10253857745000658 0.3101084169588505 0.03057205127588716 -0.1489630194471714 0.2277777694248834
3 2 0.19386433426869248 -0.26336210485790584 -0.18310304781864992 -0.2616237807221356 -0.407511672933161 -0.0006604685438283852 -0.19820902525600723 -0.2477683053733789 -0.35537708158889625
3 2 0.39931207685679704 0.22549662886852453 -0.271946336437388 -0.022365438308908806 0.11486383355602375 0.12363587675671259 -0.4602645309753271 -0.5054274176751717 -0.18480330726994126
3 2 -0.4976499848191348 0.0977781799336233 -0.10776174365486138 -0.2939527273289396 0.33463762491612775 0.30127076387703694 0.09927702683671215 -0.6065398162380732 0.16458466177447073
3 2 0.3247054209474765 -0.37658683960876105 -0.022474240036154995 -0.2685607764944819 -0.36907600496667714 -0.021133028973691757 0.331395692106101 -0.23390604525895636 0.35766056314265127
3 2 0.1021470942630687 -0.44855269697879946 0.004164664936296787 -0.25108382550150216 0.17923119030508927 0.15185885782157904 0.2516999044407198 0.2712559171737109 0.16045783526684418
3 2 0.1702089610997336 -0.0380055618961208 0.10525664306672965 -0.5891889216269359 0.24147894206370865 -0.052904690490163414 0.3132444235293377 -0.23740861237168043 0.33393862753201065
3 2 0.1918206315950369 0.22995161047262144 0.15693038891925346 -0.342306501001653 0.3026166203189234 0.32072004418220107 -0.2961121695489701 0.3166638151637079 0.7137281723277242
3 2 -0.2781295284330932 -0.24314161502894222 -0.3423589658128291 -0.005416007293966428 0.3084556316679961 -0.23078434907327955 0.5874290344239552 -0.42291464069515927 0.13487850890867478
3 2 -0.2471697331602631 -0.030978058166522885 -0.11364971131939819 -0.09711590334813207 -0.16861946505206618 0.16632429526428197 0.400213192597324 0.3368560982371535 0.3029310602539571
3 2 7.215480594852839e-35 9.179102548200532e-23 -5.881915467453161e-33 -3.1235066148246155e-16 2.9666723053696396e-35 -3.917438822473362e-38 -4.158083304985325e-20 1.2683642503069772e-13 -0.3992830681545283
3 2 0.18070309582359145 -0.18267411177286164 -0.0667599445225241 -0.038508793134596965 -0.04251952439534353 -0.21363264193777487 0.04886228237053509 0.4362466955405672 0.6513550818629662
3 2 -0.07459970447529166 -0.2184854624444994 -0.32698744347617525 0.4952564685063374 -0.17546856173300482 -0.18075401078274522 -0.16492911435071478 0.6200949189904482 -0.23378691160668205
3 2 -0.22431435637762237 0.20862629383005293 -0.45682393496214513 -0.3358485285151494 -0.28594155876453803 -0.5114060644268767 0.3188038168230719 0.23369288036009425 0.34676099351030476
3 2 -0.16380502903075578 -0.5389493486098255 -0.2689356029536091 -0.10819114490887291 0.1003408398047897 0.02702058747493819 -0.12146090128290496 0.35586808654380264 -0.13874293886792213
3 2 0.4656351157483012 0.004203163326191256 0.02375948778626072 -0.32504044842918145 -0.32225679283846104 -0.07601772446224779 0.27810435886711465 -0.14071775826646396 -0.14775555466788942
3 2 0.4910901888675674 0.2671112375286298 -0.16038657718420615 0.50105962715066 0.07894889413961131 0.09605617680172222 -0.4219885194767191 0.4663635650344617 -0.10614352049544103
3 2 -0.4119865011814072 -0.5606860293635672 0.32626822599578315 0.3436483868362557 -0.5468503941501871 -0.05898370567764721 -0.35646893144467506 0.13027344189041362 0.13553759454847394
3 3 0.1737577013078215 -0.059111171381398785 -0.11764860730291221 0.3151285165078899 0.13911683073048878 0.1882712045565789 -0.267600096646471 0.056405837097632874 0.037378641670313 -0.1911898438430743 0.17997285951711461 0.17126575868076074 7.999314179574093e-55 -0.006926996880396442 -0.17317203958827398 -0.3743446667842504 0.260241135856458 -0.08122574000603039 0.36303368874352526 0.4077630342430548 -0.02783863328868874
3 3 4.0796132628362847e-51 -1.8765636849704984e-53 -2.1376322602902206e-48 -4.2722108827378116e-13 8.2089017171962245e-25 7.670063923565887e-49 1.1314333638583298e-33 2.3105212442909e-09 -1.3202226520844025e-20 -3.476824802246653e-14 -1.2057814494153918e-50 -8.205812339052898e-16 1.9526358122057747e-13 -4.1256474559297323e-50 -3.3875056255624856e-50 3.558858992162604e-46 2.4199330977656522e-14 -4.1085122953603273e-23 5.375984048220526e-10 -7.603371533215181e-14 -0.36818626505461555
3 3 -0.07106203066189465 0.21550859933616426 0.17250029733802033 -0.1348625411163286 0.5530421957036328 -0.33548523232603794 -0.010864701978163678 0.24836715909207566 -0.4734446508575747 -0.1731261565912165 0.2573111891186682 0.18579852581902415 4.178386844412578e-21 -0.3917320642144463 -0.13091526615843724 0.2415566026328211 0.10949381828561794 -0.15083878603683162 -0.17408273829939988 0.3126869475891951 0.17591336243200842
3 3 -0.12128587808881255 -0.06667612113523282 -0.1515525773992232 0.003449753568676035 0.3190518841042159 0.02215122822835729 0.16294654812773315 0.09317725418524313 -0.49575179627958166 0.17801360991892598 -0.05753148485824739 0.3234715181405551 -2.6856356195034574e-56 -0.3119761043749648 -0.4343578656512685 0.22423759036579388 -0.22703421039597202 -0.5092873162862309 0.3360496588109834 -0.15064595217537455 0.1515734973156456
3 3 -0.11252023486912338 -0.023535450344142714 -0.2997893922883682 0.073561245823355 0.17654522123924743 3.6850277137712465e-12 0.034957607795889994 -0.12458296053632979 9.56958791653903e-37 -0.19600901394115328 -1.997711794846919e-35 -0.04529940135252873 -1.915368249736639e-09 -0.19112740637132913 -7.67813298851852e-10 -3.4751876961188604e-10 -8.604251351244712e-45 -0.29279967050432437 6.028524416446917e-12 -0.25150539038570846 0.050900744291070124
3 3 -0.05520345303109149 0.3211640784502952 0.1769823032437868 0.1656672443627482 0.02174571519607338 0.3571033163674138 -0.1822822552179591 0.15312329052682752 -0.33011716892753096 -0.12852964619317064 0.27460171231957226 -0.2122448383523602 -2.4872028236031847e-11 0.003976579807133294 -0.05796995670739847 -0.10660230829886554 0.12994150178885297 -0.18789560770655866 0.6758799243200434 0.39697366833658 0.34988647932635414
3 3 -0.09987460135014128 0.4404723655647342 0.3363900206656491 0.31470580522488073 -0.5946576365691304 0.21661658047391177 0.029451091453870915 0.17247166994827948 0.33342339228676615 0.22765950907299795 -0.12727506190783006 0.2343169217060161 1.3610376695477836e-16 -0.20121736960575565 -0.6050806871696292 -0.2862149124016041 0.6386379908787254 0.013690725014266441 0.23283764738747667 0.01257474984187044 -0.06767429926224228
3 3 -0.3190108897841938 0.44363489854734733 0.2288673565218335 0.3346014881659863 -0.26944574798926535 -0.06341879336419452 0.06555244352025448 0.14391262451039624 -0.02720872378207737 -0.07707299759217542 -0.317969914242403 0.14848735947683056 -1.7065451434892498e-52 0.2662170800493841 -0.11877880916887947 -0.165380321262519 0.19507094332549224 0.0712500384642253 -0.43316056498485345 0.37267363193917313 0.016120810128503815
3 3 0.012966973907688754 0.3503981405562789 -0.2076963346110243 0.3359591981930336 0.13614529037136025 0.15775163653984955 0.30298428553769213 0.23985057757381886 0.050973872753283966 -0.25705135955091474 -0.25490225810756334 -0.04565655474473008 -4.592628686357724e-13 -0.08019611438322868 -0.35609489696596036 -0.2898406643352921 0.280472687572808 0.48313056175819774 0.0618847345237292 -0.2502236436900045 0.02076211636915402
3 3 0.2947740686502354 0.5228341343189717 -0.3311225301224352 0.4292894757226736 0.04480164319771735 -0.16737691163311783 0.10981288500300357 0.026252305348736665 0.18523929582562723 0.2606500796416143 0.12272532513677471 0.4107278968051576 3.107913800897581e-51 0.19652927173140733 -0.6921624528828269 -0.5453255124049892 0.25684412273732704 -0.13868098516012212 -0.006462897162551088 -0.1674443353965242 -0.3263880121753638
3 3 -0.20539769051226034 -0.15060728416510566 -0.3301591083156199 -0.20533673461772634 0.13854614040991559 0.33917702435308555 -0.05369897185405153 0.3199837748830603 0.052346776896770614 -0.32707051507289125 -0.12731393662161944 0.4315135996250685 -1.3385694027805146e-12 0.010515392205109258 -0.04035249712741188 0.490377441290474 -0.2924045757687271 -0.30162201664218075 -0.28425057532235004 -0.46469957392859784 -0.09299240879564775
3 3 0.21237884501581844 0.09772749990343153 -0.29863554542660237 0.28416918199981306 0.2243433952507918 0.28042365880385434 0.38955306015590135 -0.1998422829305497 -0.09644717459892486 -0.3564022521289424 0.2821452993434219 0.29924799612154157 3.4976880077225033e-39 -0.48472684772098623 0.3011299936835658 0.09098671840886212 -0.31063114770050604 0.028423793368698377 -0.5281017358155937 0.3419926057583649 0.15458312595369847
3 3 0.3278310147709629 -0.22224165922033082 -0.5532079062352222 0.08795647707683248 0.4370989357975171 -0.12377450411594898 0.3205268231861793 -0.3437216116852161 0.06676469359235446 0.030683246451689794 -0.028152896908611863 -0.09220726320115541 2.540860611895487e-28 0.1982397047009998 0.237053877102041 -0.5246219786818004 0.1552267726373045 0.07337105387279386 0.3830121535017738 -0.21363406332391083 0.17652735080553278
3 3 -0.35051170820566746 0.3399620886023533 0.153840270022476 0.11856032899710638 -0.14578491827261764 -0.05944488707052125 -0.2452747584946015 0.12113851923787144 -0.11379614053037779 -0.42829904998203455 0.27482697885196394 0.4093081112886858 3.0425107348270224e-49 0.5808144224419887 -0.11837010991113502 -0.031644074815978224 0.1182032797008605 -0.5005651211889218 -0.5968121114629437 0.412316083510321 0.17697450493001277
3 3 0.18700556249404493 0.18503481633490493 0.19444677196706328 0.3655135423871133 0.10970160258273695 0.43098790629100925 0.05257714983341911 -0.22909619053582317 0.14268307340476535 0.18354948316052278 0.2424039853063082 -0.0690332482084781 3.4580063321202224e-19 -0.022107825473234578 -0.15315286620587576 -0.13632110197151667 -0.31542841448195263 0.02862250186463452 0.14839328772896307 -0.37809238120085564 -0.007792685040915661
3 3 0.3502267179427122 0.12379540836212315 -0.2822863522922457 0.2167790214839898 -0.26811564438985164 0.2442143254393211 -0.25212286942675255 0.12307377091438332 0.08282022797239044 -0.21266614277885254 0.3334433764269515 0.46310693930224317 -3.728783478212799e-46 0.21437595142860258 0.28326088903955376 -0.19333979737467755 0.3368073659787962 0.3467214975724807 -0.2233767298002021 -0.03992433290270606 -0.08521536461102423
3 3 -0.02226686235676269 -0.22415481193613687 -0.09098451912242947 -0.05314343308900623 -0.09256506464649732 0.24936538303702588 0.3917943223461007 -0.21356281086608825 -0.2628373552260526 -0.19306023079896145 0.2208137931388264 -0.5594994875802246 3.264085479842517e-28 -0.5609325770454803 0.2528280150707728 -0.1486968703298158 -0.27238830557252364 0.27566219748566617 -0.09022531406873494 0.25556326350453 0.06301485671675368
3 3 0.39050803848870547 -0.024943386308339466 0.37365514316608467 0.23544352174609937 0.4280241792837961 0.32583156171412087 0.25949312927189516 0.08538503795638337 -0.3125747561889136 -0.49878870615986504 0.1854385664173364 -0.20486518417287286 -3.9469346832790965e-16 -0.3720886505202053 -0.03001763576574361 0.10245159932363021 -0.3313349044121955 0.2022330625771448 -0.3846844130837538 -0.22371867116466912 -0.023097722675881446
3 3 -0.17024850975828035 0.3379425212970746 -0.049247707121010356 -0.27329584823346714 0.04795771798066433 0.10077225594805883 -0.006338386668701246 0.1887036961529715 0.025609116322187705 -0.16038631706250436 0.06781822169278112 -0.076151107401298 -6.484030282240805e-51 -0.2544894191620515 -0.24531361248137742 0.04316787483885779 0.037857300744529414 0.050380031620489533 0.2996345525376191 -0.18064072670611883 0.35366966191777416
3 3 -0.05942142094814367 0.1918490828679561 -0.2865714012268164 -0.35513078042286006 0.14962345373938432 0.28417314964490203 0.08320676477317945 0.24642284433522596 -0.1547530251387969 0.6274620775878468 0.0618234604571937 -0.23961478921687135 6.965831217315086e-19 0.462840429035033 0.03932872366779809 0.006730442443403038 -0.11829002389606628 0.2678170909324522 -0.24430979710496736 -0.29728223244877 0.024736283508401086
3 4 0.39740326651374214 -3.0761202979138694e-11 0.3039555515964046 0.08102997150307167 -0.23344173625627154 0.13624333645405537 -0.3587303544003036 0.04308860806986543 0.5203074841089725 0.21013349935362718 0.37094460965132803 -0.09985406978576825 -0.11095645048332739 -0.33160220337361684 -0.012445641479568127 0.41640458010596226 0.7218817360032729 0.3649879842784068 0.2586219069890739 0.005083037662999123 -0.38689655531579553
3 4 0.3334303153199331 -5.975585050761363e-21 -0.1431865805927042 -0.16588922440298096 -5.972066315715576e-11 -0.15159913549034637 -0.1478198629070165 -0.043136709607531167 0.28145120125031514 0.4549717533140404 0.40915150812374407 0.0821121696797796 0.09353585416621316 0.047935798796748204 -0.27686920600611736 -0.047304240079345194 -0.29798533413996847 -0.08672112798257538 0.2580556044061929 0.21978454968935038 -0.14343720292437398
3 4 -0.06979312414095822 -2.1258777379176463e-35 0.2191795749793983 0.16531563570311011 -3.2033178515549457e-13 -0.19388481560068804 1.3749043427148625e-47 0.26456401339932606 -0.0009894529297860817 0.017814490771697045 0.1319546030965832 -0.20902873291781296 -0.19902051674955323 0.18497191893868262 1.5778490415954686e-45 -0.07367096336090534 -2.3915773194794534e-09 -0.01160739416866831 -0.09442949566055107 -0.3130408986436208 -0.3902566338503192
3 4 -0.15466705577384982 2.168613789250029e-36 0.3197141545396529 -0.34644199523248403 0.30347174875641086 0.27351221821189103 0.10232245110646901 0.09090490124030948 -0.10796060315047333 -0.2167203968712074 0.1566780784082543 0.25792170762272476 -0.39440841942803373 -0.3250707551115972 -0.13917639207670776 0.4404858907904384 0.07433362293456604 0.3295495647363742 0.14300584260809698 -0.3421336651392814 -0.04894397055429967
3 4 -0.1611296379916768 1.6493721016353862e-48 0.08104928663553256 0.2172239688136268 0.013470994535845902 0.2974479761005302 0.3896911741664341 -0.16828423093085287 -0.0742463466818455 -0.3096484502391452 -0.09355242784010041 0.3694592178497194 0.008720139471302728 -0.21845914923549417 0.1382534073099691 -0.4344422176315186 0.33345782700591736 0.07857524765066758 0.010195762049930172 0.1277416686288548 0.1608777810696845
3 4 0.44687193607641246 5.011591035652496e-51 -0.3097272757897048 0.3079854393538441 -0.13828654685076053 0.38960444819355905 -0.4508429223683966 0.2860642465004955 0.13862891798181107 0.480076355788283 0.1627293503780832 -0.07785062098617668 0.4041837433408273 0.2561287354847628 -0.17853063866913718 0.41128797428643243 -0.12270455026691077 0.3353474373599248 0.0603625293537676 0.09793071626112594 -0.22828981949421343
3 4 -4.781325586934842e-10 1.9394302895306325e-09 -1.4698558638687047e-11 9.097629074455273e-16 -8.190819745930258e-12 -1.118221412557646e-12 -2.5012028584771417e-52 -6.248413183059324e-10 -3.74414352434824e-11 -2.5865369994450544e-09 -4.681075516369734e-52 -1.0417381965389423e-14 5.234295648513477e-18 -1.6268960199177356e-54 -6.749163376682114e-10 -1.502559082337295e-09 9.522706744899427e-26 1.032881804751353e-14 -9.38259450384908e-51 9.73965562219771e-14 -0.33595087572783183
3 4 0.03557611673330033 -1.1293830959007344e-34 -0.3344688323348561 -0.18739984719106245 0.15584981457564956 0.28167950334290015 -0.06671710466289639 -0.04986049589905917 -0.02855360351274308 0.11623465402268239 -0.3559390899004127 0.21963140856811522 0.3630328159335778 0.050363574225659916 -0.2715727757876533 -0.026643918066674224 0.06477266833431347 0.2722819455884369 -0.34250733557639934 -0.43589551522271747 0.13131359960525707
3 4 0.3985374623246714 -1.277058011497474e-43 -0.08174051869475825 -0.09273713459877023 7.73476075115166e-10 0.31142257251500083 -0.16531901607055097 -0.2744373358775108 0.16158474542847484 0.20515615978767845 -0.023730699990897778 -0.14525310541620845 0.13493157732336336 0.009757827527066554 -0.316187993643537 0.30760758366280905 -0.21743358756878392 -0.1502797428311468 0.31424781951366865 -0.3463260800920471 0.0971372512233767
3 4 0.07426339139417364 1.837090886669936e-36 0.41481340976096553 -0.0030144072918786968 -6.391161957825037e-15 0.26438959463747785 0.23789165863115766 0.1420022251741827 -0.14140417636756675 -0.057540193608859036 -0.27630193442554757 -0.1162996363250955 -0.29518581974029956 0.15982956408395416 -0.6316908121859205 -0.42512601401838884 0.028383222751417345 -0.12258293027408942 -0.43742097978080663 -0.1645227365854355 -0.12689735106918326
3 4 4.8911033314251495e-53 -6.311171624174284e-15 -1.5451770648250863e-44 1.1813637364508039e-36 6.46627743828417e-29 -1.3941023247718023e-40 -2.8361727542122613e-18 -3.530545787045345e-13 -6.937753956510853e-55 -6.926158376938372e-17 1.556142572107724e-33 -7.56647370780489e-12 7.849829991820716e-13 2.6713952780047475e-12 1.426810320343766e-39 -4.452831236568661e-50 3.3188189882729807e-48 -3.2899254686482615e-09 -3.3183280113337733e-10 1.6633878341957713e-52 -0.36308128022134567
3 4 -0.2509932016864796 2.989771312195501e-23 -0.05606445136287893 0.12450725292410217 -0.12051284801841232 0.08168236632481107 0.3791837979459674 -0.21868158493590711 0.26601174138038863 0.38044249564655164 0.34886524737273505 0.14155870099621856 -0.29096000293886226 0.14388541659311316 0.0032287740400618373 0.014489018286027769 0.32665936864778816 -0.02142548243055622 -0.40974523745615304 -0.39147257297281374 -0.016976853291311263
3 4 0.1779411852145555 4.330992302176597e-51 0.24639936845772986 0.13096829079240094 0.0840553040202786 0.24401334107953584 -0.3973776157728963 0.07513941715745101 0.13555792113015244 -0.0010480266067540828 -0.4014353711156376 -0.1286683257385105 0.12454915202681922 -0.2812672683521935 -0.3919591975889495 0.09412071638392823 -0.11175618063969935 0.22646650154696343 -0.43193432568057477 0.19503414286179135 0.010031132044351857
3 4 0.21910832117793283 -8.680113321863741e-35 0.0786699217206528 0.1514583436181004 0.09665104602050802 -0.2614426123513128 -0.06964608044326526 0.26245219065110703 0.33912696964903666 -0.041511066575062795 -0.259973792725329 0.2389426376645447 0.14111062692145326 -0.3155563546051776 -0.12394657464981589 -0.08887605305109987 -0.14774369586201555 0.05580293261896227 -0.21619720574092757 -0.0925316891557468 -0.3577155957396603
3 4 0.31212941558760304 -2.6330828015906358e-11 0.28263878378840745 -0.22736118705873137 0.34691885201840345 -0.269096287156772 -0.20742495227193805 -0.3351342177974367 -0.12098108256985256 0.13008580092351044 -0.5136309076782569 0.20765845413643733 -0.0735014474519651 -0.44311309027618817 0.19298710997656598 0.029496532520020595 0.5553461650972019 0.5632396874023226 0.1533040849703616 0.1457339662527786 -0.1301882919454528
3 4 0.40161914773723517 -7.723890506223199e-18 -0.03867779397003989 -0.28090979989694825 -7.565580504995528e-17 0.10202557082256149 -0.18522514321514996 0.013955929447143939 -0.10415724378579647 0.23825758385370568 0.039160216943055104 -0.12518167149049353 0.36004532665746214 -0.18790961608962234 0.379602517844655 0.23924034234975183 0.14455478610538772 0.048161589608307825 -0.182765185686448 -0.2969941593414595 -0.3524989539248057
3 4 0.15512423292368008 8.340747968073787e-25 -0.011975817691478477 -0.06264955460608981 -0.29292521490521733 0.26542959202822813 0.10948349155533285 -0.027416682451351714 0.2888648879700671 0.24369530088914426 -0.06068080778465926 -0.12502259877277525 0.24534891910372814 -0.2563334178506683 0.23453311568371635 0.14247357158972865 0.46031919681206557 0.4846876965273473 0.06496058393593412 -0.26915652877991836 -0.27764681106912764
3 4 -0.13811523759860309 4.61400282516052e-16 0.2656464122242171 -0.330482761118515 -2.2928077796143956e-16 -0.25422570075827006 -0.6145465309863242 -0.06772283227450275 -0.23866202452309443 0.11212294262729502 -0.07757049291919009 0.16553276151201993 0.042416794156101015 0.36139494825474006 0.05571944775759568 0.24714825377845634 0.453228444500477 0.11451973860452572 0.29700321611039177 -0.01757126073726976 -0.38199539758262474
3 4 0.2654202411338654 -6.141259645039177e-49 0.2446390307576566 0.38478107178974824 -0.23942704402619105 0.13264101346625412 -0.1351152164468273 0.2525211403010861 -0.18952574067239647 -0.16294581594742907 -0.15025650303930743 0.21467298236874424 -0.20601686085089707 0.41469234116563247 -0.044330921329716055 -0.29407820108834476 0.5378665303967161 -0.1771639957920363 0.12451821044498587 -0.611607797811978 0.3124718097381159
3 4 -3.7191618075950306e-13 2.0552421882406943e-48 -4.411959746134493e-14 -1.755031051701998e-44 -6.633064766160473e-20 8.191623643968286e-32 -1.6912568928156193e-14 8.431236886367704e-31 1.8962483951880472e-49 7.622640963257539e-38 1.8489263452349326e-44 -1.854083731756165e-51 1.9700190695011408e-48 2.073576824354126e-10 -1.451418666346195e-19 -8.673409427945761e-10 4.0919585630445054e-11 4.8158609562141055e-14 1.4746702717871546e-40 1.324089293824091e-12 -0.3266692285282148
3 5 -1.1282628156657601e-11 -3.486559826372003e-20 -2.879946100673869e-14 3.016058647811463e-10 4.918604123783453e-38 3.453236460683153e-31 3.203589919247984e-14 -2.5338170378201125e-19 -7.964656849995563e-40 -5.113944660689066e-44 -6.0604482953789274e-33 -4.115286806372975e-13 -6.329567503303912e-19 -1.9045763290328087e-51 1.4497622278179048e-13 -5.957174453244238e-18 2.7701637137300655e-17 4.603287780050506e-19 -9.906918397645731e-14 7.626633604348559e-14 -0.36111248339283625
3 5 -0.011572364742020764 -0.2524693625466738 0.099774476726381 0.17094490177253197 -0.18631279007758153 0.18372196569713198 -3.1009606119254484e-12 -0.004483539295229734 0.23139935233273579 -0.10251499158971171 -1.5123483424259614e-50 0.09255307421339258 0.11502071475687696 0.06639537188514981 -0.3345453128837784 -0.11165585169854032 0.14547385131375593 -0.0014266199397835043 0.05811737945776944 5.5214511037017495e-33 0.047381399393306836
3 5 0.18296833939678553 -0.33238153760225714 -0.048902295454919524 0.3058872848269764 0.07234708670549901 0.22875668100424468 -1.1539316653435095e-17 0.09196040275147138 0.22372295158630806 -0.11464491967997678 -6.171959323983155e-10 0.289478630432305 0.21136260756839803 0.23756971109069513 0.13140485738673136 0.6225939481022117 0.3252957897715126 0.544756750451765 0.15343709554845528 -1.981952192009317e-09 0.12447386994014231
3 5 0.36554798467748256 0.02784103107056983 0.0020671865373303503 0.1446322791190994 0.101833442934842 -0.09981172135438306 -9.033801730928091e-43 -0.13266449631418833 0.38191863553639455 -0.14258935755763383 -1.1063457059501584e-10 -0.09524237275134008 -0.00736084395629738 0.1802819549240127 0.40928862047693504 0.49907766673001636 0.09070984110904065 0.2339247997649372 -0.27782687947769213 -1.8873764555092858e-09 0.35762522043009226
3 5 -1.8037702929641923e-13 1.2500484706001352e-50 -2.457539992316335e-53 7.434055444194313e-11 -6.269258495417867e-12 4.296622173949753e-46 2.1693033563430028e-54 7.538248081544337e-15 -2.506802363137874e-10 -7.201272127165615e-38 -2.323714873956132e-16 -8.788142538770696e-23 1.4524137265356946e-33 3.1192797273552215e-10 6.277054808101355e-35 -2.015545497480785e-15 -6.181095375613211e-20 1.1040274188439646e-50 3.1754100116501965e-52 -5.7128574633676245e-12 -0.3223203079147348
3 5 0.5892000178266297 -0.24064199461554922 -0.06485899517066655 0.47606427359500775 0.09401673260252637 0.1517253074769557 -6.0302053968254e-16 -0.3378543865851493 -0.11481653955408641 0.2746363104183753 -1.0530084229238245e-18 0.6532241920061242 -0.3543748492539314 -0.4855307131421377 0.5987449622945995 0.6737349896394386 1.740960722287483e-05 0.07448881394993719 0.1502964309753806 -3.304576286987849e-32 -0.337891650364276
3 5 -0.32757148060062274 0.4610437519328125 -0.020221109123715823 -0.04498005442198626 0.19495776909632906 -0.3819995176023972 -3.5398578017763537e-22 -0.31545511896711453 -0.445786951261052 -0.37290975492551165 7.393723515548433e-35 -0.42796576608704984 0.056099582844694025 0.004718055388909878 0.3063871409161631 0.2664429407327812 -0.3142468496019965 0.009937972041345012 -0.003925515782359564 -1.470759476697888e-51 0.15807146334443384
3 5 -8.360873317944687e-31 -3.045808552273999e-48 -5.5123155716651843e-14 -1.2445861669901942e-10 -5.8138888264050334e-36 2.2908167117109967e-28 2.0346750202672733e-18 3.941645105089134e-50 3.3829333964422603e-47 3.075517333357876e-39 -2.5102182934076055e-18 -3.826494437116759e-10 1.460801733994219e-26 6.995684396361354e-17 -7.21706057965416e-17 3.784077811409959e-28 -1.7770295032042197e-40 -1.5830827330606766e-11 6.940187213608478e-44 -4.86792764741755e-52 -0.322988357240875
3 5 0.48176633371719846 0.32436342112553834 -0.023709173492850965 -0.39146152502181225 -0.2681401656497707 0.3254929056407007 4.025803942536945e-10 0.37767003598758486 0.06781445602216647 -0.2296373318038496 -2.5527951523130885e-13 -0.23944346185863283 0.08066402353097446 0.1482317475165042 -0.4260516459896931 -0.2945119040054298 0.06862738661627645 -0.6483555980662242 0.18336593608293789 -1.9190772862019676e-09 -0.10261268253383352
3 5 0.49289043455778386 -0.15745331116024217 5.415674573569243e-09 0.28773596030108145 0.14594701177737981 0.22596552962295455 9.758709583461724e-11 0.19797768343565858 0.041515852851511874 0.054990349272644394 1.9443835796023657e-33 0.48258806548856026 -0.16272805310078453 -0.24287366106767277 0.5074561377185969 0.6622637572058192 0.38732201217433515 0.04625883960397648 -0.10211673512876053 3.1187908397208786e-23 -0.30410090657526834
3 5 0.23998095219643334 0.03770391232984322 -0.00037484559258464916 -0.08640006468632906 0.07504284945026166 0.2982092478217432 -2.024602741645729e-36 -0.35577434608620634 0.381122034387669 -0.18545880737848414 7.458468465276368e-37 0.06816562872224696 0.30769567327032576 -0.13834278492915836 -0.12769050723316347 0.5135513757067989 0.3645839527693664 -0.09884666531029157 0.23307339665395638 -1.1267473587120135e-30 -0.004098658587336869
3 5 -0.15462254736284467 0.3256564678158058 5.750333453174511e-33 -0.19699623408716532 -0.03154788113788609 -0.3071152031693809 3.007407219829781e-54 0.013634772039950515 -0.1367854197288099 -0.12907796804445773 6.133078506688773e-11 0.3145652919606847 0.16381981272120236 0.35620234873333445 0.0011215620265117789 6.311167409578354e-17 -0.12510691389590267 4.30392807086005e-12 0.2682267663081211 -4.6289465454340653e-10 -0.33184317185395706
3 5 -0.37208927334340675 0.4043930249065398 0.01565756246307872 -0.30861000969921565 -0.1220790024003442 0.1187012807296577 3.257563391206778e-12 0.2406064862824563 -0.04044550719925749 0.21476940416663637 -1.7968647850662853e-16 -0.13684545889095928 0.350437733879023 -0.29932484748735744 -0.28199164772238994 0.32124488206627905 0.14692376660812734 0.43637741457540397 0.06618842472809902 7.588779632095117e-47 0.14689247243027523
3 5 0.049740740014805905 -0.023592770120536184 0.015997699166999276 0.3246374668323366 -0.23799868340428598 0.25098899981507294 -9.06522623619029e-20 0.07068584483572463 0.4443183337217814 -0.8831767896671648 -6.936701690863887e-55 -0.4644501602324925 0.178383558684826 -0.010551398755992765 -0.3098433120837866 -0.00025351291760980347 0.11518950781600934 -0.0446978220724555 -0.056326418505105155 8.902934864056609e-10 0.03847626496733169
3 5 0.29756515707328807 0.5682711964140276 1.323830651389633e-10 -0.894486589206536 0.3567965449885197 0.0482557506592495 3.12426242892145e-32 0.1057047768896101 0.31359735231433117 -0.0018259565952087101 -9.763939850626595e-15 -0.27278497299059046 -0.12386780306604078 0.4437969165206973 -0.15603148158497712 0.06497554648370998 -0.3298651426472644 0.0701669142387183 -0.6309092124275911 3.98979498785514e-49 0.053012872927570974
3 5 -0.37077498477707294 -0.22379664998880378 -0.07369235518377702 -0.10403218965739301 -0.2593178456860808 0.2775278810555234 -2.0620955176764546e-11 0.2987423383493925 0.2892864087439513 -0.0995206780634265 1.3693707931783185e-15 -0.0833014149269673 0.3368615508022052 -0.3096814057357105 -0.3777161290948448 0.1556900016660261 -0.2746939606600371 -0.02793930667535806 -0.05237616048632212 -2.2548708521792156e-20 0.20995583913509772
3 5 0.46339138019405346 -0.5328897436209846 -0.06757420294527837 0.23227437500386436 0.21317761366510884 -0.26144744556822747 1.1153078890184762e-12 0.3743259147472907 0.09556200718234109 -0.11852473676668253 -4.513570588378988e-50 0.020616525880627703 -0.19358823047532045 -0.021347800787376425 0.3242355883738317 -0.07712701999864079 0.07741187627949105 0.5290892628799678 0.06808914793631711 4.477967225348766e-17 -0.2627522323137912
3 5 -0.0838310805234499 0.17580909591285385 -6.860592134837341e-13 -0.13910933499750144 -0.3448709203511932 0.06179918787931428 8.35124331450737e-31 -0.09349024425730347 -0.04078707202071329 3.365093311699085e-39 -3.981159431376821e-52 -0.24478738379652457 -0.095996574255559 5.174987393160832e-17 -0.14606937449454177 -0.06100853109561681 -0.10166511090859096 -0.13396409442494492 -0.394581699559386 1.1425644460549479e-10 0.07759529642363232
3 5 -0.4308996308987127 -0.16084448966902615 -0.02164824425875449 -0.4123269122327121 0.20931080798820595 -0.3302733991867679 7.099104515568636e-54 -0.38183522804849007 0.1764001757966758 -0.035442138527695406 2.119595341203463e-25 0.3755194604791355 0.3472928264904621 0.019728406133413087 -0.1887796514772672 -0.1988540939188535 0.35696961733286586 -0.09260737175209587 -0.07549072200972522 -1.3151138618938059e-09 0.04604417116595034
3 5 -0.15587132175962343 -0.49038802169508366 0.004009111174675339 -0.32130224554050224 0.36206407952637193 -0.07630124733381198 -2.5906078594998584e-54 0.1327415480600287 -0.333606710492181 -0.13766380175503767 -1.0157533169446002e-33 0.25855899526672627 -0.04331700794549908 0.2511092227433658 0.24585470858546357 -0.40404574360366236 -0.29641509361535084 -0.9874769838081613 -0.00976939040013566 1.382977230885657e-51 0.046028376921885286
3 6 -6.170842148638966e-08 0.37628261511664735 -0.4738934030411941 -0.1999877765709615 1.7936739319843598e-08 -0.5800161739240562 0.44912201435322374 -9.228686568795077e-24 0.7179791589599072 -0.11438720218148277 -0.07680109441054368 0.4996510038940933 -0.2602133640804063 0.43802687427951637 0.9825056611111427 -0.5698572844964985 -0.6254067446444268 -1.1366237637963044 0.591834018195128 0.512958411245906 0.5070150751876057
