Number of NNs: 3
NN configuration 1: 11 20 20 20 20 1
NN configuration 2: 11 20 20 20 20 1
NN configuration 3: 11 20 20 20 20 1
NN Layer Weights Bias
1 2 0.2531012269554761 0.4100362858785756 -0.15994431012113827 -0.3643743018536277 0.2933535967281275 -0.2772953195995873 0.24336578544565124 -0.2779431250549266 0.5014217979748475 -0.18304092539489902 0.21543450098040706 0.26601027341492656
1 2 -0.12376942854124591 0.059470411751294125 -0.1292974087814342 0.035608037369579 0.4166388566057957 0.4185979203857158 -0.3240264626608557 0.045779815582181055 -0.37155776233688154 0.3433745237084949 -0.6022449475038866 0.0724089067618926
1 2 0.09923588036036499 -0.5329237539604146 -0.051321702378327116 -0.29630099167758067 0.45298703805951623 0.5310001654194646 0.05223170016595213 -0.0947530168714628 -0.273632702391567 -0.26422295994594175 -0.45928748740702885 -0.3868839346281052
1 2 -0.38344798908170813 -0.3297445216467389 -0.08242647026875846 0.061329699770068545 -0.376179173532228 0.4874861345552608 0.393177449934956 0.052173868706874585 0.2187541562625862 -0.34687908760611885 0.21150462955887525 0.4407094071041631
1 2 3.2894778118548023e-17 2.3025750946164714e-58 -1.4136424174117849e-55 4.931554002977307e-60 -2.4230076497051396e-58 -1.3399649300209055e-48 -3.990673852451926e-36 -1.8102795850995017e-18 9.366043313086443e-62 1.394394741679806e-38 -1.758500942112001e-16 -0.24595013392391002
1 2 -0.10796342911992421 0.09667203210226476 -0.1417294717341464 -0.39983509030720454 0.02575471180632657 -0.06561379329348926 0.02058385056299933 0.17018110457407779 0.020692034378260147 -0.38279938538394204 -0.5432471765615084 0.34909285945727914
1 2 0.521419012495186 0.003943615999125841 0.25783821303452265 0.14512244834267643 0.03718615736171022 0.3682715030654519 -0.2642575843526823 -0.5960214486942252 0.040368707025783566 -0.20081389037962025 -0.025203411169158352 0.4406846616252145
1 2 0.018237393062847787 -0.348684258476701 -0.3894550866195793 -0.19406277928276858 0.09990932578147743 -0.3062498994177323 -0.27526268344609645 -0.2997044176432675 0.046162802778599736 0.016619864580780158 -0.2903306196766839 -0.42796433381877913
1 2 -0.17215471096326615 -0.1701061274075537 0.08057079801230564 -0.277749451785237 0.5726285470133288 -0.39166154882045995 -0.031490872332036624 -0.4867203515597026 -0.018292917080331844 0.2701459379872805 0.13113955270655817 -0.19702452200939635
1 2 0.04189811621681145 -0.3234503164681806 -0.47950918471099335 -0.18245116961570831 -0.0035993167246228387 -0.19599616914531537 -0.5425120415582515 0.20744703292716377 -0.2003603692580826 -0.09549359718157643 -0.08247041079844528 0.4579655303835275
1 2 0.1618219976847045 0.10422507718493147 -0.03259524140809188 0.0759971628848279 -0.3261686839904749 -0.35078194174740374 0.37043403278008574 -0.1985053852881071 -0.25614548553823474 0.3139873664922531 -0.09369791311772321 -0.21815101626605335
1 2 -0.2587326100185144 0.34035403591496166 0.4144728568178871 0.45116965069555004 -0.13649992817250936 -0.5633561384288058 0.16448043082165734 -0.50588390827656 0.33515681400022435 -0.37530088085597 -0.2797335460244742 0.0020690336703445902
1 2 0.5240252067029735 -0.3280302635289779 -0.3529747631206405 0.020398211416468692 0.0031975255682580384 0.013283347868069645 -0.32325892059723055 0.38007640762411204 0.13152135481944577 -0.2747525663214591 -0.2561878095847225 0.2867558809890178
1 2 0.16877220082941902 -0.48470511707463965 -0.08581893640768494 -0.2343476502096745 0.42323671790114253 -0.03522746927836723 0.3673786594414491 0.14835159178025542 -0.2895902671028614 0.30210560403098663 0.0638818301956277 0.4292491368428363
1 2 -0.3110397759327966 -0.42993476710811424 -0.27661831817768007 -0.10526513699067173 0.4900838858717484 0.18296670687419117 -0.3073045577354489 0.2622037080279994 -0.13602960350157503 -0.08653856042335027 0.13672334577393552 -0.38110732947682074
1 2 0.25655503055194284 0.3980083453215445 0.2173071467538251 -0.12696928486290165 -0.14148572159703954 -0.48081933004740846 -0.11136877478265098 -0.5744218913775594 0.08969417693444569 -0.47357629325395445 -0.12872760456728993 0.345074669251094
1 2 0.11460268107800753 0.09407080508513686 -0.3192360970042343 -0.37252757959153265 -0.39847443401274557 -0.02445912918583327 -0.3495272970829284 -0.2914911003155517 -0.07024003159164949 -0.22947443990299785 0.564190019231356 -0.31590690551842726
1 2 0.01427088472058216 0.1750044342101099 0.017645234416730157 0.1418666264140225 -0.253799391112111 0.01010634509595793 3.605437993494651e-05 0.0014787417044191788 0.12718286061394912 -0.06025147126648797 -0.20706254902505053 -0.3968159771942129
1 2 0.13534407927160866 -0.5279171718368552 0.6895151859580176 0.08596775546309982 0.08412383208535669 -0.34819477997487674 -0.2184073135823005 -0.10616323927310732 -0.266287366049582 0.22211725868907076 0.6746097813569253 -0.1366747370164589
1 2 0.3413411337802508 -0.11425690086499722 0.20767290055044796 -0.476222269529324 -0.4030944897029771 0.24405647058838914 -0.17154397680068062 -0.12758932137887422 0.6308358528098008 -0.27236133738139295 0.0719422555198112 -0.1891954038105875
1 3 0.1418036831782319 -0.5772825176933886 0.38013248737306254 0.08394104198009901 1.046941935554117e-20 -0.24820391306157544 -0.3508237195352653 0.12570977728060467 -0.11120740440557624 0.29446913932680696 -0.3045647128137044 -0.2850951604779055 0.30716995033583583 -0.5291025569549989 -0.0641576561386024 0.2613767610622694 0.012469041232175335 -0.00011630957652010869 -0.03383204443953217 -0.23108661387597593 0.24104002125109075
1 3 0.491836273602881 0.24371288800045146 -0.024419579957306866 0.23635943746422344 -1.5973262509265395e-24 -0.4046888990445192 0.2691748055651102 0.05093048473370637 -0.2523976709769351 -0.3918571943867417 -0.14081259616616917 0.42931933336435124 -0.5800768242757595 0.004665610617704084 -0.2167817753814246 0.014491603298985753 -0.2625613405771519 4.372545014588182e-23 0.49880776428839424 0.20813111686188152 0.38347174909482773
1 3 0.3519377287678831 -0.11370969351855253 0.09969174526892889 0.19832989053814642 3.7417642735421145e-43 -0.10116541586368634 0.1353292013919885 -0.44078290616302046 0.041818845975669615 0.03128279309235724 -0.1616987652015697 0.29954493903109747 -0.3572718994180735 0.13851840210894953 0.6120243441285962 -0.01690189128885159 -0.07067510934554576 0.022607567784195617 -0.2222429423418677 -0.011519687886135424 0.3919394037245075
1 3 0.1773619337076265 -0.26284508308799304 -0.4323578743574174 -0.13912829366168952 3.662852460626335e-38 0.08002942019277517 -0.08069875691859232 0.10397215426211207 0.40099062266958957 -0.08757599600392198 0.24312088084451822 0.25077018861776035 -0.29844461618205276 -0.07386080924885868 -0.5172846075697554 0.14080204928515958 -0.07701477850211517 8.892902978599944e-45 0.04246667055145536 -0.09596998009365428 0.16606028291051325
1 3 0.2210434738871863 0.29311315553993705 0.09392704121238417 0.134980492735279 8.360583508639273e-15 0.27870394347288335 0.07148041065998985 0.08177375381074982 -0.0915821383012989 0.008842522297291832 0.1439313074204971 -0.11727227223901479 -0.1372241022296552 -0.32346959105527096 -0.2050294564408462 0.35747551165787583 0.052160426275703865 -0.00014724188700273902 -0.10963629252306421 0.5439451879947861 0.04914745606303104
1 3 0.01130804852355504 0.3676630415577188 -0.2610948596601307 0.07879679546292828 -3.984903472655016e-14 -0.2168213152694169 -0.5236910919174018 -0.1490314158901408 -0.5879384071006977 -0.05880423309762694 0.060291613537808944 0.1985285156476493 0.20284530139906173 0.42961363780093487 0.5135915422885783 0.2850835956299318 0.2634671461401422 -0.01856773152342685 0.22025214120758616 -0.4047065631618583 -0.052252758323787694
1 3 0.08113598608653683 -0.12122541338389824 0.1847856180864254 -0.2767990349994425 -6.586112304532206e-23 -0.1938411332468551 0.13682157260908026 -0.15839320885507252 -0.015012156069697118 0.13062896645862077 -0.02008459155164405 0.33301630992901216 -0.250444673887321 -0.0015924022468056444 -0.04392864261455626 0.11981508359209575 -0.15775238632624683 -3.21244002865791e-60 -0.036184931992438114 0.01215659398575892 -0.02050608741435419
1 3 -0.8280892251375387 0.7504004708152372 -0.4614762432268894 -0.23388521749610813 3.158083664778955e-14 0.0715776875768435 -0.22889923520599606 -0.03755688889547833 -0.07317540428950162 -0.42667323988764744 -0.34910225018912966 0.27134396897172985 0.22116230911342863 -0.03910105221652837 -0.025711716331535437 0.23610393079882053 -0.6152056212034401 -4.676980751062834e-13 -0.38018492817997257 0.043825425971120206 0.23129275472915042
1 3 -1.0413417999335757 -0.23209922900053512 0.09777839287508377 -1.1217662857337134 -3.0254544258661364e-12 -0.16040477882814594 -0.2687916326998408 -0.41453338696351316 -0.021377700596044845 0.35638644859554536 -0.05091897974513492 -0.2730910394486041 -0.09681347665640117 0.4097084603395944 0.3437591986377631 -0.2084850019622138 0.08375738665519701 -1.8397433493054656e-50 0.0849364244702595 -0.04747637420455021 -0.12336310152822595
1 3 0.2238776005846486 0.3978095782260695 0.14030139342520417 0.10321496029024013 -4.646813702407611e-48 -0.0983081186821743 0.6317721825846949 0.19890031355478502 0.3262714738601697 0.06352458412543051 0.18046593600472718 0.02048313121675165 -0.1829008509527272 -0.053512122622208565 0.4295542942165525 0.3639288585279461 0.3195803032777859 -0.011701820852066473 0.24106011579954711 -0.17706803108651836 0.07314399184753632
1 3 0.15029571554170887 0.2700421058458179 -0.23508714643399978 -0.2940794804869308 5.6634304712633355e-22 0.26948300924255014 -0.1860276732446856 0.17805792585061594 0.08169476020258402 0.20208413075794163 -0.3911766102015921 0.15660231075274025 -0.05438372322721195 0.19288763415386428 -0.021804248688462726 -0.049102414862632504 -0.29772746894981733 -0.00035286736270149436 -0.49185766384540214 -0.20150017170952234 0.23499968349541464
1 3 -2.188714640013662e-13 -1.4790423620066407e-55 1.426091479151099e-14 3.3759442114295654e-34 -7.593763184156623e-17 -3.940017943478558e-60 -1.2780019092410223e-11 5.939654517518247e-20 2.5285890162468106e-16 -8.954974926514936e-16 1.947864927201143e-18 2.0562325321283892e-53 -1.7707480516694541e-50 1.0172239447484197e-26 -1.0644984653536253e-13 2.79721073283845e-32 7.543239868661214e-42 -1.0467395976806158e-18 7.814784263106669e-15 -2.1750809908432466e-16 -0.1583973777269891
1 3 0.4898101235575766 0.3210281013638181 -0.45766673705526506 0.26825040974067943 -6.760746568832726e-31 0.32423061722435426 0.01147536286842401 -0.02512867978440609 0.44751478088270197 0.06703198856110842 -0.35514136693201664 0.43012704829926224 0.34590929032282364 0.15405172841990952 0.3198974298983376 -0.2708161091578915 -0.3688346903033686 -0.001959849303429944 -0.10547521462841639 -0.1832474115772393 0.11479664265671419
1 3 0.21774709560342012 0.29961988598388856 -0.052917422948136915 -0.3020032462944314 3.241205801029881e-56 0.15294842292671457 0.2066439651060384 -0.03167291202065021 -0.07743680117498443 -0.1878516873644945 -0.39555923818560634 -0.024087071312341748 0.2558185194521991 0.23019826002806218 0.1739574268828454 0.40240356223890095 0.09326846017179381 0.0005371305214448663 0.058179050571553766 -0.0017962784504426978 -0.2767685939748063
1 3 0.6080810895516818 -0.15341808280353417 0.511424677770208 -0.1549745292253375 -6.3551967840225655e-58 0.2193389598121164 0.065414358629804 -0.0509145490462889 0.18815385086076655 0.36537265407327724 -0.009565477930421281 0.41966635899959276 0.33982347789067024 0.13027509634401485 -0.04827754793519822 -0.15570590038817653 -0.22750403841391734 -0.06319940514063778 -0.19958417790130814 0.15157947466323957 0.07943097454753392
1 3 -0.12959109621471257 0.4752769121362193 0.20964986311382786 0.1241455937500425 6.4818738868156216e-15 -0.13641637760435593 -0.24627562587795515 -0.21569101282771322 0.09689048918747602 0.22032062188515014 0.3963346079315632 -0.02381004081908329 -0.07594343230571089 -0.5667639782087946 -0.42696993368530073 0.10705868678285486 0.1699109666911085 0.022583568662800393 0.2473793417353495 -0.14269029349796666 0.40774209074364615
1 3 2.0030381310943823e-60 -3.2035957987434566e-21 2.3334769013634788e-14 7.793317456029557e-52 2.0645325082518542e-15 2.1916610208697526e-51 -4.154225358912199e-45 -2.6084382749516233e-16 -1.0280763033599655e-30 3.422200017737081e-33 -1.1402093613187543e-20 -1.7230097527510825e-28 -4.986812468128623e-19 1.9268563121106321e-50 5.1748123779666596e-43 -3.790262792058731e-22 3.609479270531603e-16 9.239460928815889e-42 5.011086333680659e-62 2.4609206941243364e-24 -0.058547021885404005
1 3 0.27986260427281123 0.3902681253827833 0.0690775101822963 0.2769501773115071 -8.016189232698803e-13 0.3846573409603546 0.0501161551057109 -0.26093514567224557 -0.08110329904607586 -0.1994296619992255 -0.22437937561325513 -0.09780122350934879 0.32439981273030233 0.148762503581695 -0.19715452266494635 0.23376876686678158 0.047942306537879203 -0.0025012937229062344 0.12457934509668346 0.2394271926196423 -0.013926482013657593
1 3 0.418417082345834 -0.5464145318807427 0.6072760410589633 0.08706537119410604 2.8643505341173315e-14 -0.24033405199707816 0.0903868717659337 0.27738184381873715 -1.2194729292057345 -0.2729193674815842 -0.09604722756640288 -0.6793283578250073 -0.02260092000480025 0.37235708595259925 -0.0031852147765307538 -0.10355491421282077 0.3519039227084783 5.418965394853059e-38 0.7125887397808959 0.3590816524787517 0.10799715330802187
1 3 -0.09299856211392798 0.14009867315333596 -0.5172678422819249 0.09681541174885076 2.240634403544297e-14 -0.040835863010554946 0.2421683136615881 0.33503375120055895 -0.04277458557130673 0.1334958153275336 -0.10653231533770349 0.3185002012668399 0.12358601575530957 0.042381552633815184 0.11928198145477409 0.030878924607227118 0.13069229254628184 0.06729509464568328 0.07918689626892533 0.038792410959248444 0.025960204865442246
1 4 0.4176702895779379 0.18496991639295918 0.13543040810905532 0.9061143894464107 0.016171633156133385 -0.2912048404726414 0.26800995348507967 -0.3480020990730537 0.6445707442144563 0.18181216290414887 0.06414156831691468 -5.493652844709446e-12 -0.35469664313316995 -0.08071112081339625 0.08691925842723901 -0.008183064142036367 4.244544220052745e-17 -0.2547593450226203 -0.32114605231875276 0.02297566301659139 0.11908804091655946
1 4 -0.48350046393492774 0.2685300077832639 -0.9522080394131149 -0.6577045340233229 0.34896984704807066 -0.4748885410197926 0.14899368676790808 0.6870582211269636 0.06595764627521122 -0.12352530080954198 0.060233169800334725 2.1102956683165167e-13 -0.24896897476871552 -0.18744761749035493 0.3732169815210115 -0.3494659357875996 -5.749640167280823e-26 0.03569063477024143 -0.6376223443784285 -0.1782310560184153 0.02914422595601017
1 4 0.27354322106720097 -0.19638357782438856 0.008176592147334452 0.6642197759570886 -0.06218242520139805 0.04173877880741928 -0.13649598572120902 -0.5736237680969646 0.48075212293319036 -0.23307990309895743 0.1639540835433204 2.4715611315593766e-11 0.250464926633654 -0.052240628977258015 0.252695706255972 -0.2608877375933587 1.2546875549788757e-48 -0.18857332275769897 0.3378544618150618 -0.359988164765842 0.3809297381132877
1 4 0.32912132708564806 0.16782160289253112 -0.4624281677092899 -0.0008504489082921488 -0.2844987125470873 -0.038096924221615654 -0.13228152710305996 -0.29533381196943936 -0.03446950556628351 -0.2455709187354726 -0.22243001325240314 -6.537375240344691e-54 0.1658584581528673 -0.477396844139764 0.20913063175535263 0.3000680466245847 -6.376129891725998e-21 0.0816580153974029 0.5318742196678542 -0.28954816469278466 0.24795863262786064
1 4 -0.08943691502869966 0.299679230243389 -0.4496874801985057 0.6153358984986381 -0.2533917634804253 -0.37304276645843826 0.22268499186878807 -0.9621847241952982 0.41116867068820945 -0.22346345879610902 0.260518337647948 6.0727105175067646e-43 0.09552435534512921 0.27229281893716295 0.15423745382966653 -0.37875203343501407 1.4535793802561714e-55 -0.19572847750975553 0.19541161109336597 0.2614657034893864 0.10734129287075683
1 4 0.24031690023211666 1.0746288635227155 -0.41244341067279255 -0.09420530247970599 -0.09490648445003039 0.49035387212800374 0.12071829602780765 -0.18888821583806786 -0.7096829118366196 -0.15909670293718273 -0.03880833274252513 -5.3837646980916e-25 -0.1506976354567811 0.2823937425327105 0.32121050601445655 -0.2651468001928634 -1.6170920219239253e-34 0.2155367236509594 -0.30020850458592346 0.39476170096047436 -0.1542182121888248
1 4 0.15115690258782888 0.15458762464395115 0.18852244066128138 0.7606606122368396 0.04738879519597055 -0.23276944932438806 0.008691792574162062 0.07513633435557808 0.5760062058447544 0.20485173695830347 0.009674296066829928 2.4569226565522452e-14 0.15821326968218621 0.25335178487495147 0.39269972070207226 -0.04188941961620004 -1.941827647719437e-60 0.15511890854925783 -0.12935196320947906 0.2674875348332398 0.23264873110495404
1 4 -0.08345916632513714 -0.5760367222798716 -0.11306134338864474 0.04359381500561264 0.23939205574705008 -0.30562390480015894 -0.07906124786185627 -0.45791874361540463 0.3696975455796884 0.15132618207864384 -0.010443597759526734 8.262050411294873e-54 -0.3535720341051552 0.4113131888728429 -0.167143865330924 -0.16920237696883778 -1.1485710843028173e-19 0.1807751949539072 0.5278740704434075 0.09524077907844217 -0.004995052405983056
1 4 -0.11957819279988034 -0.03533556833874131 0.4387858475129793 -0.7594732310788284 0.1576166404744951 0.28127341848844567 -0.10195245525876803 0.41344012611066866 -0.3563827755619353 0.11806756451837855 -0.32892644883107625 -8.028616380724301e-57 0.3281326780740173 -0.17416020663615978 0.23417001894166764 0.3513914057064973 -5.6754553379026485e-30 0.30449031299441914 0.08437883759874702 0.3363597211810906 -0.020592712462938628
1 4 -0.0119280487509453 -0.047145264211887375 0.7656650529606012 0.6234576940889437 -0.18233541567886427 0.2697708492841698 -0.017909213037896853 -0.41247933056111924 -0.41507229474824014 -0.15338621751368736 0.0817324151064347 5.9801871211687355e-18 -0.052400772925356276 -0.024963581521876475 0.3467907391532434 -0.05068606642450975 -1.2550952559888353e-48 0.09287911983435598 0.2136501299967878 -0.37052740666339784 -0.08654452921897074
1 4 0.3724900005139931 0.11233188072774691 0.09900340115122203 0.5340150737885306 0.058940057167825126 0.07890709103829041 0.16570515750171882 -0.0567044082827354 0.2526393428342335 -0.11038257538520363 -0.285638734623879 -5.787045739145826e-51 -0.11676821813087465 -0.4070321520429485 -0.1416940707306745 0.4138465242091983 -1.1853877707366832e-24 -0.06062095928317036 0.5400448939646421 -0.12960432418214465 0.1347055850745212
1 4 0.14641373766026772 -0.17745844675268105 -0.007623220117861941 -0.08417682921064164 -0.26799201330134115 -0.12237792224955245 -0.04433499949828428 -0.04598593959624158 0.3114051823666134 0.34452887458240683 0.2599340415714371 -2.6238258189709796e-24 -0.16987767014557748 -0.019637799253470114 0.07210447186165608 0.13296802815862552 7.331850117176994e-23 -0.01744190790039787 -0.3089146619460862 0.08302914333384429 0.3122089456317975
1 4 0.34896526055717353 0.06805731891114018 0.36340836923837905 -0.6292983685209078 0.030315332812230547 0.28198913615096577 0.08420681321441618 0.006376764158000198 -0.4128185341364957 0.16691960370953995 0.0673714233903145 -9.077823334775768e-35 0.07088056714098334 0.18651265779093745 0.14742249637549368 -0.09506383607707981 -2.558000597884614e-44 -0.07000273418768319 -0.24113164487491873 -0.12946723076950734 0.27578793711620964
1 4 5.428101986769866e-37 -1.488213109834574e-41 -1.2934975487077585e-16 2.0141446449281214e-13 -5.1428464414020555e-54 9.088906775164043e-21 -2.1513853304765713e-45 -1.0436240980228594e-50 -1.0821931727409421e-59 -2.479124266481081e-11 1.2227758382598123e-26 1.4218862818351216e-13 4.675478671520049e-38 1.1458155971577064e-43 -2.0558387504296153e-13 -2.379780821481755e-26 5.055142074878364e-13 1.168836712250714e-13 9.084185762996854e-49 5.851646075575102e-13 -0.3376585559860188
1 4 -0.30681533799750865 0.20253058474264382 -0.1843800561097324 0.036996512995683704 -0.2881453082392683 -0.09110759701551789 -0.013938341386821798 0.2718544545484458 0.12255249866981399 0.17508875646133504 -0.19569755193570687 6.5898107325870225e-18 0.2961709704899651 0.08658926185181702 -0.42639906743782496 -0.24305849501547777 3.886587203878035e-21 -0.08971979288236381 -0.3883228037927811 0.2310567275723448 -0.19567018272013642
1 4 -0.25827444811822825 -0.341501317880386 0.5232987156549002 -0.5028126408540309 -0.2558295570000475 0.46749127174861516 -0.08985213053122655 0.2921186243653344 -0.5871753527322457 -0.056000430633955815 -0.24497924187092762 -3.3370526787520377e-12 0.345647452825264 0.27188284406610147 -0.1892071903967555 0.2781180675890849 1.8926861352171122e-12 0.26157929838156424 -0.7183571330077013 -0.25006231540779306 0.42292358092959276
1 4 -0.3848746887520686 -0.6693362827247245 0.1721314620682507 0.13885230299456522 0.29832985554492764 0.3746341163043699 -0.15260668613329467 -0.008525049905236743 0.09772929510653827 -0.22771104214663457 0.09146157402215965 7.109788179042734e-62 0.20299266068398178 0.2708415781106233 0.2892215040190072 -0.2687628034385127 6.236282404373985e-36 0.11177112016237226 0.678513125378554 -0.28126221370549287 -0.38332381468770915
1 4 -0.24329561077078285 0.6315806013264721 0.21235923585162897 0.3443531172370063 0.04597958157148404 0.1439413803509094 -0.18848814111883588 -0.3353417174430405 0.3100472447209579 0.11365208903992588 0.19027426475665235 -1.3251690305458603e-60 0.0848316626671431 -0.3608319547775795 -0.2803874073991564 0.16907406875863962 2.975345620119585e-57 -0.14416417696091335 0.15355199388728516 0.033129769436053336 -0.1536479016919893
1 4 -0.021048292331762055 0.6838714071736154 0.05098895349832058 -0.24779177888905254 0.41245485445039887 -0.045124939816049287 -0.17507470298867792 0.4926823478422153 -0.17476128243153385 0.26137534105529747 -0.001194626217109288 -7.851564403743845e-58 0.10170444117006862 -0.3664395609469061 -0.04086970224239694 -0.1790412520939557 5.207421397663612e-13 0.22221780088728935 -0.13511206561615438 -0.15660652007575532 0.34104631491091414
1 4 -0.00856852569791017 -6.37516996121485e-05 -0.0003479519981932178 2.167709600327576e-09 -0.010901344125369873 -0.0002804224837745887 4.209777596122981e-36 -1.6039276570999333e-19 -1.785249083637292e-10 -0.01595792871538399 -0.0006267885542530524 -1.1753319255295577e-12 -0.010124655453311322 -0.0010184737753457834 -0.020642611623708007 -0.007225748326174811 1.9174418839001993e-30 -0.013599674851944752 -0.0052318733956225666 -0.010540509754809349 0.039190046844252535
1 5 0.0731971053388788 0.7910922268274333 -0.21294539591780914 -0.4705949346232033 0.018795134462319143 0.1591045830331708 0.23116579580160257 -0.7707077070079026 0.10129768866219364 0.350158062371206 -0.27874126619533013 0.1515810946361279 0.1334539241150252 -1.2616089821085105e-25 0.3960751498271676 0.36736813587863 -0.18784831872532315 -0.5186723189318463 0.2253713208432758 6.598371388470516e-08 -0.23117445363924888
1 5 -0.17053872914093834 0.6171311798251117 0.16603627145585642 -0.36658417030843976 0.1396139469361984 0.18938071208210366 0.01525567111716421 -0.08113752534733955 0.18343140753286535 0.20996628000879952 -0.37325812378933004 0.1586235669380993 0.05514821169271733 -4.017820843831495e-12 0.24423427457163238 0.2810040519940619 -0.20788519154375196 -0.1534857119823444 -0.04541803514584495 8.535270856259971e-07 0.16943304683399207
1 5 -0.2231498287388183 -0.9311565721560339 0.3830033635857257 -0.24481320502054205 0.49949327501823704 -0.3703595102519951 -0.0616780307503592 0.2951848745192319 0.09511526519554075 0.1861424081398902 -0.010238230192926783 -0.016450691916783364 0.09789778823318804 4.203709782253184e-15 -0.3420266144901948 -0.09268159124758513 0.07617798936597611 0.16424434781484284 0.021494160521515416 -3.5926588000409528e-09 0.3622150885482363
1 5 -0.09531213699231512 -1.1507339711272855 -0.02484652135179699 0.044837798847068136 0.8271126543291686 -0.12746422758734027 -0.18832412964852058 0.33228462662120783 -0.023288865726020035 0.27095334377616526 -0.1623939421829878 -0.18044776465885334 0.006315048614394163 -4.786261439890372e-12 0.027832080843246423 0.4314250243219558 0.7090277314076396 0.04540348763731809 0.06719481449805123 -4.0119109343856546e-11 0.36299696229269973
1 5 3.0988657647729603e-12 1.0120396581072323e-13 -4.240967816697223e-47 -8.833516843484343e-58 1.27609488879981e-50 -1.6678741478698324e-27 -1.8235430525078296e-11 -2.4348030484265285e-14 -1.5461482547295365e-16 -6.024342808530446e-16 6.485494410438487e-28 -4.495783748672261e-12 -1.4818498178823692e-17 -5.796225028459456e-24 -8.135085659297903e-12 1.5568734358577281e-34 -7.473844416434864e-13 1.888564220251514e-57 9.080014820967397e-58 -2.70965532400833e-45 -0.018827406989920026
1 5 0.4728510512394075 0.5873719751679386 -0.1750866800016877 0.3165594944059247 0.0711645274863311 -0.3763716845573581 -0.11607855571371899 -0.38491354238969205 -0.12871992852832953 0.008668558438369021 0.48679131883212645 -0.2626148889347928 -0.2812776226618472 -7.474002752478295e-14 0.204235459060618 0.07848584629992209 0.5624412535155696 0.6365700795460831 0.1434565484876053 4.2304828642809055e-07 0.3053905936221381
1 5 0.3633020744126783 -0.24040406694824318 0.21052419857524143 0.5741433224961263 1.1101331027155543 0.10272678927713645 0.22506263346967287 -0.1284504094724069 -0.3736395894873479 -0.7280118293318264 0.48870285018869514 0.22378898712237666 -0.27569243055377957 -7.315742036049378e-21 0.07318512899702304 -0.3896801228680791 0.5884209043642917 0.45913248224982284 0.1320529644227944 -0.00014437474489328026 -0.12855524738914223
1 5 -0.2149586656873797 1.0187660750015421 0.3178622044311923 0.15784390566328382 0.04141098920889389 0.4002390758549612 -0.0272810966538774 0.09046404301473289 -0.047218763937762726 0.11187607970490007 0.24991116325328308 -0.03167722319483664 0.17915373830168127 -7.170929665000503e-54 0.17808527812725305 0.028115219294943043 0.3259212862536353 -0.23410551093067858 0.25169359213581816 2.443780866151217e-07 -0.07069280251944977
1 5 -0.09148710087369767 0.994470300050708 0.2116862778045721 0.08687420138657932 -0.5779995469137622 -0.11846422825527969 -0.1499839580705689 -0.10223843487283811 0.400238429343329 0.1117794092991648 -0.029351363534501587 0.38817781601467993 0.1942212430829161 -1.6635795045672745e-20 0.011214917192911683 -0.05748362169909567 -0.4004159786184741 -0.36559046363640046 -0.20390362028422887 2.6979462229530852e-05 -0.20383219769985414
1 5 -0.8775639237180887 -0.5622087585608628 0.2559949379667561 0.26875009436249103 0.22300423795445798 0.29245294706366465 -0.1089560777069906 -0.9682733963234206 -0.13441445289920909 1.017419052774798 -0.09129496528529969 -0.09005736256985555 0.23493642753075678 -9.93490929998519e-43 0.11373677618510004 0.37342193263975004 -1.1667937891243914 0.05004933481965494 -0.24921038305942292 1.513993426226795e-06 -0.02205226387506112
1 5 -0.008277979187828835 2.5101132707061187e-12 -0.010979708277297332 -0.013794667287010405 -0.0006682253674183549 -0.004896365249318297 -0.017416808812535916 -0.0005709304988638698 -0.03887382721698154 3.116216557467881e-05 -0.012948375467161145 -0.011569983841269404 -0.012186987235002463 -1.0041213076016873e-50 -3.568315252546214e-49 -0.004449785147348063 -9.148841390334185e-05 -2.717245831225808e-07 -0.011268869412345757 -1.6701814743021876e-14 0.0018798062326066095
1 5 4.737992573404038e-19 -2.787861235055601e-54 -1.9055541078855277e-44 2.4817013701634207e-52 1.8043495274775318e-20 1.996451332275621e-45 -3.381134685921678e-34 1.0319409615744369e-20 -5.7700752073899434e-37 3.763808833724015e-27 4.85841236700462e-16 -7.579464287083885e-25 -1.0840230971744344e-14 -1.764077316568364e-61 -6.0700597811814204e-43 3.545771400071151e-60 4.358566019112005e-12 -9.192472904845235e-16 1.0787486191856708e-53 -2.223881761190096e-13 -0.17857567013672165
1 5 0.1412850797241421 -0.5518310699937415 0.2222125256069309 0.427231271043951 0.004973484241785892 -0.1361181601546249 0.25985757913561885 0.13098671365172723 0.13059978333960318 -0.35100613014690085 0.46159985953478533 0.2434229138677788 -0.10458638898377799 -2.2287307003782304e-11 0.10313317929371997 0.28443631856779167 0.33372348151396597 0.2006172809660217 0.36580615620314777 -2.141760804723484e-05 0.35899478477834185
1 5 -0.0974964238762643 0.8418318832340602 0.07618642387503403 -0.36573213889082173 -0.07691619693958404 0.27319318315414665 0.20480010958409386 -0.31152671460036996 0.3624690758671051 -0.037932017782048036 -0.0318212712664896 -0.00336158417845005 -0.08602124222191986 2.376056290673394e-21 0.09664683663735502 -0.06475647448981527 0.23297877462413 -0.16774868250051433 0.19494409010354996 3.5603030478646175e-09 -0.2693143251049854
1 5 0.19156844913528348 -0.20165583767365544 0.04239010094612291 -0.12275047657919443 -0.09758430371070705 -0.15577571233466292 0.018990998929402647 0.21769827135834785 -0.30460859479308217 -0.050406122650916464 -0.26772722416857464 -0.2585021966645458 -0.04677783808601337 -1.3478407971754613e-17 0.31088879479256676 -0.26182152224416494 0.13404234966949946 0.18983198138309232 0.025712599605835468 -6.975504718633176e-45 0.3350946872788045
1 5 -0.3571416177943632 1.116428823670323 -0.3177877293828996 -0.15132447095254406 -0.5082206690528721 0.12219569924533387 0.02247910499095485 -0.24486368817425658 0.1807717806179937 0.5340790500404461 -0.24479906403881943 0.03359554591859028 0.1506808912873827 -1.813683037743425e-17 0.06425015314292783 0.19293626676893147 -0.1208675299840096 -0.3662851951550673 -0.06304337623992555 0.0002938950952064291 0.15927243398242444
1 5 -0.6096252150175329 -0.24013443527126735 -0.17387419713232535 0.3050143023653966 -0.42719790381679923 -0.11887808237416649 -0.2629777106924138 0.3917901269921494 0.40869665515838416 0.5659539010460874 0.45955392633260833 -0.16840292716620214 -0.15924732501714906 -2.7485831361299646e-38 0.02184370976108081 -0.5834413530582914 -1.2560277710422054 -0.5776692407899351 0.16107218760399306 0.0022948524436070634 0.005391304178668233
1 5 0.042031936320643164 -2.1862170412777188e-12 -0.02121589499082138 -0.01036841659015614 -0.04696881559224242 -0.03056334580531168 -0.10563211546501917 -0.015780150804565865 -0.014720349230263085 -1.1452598942148101e-08 -0.018607407779800418 -0.0885389098781313 -0.10789637214700336 -3.780202226161895e-17 -1.8772066747282676e-26 -0.043888965976391345 -5.476595090055379e-21 -0.009195067401186948 0.03331418654132472 -1.0292018910108796e-56 0.15902393243661556
1 5 -0.24163528009491636 0.7609682104347157 0.2741163622560883 -0.18296660139733414 -0.5697785650681946 0.1785658628400821 0.009017570967052281 -0.05737246622569954 0.3436154871580146 0.050972986879505335 -0.17872298525040012 0.2200270624060592 0.299367752439243 1.2689177411409428e-13 -0.25080162244415644 0.02845176535815467 -0.028766895148945225 -0.22581201598897283 -0.29883723934606643 8.46517358779068e-07 0.27377775668329946
1 5 0.2668022740380464 0.9647926478884543 0.02062556025504939 -0.0451072840752919 -0.4490268225337593 0.3344273985858388 0.060083733133725135 -0.3378844948979183 -0.05995050047626011 -0.11922883672471012 -0.13548401673021548 0.12729241067871616 0.01799134503240356 -1.5936653109406964e-17 -0.045457193329090866 0.05352395191335715 -0.3609481022086996 -0.34598486153028507 0.33138735018645843 0.0009281573177680221 -0.1063200437502955
1 6 -0.6761152254008991 -0.17918454776424309 0.1273811549488585 0.5051812315077806 -2.3307414008881488e-45 0.9944946427539714 0.9121217512606046 -0.1531196690748362 -0.29361918692798994 -1.0550805797591312 0.021290296949128606 -1.3972739898662046e-08 0.25894614521876114 -0.12429242988133767 0.36572285225501144 -0.4694910382529467 -1.0669250769540712 0.04289232035654067 -0.17915052601037754 -0.584741217555796 0.46926132159833184
2 2 0.6442433478006366 0.05755190939169776 -0.4218913685286563 -0.31088640253644356 0.3718712669146864 -0.23823710559972427 0.13046566533736964 0.06728713937769303 -0.3485738610450824 -0.5266133546187146 0.19813045748966893 -0.4517015844465097
2 2 -0.07242637424156549 0.11733204195227308 -0.21891154168473928 -0.09563831520575718 -0.17461059621270777 -0.42378476884032495 -0.22930488301188115 -0.3432705082720939 -0.10770232771520237 0.08527021502173561 0.17841393405064576 -0.04758234521292691
2 2 -0.14661400388858015 0.046393105795557936 -0.2430198108750995 -0.021670990573014963 0.13452196636793012 -0.3525646198007472 -0.4558640429264782 -0.19887592977068574 0.13541414545605301 0.3537925178250494 0.2990087374326239 -0.09851787152638851
2 2 -0.3606616210439361 -0.004476073758744072 -0.3868274297552398 -0.3077481950553459 -0.299003239882777 -0.5678343831329871 0.18183442207183484 0.35602016855689617 0.022248682312072287 -0.23698548474009812 0.13571936721462532 -0.13376002803851758
2 2 -0.3591590984589962 0.026595395485307892 0.32548171698617034 -0.056898821992828655 -0.21177315600418492 0.2534857958307976 0.3277930509487705 -0.19680955832061942 -0.11694042132930452 0.30355165990454747 0.08528016908641681 0.03425998896163642
2 2 0.4650418700024266 -0.43315584006334434 0.32450243642436494 0.18695664566314757 0.45028786365579737 0.22211214293593357 -0.37929420840712536 0.436913280298851 0.26306120823611606 -0.22077821417265708 -0.3486600827124931 -0.5071220371636812
2 2 -0.18451612148308671 0.14089696916533548 -0.15244275176098118 -0.13646991360607236 -0.07436252651911632 0.13082387367257603 0.06676796217872155 -0.31302471880758176 0.43638537356632195 0.28408210918394916 0.10845712534667543 0.015441761983249582
2 2 -0.06534692638618807 -0.30466080431511644 0.24844298801164827 -0.3536122519773967 0.07083275211209816 0.3050969734340639 -0.5241114537002369 -0.4103062221998906 0.3057522643041694 -0.2712059664354034 0.25413201244451 -0.31516663080181945
2 2 -0.24740184005324292 0.3888726441631677 -0.3619509495855344 -0.08543883222337788 -0.34569121959874444 0.310357543023232 -0.4103437647384812 0.16481356095669217 0.008119221152052793 -0.09395621781853389 -0.21443141829438778 0.1883441510578796
2 2 0.09405826237397394 -0.1848042111234652 -0.5291953620358882 -0.2993997019002092 -0.3478165024122393 0.07178291733172261 -0.1821815225329543 0.1413695166181551 -0.17301142950733892 0.3843768710517646 0.19101488229027408 0.14598607100430797
2 2 0.19555223638704922 0.132997026041169 0.4569136623544304 -0.0795337096273372 0.5282621358598192 0.25438449276070124 0.37198118889048615 -0.13381495840726443 -0.15617104784147798 -0.08812840575356164 -0.47391237572364503 -0.24232551384891138
2 2 -0.0369706172972501 -0.06225474587700127 -0.275294424940053 -0.32705640282507753 -0.10270805150652848 -0.5465831229754606 -0.22237405622350023 -0.11258982549490731 0.08863861318961637 -0.49432075795225716 0.054754568501001605 -0.07790700867514445
2 2 -0.39915639144367987 0.2660762306315197 -0.39515984377928576 -0.46264833313289994 0.15155843251124282 -0.4116453691344923 0.24435082357379595 0.050373596301174405 0.02858562591126472 0.04502745166171208 -0.09052937071407514 -0.04602708410212578
2 2 -0.2600077951599356 -0.3124928740335397 0.5044524374629912 0.03754069914117497 0.30225899176435855 -0.31373151251604725 -0.2033696060124484 -0.07609639863396339 -0.49145544180146805 0.4857061100693165 0.022355762580038237 -0.3381939027706941
2 2 -0.18542964759778183 -0.34719349705293534 0.37516868585149443 -0.020288281484766912 -0.19658231332813178 0.27068117631787963 -0.20727514105838085 -0.09111867310135947 -0.10191401406996806 0.10681755256750187 0.12934698268305234 0.3895214986571932
2 2 0.007122517413599052 0.09949709958343338 -0.012449069610796441 0.2426425587763572 -0.2985248782891893 0.07775697367342693 -0.1623033250120044 0.2852362928536568 0.4188493194684707 -0.5792553062187272 -0.21463650601241374 -0.14502970358673278
2 2 0.3795294977340668 0.14982282422789714 -0.37490785701280926 -0.3895305974297224 -0.19117360459233773 0.13058236156257844 0.013051721043650351 -0.1592837067004638 0.18347941138848284 -0.41684771028244144 0.2744225126094961 -0.3058729753577797
2 2 -0.3779145218542083 -0.18371562090358104 -0.10030721094275838 -0.1775254797772469 0.2566245998928119 0.023155312625234566 0.2663415125149901 0.4151354762534666 0.35647416549530053 -0.11136099692562541 -0.14693767173331237 0.44555774494264583
2 2 -0.4444221131403566 -0.25059263007742555 0.39254685763554426 -0.21287983619797043 0.013032270044910742 -0.3165778755280535 0.45074732241443816 -0.15517418227934343 -0.36758930792022665 -0.01344617465209971 0.043065795626512214 0.03574374390372544
2 2 -0.04409193367916504 -0.5177324889859029 0.003357788868261003 -0.427752076259854 -0.015272862124462163 -0.05701307695121729 -0.19954369685508944 -0.27111335828201844 -0.15796793304380588 -0.08933773512755902 0.45071695444603305 -0.17561515586521054
2 3 0.311556625289261 0.07944547169053914 0.1077035650142235 0.1441321177353795 -0.2483894746022885 -0.08285988173011456 0.2095500826515119 -0.3342047480550271 0.06272095054933326 -0.06272984037606331 0.03568508130651573 0.0673921941839905 0.18473850464464078 0.07553489375279852 0.02550926847321556 0.37134841079404385 -0.14747335914772047 0.21765006089642316 -0.7966158919694598 -0.37466627368571753 -0.18629802846987206
2 3 -0.09015030533921291 -0.017874353235539098 0.20491982283512775 0.058803670797779345 -0.32728427375849817 -0.15708690248496412 0.3202004507005845 -1.0676522396544583e-10 0.011273833477183765 0.19878185217346464 8.676211260632558e-40 -0.2189924857607567 -0.2981181160959192 1.7851579121302744e-20 -0.33316382120506255 0.15904021377773256 -0.18043267700676127 -0.08141951169635178 -0.20075286276433968 -0.3722927701239177 0.11616467265354226
2 3 -0.07304933484245674 0.01887126580260363 0.09752237935797654 0.28031118336469435 -0.031980843168131705 -0.3707317229113219 0.06015599031082268 0.002632453117766846 0.32385674812506016 0.18978924501168642 0.335343586224761 0.10626038197464856 0.29383698817876497 -0.3383606017431063 -0.06223603173488067 -0.2910250379596434 0.127228648762149 0.2997027886348226 -0.02820536700962371 -0.2993057631450513 -0.1684106821758348
2 3 0.5200714394724765 0.014101418475914911 -0.28765623743625207 -0.030350762763798035 0.34495099151576214 -0.5263878091884 0.1876525673619788 0.44735556164006396 0.2655766274028039 -0.5078184796875592 0.14014772034826675 0.053634235511788184 -0.06273940776014073 -0.031392436633725505 -0.2511463755771111 0.4671384955921035 0.30024125508652183 -0.3247949439838814 0.4992365819927692 -0.305573729092375 0.3148068728316
2 3 -3.0531798136928165e-16 -3.298102976976329e-06 1.2627400554391733e-34 4.148471696143726e-09 2.925568112863408e-11 -8.87247215575391e-37 -1.77434395998146e-07 7.728533863528501e-17 -2.4454408515316218e-26 -3.6549014919009186e-09 -7.782741131583674e-10 -6.892375085843489e-08 1.0289172239432648e-16 -3.543736994957665e-10 -9.464707017642695e-10 7.534152292591496e-29 3.7133599393345636e-24 -3.4324383956894665e-38 -4.214361577320466e-14 2.0783844446859737e-07 -0.16195750672554954
2 3 0.39009044585204833 -0.359486351891415 0.43579381459220223 -0.2940553410170413 0.555710971484142 -0.24103204693765096 0.6036190874310915 -0.5420637010851749 0.2493505924965288 -0.14709578205236923 0.17756316383133813 -0.05963162278868486 -0.009452857610081406 0.27672174311670517 0.0908770169030106 0.5082857039770751 -0.008561920611054992 -0.03339816938457591 0.41125237423443023 -0.3241033513343507 0.26320190560226314
2 3 0.09651182798431521 -0.25720181938610237 -0.0694013354424081 0.21461082597252176 0.09765726768552004 -0.23719648590628564 -0.1812894685923153 -0.19205874510243098 0.027536111834730193 -0.03911588798166907 -0.07348959589709067 0.3017709436695172 0.28207622858533465 0.06185750823514377 0.3404855600300406 0.3776329371328987 0.5452167314749834 0.3109258871239886 0.4305921374260029 0.05346358490341174 -0.038470827369264854
2 3 1.0303754623979192e-06 5.961018062063777e-07 3.478302675896848e-11 -1.9151227919881562e-33 1.2199412978853321e-06 -1.0942564068339756e-29 -5.072418416647163e-07 -1.7038916299619446e-40 -2.916957266091012e-18 -2.4303075129798326e-33 2.7166716209974015e-33 -2.5233453436545726e-07 -1.172158878040453e-13 -5.936081911211414e-11 2.9791618745071674e-26 -4.857539559521901e-24 -1.4350643276570205e-06 -5.956031783640505e-24 -1.0696906036346592e-07 -2.4582779992219197e-08 -0.19232957093975697
2 3 4.944777343729879e-12 -4.433430338449664e-08 -5.274903760813507e-07 -1.0910841299142867e-06 6.289886999232917e-09 -1.7936715513427341e-40 1.2756076105278149e-42 9.469268486245651e-14 -3.447183173752323e-13 -1.7668051328432374e-11 -1.9099126101153388e-15 4.8240326891486075e-09 -9.315222488703658e-14 -2.6451334195479626e-09 -2.699587036547364e-33 -1.1730938126957212e-09 -8.008014184781176e-09 2.9186067721994726e-19 -1.1548290474949831e-18 9.609721369428453e-19 -0.3472186253294343
2 3 -7.567470586979386e-18 -3.1047248380200674e-31 -8.747096907168909e-14 -3.129489506755955e-31 -9.601865162572351e-08 5.71933660570569e-17 -4.841848789471297e-31 -3.1171262138382715e-32 1.9425101720142273e-28 1.9852787139473852e-26 4.288547242534411e-39 -4.376576135841171e-11 1.8754518560607382e-09 -3.2495069716684333e-15 -1.717868821526016e-32 -1.9514711420519043e-19 5.612338795895051e-14 -8.800011258845323e-08 -1.9239094584453292e-09 2.5922716781539713e-37 -0.053378567492524676
2 3 -0.09961883730463701 -0.08477002929051498 -0.26562640598812676 0.0555476584184962 0.7086331962555916 -0.53968136708992 -0.3877699172203201 0.31412740930622723 0.15034242910340825 0.33943907179619653 -2.4193335523192476e-10 -0.0975670468895987 0.051272438036655855 -0.8534583898085085 -0.1614262517060944 -0.4872713091964649 -0.47952472694627546 -0.053574423521737136 -0.4222191207838878 -0.16134981485302502 0.14904222926381994
2 3 0.20802089912487576 -0.13531076603633652 0.41502750413698897 -0.17902753580384792 -0.03262957988618465 0.6874092364300218 0.44125354861688054 0.12446250743238386 0.07783942447980413 -0.3485011708558681 -0.24998555488428129 -0.2170206337117938 0.3502904849263572 -0.38122342597568065 0.030226254347340924 -0.14103740124963604 0.08104438577430548 0.30566404119287177 -0.10010928368268517 0.24140651498870053 0.10775310452514832
2 3 0.6697212391832754 0.3245252017143804 -0.3875626309722206 -0.005363837103328901 -0.2350597983482323 -0.4171776145444806 -0.5872745344854936 0.37023506324601435 -0.4012613823806263 0.0987266116550585 0.015898643550388242 -0.08781275963871187 -0.282941583867554 0.5126765890068561 -0.27924772008228554 0.08983323855815728 0.47682913154236084 -0.5656887755551959 -0.13921049397852303 -0.12731135440998548 0.19649723059625596
2 3 0.23058249999360841 0.2613921281454272 -0.18000363275763367 0.2619785074103963 -0.2575402677919911 -0.42837993535153157 0.39022405126810916 0.5997847321982506 0.11237073114371907 0.06560380271775806 1.1316129689360721e-06 0.11589629251603256 -0.17873824876017458 -0.32413231202979875 -0.38730242657705494 -0.09723465975046837 0.10639930718879308 -0.2925812150101681 -0.058098329058412314 0.07889718552562296 -0.16085589165641048
2 3 0.513541063327441 -0.22804978630565387 0.2526360064947461 -0.33437839739928576 0.16010323274562765 -0.8167205025479437 0.024929650020892653 0.3461960589506034 0.2233483515499935 0.11931808158460383 -0.3607430610916959 -0.068902807970568 0.3953481505267869 0.4039404414591131 0.07503639840000625 -0.3286085914049308 0.40853548707202 0.2670774619284995 0.634845757681248 0.4383635518836007 0.26913904845508996
2 3 -0.008596174465630855 0.1666067873112534 0.31532315421668367 -0.1719120275377764 0.012679494989152813 0.5699452501832921 0.2225044351930132 0.350164226135395 0.09369843456507292 0.38655617220743116 -0.1594614329604238 -0.27814399531326867 0.13000760695333358 -0.1082264453080843 0.013068912019218207 -0.05173231355167534 0.020083722309636443 -0.347013242723699 0.19033352671817674 0.3534161688253067 -0.055002471974936955
2 3 0.46774754867330476 -0.11496110581758803 -0.2851523991377791 -0.06335179427295198 0.12759016052917913 0.002885313839341232 0.24362496428183936 0.3989030394505488 0.18105946258032496 -0.2273110638568948 0.17874569872986648 -0.31215978129476124 0.2437048105483032 -0.5241936945281401 0.03733928654449815 0.36794182614864285 0.6572336891487862 0.16023925221308055 -0.207354972667122 0.3225537940303599 0.1228130321293621
2 3 0.391786198402633 0.043934320774423746 0.2353485808398331 -0.45615876753118656 -0.7282460897185736 0.08029713580765595 0.12398282799120505 -0.23301935347247343 -0.3733455253590437 0.09394366613529492 0.4435263989347211 -0.12175723377458322 0.08517751229133166 0.4057674227599221 -0.11528190123683853 0.17946205975306978 0.0808799792983589 0.22012826415246184 0.20268044042303737 0.48938804681055387 0.03292291822709495
2 3 8.65163589713152e-18 -0.0614497786234118 -2.5001473171201558e-09 -0.2889908760948065 -1.38053634719901e-09 -0.24697635436891557 -0.04763313568901186 -3.412299789751892e-10 0.3334920722584728 -0.04680070824179606 -6.21422057001244e-07 -0.25527541479529753 -0.08200087610883276 -2.6634447325192102e-33 -0.007715050047638874 0.06504909540690065 2.332959656861221e-08 -0.12694250512478644 -1.2200588885807574e-10 -8.09360297131219e-12 -0.09914684924027221
2 3 -0.3297648394251883 -0.388772182070374 0.27712617035201226 -0.27606840404032196 0.13494133914143694 -0.22370650797076025 -1.0282015250588405 0.05480296934893733 -0.3090095286729712 -0.2911578332363942 -0.07293724823188914 -0.23282275619902518 -0.20468072471354026 0.37227247589577106 0.3539918308090491 -0.5165395958508625 0.4317829751077487 0.28052711561117727 0.6402281856437636 -0.2138717987983485 0.16988135535119542
2 4 -3.8546946850566695e-43 -2.0950504447812217e-40 -1.2788487702049661e-06 8.768313200108623e-16 2.6190442781064087e-16 7.756516462469935e-08 1.9877629960861952e-39 -2.444769423449965e-26 3.4050863451654113e-13 -5.301821020466394e-18 8.763966703530793e-07 1.328738870245864e-41 8.102234108824828e-13 -1.8256865866098245e-20 -1.273083347006361e-40 1.1268554817620517e-15 7.809023861104146e-29 -1.399691928344048e-33 3.939983799471075e-24 -1.2722324105009044e-11 -0.34850763004088475
2 4 -0.014682634692102844 0.030291218448383363 0.20661695566320062 -0.348312251973062 -1.01090608111866e-14 0.2780350664336753 -0.10580698955658246 -8.701344605814122e-34 -1.9893690879429002e-13 3.5294436674003313e-10 -0.5634561951759134 0.18995201340625822 -0.6562949930612926 -0.06230099154653046 0.19924356587582728 0.24387163065223408 0.2888983467844357 -0.5759137775973994 0.032569959440392135 0.0385964201813124 0.333203659348159
2 4 0.3561755277362652 0.26055710562214546 -0.10041886626640331 -0.39021793656835385 1.091500500872702e-06 -1.2382404500112558 0.2425670409535785 3.0668703641484874e-12 -4.9379663532266416e-08 -6.26567916974158e-30 -0.8950151677714238 -0.2599216435435485 -0.10350407081874684 -0.10324506509159284 0.016847837677926487 -0.18707878699859776 0.3623689573554856 0.11394747973393109 -0.014722820285032098 0.5621267322909416 -0.007981703163387435
2 4 -0.12315109731867568 -1.191787597846614e-32 -0.19403286378956164 -0.2066047359113266 -6.640809406678266e-27 0.4248677994373692 -0.0015463497228350458 5.296431065487932e-37 6.440491951292715e-37 2.0724964948924298e-10 -1.0437720839230653e-17 -0.1646865119124223 -0.045897203341295004 1.437126535931785e-38 -0.26186229404943295 -0.22362302634648007 -0.1785549349485075 0.3103043589277199 3.4537937671662823e-43 0.38721998029419663 -0.053674514409686465
2 4 0.21200110907923292 -0.21683890062755376 0.3048155399986677 0.1991919114000962 3.881988574357949e-08 -0.0649506298762916 0.29778662185201055 5.970052124899379e-07 3.845786875618923e-28 -1.4414860564920994e-14 0.5193499945838604 0.011498087966096854 0.7883131187819686 0.5012698579456318 -0.16505310937238513 -0.29204408387583364 -0.17655848705332394 0.2959460184357113 0.018050381443125214 -0.47529276650079866 0.29668950839516384
2 4 -0.13330955886123474 -0.17141927276767444 0.305077036253305 0.03413739430378158 5.199838329162993e-31 -0.6317435978884665 -0.10845613471594738 1.6701384062097612e-37 3.13010039209398e-07 -1.3348849093402653e-07 -0.09691950906195368 0.5182549928770663 0.21425968628762668 0.3802754028733967 -0.18451961542399026 -0.2577908282875282 0.2141211839618028 -0.4972003428388508 -1.131600914466466e-28 -0.22140943175583502 -0.40999422981446526
2 4 0.05482340297074506 -0.22212278290292065 0.04561168591084231 0.3299755810731162 -7.427725764404734e-08 0.14331186197326307 0.21323607325344546 4.1659498818814845e-07 -1.7534993547741793e-35 6.65306424548287e-07 0.20000018573903863 0.2385304496144789 1.0040670899219337 -0.21522990395123628 -0.08155248758463529 -0.11684739535550268 0.3188987475740193 0.15377582199872533 0.07603281279765935 0.2658810635592607 0.10365558532140301
2 4 0.036284705943013654 0.03727648841892346 -0.35472893491065527 0.45507989194224807 8.384310462151278e-12 -0.18210843700688092 -0.18212473614345465 -3.3359259429926543e-10 -1.1743772874776528e-19 -3.513362804989489e-35 0.25916677559388585 0.27354678590352904 0.022879213436453896 0.3793988772089571 0.3023495552991705 0.23740701574290013 -0.3980905615632943 -0.14655937210303568 -4.367646631499095e-36 -0.26728288113072096 -0.35573458539505526
2 4 0.38073287434594166 0.3355576893995222 0.011946468390979037 0.06241297064951008 -1.1651090344322705e-40 -0.357468140702563 0.2368983815137409 -4.197744200476477e-24 2.1678262586663747e-37 -8.044218993297103e-07 -0.32855153274700644 -0.08038007256371368 -0.272595827499875 0.10032820574561628 -0.41530073955522406 -0.055964301448428025 -0.5854920062965185 0.12698781877903223 0.09956870652046955 -0.20717643797412233 0.24188790757678516
2 4 0.30064861433820217 -0.0834183630261345 0.1458602073815044 -0.023978047286521812 -3.6926970718851643e-16 0.038954409593801385 -0.07386822808559525 3.4600108512960265e-16 1.2867647598743462e-14 -2.3784099688774327e-06 0.8193053232757428 0.35334893469811435 0.05963419070678561 0.8140289142918669 0.4239496495797766 0.07990175031494974 0.15115554782441257 0.5214589345433175 -0.03937163384563499 0.011404451348901768 0.374406020665351
2 4 0.21318930118674875 -0.032681056140679 -0.29425132639148077 0.5087999032909355 1.6048170792186757e-15 0.30680811611182995 0.33690551009156267 5.44804987267742e-07 7.156805504893924e-13 4.2520058650063573e-07 0.4124058364744186 -0.238617805723381 0.6810455870766976 0.24898513539938905 0.19544104305282678 -0.4161068879424397 0.20098375150076225 -0.11658023070986602 -0.06025808778054223 -0.8556086188360925 -0.2850346193905003
2 4 -0.07112050873539946 0.21071176072828154 -0.0024484866458664802 0.21191363021010307 -2.2382585880651167e-15 0.23565320930747943 -0.06124470136361435 1.0488513638862032e-10 9.847196899472594e-43 -1.3475262654187364e-09 -0.12755350489418 0.19564098618817571 -1.883918151894221e-07 0.3184210477504531 -0.30832097616593307 -0.3155975627690257 -0.4105763137156822 -0.07665251847538239 1.1076253576514572e-39 -0.07096465729663085 0.08992765665996988
2 4 1.7275412263421795e-18 -2.2155382786595993e-07 3.7146074733152695e-19 1.8457155037974826e-24 -1.0557182878758065e-18 5.687302903064943e-07 -5.305057118880032e-31 6.897503360356538e-07 -5.024224500911125e-08 -2.177695006221932e-06 1.3493589737186864e-35 1.0680057884626426e-07 -7.829626812367948e-09 -1.7438383804593116e-22 -7.407234450286744e-11 -1.6525995047453184e-24 -3.3319559960915837e-09 -3.360346842352539e-06 -2.789212490603453e-34 -2.2820195384938117e-40 -0.35321611592322555
2 4 0.004184156322958575 0.1526337802836281 0.2626480808448349 -0.4266804257401108 8.631489192533902e-11 0.052778615999427576 -0.3032949264989909 -3.04323231822487e-41 -2.9745231514238535e-10 1.5286368421059757e-08 0.2760546383378103 -0.1949698643079399 0.46413434434824524 -0.5042614424954447 0.3104350380122364 -0.3037750400800498 -0.24039295069561456 0.5983899162512996 -4.381076711005541e-07 -0.3032047448255551 0.25261598078531106
2 4 0.26863513854589305 -0.1883954759553503 -0.12935639621313247 0.17543881922090937 6.053499677179641e-07 -0.11331926771905275 0.017807837299309123 -4.294381351551768e-28 6.889503694410477e-12 4.359472858412442e-08 -0.7112664099800263 0.22617748816155803 -0.07423935608138939 -0.3295513139598805 -0.10950095974535289 0.5838195730848541 -0.4365494921299537 -0.20840789683497718 0.046389583776873355 0.6611519691395259 0.2194813330364339
2 4 0.13751849836635804 -0.19565866729983744 0.0992940899781971 -0.3507202802653466 -7.327053026518058e-08 -0.18648166287936943 -0.16746356650532676 -2.8405341570062906e-08 -8.510204155200961e-19 -4.15963669827599e-28 0.39053067051510193 -0.3229016966742707 0.4804746078755297 -0.2863585565895846 -0.2523131570401128 -0.6276201454128508 -0.03409832948325756 -0.18255410630121457 7.820837707674116e-10 -0.057390100910025145 0.36179890811781895
2 4 0.29163254656862403 0.11445533929720028 -0.016465556506334814 -0.29870601079251496 -5.855259615681e-07 1.88492412713546e-08 -0.03323467522848157 -1.8313740293034973e-08 -1.0529810350703363e-07 1.310788078194365e-07 0.20840910948287725 0.32384202213655416 3.1285494070874403e-35 -0.004618879425184329 0.029182015664319237 -0.10436752120297743 0.23498483019114227 -0.1899323745410514 -5.9039877429733205e-12 -0.08747903265313134 -0.3836564097313003
2 4 0.12799322159461138 0.12468525530477867 0.2089800020403826 0.29518632129746314 -2.3741210463121903e-10 -0.011788720848724637 -0.16799802756549695 -1.1156485458221742e-40 1.698811369674562e-38 5.410220409727608e-07 -0.5853557108560965 -0.432758245236062 0.7784343212242278 0.21142672048872937 -0.326243501914678 -0.7299145083719301 -0.0754038538384943 0.2967714776702495 0.038508767329210256 0.39061939550332225 0.2095528140562057
2 4 -0.2707245041019871 0.22782649830960333 0.35849338320913515 0.03517790677429839 3.1224677155118015e-11 0.40995428855955574 0.396170681542278 -3.0629574915110317e-06 -3.651954863540025e-11 -2.3999496364887803e-36 0.5794852845227981 0.04964415591015587 0.1029309983580829 -0.09694232214269778 -0.2570324167837858 -0.4334406775941284 0.33726717539937573 0.4362632430472448 -0.05522396081870602 -0.6629274474683257 0.30528441121298366
2 4 -0.16448534528876235 -0.22553409486778953 -0.5746301324901124 0.4098601203493462 -1.5117723458859343e-21 0.3491181753626346 0.0916274476092349 5.033285396646038e-33 -1.3259262023636574e-10 -3.624666639031932e-15 -0.19691683044479483 0.22301718967441483 -0.16203061314975464 -0.4011594144471262 -0.37881522223404474 -0.16445147958837725 -0.11031432416137586 0.08179609195088375 0.004955753438344538 0.22871949558248197 0.26873024037485976
2 5 1.9641095996581617e-14 0.16529234757652064 -0.22581986976633114 0.33688972696135716 -0.38687320778575346 -0.5912279473153361 0.009531996120709712 0.062041786124616145 -0.22415522488814887 0.2729537584187241 0.14510301487848615 -0.24062762152306977 -4.01242880393521e-16 -0.11582228462380319 -0.33642471923175354 0.27302062769509394 0.029925024409344046 0.040094114640905267 -0.3342188578418794 0.0339195439230413 -0.051280942872387554
2 5 -4.3972349200095e-07 0.31091325859762026 -0.3662765200998712 0.1953589552239599 0.05186831471546427 -0.27471098108917236 -0.011158116460598676 0.034778027923580666 -0.24944262150024415 0.1692054094110188 0.6403991375638235 0.2501993876815053 -9.809207798220187e-15 0.2834599181820198 -0.3479724617920113 -0.654504112759499 -0.12598531818889364 -0.1048589357949398 -0.11407863076927886 0.29470278297241537 0.17753330693538596
2 5 -6.006955754597142e-07 -0.2238844541522957 -0.3041297016939163 -0.25597908450675627 0.2121926934352218 -0.4417454934864671 -0.1670032410606474 -0.2015384199323887 -0.31231953515081645 0.052140974826473924 0.6432626617221895 -0.20154832194265954 2.1159238503518928e-14 -0.42185349059552013 -0.07612869421223332 -0.20912702487716278 -0.23203659833394089 -0.2059305263929261 0.11308871718142899 -0.32426626541202686 0.2885238238975924
2 5 1.6926993237035475e-13 -0.25812264086768816 -0.3306431155337487 0.3849079894247123 0.2248142157091688 -0.5482866087920121 0.10265090692741949 -0.14923902965305522 0.33042066604792886 0.21897692766022467 0.41218104679514966 -0.38830372965213417 2.0291330661447926e-09 -0.3151167465367129 -0.2325089370685657 -0.33093787135967256 -0.1601511656454658 -0.43764892813506273 0.3689722472125423 -0.37510907467470567 0.08574308693149225
2 5 5.5797683680173633e-08 2.42535907751675e-35 -1.1900189995677557e-33 -3.358667133992037e-09 3.337491297019193e-38 -1.9850757150510072e-09 4.6556930215960734e-10 -2.2642184487173283e-32 5.700767392862201e-09 -4.677461775906036e-30 9.282989992807506e-21 -1.0191297073695295e-35 6.671760818993833e-24 -1.6517968611932267e-10 -2.9251579924795626e-06 -3.5328517416809665e-06 -7.945586367805834e-12 -3.1331974924096153e-10 1.2169508493885382e-40 6.324909843088257e-16 -0.2642775283250158
2 5 -1.9509451534368711e-07 8.98539839140127e-09 9.03586763970761e-15 7.964225924113669e-40 4.127470659445179e-17 3.303677735938399e-32 9.75656515565239e-35 5.530038972183768e-10 -3.6777992774531176e-13 -1.3030769181719904e-07 -1.122387250556249e-34 1.911880033461527e-18 -7.764352052966837e-07 3.877944383822289e-11 2.527770188660107e-32 2.1687414875433402e-06 4.492720397044318e-07 8.120003384589804e-09 -7.658813767410253e-12 3.810156892752695e-08 -0.31205064410277283
2 5 1.909110678135432e-06 2.614432370056979e-24 -2.0135827624042172e-07 -2.142353417623203e-08 4.3733112302936907e-41 1.4915079625334996e-06 -5.158999881227242e-08 -2.582755037254382e-06 5.177616168407857e-09 -4.882636699072387e-10 -6.393859518829323e-09 3.636087593939766e-07 -4.0133397484452294e-18 -2.2205555494021373e-07 6.845355637363024e-24 1.5209508099491163e-11 1.4583317270276645e-15 -2.37062400723722e-06 -7.759250985881024e-11 6.666839605220075e-24 -0.23420498188007452
2 5 -5.081884819855142e-12 0.0572684221336546 -0.24283582653725408 0.016605737369563233 -0.2694754656081386 0.2690278254821074 -0.22559157010570813 0.25876040763958436 0.08586702594515412 0.2913868312893033 -0.6566329290206077 0.128355028175487 5.465591343074588e-09 -0.2770148474382859 -0.29177693506979524 0.14027885748567587 0.2894076902201287 -0.19457628063633992 -0.2581116579033628 -0.150778829597074 0.37454482476826434
2 5 2.216058943299291e-12 -1.5682444002539604e-08 3.680373107380454e-38 -2.122502070413168e-18 -1.6451088491902103e-30 7.70562878356645e-15 8.844699753849332e-37 -2.8646982122990337e-06 -1.337206154187202e-23 -3.4553706362368904e-35 2.1749331606455458e-30 3.2186906727706816e-06 -6.940113713897479e-11 2.11755707998409e-39 -4.685056093070399e-14 1.4981148018129317e-06 -1.245683015275362e-11 -5.619167865002407e-07 -4.381185603445608e-43 1.2388874872363055e-10 -0.18638755639526267
2 5 1.0568755365901388e-06 -3.1333932379032585e-37 8.076692299467296e-07 -5.927968527214546e-34 4.240961602755681e-11 1.205668125854161e-14 -1.0004216459662127e-13 6.858872912881385e-07 8.730723333886267e-29 -7.193735499533542e-07 3.512644470175636e-38 -2.7493268154552978e-11 -1.6231427566777381e-24 3.7254799350715793e-13 -8.493245274190336e-27 -1.3613309415580384e-14 -1.7747239822061616e-09 8.140087212995452e-11 -2.620090433327296e-12 1.6740632079083875e-29 -0.22232241691718752
2 5 -8.06618827458178e-13 -0.3089563571591867 -0.1593847055589472 -0.034950100090073453 0.22694242076287766 -0.4236601657586277 -0.01527468056656371 8.297730935494423e-22 0.25606455633294417 -0.18002486274117901 -0.16569768266358434 -0.27260837452642017 -2.759733456811693e-14 0.21274577784472928 0.050510730541632395 0.6621491597310307 0.25673856500933545 0.43984013537963196 0.30755781704163027 0.1662787631615364 -0.1144292228052124
2 5 2.2694217117113957e-15 -0.015848921871762327 -0.1532523883186694 3.713495510452208e-10 -0.27358417146357 -1.2484894792427942e-07 0.11946896234109815 -0.32857507528078284 2.5843917682753807e-41 -0.09217687890662146 1.9921601556126288e-07 3.4717444351039356e-20 -2.447020815547697e-07 0.32049248682222264 -0.03361385757688353 1.6275360801745684e-10 2.750474600373815e-06 -0.12968018306572937 -0.36642500870332184 -0.2758290611106996 -0.032438848158659
2 5 4.934526561734782e-09 5.701948182537067e-12 -1.6138149928300265e-07 2.565715453916324e-08 1.8899867595604618e-29 3.2190749391911517e-15 2.300947463977643e-26 -3.0249948824836565e-11 -1.0551160125188089e-43 -4.4461405014779394e-07 -5.409206170285067e-11 3.2858322776229564e-36 -3.402711788593899e-12 1.5887852727950778e-07 -3.334039422525558e-35 1.2532875057719203e-21 9.738579110459404e-41 -4.266025185062057e-41 -5.874386661795277e-10 -2.1243016537385058e-38 -0.3602333045062498
2 5 7.102791232132612e-07 0.4237232480785407 0.24240269368218978 -1.9309062365121778e-07 -0.2688372279617548 1.0730626437632325 -0.23944371009669366 0.407547239567191 -0.8321840203792769 0.08049818539746077 0.1668918042417016 -0.32684656074573215 1.3542138757151909e-14 -0.11367984942076537 -0.4946598139252123 1.001003421504257 -0.0998969502427024 -0.9958453983003301 0.3907529172647635 -0.27071531735686666 -0.18019935741110335
2 5 -5.033520582696281e-31 2.5270221443309084e-35 7.441312694416402e-07 -1.2023116669809385e-12 -5.0876080332232715e-09 3.3885489834689464e-07 -2.113726265878634e-41 5.017696181497584e-14 1.5384087243838663e-31 -1.4637228740921e-11 1.0335738118896395e-35 3.399339922949175e-38 1.3294449280427138e-06 -5.474196732832969e-07 -9.47154874483013e-25 -2.420191765981737e-09 2.969821367349486e-08 2.404197318596812e-34 -6.978519193980374e-08 -2.1127846514345525e-09 -0.3022383232705751
2 5 -1.6422128768413917e-10 0.1213837952117417 0.33156274014499815 -2.6483456429739987e-33 -0.1461332752159534 -1.2605262252606737e-40 0.026656079268109402 3.7830189598406734e-08 0.3184071278451569 -0.3940572725258839 -0.2102226547021283 0.27409009675750656 -8.270561697657299e-08 -0.15605234565346907 -0.2650163836892699 0.06985450073925616 9.227597075982583e-14 -0.15112300355663735 -0.24250844545166356 0.1380191062725427 0.08303382938925302
2 5 -8.3975308969166e-08 0.0012509792018865354 0.3388919329243179 -0.43903067806601015 -0.35844174510703086 0.9447070661086143 0.23798684025010902 0.3415930341698082 -0.24113625270358624 -0.02356734022139881 -0.5511759266029861 -0.07328118879468895 -5.744759636113565e-13 0.3208955932456242 0.49878415977189244 0.6343402870517393 0.03860620200575993 -0.03688188873684547 0.3376413451778055 -0.3233286583989286 0.171894947218837
2 5 -5.6947768696994e-14 0.04425645798677945 -0.18140372496248736 -0.33996291646078913 -0.08351688998779139 0.833519321961486 -0.22442381351114477 0.6873415219859068 0.37967735178707035 0.0590845493213766 -0.3971810473874377 -0.2139577912742049 -1.5914212136991797e-07 -0.40409549534421546 0.1645737729240001 0.5647987707298421 0.05191924739464081 -0.22049987496989165 -0.15099966311217214 0.08791884994384462 0.26039292713092765
2 5 -1.2799217332195395e-12 0.08653634300976809 -0.239347739496135 0.04599505849233745 0.05095185703234874 -0.08764065938314575 -0.35501391246738023 0.2215186890623202 0.34149632175120603 0.09044600981844526 -0.4596115640593404 0.3960013506459416 5.698739240396008e-21 0.08972692403741347 0.24536843231318983 0.4420064698831506 0.27628596653202947 -0.20221160803486984 -0.28539119476527974 0.046240489762593526 0.22834990476403247
2 5 -1.367196825733476e-38 -0.21351115154010805 -0.8567533519002702 0.4225460623708375 -0.18078537785890925 -0.21233240893581554 -0.3312954780888995 -0.05343145652911047 -0.042631985052843845 0.11492533676783688 -0.25497321074931395 -0.20550636511116105 8.529615581890333e-08 0.5632254962861706 -0.5355659523697541 -0.12803032498685327 3.204626088332426e-35 -0.11335554797238766 0.16857264979031913 0.5111631540449564 0.26299356619206016
2 6 -0.06978350255844058 -0.3756264718388032 -0.30846983175433434 -0.44562998060910736 2.2622791345846972e-10 -9.701667455161189e-09 0.0002640867725851082 0.30257742728620307 8.405032402660546e-06 -2.970822860344329e-06 0.6194512769876168 0.3391584856919534 -6.89568419524564e-08 0.552640631437432 -2.5049370723406596e-08 0.49215241657447933 0.114677937793217 0.34820686814760204 0.3997038645476006 -1.311605382958244 0.5181170425257244
3 2 -1.817980973764329e-64 2.534113106170158e-25 -1.0682504952936524e-16 -1.625851700683744e-49 1.9300671707814828e-24 9.02922615829178e-66 2.048964862957625e-11 -2.710018055435299e-12 7.984658731764014e-46 1.5188714751664688e-13 -1.3280935000596166e-57 -0.2554562696157092
3 2 0.2027038301813364 0.08439929475834095 0.2089499433536114 0.35183638098288506 0.08782777383872839 -0.43359346822862205 -0.19112061999684457 -0.029183844617066402 0.32016761819532447 -0.25272123674014346 -0.40929501189614076 -0.02795102005642331
3 2 -0.20131973350403137 -0.3388412741336795 0.16919914537738526 0.4207473250490803 -0.31960941985841623 -0.2901812668080031 -0.10032493436918333 0.2571751907721474 -0.23276329923544017 0.34614566997640783 -0.1449154789343523 0.40434012112049555
3 2 0.04150316589086348 -0.24112923011698711 -0.5799971161142554 -0.5139372055073234 0.4000042752047495 0.13359303087420335 0.314544229708739 0.025207805968689576 -0.0002921632796327244 0.1667100155818285 0.20842702057429865 -0.21974841320685198
3 2 0.3151691478898818 -0.3146232603724562 0.8536689260765101 -0.11634921097588728 0.3044253650558254 0.15975274803576006 0.11639189250931455 -0.3177690997606652 0.4791158759784485 0.2140190402075542 -0.1271531616252839 0.18121939803074968
3 2 0.443957451919744 -0.38810945166837424 -0.3932218585413625 -0.2157892255922133 0.17984582191715845 0.5475764793883624 -0.44800509906826347 0.15126338773667244 0.7993040132784653 0.3309382515108363 0.4221494072083746 0.44220385752207153
3 2 -0.30295967291915527 -0.3570807078471579 -0.1511759188089513 -0.383569058340009 -0.38222115823754016 0.25152075741706587 0.2745256982196811 -0.05468916866750964 -0.24459388514965288 -0.0201379308842214 0.01648028381360578 0.26738901020979705
3 2 0.23051017497211185 -0.32849873023839765 -0.11497593664536611 0.029405531160270847 0.3004716188670844 -0.17315037937719502 -0.3907658057600058 0.3455384817673313 0.29195170498657186 0.17093279603469627 -0.07275421171938443 0.1059936360675728
3 2 -0.49757063394122886 0.14748176911684147 -0.28289807162481195 0.17917656184221767 -0.34947000308859777 -0.42443216296445546 -0.3038216585145428 0.4307897093013864 0.3274252298849944 0.4377583409261696 -0.1888603681737598 0.02597885175716523
3 2 0.052132207134664925 0.38044576798895907 -0.13088687417418707 -0.20426489449931778 0.26273215673002615 0.36358421078042713 -0.3991308647001297 -0.2548970111975779 0.34107838626887005 0.6724330105549908 -0.4782757115803217 0.08139171115833563
3 2 -0.04874355818726394 0.34839188310537683 0.41781417616629596 0.24430217392505585 0.21163655638425263 0.24326536355089168 0.40853369228031516 -0.3330595310243965 -0.43261305099093 -0.33850241651255664 0.2586665164240767 -0.06594798174597219
3 2 0.47519542352509025 -0.012385759173187912 -0.48336362461432764 0.183204191817963 0.17606755435401503 -0.3075361024637744 0.2817671021742383 0.12423327433780837 0.09080781934941494 0.4382361862238965 -0.3463970155984053 0.4390941007823759
3 2 0.5517311317724253 0.21675405039993564 0.2139187950110662 -0.00401504787238753 0.3986536857815618 0.15433041145987073 0.04619926117987152 -0.13587815222940158 -0.5810241336678167 -0.024028355303546182 0.46431849893147364 -0.02383982692933325
3 2 -0.09179496723250063 0.2941818160829723 -0.48989888802169973 -0.3415839771756415 0.27365158509312326 -0.39070065277716853 -0.22882456802102322 0.16709782561317277 -0.16741589543419863 -0.5153008810580649 -0.3661890365054123 -0.2166100248772748
3 2 -0.26731788758230796 0.23650944921444111 0.09160289349070855 0.35393786114287024 -0.22847473978381208 0.33376130304957413 0.3781243424571505 -0.5032167552014604 -0.04831752983861649 -0.21757301367384835 0.5301353084324227 -0.0028174911502185556
3 2 0.06955147822398242 -0.13964553569129917 0.0612714661887189 -0.2513999959647429 0.17112354409316935 0.14772030619819917 0.08911700537526526 0.18367790573938328 0.6426707800822271 -0.4715868368131971 0.15585832109708334 0.13532743320970889
3 2 0.22648238830431547 0.3034430160997309 0.1962828292417591 0.493360778887753 -0.04150325223412224 -0.3762276636398491 -0.14061823683668243 -0.1553091965581695 -0.06840889334721667 0.08004465599797407 0.3664662346368219 0.4086630708968915
3 2 0.11104930948727768 0.04919908305140021 0.008299333007637593 -0.14091673698914112 -0.257278026211371 -0.19936170978544468 -0.4413662339011112 0.21712438823526897 0.05123430438453241 0.40223228135831024 -0.3769996956798623 0.1280712743739603
3 2 0.2860782301472553 -0.19712696172842992 -0.08793668453406119 -0.25630744059897487 0.19407728835876756 -0.37445075914030546 0.0715986640732106 0.10101080481225357 -0.2514776273914024 0.3223763289283963 -0.22986478807030428 0.26888995613793104
3 2 -0.54245936491871 -0.13856741662211258 -0.051011852094737214 -0.2898415114016959 -0.32256632652421496 0.01210841541217217 0.24294683607002676 0.2360102653262151 -0.18093742120195677 0.0013304335974376289 -0.1715123431673897 -0.24074393908607056
3 3 -9.024771359570866e-15 0.16402873889534994 0.3426289888031216 0.6069410037341685 0.8017578728476756 -0.35412574606590735 -0.43338548485090694 -0.12994109388984898 -0.39598934240481803 0.3670042980099389 -1.1227741940885818e-13 -0.1845899962438072 -0.414923057483532 -0.1933395339680187 -0.07470361011639473 0.13738447111022556 -0.23616445288175458 -0.2983485241391915 0.31135762182072746 -0.3044714449198311 0.26488469064425674
3 3 -8.258730852863743e-22 0.18451720283576026 0.10598181866856661 0.20247309106328745 0.22288664033132985 -0.340022072349226 0.25158327023579374 0.02786858105236549 0.13932203094263648 -0.4864978733729489 0.23630782454813887 -0.5279192712527916 -0.3464158695092777 0.25220322058805206 -0.17758690949175931 0.013791846516590593 -0.503987794516421 0.09931658034297357 0.13693896805482408 0.25764283815945427 -0.029843457117931727
3 3 -1.8490645946727623e-20 0.11962928724336307 0.12352103195013804 -0.046098613162753266 0.995008471171204 -0.2261917594094623 0.045948288569210974 0.4289627410256381 0.07310829451621464 -0.17572601803910978 -0.40612328547993454 -0.24541103491995997 -0.19165363338777094 -0.10729384275879894 0.5502333990748342 -0.40793011281244745 0.18630510252938892 0.06958894255818926 0.2772783688414307 0.015041837462081051 0.31897005965626724
3 3 6.28765430413593e-14 -0.5005871360616323 0.011148945094770688 0.591874112829399 1.2333991242512732 0.2594606351942963 -0.20568194745655274 -0.1304120854216865 -0.1173260661511583 0.03763803233809254 0.06481151181918413 0.11861730589798924 -0.02655981565816377 0.2886227753341508 0.3169401181182554 0.4533011799292092 -0.7980746177542251 -0.08350534440973205 -0.2624774359024664 0.19098645995388255 -0.09752469572086644
3 3 2.0448716502800885e-21 0.11334016762777238 -0.31625251523015574 -0.4577203962059976 -0.695507356916451 0.3182910151607732 0.18299302430067557 0.12185816732834842 -0.00893167897783235 0.24523709621522038 0.23824443664738873 0.2584548332102136 0.43090425294371393 0.27651333274549295 -0.4752017610549691 0.25169041720095153 0.08082154708820076 0.05870040786960304 -0.07562354457340699 0.3006356525169005 0.24828302889676324
3 3 5.573173224629355e-29 0.04184633817573772 0.20010664089594232 -0.920879362267476 -0.7080361731110851 -0.3069820497997011 -0.23990596140396217 -0.3108813752074335 -0.2901322261869164 0.6944023442951666 -3.517638100485279e-14 0.01720967648047779 0.42142602823052416 -0.0007267296966752492 -0.22800577266106606 0.21424669814540226 0.06289470065256417 0.25948417742940255 -0.08271048791622956 0.01068150656411029 0.33342614457185343
3 3 -5.257100082711816e-21 0.10663575878185584 0.14120241362041783 -0.011531351752244899 -0.9487090514124905 -0.3757370564889775 -0.04435568184287596 -0.25676677244975304 0.3463402533838472 -0.052423965386108225 0.002303636568485821 -0.5061093724381159 0.2649722076115169 0.2784265271507695 -0.40752245872243675 0.004553748123315195 -0.12566772402391388 0.12776842857557244 -0.13718440063968276 0.3008311912071506 0.32424068144676055
3 3 1.5822967237272426e-61 -0.1760487642825458 -0.016550040708752427 0.8435671575098684 -0.11548965187324035 0.33844910015916146 -0.039887186234937595 0.2058518478178559 0.14579615548957112 -0.7641113483241703 -0.007360004837003944 0.10308072553987441 0.9613047389074639 0.44045308753429957 0.6397131678753619 -0.37176622616844246 0.6193522876162276 0.02933708549397696 -0.015358192138093113 -0.08772158056163104 0.10527010739942906
3 3 7.056298503889937e-52 0.3432076071317824 0.21420005857290583 -0.857823398849979 0.4816627691243275 0.453263284093374 -0.4371316307203867 0.5067836181628038 -0.04488608841276654 0.2863615624314886 6.293489200444353e-19 0.11085390250336846 0.17830232708224728 0.15864484878651947 0.33125184848609024 0.0881272280786732 -0.2091682597003675 -0.054796378913294655 0.42927732000622854 -0.5792411761730378 -0.12696123143916704
3 3 -2.6672468631187457e-14 0.288686780237437 0.1902136565799188 0.18257485535683926 -0.06383636830127508 -0.05123158614881322 -0.11215659945256357 -0.10338227593882454 -0.22987328725585857 0.6672022993307662 -0.10958709562906754 -0.010886263689602634 0.3592449114561854 0.30867425848581975 -0.38253799531828375 0.23298693113451235 -0.1104248199578826 0.05795915906394804 0.2634489859090218 0.14984932182018923 0.08559993616716875
3 3 -6.249569990151149e-19 -0.21867096507517164 0.09938447734696217 0.17574286203674716 0.7377014303221511 0.15373579509931776 0.18698827712190408 0.3313836063477001 -0.044950831979234294 -0.47138106902761373 -0.058834161303557786 -0.6755734611372162 -0.1489932046837783 -0.2731449126232867 0.6124584605038692 -0.25341617428563185 0.281659190258598 0.29521099969407866 -0.2481246519609912 0.06793046098240287 -0.10170402371937497
3 3 -1.1946694003313722e-44 0.08009720867220746 -0.012466923800861151 -0.3109901057731565 -0.12221839899720473 0.3804493812708935 0.005797651735266604 -0.05191958202364673 -0.1045807054900149 -0.016301755893677546 -9.532774814579039e-08 -0.4082121568927416 0.3480296096397209 0.29413948324284667 -0.428664932359864 0.41176488049201093 -0.2709020449271414 -0.26397314474464856 -0.4535592592720942 -0.3298581775589296 0.27254640300576743
3 3 2.2350128019407748e-59 -0.1031292861236513 0.21974950314209404 -0.4078508033266035 -0.7408661089127041 -0.07891430820466902 0.3236315768238741 -0.08599553063597525 -0.25947299820628456 0.5348899051634747 0.14815140058953472 0.28449291924894116 0.7097911196226094 -0.08469626600033438 -0.19141091340612512 -0.02838933347378181 0.2627939991921978 -0.16738004889759026 0.033705344419024154 0.006517529964945855 0.09101411082938701
3 3 -6.814598693759374e-32 0.2120019540422678 0.32220946709266485 -0.8285209303263349 0.7452541840544579 -0.5529636842865338 -0.3389692327501825 -0.25868855713249134 0.4558195256752231 0.6781984964857465 0.1486962318120009 -0.2644634284009961 -0.08100195719094887 0.2828357141668347 0.7899169751494909 -0.10098448186176658 0.10182970787340959 0.17144064392355696 -0.41016261704949514 0.18893577137328965 -0.13285767813312538
3 3 1.5620046679080897e-50 -1.4751479579490508e-51 -4.421942216149788e-18 -7.321978132760218e-26 -1.9518785733909924e-53 1.3738126581622875e-37 -1.5641277447295647e-13 -8.747716779556654e-56 -1.543233422691749e-17 -1.8295611739919212e-20 2.309985525647477e-13 -2.3351868007754572e-39 7.172198754022713e-38 -1.5754956878813737e-18 -7.042763362469537e-17 4.336143957869807e-28 -1.2343269870651273e-16 6.595325613128805e-15 8.909410455476488e-63 1.6630376141317646e-23 -0.3527515451120944
3 3 -3.688767506571643e-13 0.20998219914588667 0.36928651332775625 0.1749741954109027 0.8194474556031663 0.14684462905556664 0.07560470585456604 0.18199768516529657 0.23853356474373583 -0.692168270601278 -0.24827673973754752 0.2526614492112913 -0.44864762910785694 -0.1643318269366323 0.702736616989517 0.35251471322368455 0.4009355637541535 0.2574656897234206 -0.3740447893006467 0.06695975102726098 0.22782358196510896
3 3 -6.979707356318572e-32 0.14355880165018567 -0.15361009776162837 -9.698480679916208e-13 7.515167719352031e-14 -0.2415406403774225 0.13947975070625857 -0.20057156915928095 -0.06985129345905088 -2.731589694492258e-29 1.314325706005913e-51 0.005272555846670485 7.569345373333124e-15 -0.24655226452962495 -1.1246591589467866e-27 -0.05916150913081813 -0.2623987892212288 0.33155189056159534 -0.0021518425524350627 -0.21838022420536354 -0.08583609245244524
3 3 -5.999815672330613e-60 -0.5135386689202726 0.3325786002954989 0.45885266144554004 0.024546905351682562 0.43473918918782356 0.10787266141363523 0.13578944973909976 0.1712703273048632 -0.6165060266235278 -0.049462080549351896 -0.6105040671506904 -0.6230102204093843 -0.12787515159115725 0.24723203680202072 0.2768993487736219 0.5469888375798047 0.25529962459903954 0.15164022609981556 -0.21563327774461089 0.05028232858695047
3 3 8.500970164261261e-16 0.6051470694361294 -0.06429722309363514 -1.0867221346592552e-25 -0.5174398368565206 -0.156704300116278 -0.4548055744492012 0.2201662285180998 0.3629935371754269 0.4165769358285285 -2.6408095259393944e-11 -0.3073882315491815 0.3393029863737579 -0.3312037682842999 -0.4804480479934737 0.5815575865661773 0.5478071561997141 0.002573903005633988 0.027001447736700743 -0.12103566949882347 -0.23032842149039104
3 3 -1.1363659754905456e-58 0.06853425766188917 0.2292070743805556 -0.9104128618533398 -0.24798704062752805 -0.19783083374590002 -0.011111764112273726 0.1036392432142485 0.38104128513284163 0.178493068935957 0.14822321741210748 0.17795397561593992 0.273934567225487 -0.2152911555876444 0.06413123363308816 0.49316914653371796 -0.23529823179239087 -0.05246937491165091 0.20620086967654092 0.3378426591585977 -0.06347106969527146
3 4 0.3585253494161956 -0.20415272685115574 -0.3115006676897502 -0.26188519882468186 -0.186925055869957 0.30220848436250536 -0.1845371624410231 0.30976644650940677 0.2709002919661981 -0.2649656615409389 0.36099891097270587 0.2498462170401159 0.49804095816836513 -0.2643347069248651 5.829717880416566e-32 -0.13463281598583093 0.00043316442654598206 -0.4377663577820037 0.46313604125887836 -0.034280648465095896 0.33359290708480116
3 4 9.59457401200185e-20 5.132589185991855e-35 -1.0697902374644471e-24 2.969785985031292e-24 -1.012356207071099e-24 -1.10984175690067e-51 -1.0739915677356538e-40 2.9827246412996326e-63 -9.619720449886915e-59 4.0739601333000576e-47 3.913491285995292e-18 2.567169015828735e-62 1.086303784867208e-56 7.452251783502608e-14 1.9000511793926393e-17 -1.0236487978347155e-12 -1.4628877985332902e-30 -1.6937438303431828e-28 -3.8127889857284525e-52 -1.4290732894600176e-37 -0.24300934521679082
3 4 9.806658367582185e-54 -0.20372340387977256 -1.2281109375187595 0.19221833956626544 -0.18236812898555013 -0.01769777683724603 -0.2867481686975415 -0.02724266745815539 -0.06036564346690471 -0.49719111048727677 0.30087527992571506 0.0703755416772167 -0.4844562603706785 -0.00021757406673988256 -9.232666719278476e-38 0.28403415876828775 1.2197067976265533e-28 0.19509706449925673 -3.4752195743793954e-25 0.5428772490559366 -0.23073583667992995
3 4 -0.7097682243593504 -0.0626799401464073 0.15600966244041742 0.16513227816141424 -0.19863610966042897 0.31693625257387953 -0.08022867013920235 0.035306397332443534 0.1816331898342738 0.0024505117627335923 0.19038134519086553 0.3447251925098055 0.13080560811353334 -0.2450520510369598 -3.927659405583386e-20 -0.06909958952285337 3.7867492274582985e-39 -0.1568487005100149 0.14988313613310272 -0.10691526117959088 0.138560690584439
3 4 -3.3071610542916947e-19 -2.3180065774283766e-44 2.8561911879206212e-25 -3.52235784689352e-15 -1.7888298429062332e-30 1.586573318705326e-49 -5.167193809934022e-18 6.592644361190921e-25 -7.894796941097525e-22 2.601920873771332e-52 -5.361640183483519e-16 1.1227697673731799e-41 -1.8325225785895628e-14 -5.728526687268011e-16 -3.8256238906559707e-35 1.118458862705774e-16 -2.1660261203758017e-24 -7.091892941568756e-24 6.912249185284721e-25 -5.222833259128301e-26 -0.3040283992874842
3 4 9.440289504692057e-08 -0.00013214103524530595 -0.00027998592545117875 7.964347412242375e-42 -2.48631406671204e-05 0.0022181483413745186 -1.208173176488538e-07 -1.449632412331343e-07 -0.0001509996960990148 0.006739556055112394 6.893631589873306e-28 1.6107165530063776e-06 -1.7739412147647489e-06 0.00012383528402650645 -2.059970313511504e-44 5.477690549454734e-05 -3.1947630941157103e-46 -1.1368401737505592e-12 -2.4016568896818952e-54 -1.2580638033342652e-06 -0.17272796955321282
3 4 -0.020113984819439813 -0.28591907060231625 0.157434731860859 -0.30353229556590794 -0.011630781442783426 0.3076955114192482 -0.12688511418323054 -0.3212100090937492 0.656336502500156 0.0676848675382864 -0.6285887784616726 0.3931585399302846 0.2595636167448167 0.4362409660760747 -1.0287324806038972e-13 -0.04642015790022228 0.027084291886397202 -0.12235262466840403 0.3178929781324118 0.3472740435201876 0.32017365105791434
3 4 -0.543599744249521 0.3142553549519862 -0.22356710117523773 0.4994703112456571 0.038532900522536 -0.28600985933893236 0.027735972160332478 0.026549926673045784 0.11439441190919508 -0.3037087170819496 0.6273375768214586 -0.37258933186000304 -0.13660008360974113 -0.6286137492332579 -3.1230687070482607e-15 0.0049222432285498455 -0.0024992370259066675 0.2571092046624491 -0.23721223849837472 0.3278957084533998 0.13718703119416753
3 4 -0.4536563234421867 -0.36439584741186404 0.36238421663477405 0.36556273656921895 -0.275260823761867 -0.309441232897547 0.05143274019035796 0.21254224825233767 -0.33304113653435696 0.15815553860990048 0.449216017648832 -0.15462849456169184 0.22590873731824754 -0.025050817016350972 2.426068128331975e-19 0.3740335912064668 -0.06547264465728038 0.25197776336580724 -0.15704160954175292 -0.38062630646325385 -0.041172315048457156
3 4 0.28419690188576796 0.1284446944505171 0.2931985091862066 -0.058707497708419654 -0.34846971996426795 0.1902016348151768 -0.6149608537291501 -0.4629007579548368 0.39084607134823407 -0.3333465537516852 0.39410249974476524 0.16424441320796998 -0.5073980919776085 -0.249587121982392 1.4791046899288146e-32 -0.3274360805626878 -1.5361433605373527e-15 0.20725539073123037 -7.672186393521967e-52 0.15614927505952222 -0.15080135393271962
3 4 4.412903240540326e-14 -1.2192660412438389e-21 -8.814894515762542e-14 -2.1853987583394314e-64 6.307823519474831e-65 6.639757327817673e-13 -1.500647586812922e-63 2.4575181430274244e-64 4.219285751869952e-19 8.789520442858592e-53 -3.3321858545958e-16 -8.029793253914679e-16 8.316770502946119e-64 2.3767545725856774e-24 4.6245981612626885e-24 -5.645475108186637e-21 1.6001015736665641e-52 4.334944955393219e-31 -1.6861793413131304e-18 -4.235713645275803e-56 -0.3069345082379652
3 4 0.22921837791450647 -0.18211931223920624 -0.24816939561351095 0.08367530888883638 0.15222407499589552 -0.15599275005007007 0.19338269745024936 0.2288521277526704 0.5942671054049736 0.3723798399781897 -0.6065868407921086 0.24148664744485793 0.4196365103190992 -0.07124887005876043 -1.4835492021840375e-39 0.12731265562590757 0.08251241305074251 -0.03725598925723884 0.5384121196814529 0.3009569795617518 0.18383781677118177
3 4 -0.40489722947275913 0.18673346877829008 0.172918937528417 0.12306792598690205 0.20797206338177876 -0.2563182943583165 -0.20770117955498538 0.4109345472321393 0.32097582455843615 0.42453862536622516 -0.31510714417141117 -0.08044044295315657 -0.12717099301207033 0.03687113669181573 -1.0505111234414903e-14 0.030635892185050383 -0.0003565106882066443 0.38412873890797716 0.32751058721695253 -0.01427241470620125 0.14263716742578458
3 4 0.45665160221184703 -0.30183686733202764 -0.25423514232828154 0.009831379279253401 0.08737693044305592 0.4361172872148105 -0.2546682946716373 0.21534809729722923 0.3033057676637536 0.38257093470104153 -0.26520735955701147 -0.2212428812277837 0.20387341491217492 -0.3920108669806375 -1.2148194129584712e-16 0.04105250538611394 0.012186485866291764 0.23079090386647752 -1.1310850009565507 -0.025350886776181927 -0.21125823628462143
3 4 0.28112600998653847 0.22862062359439989 -0.3048975703297721 0.3610433785184016 -0.19311884985099095 -0.0047547780860480605 0.2903127224027909 -0.39971515114358086 -0.006585973028512029 0.17671081057299126 -0.30381234873120466 -0.42075473370518585 0.17812065710979041 0.01849690767738763 2.029078560443584e-40 0.031023889955526556 -3.288874219023541e-17 -0.641386710034378 -0.00915333940342811 0.3238320999748592 -0.03454127238078117
3 4 -0.41854539837219107 -0.2501921892752542 0.18243419773836062 0.4663637072239376 0.36746902239523993 -0.025065192534224314 0.16566122404950187 0.047687365938616846 -0.21119444773622548 0.3053739940586773 -0.5315309533821299 0.6929799537268477 0.24992381992698626 0.005062545168733905 1.2459752593962528e-16 -0.16717062961738938 -0.0013503315819746546 -0.0639129291979313 0.8339056714260229 -0.1160666266184386 -0.0016025869818066271
3 4 -0.04576925353349579 -0.3006873383509821 0.17986986797267404 -0.7247825901837379 0.15780877203159432 -0.49720296830930555 -0.30436712501368224 0.007098893667452303 0.5761259549961891 0.2911574438253712 0.15291029835934047 -1.185893511407546 -0.3627264687067254 0.15472488706828796 -5.624809367396586e-18 0.05977528959337802 8.492555818558076e-12 -0.3460756565710398 -0.26161512037686946 0.17186749799780682 0.1471046919918119
3 4 -7.0726238654656235e-12 -0.02493155755801087 -0.026022968132722066 -0.0011938985105376047 -0.027831265678710554 -0.0022581740290391326 -0.022043592197719317 -0.023634805533146876 -0.008822396701705452 -0.026322352941483707 4.336029822041722e-06 -0.008932350397870811 2.5793206344236204e-05 -0.018502291916848435 3.7817712396103366e-14 -0.02780571631185137 5.7626370979641185e-56 -0.02636598753417503 -6.444560972934718e-20 -0.02152183640747202 -0.011302586261083748
3 4 -4.620154158839202e-46 -1.5310051312221806e-50 2.2225559526019272e-63 -5.619095078522443e-13 4.062969529390223e-65 -7.89165201664913e-13 1.0729355471123797e-65 -2.0745116763141284e-14 -1.739753187749292e-47 4.351727623648051e-15 -1.1971571711603534e-20 -3.1485659508136553e-15 5.8570991283988905e-56 3.234355637264307e-25 2.494489773012551e-19 -2.706696918748122e-20 -7.329660639141306e-55 -8.132136106620932e-64 -2.2209074637309377e-21 1.4450757210342669e-25 -0.09013009341059819
3 4 -0.799997415524394 0.2713173504483928 0.18895379770887666 0.49266117692675276 -0.26525315392663323 0.18928838502205422 0.11660948313269719 0.4350745487787464 -0.15729368577978423 -0.3265698598413985 0.4179697302695971 -0.2387949192816137 -0.4104004911116438 -0.41560497026989407 -6.837946669204692e-35 0.4178417042081083 0.005295092482776448 0.40732291989086333 -0.0499648235900937 -0.21537557251815842 0.29055265752299775
3 5 -0.5550114871802563 -2.7569916064800566e-30 -0.2746670306985294 0.7213308149659869 -1.4765862115301304e-43 8.438346311271723e-14 -0.028672834933685474 -0.06651378055010686 0.32949091214111415 -0.5945915130083232 1.4854346657933166e-16 -0.18290651492053303 -0.10061833968947838 -0.26427950387516735 0.3030466791606193 -0.3515058703439334 0.2802321048429535 -0.012393792014574018 -1.1206910856176216e-59 0.22506824663741162 0.37648500923438233
3 5 -0.17402656162271612 7.76151831596816e-57 0.3528491690370886 -0.6629246801003592 -3.4059523096828604e-41 8.992440453804212e-59 0.38298746893018837 0.1634928003227187 -0.11001736611978381 0.020878796086049516 9.002650181047362e-30 0.1603417769279237 0.2473755914092225 -0.022257884210730723 -0.21263279881009908 0.0978385366014861 0.060272934763651594 1.42656589890144e-13 -4.933070081569624e-60 -0.09353343418039813 0.12856505130797796
3 5 -0.029427449254381895 -1.0545739732158064e-53 -0.9211931363818113 0.750118980496955 1.2311902241835963e-40 -6.64496167131353e-17 0.05281779964456287 0.002724687986218337 -0.26320283376244813 -0.2564267159499279 1.3950602361023699e-57 0.29261525272501687 0.10801999950018647 -0.5391742406716898 0.6863238925438954 0.014139068560103107 0.8170748572339678 -0.000254713511786789 -1.607150231759307e-52 0.28850484456855574 0.055617880863382436
3 5 0.22893611440618739 5.816973861315991e-17 0.7066025515707958 -0.7889341763541315 -2.8559065992947185e-33 7.566279754916264e-43 0.3909287199368351 0.0414389012866169 -0.07932308937198543 0.11594466394271652 -1.4924715243927033e-52 0.005508728937844535 0.09073451868731103 -0.02637842184878581 -0.762211656754743 0.2859603720421397 -0.49900753977071866 0.001726981179343362 7.495020648449246e-59 0.29629793932794424 0.2414767381072859
3 5 -0.10628145982684171 1.6025537668695233e-15 -0.7319582232153302 0.7751363298826834 1.1972176917127806e-13 1.8939940358527563e-16 -0.40746715595182625 -0.3342980619086607 0.23640988687817663 -0.11066470978835423 -1.1200058120748162e-27 0.33652235247613377 0.17442889085042654 -0.5668604518352695 0.3858360788973964 0.31861668385533504 0.23796449706681466 -3.366419393982356e-05 -2.018736039568585e-20 0.3966747591348082 0.13792961634046483
3 5 -0.08832364572792935 3.7189692326257443e-51 -1.0408636991365596 0.7547761498545726 5.904324966213081e-62 2.5102891917504626e-27 -0.3855635971116988 -0.09225591030111101 0.32455821306899507 -0.532211612594681 1.763816007913663e-14 -0.09687907434520437 -0.10114409360712033 -0.495602258672342 0.7149585453116793 0.06780065417309773 0.520772042244077 -0.0018897338584040254 -1.5113833687913743e-16 0.2937910141964153 0.3440285603434493
3 5 -0.049874715129465196 -1.1987046734509303e-18 0.9098043693502953 -0.8582616067106317 2.3889338786355054e-39 4.254275455608326e-58 0.5828597326753889 -0.010931163512940024 -0.3100132615270098 0.5948849529369566 6.718679925964505e-35 0.3355513778219968 0.24411226159325516 0.47250664510744356 -0.6114823189585158 0.20654380075926684 -0.8263066531988462 0.010488467093157866 -3.406839115571699e-41 0.2453394153439289 -0.19489670658519706
3 5 0.07200441980063035 3.014717473210391e-25 -0.969696215769186 0.3528128887259279 8.601781481692675e-19 -1.3394054279856457e-13 -0.09185762854972954 -0.39292396315504363 0.0006210762104125215 -2.0134252425145519e-13 -2.001498630824505e-13 0.17517280020443585 0.19358752578766356 0.6090934319310057 -1.3692066772823543 0.1772660733635915 -0.7605018379309159 0.014809556385856204 -1.9189469993554306e-33 -0.01127061499383188 -0.24155090302265667
3 5 -0.26903124749086604 -1.58103277907359e-38 0.6177263541923848 -0.8539700343618039 -6.564242179710292e-13 2.3418878249338832e-48 0.487144158507041 -0.17604141794854408 -0.031855925715711456 0.6395284751285555 -9.472154035150641e-58 0.3346513739674541 0.2891104811145691 0.2998027401402828 -0.67910400548777 -0.4068062335802691 -0.7184791761536347 0.009924923255978622 3.260513204233131e-60 -0.23499947311001176 0.21162327290958335
3 5 0.7051590809208219 3.880628325597054e-47 0.47273849722288136 -0.03366618124874887 -4.2893422351270947e-47 -3.213392537937596e-13 -0.37654188634550734 0.29216393277290403 0.14770745896067825 -0.016480056418060208 -1.7787846137111085e-25 -0.3354647501041644 -0.11268264919262497 0.6926438772113658 -4.1143774118271326e-07 -0.7608893316540407 0.0805509888162463 -0.012055342329687213 -1.3811424730777786e-16 0.11751718556109012 0.20581775283665904
3 5 0.10403187696006246 -3.729871087252121e-18 4.005091614505214e-35 -0.006384109829930218 -3.880077153372889e-63 7.817296670328505e-43 0.12246999658499037 -0.2897205396042038 -0.05961925862636327 -1.2373495487387338e-16 -3.492064163439741e-41 -0.1435457224119893 0.0017403984686021879 -0.04010767534980328 4.366598475225519e-05 -0.00996939104195343 0.09066460316907012 4.4430210560668084e-20 -2.525559371359949e-37 0.2071223076998046 -0.25399879197110903
3 5 0.32710852868014006 5.195748382988087e-48 -2.9089882965987834e-13 -0.2859375334836111 -8.51543433906998e-16 1.4067519275464282e-16 0.2345640515513822 -0.00019220900906193503 -0.18010773958156187 0.02867562294465238 -9.705393276976808e-54 -0.2009195740186666 0.01895065823916316 -0.12309133645638407 0.5396899818964671 -0.3921024820500768 0.022100582848752087 2.287646037859436e-15 -1.684058471273531e-35 0.004689831931689305 0.009076795281687564
3 5 0.34235964227479776 -1.620691251001406e-25 -0.569764990119611 0.7901634195333517 -1.8791823354445638e-32 -3.5816417214062506e-14 -0.33447296921043973 -0.16960752489520498 0.502000813326123 -0.659207471045911 9.380442386263341e-59 -0.07461407807562706 -0.00832692557756323 -0.3371456723093535 0.23974565341347404 0.33901911836974485 0.6475082343907849 -0.006131132995171119 3.270637193115659e-13 0.40758880691594834 -0.07261921687962619
3 5 1.2185977897257726e-12 -2.9890706170579633e-16 -2.2628075815600974e-66 3.0474295624574424e-17 -4.7852518437349035e-20 2.606184579563679e-22 -3.934967660357587e-32 0.001087929326337524 -4.04262632882278e-05 1.3497891069476785e-51 4.33329769480383e-25 -7.290879364455135e-11 -0.001538603173470401 -2.0857206554924384e-14 1.188297346007635e-16 4.0558145432556236e-61 -1.3368415795118032e-26 -1.086544593651289e-12 -1.8079575537594584e-49 -0.0007949094174584844 -0.04352069687311984
3 5 -1.2377019034569876 4.374553183917674e-38 -1.0194768995153543 0.6581492393999336 3.5087124745256585e-25 -5.453229260646453e-21 -0.16477834397392294 0.32934964179984566 0.08280517634351524 -0.2656472242406583 -1.6981559922453722e-40 -0.29803852032476597 0.45396989120683806 -0.8791481571842849 0.25335645086795644 0.012402344729320652 0.5954794065985418 -0.009591079788381312 9.493125493920402e-15 0.3775981096523204 -0.2953538321336557
3 5 0.13139763222932757 1.6778862250649708e-54 -0.8377511130685663 0.7629706983154446 7.370287723269056e-27 1.3481918063276038e-50 -0.1730664642754113 0.03280903440790514 0.33870591390160065 -0.5617274509099406 -6.9665940559429975e-28 0.1871761275863023 0.393051820471306 -0.09002157753915342 0.8042850437316339 0.25897779135156357 0.328334968873574 -0.006692983250427612 -3.878883618945739e-47 -0.1423697094337126 0.38197086839161476
3 5 1.975226352857045e-14 -2.358164488461169e-18 -2.4168787464371338e-63 -5.25115151148362e-53 1.5963670904640284e-20 -1.1566965936078883e-12 -3.058080830630234e-36 8.289483433984978e-23 -3.1113608597101416e-22 3.4170427789051904e-17 3.2755875312577523e-21 5.2506977893472496e-18 -1.630642430253245e-48 4.126099602805909e-50 1.31717916726267e-13 1.918273984898006e-60 -1.2847277295529345e-13 1.335828836048349e-17 -3.1253016663270715e-20 -5.194251413373277e-30 -0.366921035668204
3 5 0.6004069465275309 -3.9012911447833266e-22 -2.3962373315297375e-17 -0.3526412433523939 3.775481743522223e-38 -2.222605909245389e-19 -0.08470660382851229 0.00927842759389435 0.24044864779398967 -0.3973688249776093 1.5936693844332648e-30 0.05618580461174374 -0.29099541640782983 0.1256704981902999 0.6503691595907323 -0.3314778480097772 0.3501558074473092 7.924759306091889e-08 -4.191091328762771e-14 -0.28590961598181885 0.23822767528546435
3 5 0.42344818571481674 1.006423030882475e-20 1.008807648729806e-30 -0.20375130425795948 -5.324565119446151e-13 5.100843389262126e-16 0.15485619767241462 0.03900256730871641 -0.0774079160219298 0.01900324185017543 1.8987025388269082e-54 -0.10682672786355005 -0.12429107360862518 0.13384973010687023 0.3805364080615504 -0.5196572472660445 0.025293156864445623 3.138906705304514e-10 -1.6062619837510869e-43 -0.11804928921948833 0.12921047836310137
3 5 -3.045931197731206e-21 1.1799071630701432e-19 3.87928470983344e-20 -5.476195840701611e-39 -1.6338755119736923e-41 1.6628213612012463e-13 -0.07093269225873322 -0.11671325073542832 0.004239253266711677 -5.582883154406137e-15 -1.173726888855155e-41 0.0660793669297177 0.07915031027575026 -4.762226432625815e-18 0.001109238409344218 -0.006443356593800877 -0.0073514269613893166 -2.981304908178923e-32 3.100584944447965e-41 -0.279742013342655 -0.09674045416368544
3 6 0.45602967816237194 -0.017579466373349513 0.08189439086310377 -0.14720015300090478 0.06607583041768067 0.17770739682090692 -0.4543158357053027 -0.7687352561159116 -0.4280172019146643 -1.4745047445928423 -0.07013116459942134 0.6269074629730894 0.3003033255299005 -6.49983467157579e-32 0.379528560111798 0.29806342612755116 -1.0133651760412832e-09 0.9008741917915318 0.763277259289286 0.017218439770322887 -0.12739912500206635
