Number of NNs: 5
NN configuration 1: 11 20 20 1
NN configuration 2: 11 20 20 1
NN configuration 3: 11 20 20 1
NN configuration 4: 11 20 20 1
NN configuration 5: 11 20 20 1
NN Layer Weights Bias
1 2 -0.41305575165218883 -0.3147961126943524 0.5904112495428139 -0.29647734637590334 -0.3008258787848363 -0.3406104996559789 -0.1775175973025509 -0.046818282965037615 0.3109517127715829 -0.12723720552283801 -0.14537444162919397 -0.07561877816957989
1 2 -0.49118528743297146 -0.1804672313635395 -0.2029151062481221 0.07021698781017326 0.09517813411852773 -0.01804441010354158 0.16019963768703163 0.1274010908356047 0.0021960304056421495 -0.47598811690651666 -0.27257731726695256 -0.3656684859620129
1 2 0.07839726476220907 0.2857032705298078 -0.025445590457279198 -0.23961205992456794 -0.3683884863062429 -0.19775519725332039 0.274436455142592 0.3364080333126434 -0.24220520876263088 -0.4741180819930466 -0.2044557353367799 -0.22184204576613367
1 2 -0.03337781060796209 -0.10739665116696992 0.026629107147463353 0.10717146678404554 0.31534649033798007 -0.34805105146019116 0.26962135343141896 -0.19401186196608355 -0.5541373412881476 0.42929842912068633 -0.41488343803370786 0.16858698662988467
1 2 0.07879841590190408 0.15652820011072782 -0.4520036948303377 0.25963638398230954 0.28406481060129735 0.5262112474380213 -0.2609080565688934 -0.3159950276521422 -0.16412548965654444 -0.3052787305954032 0.310148359524588 0.13618757218990934
1 2 -0.2324299645417563 -0.21996529927331723 0.0310298986066702 0.1763503434774337 -0.36433975933220253 -0.2631218236987836 0.24175465759884382 -0.07370127374952033 -0.5003553636528906 0.7331253872037892 -0.08511239654963933 -0.004238558179850911
1 2 -0.18144446377703852 -0.4657137178993382 0.5460680011993947 0.0006589713177874824 -0.34599372558059155 0.6083029692890446 -0.10883274879620446 0.26299682013664694 -0.3246877582394101 0.23262858843876635 -0.448609301047204 0.16560643005004735
1 2 0.20953124616619334 0.17585323667443323 0.3716430994973325 0.5177144843303068 -0.18201434134082062 -0.28150268945328244 -0.008587867237749758 -0.5430315990992793 -0.007955155208248538 -0.023151457621605257 0.06878379261558894 0.05853856305341905
1 2 1.3013739616062426e-05 0.0013587271823736584 0.012216584389266703 0.005311105726427612 0.04009349404755045 -4.4017279213135475e-08 0.005561442231635376 0.001958139532625769 0.010404190958918005 0.021258675040676796 0.003168110610049898 -0.29280675729817723
1 2 -0.32618985791154614 0.3469661154616844 0.12890539038579518 -0.34294651807992454 0.3848137717441122 -0.4617907031182999 -0.2134757728155743 0.25419713691014134 -0.557772501967248 -0.3233405362023855 -0.5067485366319966 0.22279847758661275
1 2 -0.1755619768066377 -0.34133303548792876 -0.1160041139523797 0.35248822398138546 -0.4407949307046588 0.18325620282789304 -0.08762293418295178 0.08169937792796171 -0.5361524481727689 0.49777480576373945 -0.3084980487983076 0.2738511865880902
1 2 -0.034787033845540424 0.5890281246277843 -0.05268133267951309 0.08425002544823211 -0.23114564564367227 -0.36830889436125386 -0.08467590276474167 0.3915628079219153 0.4141432559247859 -0.25466222655619974 0.11591811297041126 -0.2953935817710166
1 2 0.36395438791558243 0.13663633643835155 0.12695845132965447 -0.34717337215038496 0.2401241936272128 -0.10358702317356124 -0.466449487656042 0.027371922882990705 0.4862566429484806 -0.02012714725908763 0.10690226850542106 -0.20116128525188018
1 2 -0.16510326767276307 -0.6269611499436315 -0.10051228474364575 0.28960356744325005 0.4383088147243443 0.22224309912306037 -0.04728041113068417 0.03757304570675661 0.3722262349407513 0.3698241976320099 -0.5250661785619289 0.5518487051357657
1 2 0.07843168832036831 0.35155590187047336 -0.5044389009098982 0.4071200059127914 0.29163846654900033 0.21237182068012195 -0.3512524149661208 -0.12221982371741094 0.45497596651938993 -0.2388607081697075 -0.24845612870818856 -0.3210360633425378
1 2 -0.21412623889333843 0.20233342740815016 -0.35746076911964975 -0.10445026353647831 0.06612432404535584 0.030649203140246474 -0.14982380898506584 -0.2851260795710168 -0.04810012157272356 -0.5682137899222869 -0.4523034441234737 0.13599503553265588
1 2 -0.26436041571842495 -0.3388094125562696 0.39054395597880637 0.01641514900437013 -0.1431904076628425 -0.2993129082436927 -0.35846387501268684 -0.12682636535349578 0.050938811121362275 0.38313478459600236 0.3747586374879515 -0.46611167163963496
1 2 -0.06268509052156122 -0.29909690208152273 0.2143078221513337 -0.24224275360275604 -0.17970872031830312 -0.37693108724098084 -0.3725247370627942 -0.1040420813596811 0.5260817260354811 0.3080693281980817 0.04821825706220755 -0.3229823855505866
1 2 -0.14717678482179233 -0.3422543847225733 0.4905169996692648 -0.006259162552214234 -0.11783616886911254 0.20027065093019525 0.07479958343860912 -0.365814160200226 0.39285882359138063 -0.37598361304862105 -0.0860813165892422 -0.25680592001916386
1 2 -0.042312415051428943 0.10946795447182733 -0.6255168363364971 -0.19395608935217562 0.3266193553332943 0.13770218642609758 -0.14220912016531648 -0.7798833810933091 0.09213053693514242 -0.021834009647543434 -0.5842266748634802 0.2831923123874294
1 3 -7.062898137351381e-62 6.042118945841361e-19 -4.173479639833382e-18 -5.335499041694663e-12 4.0353243766383036e-24 1.0000528249678088e-20 -9.708745013036909e-26 1.7151317694214489e-25 1.5006800995138029e-15 2.7499578612830888e-55 2.073542589390496e-37 2.2814436347228805e-22 -4.7373000344893926e-12 9.174313670362446e-13 4.6033020966642486e-58 -3.62398991323029e-24 -1.7294434414274334e-20 2.7747847503119707e-31 2.609270189504616e-31 -3.8191757141855245e-59 -0.20661263397253826
1 3 0.15130852915915188 -0.9337414585085775 0.031124161175451793 0.42623460266126284 -0.052161259332283084 -0.641510616456542 0.4589939084655099 0.6257742222137409 0.018471896052628892 -0.040313178128697884 0.3234291303478852 0.5869541275354964 0.269553327940554 -0.7180764390078654 0.09374424398726414 -0.4752913929900224 0.4858632226798873 0.39213010008212607 -0.6512540018767216 0.4858135588628094 -0.29156076412641574
1 3 0.06519013484798639 0.31337830880442163 0.4007999035213552 -0.44142584183375616 -0.3553480335135869 0.6818699403012071 -0.15068344051978863 -0.22549017403754723 -7.02244893669813e-22 0.1987565041600415 -0.40301671725596233 0.261886534312204 0.37035945088170014 -0.128578642536946 0.9466573472696794 0.1340723162530378 0.07799597937366931 -0.27234719348861736 -0.12346000010611242 -0.160160110147568 0.2454982273302407
1 3 -0.4137331427757855 -0.4877666442132624 0.10512672001741534 0.2708345498757635 0.24635261034148362 0.09995910027925972 0.0863603059453374 -0.061538629951131844 0.007565411822026524 0.3342878783081516 0.23077773688535994 -0.08758945730936658 0.7059888075214895 0.028577350859293 0.6931610511172857 -0.19120087972207306 0.1700367836227173 -0.27575145486699576 0.3519295902484304 -0.08344875815111118 0.29916091238361614
1 3 0.12533344068601582 0.42193581348079773 0.2227812238900886 -0.0668912082837151 0.14197416363373674 0.03488763356167854 -0.35314608509462175 -0.08887250610930802 1.4879329257733067e-13 -0.29945286913531655 0.026691681706805265 -0.2958734727749181 0.14326142489781443 -0.13728058428806025 0.8361457606189263 0.14010673942904586 0.3825396743138133 -0.35879499654528846 -0.32992685113646936 0.3771435671136995 0.27918266309985423
1 3 -0.07979870170233709 0.25771852213200724 0.2924039379396132 0.0585293508371715 -0.009611798167933833 -0.7865892967843636 0.2192217666335689 0.07471576357160699 6.68603099704052e-39 -0.15541091357155282 -0.18710456329365724 0.009413756017663583 0.32858460742840084 -0.2785410979766253 -1.2435665887503079e-59 -0.14851248878722284 -0.06249080564752433 -0.3076644193897121 0.008774152033413272 -0.2009092457330525 0.09038017336413166
1 3 0.15179280112415816 -0.16762472175963913 -0.021428156686644807 -0.21375232426560717 -0.24980552083694885 0.20460544268615832 -0.4171146377096218 0.3300013819128551 -0.0019373391970868876 0.17458810947285786 0.3043282836548737 -0.013009546898323404 -0.01929719473006333 -0.17166071991789142 -0.3787058644108286 -0.28547675772259723 -0.15397229895472309 -0.02673978970502667 -0.4413378658028933 0.24133289291090798 0.13731348016583816
1 3 0.047809560192101495 -0.025791588863010324 -0.3495057971110477 -0.050150849520457265 4.8296228891402755e-17 -0.023118244551918198 0.0620448935234713 0.2595334171241774 3.375440398219015e-53 -0.10276859446342183 0.14945139127799625 -7.004949447766123e-07 0.16561010345387903 -0.1773023492534991 -4.897610443603882e-40 -0.05114146364591072 -0.3455892042037173 0.02080472645737785 -0.06122792715309978 -0.14078897378877486 -0.10680940260233035
1 3 -0.30836809167489426 -0.4121253323498871 0.1932295560262823 -0.461949617217819 0.5050418386588971 0.05928353876483713 0.33250340295683584 0.13370062359923743 -1.8500555825338705e-32 -1.0270187190129498 -0.17684445419250794 -0.4628076753487259 -0.3628198701404577 0.024280112165646045 0.6774561605843433 -0.0701937781442075 -0.5094584899558996 0.0028140173489582154 -0.15245488534468277 -0.22246664921606846 0.48251709284326844
1 3 0.21244575346066405 0.25886027842533044 -0.060644688781638756 -0.31872287251381465 0.3068499943169126 -0.1099097023538252 0.2651062720267207 -0.26772750486292846 -0.00038583534670085055 0.2952146651076297 0.012132745841888911 0.12540688937490357 0.24220352007813684 0.023750104779297204 0.4712841162274392 -0.1201950700495804 -0.059631846739180504 0.032812849090768134 0.06284635419017039 0.2492856011712134 -0.2025194334480424
1 3 -0.21641414149157318 -0.02246158687644724 0.15803519724629686 -2.499443155735904e-08 0.07686865288065822 -0.00034256226427187584 0.13724643081778917 -0.049667757383307753 3.315088258281246e-27 -0.24022303854995794 -0.24823643851810606 0.10213853909166014 -0.14612813296549915 -0.040526687232548333 -0.022119120761643615 -0.22503978390910961 -0.028472851064109322 -0.26209164105966326 0.04868057519624139 0.223673622690796 0.1059904426388845
1 3 0.17077426791970332 0.279679901042445 0.2061693489706844 -0.32826359726303755 -0.21072375579603447 0.4142858354719746 0.08857194603716897 -0.8830669934991605 -1.400363752555023e-12 -0.05182141229778757 -0.3339184784353512 -0.08982069132845365 -0.09849564691994012 -0.024540871325371034 0.5539265162276548 0.3525396730689491 0.03388326926604101 0.19152067111742582 -0.3232569543168096 0.24024933501882578 0.03378293647537598
1 3 0.04463907823275652 0.0571038699681569 -0.27496887718813506 -1.2885714534383537 0.027341230603012443 0.37644274550051027 0.23332816073257784 0.49071620037204106 -2.4058450182069824e-20 -0.2058500969096537 0.22747060272831784 -0.6316700568886263 0.7498354213740225 0.1756319733382643 0.8069975324244363 -0.05597228407066754 -0.28488793205022844 -0.6977741311993704 -0.7601265804614287 0.20277417368798625 0.17142247373367037
1 3 -0.31961132646513 -0.30134597636581817 0.23119773444807226 -0.2902921685573211 0.3301576313035286 0.40273991192079506 -0.10927555258491504 0.9656984532372634 -1.7634975453917438e-22 -0.21818406814181268 0.6128205315364542 0.45533015686549905 -0.6828006847160272 -0.13657629805972418 -0.4291936996674174 0.3011763217239931 0.3356771894506499 0.17147260690711913 0.03704260438314761 0.3929402122527173 0.0639473592184251
1 3 0.32053303885851214 0.012451936821432922 -0.16692345426695887 -0.037173508836637385 -0.13173880833234483 -0.007761480732933999 -0.202968856668006 0.830529262567207 9.23883884446967e-41 -0.1416849201039436 0.15711741032906737 0.3212590725618846 -0.046656562338384666 0.11993764553646952 -0.6691717951372868 0.2703144477536762 -0.0398364027641232 0.31133804324467496 -0.31069723779235225 -0.002258201658962311 0.39867141668884387
1 3 0.07393355891363759 0.2702225246669116 -0.09116900451315196 0.09489581890894049 -0.14301275007460781 0.34468592950113186 0.2207814916576912 -0.3697607177154597 -0.0067541513698152495 0.0792127265630976 0.16047222914717296 -0.3555552819259889 0.03192792011413778 0.08407104379505094 0.7195831171609843 -0.09823948503632969 0.46983314758681327 0.088679501657638 0.2948209186792247 -0.1492088264161914 0.3375336220982939
1 3 -1.1164598869767092e-34 -1.186105205130497e-12 2.9993169836245993e-34 -5.965479866602023e-16 -2.2692585668424946e-18 5.186257851902972e-58 4.583655818778774e-45 6.085692617305907e-62 5.393546283858758e-19 -1.9124226341755965e-28 8.616913035789442e-51 1.7966355124350222e-49 -1.3762799864820667e-61 1.1677678350647123e-60 -3.433486448931586e-17 1.9164578698386552e-14 8.684111598999934e-64 2.15505386069372e-26 -2.740357932979744e-35 -5.346181176166191e-18 -0.1363070741980864
1 3 0.20314415379497716 -0.238647389905713 -0.42243419220195116 0.2192524773581028 0.3816910323631202 -0.4147715571549282 -0.056600313976745024 0.035046539706749896 -0.010867436521286161 -0.15736581143782558 0.20734448176346795 0.02115699784862521 -0.19923627040352707 0.2068966716457171 -0.6548691268269053 0.03831146833544066 -0.05003296914357195 -0.2642695821028518 -0.10131474487600413 0.03689385229271493 0.40646080915363897
1 3 0.1673712448958483 -0.21039989580074756 -0.1895735001705907 3.535288568343724e-18 -0.11678163227073438 -1.2294641445833046e-43 -0.002288343536549113 -0.02173196238464777 -3.97181115660516e-33 -0.07716786262432054 -0.20371371042177674 0.09129306767971934 -0.1673787276774895 -0.05718095321285316 -0.010031144032776404 0.009947006557617112 -0.26532163334242664 0.15560356121951907 0.2666542947677662 0.08718288524877202 -0.40102460235173004
1 3 -0.20062783657337105 0.16811183824276785 0.2628980572703258 -0.08257062165781535 0.27472872798653625 -1.9571690690861168 0.07222347737719344 -0.07708542145940256 -0.0004800992051140683 0.35551184661876906 0.15153741209838426 -0.20700076906250986 0.12521126827614465 -0.09322514510873045 -0.6209358073134278 0.3100738300574284 -0.5046549005748897 -0.5356911120670794 0.12927733784194775 -0.2438107065731058 0.14268694902553827
1 4 2.0267742936559375e-34 1.518668633163896 -0.4397802798003407 -0.6143333930996582 -0.19841580206199072 -1.0280642797613107 0.31082594156652915 -0.19518834844580868 1.4674882904579236 -0.12014902015716426 -0.207716598887244 -0.5663448880572362 -0.7748097801337223 0.265014662171329 0.03493309264001472 -0.2076981346194062 1.431131359450751e-59 0.4430933565120345 -0.013358943760035635 0.30743104928857523 0.4438445695613623
2 2 0.22175375337068273 -0.16051108801309372 -0.43719283455163455 0.2614297329873522 -0.4303429247192458 -0.28682564739545113 0.3054421146460192 0.4754247034819497 0.15448297530315522 -0.012114321263177652 -0.41114411020822617 0.3119775205484046
2 2 0.25830493439463786 0.13440006415839725 -0.18613110665222377 -0.3192334639094872 -0.17988121690540151 0.3405511643793509 0.4466106658482294 -0.148539573169797 -0.021235931696870044 0.2693949878796335 -0.13113204067044631 0.39507404466839113
2 2 0.16021697418874936 0.08841624414707074 0.2502504107413803 -0.38779146458572294 -0.2106083361416815 -0.24074616968258578 0.49786119598664763 0.4437732151721855 0.4307386450240623 0.19575081477042403 -0.1489622650956774 0.0695148480018142
2 2 -0.3281051836318723 -0.09010819852501084 0.07122552407161523 0.4079041519708095 0.3811240488787433 0.39167389442852735 -0.22871986055478621 0.3576586814447202 -0.3307931532015162 0.07024688557061638 0.47016765437785074 -0.040946481085332324
2 2 0.4454079556441611 -0.02808890310117114 0.1374376515973023 0.3181250403780498 0.26525623096935547 0.2543934871026494 -0.1170438330562835 0.3455691473573851 0.4390900643945307 0.13189008910061142 -0.3096128096042579 -0.29510353011841683
2 2 -2.9029404154285607e-13 -0.00014038402891840786 -0.011453264607625031 6.193422276729737e-08 0.007308485986789841 0.0003225300266694336 0.00010279321878656344 0.014958661397910748 0.024437022277621363 0.0028327206606746495 0.0019609787127887954 -0.2645030735994458
2 2 -0.16948183537205336 0.41802470349078347 -0.22028717838735612 0.3363475393688751 -0.33942880374969964 -0.4509977004823421 -0.12107460178317733 -0.02685183761705605 0.33830229004377044 -0.1714652501965822 0.002308429509968731 -0.3538054774363658
2 2 0.24642458528403355 0.25668277283631286 -0.3437249698767559 -0.4283882290799212 0.23872205695276344 0.0008505904032031312 0.19548046031164293 0.4050930441777437 -0.11575766143636311 -0.5191955942086786 -0.18566908352399386 0.1134617027979902
2 2 -0.31744452590861877 0.20173751473642368 0.3658295214834476 -0.06749863479669305 -0.17562076144727418 0.04051921961687801 0.39089613088211694 -0.09594952094060533 0.0846651393959081 0.31454574279294867 0.24981145730522028 0.08005670247038585
2 2 0.039715952842837535 0.2158631515123208 -0.08634532258920598 -0.35407254267167676 0.29428274283029704 0.5308341033411134 -0.028313784461201048 0.039059748651949056 -0.061469877226366446 0.37380934504874674 0.5179713345532588 0.3362317153194924
2 2 -0.31644283479633073 0.16308129176792807 -0.07803064636379975 0.24893572262081648 0.33186967928545896 -0.16944351672738905 0.04687624408419853 0.04030863951040967 -0.4908677387883587 0.433899530738421 -0.45026466373128227 -0.31218970655506145
2 2 0.07032260535020905 -0.0727861602051635 0.23380619673310135 0.4610761682917831 -0.2860122600732737 0.38509757971560876 0.189099333313892 0.03537237093918678 0.532699326767491 0.008532608411563974 -0.06533114864816589 -0.09273793645450969
2 2 -0.041217331317611836 0.19328196568473635 0.34972591146893117 0.13859253685396625 -0.010224038178773744 -0.14011171259435662 0.0855363338672272 -0.04607358309011183 0.2059000805616326 -0.252799872899462 -0.3826727251123523 0.2754613191390943
2 2 -0.0464748516068545 -0.3804752511235062 0.2744141714863183 0.03197770863093652 0.03711059925277609 0.31037658123642037 -0.23641163207139776 0.1339701129219901 -0.3951305485780692 0.307430222220085 0.37737148911182977 0.30500437160184024
2 2 -0.39258631019110235 -0.1934815608318123 -0.10956225304390764 0.3770448803519574 0.30369218782204904 0.08438373122536574 0.11692665908361573 0.22777721949081398 0.15488974310917467 0.03571751420317949 -0.20817808243741406 0.36283060682024904
2 2 0.2794437909831533 0.252474582416552 -0.010398452732360324 -0.3050148790985937 0.22699307667418342 -0.14293402413312897 -0.09343967439091701 -0.16125605524707265 -0.16562072829840582 0.4861845643653341 0.20182331337108564 0.09987285278893171
2 2 0.0386175486330671 0.27893416795396925 0.021472416029807213 -0.34945175639278625 0.01457004045941577 -0.32036315333492815 -0.037334393586778335 -0.3552231959892802 -0.5261230370062073 0.47411557547825267 0.234439894319758 0.1772820636608222
2 2 -0.2006830773511665 -0.1716356017703542 0.03530617491232435 -0.41575627295118966 0.3780067746408022 -0.28192906344740737 0.4000770304377004 0.03394103496433855 0.07070705121179004 0.09920693277945056 -0.15938927444130158 0.22491244705533509
2 2 0.27205333685788885 -0.18444113790833908 0.3125082656144957 0.31921860487859266 0.10854466944505876 0.2514749264640588 -0.4195157768085694 0.18344250454240812 0.5294701874313891 0.018908637266497583 0.6405192048065215 0.07079605167907832
2 2 -0.39010665553697327 0.39320527455094034 -0.012541288157878267 -0.3172848408459573 0.002622062959568447 -0.19725328102069412 0.14089215967292815 -0.29176373635912045 0.07609310337782121 -0.25668713552397465 0.0829792064253243 0.3723727436144235
2 3 -0.1489301304433293 -0.17814078148324552 -0.49429362437210267 -0.00017034302829299232 -3.886946005154264e-06 -0.0028276918311173063 0.3930152407040411 0.3296097858879774 -0.20166805328473464 -0.48509146912863743 -3.336319224640954e-05 9.736277846544506e-06 0.1161075247905685 -0.289616562518721 0.014982888436018268 -0.33655345927795577 -0.35301603006057247 -0.057328083452764265 -1.1142808258273062e-08 0.29468683106133525 -0.28664737106167554
2 3 0.43297230931201197 -0.3343438248251538 0.46104334471496533 -0.18060897628286196 0.25256334991428087 -0.007464348848005672 0.10928431266384542 -0.24708552599893976 0.5248561876259302 0.3922104710412744 -0.16531720336772898 0.21194725992220478 -0.05019296696950006 0.23114859285419811 0.17346889226346615 -0.699423340317675 0.03137301459310467 -0.11562277462299426 0.9861751672023353 0.12714235943982224 0.0004947328503875918
2 3 0.09165074347262915 -0.1647170016582191 -0.5035348613790276 -0.18242249052552303 -0.07807426405811257 -0.006416503534967459 -0.5760797131283755 0.3512525891574233 0.2239202051137255 0.14403026212625414 0.17396029876092053 -0.4019284714742784 0.0029756886790823895 0.042461148617969804 0.14278746415692692 0.3161542160577025 0.36614249774859187 -0.24151092845526229 -0.00586294922127046 -0.015986698513614728 -0.17555405722045667
2 3 -0.02663939775835796 0.41534341196633207 -0.3254292248164391 0.4019388977570885 -0.15100069332750013 -0.0021654069678445813 -0.12234246996480513 0.28657957408288476 -3.3403000789174965e-09 -0.17485017693543092 0.02598678385614974 -0.08639905578712624 -0.33492778521895833 -0.1699346506971882 0.4862900599321807 1.5410578264599333e-16 -0.5617652957234691 0.038776608546991054 0.2331169370290362 -0.10863523248502853 -0.18907056273207873
2 3 -0.40320964762298456 0.20872410811473724 -0.17336427285922174 -0.1384950570613285 -0.3175085593912285 0.008341780672641892 0.12274576089973625 0.17589772975984105 -0.1869798910077204 0.27087336492741393 -0.2433655422470674 -0.05966380935709123 -0.07549043738800104 0.36481224680964286 0.346959296599103 -0.21281892844522018 -0.03919308363530197 0.1342161420691736 0.4189248428426212 -0.32068609936197157 0.17351778809098603
2 3 -0.28285279961017623 0.3265999927226848 0.2154822980437972 0.19305157441726098 0.23093831437240642 2.227149459235802e-09 -2.0904852990698836e-11 0.028546633524273803 0.21735426684829673 -0.00873446175413325 0.24455812649099434 -0.34773016093097564 0.24784075566515062 -0.16971443097988845 -0.0019677032752533096 -0.23319029153626444 -0.20134480284370093 0.2906175463065877 1.2679794961559629e-05 -0.27276418649124917 -0.0957774112600492
2 3 -0.3251456665307205 -0.26745075510131516 0.08602742914822348 0.10425757364369309 -0.3005173513329136 1.5630093996670437e-06 0.22031712382807248 0.05566471897562673 -0.34110863603487407 -0.07457031483948091 0.006421719849176774 -0.2381801115129707 0.6055440722176133 0.5365966407637787 -0.15631979924673348 0.35250582367187533 -0.47324757501227677 0.31774561479212365 -0.4267076021159244 0.25384141130559135 -0.06372179343734906
2 3 0.09203698690150651 -0.3539972962590928 -0.3228315952487033 -0.24659206842737205 -0.09445123626568809 -9.085233956430407e-05 0.3172040845084331 -0.36096106890764057 0.13423633425581036 0.04517406193024375 0.48150800563349383 0.07803106286288145 -0.28144667178339716 0.16162097281531906 0.39857133081262824 0.23196332929976413 0.2514873907466888 -0.20838498750747939 -0.29381074339083657 -0.15523697291124935 -0.11169652637505617
2 3 -0.3896686271711941 0.04498549543672538 -0.3979622775982657 0.1674202636486003 0.25296274999045626 6.438388779095204e-05 0.08259355054063651 -0.4788809699147277 0.2879696210525522 0.23207853583352195 0.15613938092909768 -0.37476132884297914 0.007750312582867479 0.24984254894926744 -0.002353101911271853 -0.3238075853063781 0.4375528688612755 0.15086158848911796 0.5790811477159838 0.16509871343732907 0.019968627552487336
2 3 -0.10373126609060683 0.2076507952833943 0.2628223098656753 -0.23705275660183628 -0.2036511828666046 1.0152718539998249e-08 0.27077344089894334 0.3618679842032452 0.33988257213791184 0.1002392395931802 0.19715684998511615 0.1202866692182966 0.1468261960794827 0.215407194692114 0.2851901393850838 -0.08089907673089168 -0.2977596317016035 0.2608416812453925 0.2025878361829904 0.3235130946638205 0.13807521797440186
2 3 0.12158257630697752 0.06133759554966746 -0.000273865397609424 0.21467137617878726 -0.07991071146841354 0.0010178957668905539 0.35979636159529915 -0.22827701529362573 0.15140725728834978 0.3282036510909999 -0.32967679885667944 0.2876920566994263 -0.02059328394345053 -0.1372261063007677 0.1425903249479798 0.16795232343910885 -0.500375238843003 -0.299002032556627 0.07247202920682255 -0.1279549360141345 0.02902630020454534
2 3 -0.16069716532815712 0.19789966593808733 -0.040613700054118324 0.011895844942210772 -0.14481091228299803 0.004626993738904577 -0.09578424712151895 0.12569391620943418 -0.23727312699183445 0.18064235435185905 -0.39517692057110837 -0.12274890348964305 0.059147697607161535 -0.2709534992438209 0.16141625862883863 0.04002920827139199 0.10047690215968288 -0.06713249265584095 0.000530031522330977 -0.12597349514518075 0.061479801485630904
2 3 -0.00046809636309295955 1.511318935017928e-19 0.011130897294783284 3.301141445833678e-11 -1.7567518527376536e-16 -1.1309659332045617e-05 0.0018087238238942735 -2.195714655650604e-17 -1.65704986497039e-16 -4.361899116592595e-08 -0.0026344651243630714 0.0017242546652616675 0.0002901758336194704 -0.012195110856833747 -0.0020519560500953846 -0.00019349942414060173 0.005257064110671025 -5.206700699431964e-06 0.010524888959561189 -2.4551580386419323e-05 -0.34594417053169196
2 3 0.1378693431566976 0.11954534236663444 -0.27394852206933135 -0.21782907799651055 -0.16137243146022687 2.0659021532613695e-10 -0.15013520932753502 0.32298455952131205 -0.22088258748081846 -0.21501349471447812 -0.2966918322314048 -0.15604311474780883 0.1982270635000147 -0.215953965032656 -0.3279283890904695 -0.07471452553974497 -0.3530185011968481 0.1829902768411239 -0.3132853225196721 -0.3388816279804987 0.32929823161759986
2 3 -0.08143819954997375 0.14917183640453746 0.0026638150658140174 -0.06862046618241019 -0.0958565164129786 1.838074241162014e-14 -0.5743060238278783 0.003842990299663485 0.17323416675682154 0.25818282437697065 0.3035749004276009 -0.2551684000221037 0.4628450843263356 0.1937072159026801 0.06721579131998129 -0.13782381277781938 -0.14048992040817235 -0.1759439023741882 -0.2033170458107552 -0.3381663754740297 0.31853841916509823
2 3 0.16694817660464895 -0.08775123053360359 0.2456245223405734 -0.19302140577527066 0.08335697704631322 2.2625162010946562e-08 0.35344260042130565 0.08589021875126153 -0.4531836953072307 0.1462150486809961 -0.001842547191591472 0.17332702955908258 0.4528226832733065 -0.2344833276199213 0.306290939640086 0.23020738413325953 -0.19405005309952836 -0.14108766356109653 -0.15264495282877397 0.30091966660220204 -0.00011106623611692252
2 3 -2.2036477934930542e-16 -1.366760336070622e-06 -5.447968516806289e-19 1.6075801701203227e-06 2.51527298937311e-11 1.2447177061155354e-09 9.549534521415448e-05 6.084723444372236e-05 -0.0006574787510141746 1.3618275184656513e-19 -0.006521520433389675 -2.4924522752465053e-06 -2.469124892270474e-07 5.99261790809145e-05 -0.0016310399721303846 -0.0010064728381443397 -3.4653747036765884e-05 -5.7404737845696516e-05 1.0835812969092584e-16 -0.000613365826138208 -0.2260456777502949
2 3 -0.1954890512048799 -0.15955591542622777 -0.3759122979247401 0.389989700648148 0.05672613768349668 0.010189697584143105 0.049562894264009415 0.37689261315963146 -0.3429770429354313 0.1470280218360166 0.6359049178860384 0.09915600089055684 0.5144957185868584 -0.10602091855595176 -0.2569902206622997 -0.11239775845281023 -0.05300767143104368 0.15955499261085793 -0.43155289631411275 0.37696567236980705 -0.27412078527270706
2 3 -0.24009209846824744 0.32042654114280217 -0.3635153294064323 0.30710932091734583 0.04391270986377971 -0.0010472414447119127 -0.2814048249819155 -0.22915147106461387 0.10200142810102135 -0.38001055104713366 0.2784065278899604 0.17078084456627546 0.39315061634141263 -0.15424048954677338 0.20313106338587475 -0.07604315856463584 -0.25909407266113127 0.2848813421427532 0.4447496025767427 0.2878091414970308 -0.14217660183175548
2 3 -0.36436604865218325 0.4256186639488366 0.16876294945060638 0.1539432931234514 0.06745784240635878 6.136263718908849e-12 0.1216823699298232 -0.22164693999142776 -0.5455631500371169 -0.3574430644022552 0.41354025360615565 -0.22850957770165314 0.5322917650059279 -0.15976404105101505 0.08287541243384876 0.34870815209250977 -0.020747796983993327 0.25445182237947767 -0.3058135189861842 0.025888388027791406 0.21658418623334943
2 4 -0.5683788318111047 0.2383099443257981 -0.7725447584988978 -0.8527098808658108 0.15242464505932798 0.30503623727206486 -0.28437700663228505 -0.5446023262559839 0.5305608051186379 0.20935082723158666 0.48529707128661287 0.3785690626121293 0.019190274833526012 -0.36533197641053705 -0.18904826510058725 -0.4922210319139114 0.044079971705613924 -0.31578109481862066 0.2032430169853754 -0.47111575808148615 0.34721352664460514
3 2 0.5872141362435218 -0.17139006802210371 -0.4259647822193111 -0.08678822061955124 -0.22012771524722505 -0.373437853892953 -0.07809014571162805 0.05793789984339016 0.34077211895135756 0.22461026833967818 -0.219702745394018 -0.3978297568336251
3 2 -0.12184174366158658 -0.2529486528785345 -0.17079199662367672 -0.25118380842968213 -0.2715560712954303 0.44784177566204164 0.41309758508609945 0.376114771048057 -0.635301404153025 0.02980568047240446 -0.23929086557182794 -0.07874998872168365
3 2 0.03125991361889445 -0.34720376301628986 0.1993691604301365 -0.2526640374299191 -0.0993503490515999 0.25617689147811035 -0.29485634047805814 -0.6889427098244242 -0.10293185746350392 0.25944795496269196 0.4198920448586526 0.00042673029435140973
3 2 0.38713990110835506 -0.395251870763879 0.08229854033577931 -0.03373607860596147 0.18422919264436535 0.6098782089382819 0.6248206318440955 0.2649785612738918 0.13370730973088188 -0.18903260291902146 0.13491672113553926 0.020062810327496863
3 2 -0.21726184329424422 0.3478139476496826 -0.29264991876934765 0.016529750646656734 -0.2809350018857472 -0.16323178643046365 0.14775162908287645 -0.32564622855577685 0.2509058469428009 0.5591912420708599 -0.03155091716009136 -0.4033252931343639
3 2 -0.2737469607357534 0.6899868901436584 -0.0934171352953746 0.32582957401650126 -0.17633703503466683 0.4143501644110792 -0.07317086934431655 -0.2966055219752435 0.27061382871308287 -0.06615097611174181 -0.25772132224496863 -0.25742573139748537
3 2 0.42246809218390974 0.23915200379150306 0.13044692933057497 0.18216504093389063 0.3243337113248078 0.3219913695928827 -0.22330841462339907 0.5878481810738703 0.04688022836463522 0.1795848588878065 0.32931396071129343 -0.06494668919305767
3 2 -0.06893864609472065 0.2611884756314255 -0.06851164878641752 -0.2682798303674694 0.20681271341559168 0.10140415792568935 -0.2260238814071144 0.285753935554701 -0.3089707094670287 -0.2352567138666358 0.4913593420827981 0.33321626695516454
3 2 -0.3485975157146641 0.39486353352355147 0.21577909165135958 0.29888709173707806 0.44319860068493444 -0.21203669807906053 -0.30437710829360143 0.018791051947142094 -0.4165889564503858 0.49554902756982694 -0.4707036647932762 0.04272473597546938
3 2 0.22760912840563804 0.2671063721830565 0.27584162856600214 0.3351486696150624 -0.4640448970308789 0.365634405993288 -0.06489376780143809 0.248731127566135 0.4518242174801339 0.08788614869396962 0.3412986828373978 0.3761963644210524
3 2 0.0017224265427085647 0.05628954596658926 0.4963160074315998 -0.1256396657968392 -0.1352847967829342 -0.07298367781832615 -0.35044555526515087 0.31537758592974136 0.39609166101709337 0.20598484908568662 -0.16909840213454685 -0.3414732801678374
3 2 0.00702954372380599 -0.022441751234999554 -0.3653124870713104 0.17257852272841087 0.020199802302631246 -0.01036829935026654 0.35980517989409905 -0.010041322765377553 0.28388598874355253 -0.3542518797308968 -0.21327289529675136 0.32261207561380634
3 2 0.5439897145798919 0.27798972740129896 -0.15315395927917183 -0.001885936381924783 0.30519025260316884 0.13059371269341602 0.2132530389293412 -0.5065606286453246 -0.333226406407143 -0.48177498941936514 0.17172130565877633 0.2896352756767816
3 2 0.5718853077896658 -0.3442172371210712 0.4123372241732929 0.023685892951159082 0.12990999294438302 0.26028436836991525 0.08815330122677574 -0.19411135578148236 0.07727320012326261 0.07300725703775374 0.4752364692973758 -0.08974139703975828
3 2 0.3225925699573954 0.0831082335096222 -0.032941047711721974 -0.3390604677137898 0.2513543108866733 0.5063931012054558 -0.29713119814761113 0.6342203852460861 0.5232736705677484 0.0935800712867536 0.24355997649434666 -0.08434865491270535
3 2 -0.06428101227605697 0.2045051749752958 0.04252877096637492 0.2632564570873811 -0.35600187038714864 -0.12584172956663253 -0.18629678824595722 0.02945382387572808 0.3099539737839189 -0.25424143045323006 -0.1077718481091215 -0.3970269175716231
3 2 -0.2864609262956397 -0.2263917028190661 -0.2058830715990058 0.20602230953352066 -0.33106433983403377 0.17158130823647375 0.030250440570514632 -0.1353875286951513 0.09478279189565242 0.22511098942057792 -0.24646613736555825 0.26079653037495265
3 2 -0.041222099016349385 0.3592899996045789 0.026804583362552478 -0.3514088072936837 -0.08757750472701155 0.17223529027518344 -0.24156355720245531 -0.1766306202552462 0.4098514620308532 -0.5084596912489249 -0.4514461476102687 -0.4049333837163491
3 2 -0.4634664621398646 0.48316971995728697 -0.16899553797009004 -0.4479662003760926 0.08875378763908508 -0.12447101144679366 0.17484669846846887 -0.2619486380415136 -0.27778316111199786 0.335593943774977 -0.5424567877222293 -0.31455646932524045
3 2 -0.2186963551817535 0.5113235350683831 0.20999050212512355 0.20555297779399798 -0.28499755057374443 -0.2609208404564395 0.22311203744432553 0.07898665817189852 -0.17733828254790263 0.04696751333615484 -0.5176345555849547 -0.1459556415308237
3 3 0.1748891057762662 -0.188142259745829 0.009899334988061068 0.03316201993597418 0.07842782593038762 -0.6144473691163957 -0.04123117536283655 -0.15606954940837234 0.31851137904960025 0.09442697524972721 -0.3924848448898905 0.2043115187147653 -0.01617754555584337 0.07436166930066082 -0.9317615057540702 0.16258375326480856 0.09614674697577587 -0.21224527835622414 -0.3144982406520251 0.22454884653128798 0.2933645783812479
3 3 0.15990344215371396 0.016364232209577067 0.2942318261315433 -0.4018543626738931 -0.9343666358182893 0.16965464134569808 0.4248524285370594 -0.05946431511474705 0.055022251789571396 -0.47671077943572016 0.24363091169483186 -0.2131552235673464 0.2560559686300985 0.07540331621447748 0.5003729950071455 0.7347833256165435 -0.19750437393942621 -0.09178302723167348 -0.32171717726445576 -0.03557447266466838 0.2590089130859681
3 3 0.318313063070044 -0.3119143984043824 0.01200492799055073 0.7146896740836021 0.4715379747445992 0.12075693314920041 -0.16986680570366286 0.20255532656705172 -0.13969933057254466 0.4510766180578465 -0.05599893886528888 -0.32166496735784356 -0.12261839629399988 -0.27578733654123444 -0.39315077010596594 -0.4949257755655323 0.2410061753334733 -1.4019993497525871e-05 0.0407666585369439 0.2626395945052291 0.17852377140847986
3 3 0.07068498076846148 0.1431337104929477 0.33505568607263675 0.30202756386428486 0.06914340073325981 0.41772575370411125 -0.1241604173591335 0.11906846233100178 0.3346633808858924 -1.1404370315851204 0.19577628121498736 0.22364129462324014 -0.8174319884729347 -0.017337694751338048 0.728055773489787 0.7856895580188673 -0.23488007745002992 0.2937000664338414 -0.5236649563920651 -0.05349208003055817 -0.17341288041926411
3 3 -0.04361827650367116 -0.032521207522737405 0.038521931448449384 -0.20611237426982873 0.0029654684346795924 -0.08087507004285197 -0.22387935377278306 0.08299673872596212 0.17849966170873766 0.05345372287695731 -0.012823930725937436 -0.18923034009468118 -0.23424414426135398 0.04353919767980138 -0.35993148305301814 0.17194846012000184 0.362288496775208 0.28222668940149825 -0.41617697301236156 0.029742373770561617 0.04688708519461853
3 3 0.3651093619482377 -0.16505922889997532 -0.035033668897492334 0.21479757912018746 0.6168750000121063 -0.6824954758044697 -0.14658263662176269 0.16885059929322135 -0.813008575491288 0.27159340966459056 -0.001848618475679177 -0.07908917138387385 0.10248398779654685 -0.1775856594117128 -0.3329278262669886 -0.16460666399461985 0.40492848717278807 -0.08757372653883354 -0.4217306566026728 0.36914973988713834 0.08086208046084313
3 3 -1.5191050797937994e-08 -5.420363775779287e-12 1.3113785772545181e-06 -8.853309804924835e-19 -3.69498362160896e-22 5.257683987818145e-08 -8.914412548364247e-08 -1.5824010021281352e-07 -1.3102553845934244e-26 -3.589154398075524e-07 1.2849013860449336e-26 -1.4653608313181603e-31 -7.140413651864846e-17 -1.5119823132514287e-08 8.939073979649587e-08 -2.8494726231856353e-12 -1.5004802428032493e-08 -7.563152586549641e-13 -2.739986167816835e-06 -2.1744440242346645e-28 -0.18908395486488933
3 3 4.0917786929124594e-41 -9.672061277616395e-11 -2.0017510206614218e-19 -8.478086974264734e-12 -8.253338526411471e-29 4.79088827252967e-07 -1.0193984460864248e-16 -3.940077748409161e-33 -1.5665336874932863e-09 -3.742597976470095e-40 1.6025203300625521e-27 -5.509704360214921e-08 -9.885050200205743e-09 5.050836212209059e-15 1.3553741018162112e-10 5.09431731501846e-15 -5.379288605457706e-10 -1.279240724420429e-19 -3.229916480030232e-15 1.1037519877392064e-11 -0.17817989030291373
3 3 -0.20335460530648194 -0.45468842570110113 0.45695595262680516 0.6155034020954503 0.3514700250264149 -0.8508626175059169 -0.36546626144896505 0.06840747580688253 0.04921201581124212 0.6416097675062642 0.1922931043907349 -0.12430655771458793 -0.11749872428682599 -0.4990795714224733 -0.16586646095431845 -0.0703478120779773 0.028226347083489395 -0.15175236634353798 -0.09160682532970017 -0.3242901629905108 0.21400823934506719
3 3 0.32647259136218626 0.11534448017406826 0.38502547319006764 0.2456681731442748 0.2518339519854126 -0.15288486654787414 -0.17021058892281452 -0.3228090454625333 -1.1650285703261618 -0.1570431163576062 0.1286468758959579 -0.7584116663595355 -0.19610985375717777 -0.08295186395148449 -0.5853879761838036 -0.6256224601998455 -0.32806020901484845 -0.5012337246998221 -0.25715568236974923 0.09654555619163754 0.37171238971735737
3 3 0.16564456765427985 0.36432756595658644 0.27758473150686697 0.6678960118990985 0.6405915671493623 0.16025819646596245 -0.3726540906251158 0.17102014905845558 -0.2803577111648158 0.36820495970951383 0.037442377153033383 0.26867065262266787 0.00365889527321383 -0.3577805452968675 -0.2704604915933959 -0.3695317733986501 0.3526535802099115 -0.13738586800171634 0.2163765691101368 0.37144548246456477 -0.15198302451052198
3 3 -0.5286420449361755 0.16026315744404576 -0.4387029817491484 0.4713771706841103 -0.3464516266046878 0.11777359189122254 0.46988963167526493 -0.3386559901595692 -0.6000363499450886 0.02570416873289225 -0.5772128907082529 -0.12933800861924663 -0.7798813143620144 -0.016066114767745887 -0.02247294517320893 -0.5261167294793336 0.19125731755657874 0.30812038500257666 0.16573467987938717 0.4561332364719093 -0.2118574233003844
3 3 -3.194093199802841e-42 -1.2488192977151646e-19 -5.253975721011657e-38 -4.749144851793071e-08 2.0378788493244635e-07 -5.662456041204693e-22 1.6441480008086398e-36 1.4198491291030921e-18 -2.4327732721972915e-37 -5.1485750613366616e-21 -5.747251980214067e-09 1.352495704581555e-26 -2.1891623399787938e-14 1.548263958819987e-22 5.291993164650893e-07 1.5427927258654356e-36 -6.906494644721904e-19 8.839377318145853e-38 1.996516237882771e-37 -1.214235086990868e-14 -0.13153090117255384
3 3 -0.6740916653461212 0.18969665081568154 0.20347934243663252 -0.03736977292125295 -0.46403797662593754 0.07719535266432409 0.11106283809297132 -0.2595487697712951 -0.6441101306872312 0.07678358866938516 -0.006171301967253942 0.20478691875244517 0.22177517029846813 0.4900405868081 0.1991471860849453 0.14226813143572314 -0.1369686454780571 0.20931257599918116 0.01841382776399419 -0.037258622491552436 0.22112929951196025
3 3 -0.10777900268390303 0.1358866764616882 -0.05595657654414619 0.6125748084553687 0.26503639470941187 -0.2542576694534478 0.05245346584137767 0.16740398795561462 0.4485202214419754 0.47863673369468096 -0.3218510073733799 0.3789803889572307 -0.1866811913902485 -0.21071698153228927 -0.05721283276563875 -0.610601627409564 -0.36932410086134837 0.35186190322627214 0.03701947574098397 0.11186999805754486 -0.09242510848721697
3 3 -0.19144574801301006 0.3692995783135274 0.11349870080265677 -0.5074674961628032 -0.6641591401399531 0.19923429247613283 0.03510022695552682 0.07672066053769343 0.2733675243595685 0.3772001293574967 -0.3971292843329474 0.2500358221169578 -0.32620154512853133 0.07770901070444484 -0.27761185596884824 -0.0040930185100535215 0.3837038690139833 -0.7741297200742013 -0.6439999766308292 0.6426570107511265 -0.22069222119131643
3 3 0.3991238365299038 -0.14294576599870704 -0.2789507235259768 -0.15004667069794883 -0.3383748303495029 0.4211418369021155 0.11034686137721236 -0.008019227887288845 -0.07432753167068398 -0.2607162502463296 0.4940668477202042 -0.18170111232485098 0.6650635085596821 0.4348408655732635 0.9021409092022222 0.018642454180445273 -0.10803617023678352 0.48732134551047923 0.5298222401853542 -0.7223236589106253 0.032059419929866814
3 3 0.1791085847864854 0.39676546984072136 0.041009924573754776 0.18478182589754064 0.3316950540198478 0.0691961916732959 -0.6959830471070719 0.3043234662054575 0.20094427773069967 0.5505858560838086 -0.13250278027371024 -0.15165798444425663 0.5175087068237655 -0.6133337875908241 -0.5136159714369014 -0.16541811200735004 -0.27289726578414353 -0.27424166462023625 -0.24812296089782357 -0.39319127322330416 0.07711448703577098
3 3 0.2504235189189657 0.18721643501397947 0.05807081022917459 0.3061362932649926 0.38078111699462197 -0.2588361784218917 -0.05950588173569313 0.19994211807747617 -0.10817554779790459 0.16866907474574583 -0.1429754256558849 -0.1526486598073739 0.13478194546504008 -0.04318124648734112 -0.20084755395548326 -0.027750917683947832 -0.026062199499499557 0.2251893023260053 -0.070185281994492 0.29181663281377995 0.27107803632492866
3 3 -0.09618023036925591 0.3558812282441931 0.06835575548904997 -0.2528614346860342 -0.17231495806146255 0.04381591694037825 0.4422537035257705 -0.19846403350564762 0.24280963753321397 -0.2458740738002514 -0.22330099597932934 0.3004455606768406 0.1711304237532602 0.6248539039922055 0.5433752383585099 -0.05478498911353379 -0.34647677317525105 0.30890734434445444 0.5445287221683289 0.02859097396619398 0.30020501712855535
3 4 0.5355588168793295 -0.329076400306279 0.5656672499373084 -1.354898478704156 0.41551961239811824 0.37316907918393705 -6.725819554521168e-08 -2.380497627920859e-24 0.4316734147022041 0.6923203471385568 0.49901372132088234 -0.6582332415554789 6.725774743609024e-05 -0.334727352332414 0.5638240466129443 -0.9847225814193816 -0.4699086077869037 0.26425042309457064 0.015302123602448767 -0.09763659256860921 -0.4630349808472999
4 2 -0.5072610770568557 -0.35202736138114393 -0.4309306379564417 -0.14515787975700264 0.38698702279440944 -0.39367387780963287 0.2990589124266479 0.007502999634604107 0.24305369086714934 -0.4559178322783793 -0.32387381605779986 0.10368714506719327
4 2 -0.7082782572609775 0.5318508446245644 -0.5082108131249787 -0.1797219843377562 -0.3771636754054058 -0.32717347015939546 0.20147332613264518 0.11268180551542442 -0.27732896215885977 -0.04091885572289155 -0.1687392638089764 -0.2740304482089946
4 2 -0.4470645805962845 0.000823016345800733 0.28461280170213976 0.32312842885311693 -0.25288285401253896 0.26838752497001345 0.24826985506521726 -0.6639538827885865 0.3382348491678269 0.1697835129909668 -0.48126656204752494 -0.03454049431042442
4 2 0.06552813334759364 0.32093003235387724 0.15154226757086417 -0.4519192827317429 0.4149566959506796 -0.030889669278217242 -0.3391541733355945 0.5032480240077477 -0.19589166013713624 -0.16011440722604897 0.38273371159270414 -0.08148860529306823
4 2 -0.23189006772734985 0.12269189022379925 0.11988325034879085 0.11821145865370226 0.3959214297942585 -0.2720245983662342 -0.07472238731342874 0.4249202667992094 0.42764289392006566 0.3337147561535137 0.5167004306421924 0.2533317706340729
4 2 0.12548122469172246 0.3609356468341246 0.25306063953183616 -0.2908913249505164 0.4609303437972822 -0.45003613053787545 -0.18807763631217989 0.5338257059793341 -0.12847731770340362 0.2612893735218012 -0.5301432979237556 -0.20923852102588222
4 2 0.02689519893643991 0.3603447862641724 -0.1234429849661223 0.24102881832407982 -0.4116426689627834 -0.3029605823170446 -0.01035635595061041 -0.013596693734604133 -0.4625022143817487 -0.07578682821715185 0.3941883969816663 -0.005610180852992289
4 2 0.23057678555241776 -0.11202396914818152 -0.37841855561642973 -0.27144156834858785 -0.04842724023305892 -0.31358710643130994 -0.21111603333676346 0.09671578043492682 0.3023674741493292 0.44003731585048644 0.16868908150854467 0.1869554041694767
4 2 -0.49967597013054776 0.055342173189818794 0.21885105007553593 0.30093871396834676 -0.18355511348377504 -0.36201526386922706 -0.05362147487271297 -0.03497198763106123 0.4158667023328909 -0.5655825588783909 0.19837772543073595 -0.47899488945932744
4 2 -0.23806311266891064 0.30135166573999034 0.3667946659753 -0.25985618429818574 -0.11451544695850553 -0.24745108081372938 -0.09576736246033787 0.44970905089969526 0.5812392273740813 -0.32632626147641475 0.32313980761189415 -0.20082518761083704
4 2 -0.2864444030334902 -0.13985300841881929 -0.2686329786571609 -0.022509636366475218 0.11757237695100499 0.059903706259855985 -0.4290256894792943 0.1094780309342114 -0.13373253682394112 -0.10059970080642448 0.16382742914212217 0.05230342559120185
4 2 -0.295422270421158 -0.04076834819938164 0.4760023161732254 -0.3233248867625357 -0.15588692647889635 0.140168363362614 -0.40047284898867197 0.145907163608621 0.006278549265434197 0.04291996724310906 0.2389934172691235 0.34702727907891506
4 2 0.1252484381161006 -0.08275411460701851 -0.3342875058071815 -0.15496545549120988 -0.10613164431575159 -0.4906762553610875 -0.22134633651195762 0.03175767147010039 0.23345741105617177 0.3147153853532099 0.1720991844325003 -0.29545384877843184
4 2 0.04714696882566862 0.13381647972285884 0.3379267553165875 -0.3831006815436102 0.37400301230123495 0.04794271445027528 0.15912400780384878 -0.27167315950532284 0.02606745503124239 0.29597242369721577 -0.33518353431815845 0.22465618458598163
4 2 0.3349907925234425 0.1419758634556957 -0.3054708467432999 -0.21979020073012404 0.1927855257263315 -0.4420367315965517 -0.020520048185221244 -0.32456912360754764 -0.1309194449785322 -0.4580816041211109 -0.07764054449784219 -0.43845882647476647
4 2 -0.5559595752074136 -0.32351273976977196 -0.4003071144391564 0.3928715934547168 -0.46559283146824165 0.36831772266058993 -0.07479254349663955 -0.5986753423606124 0.2493086591023116 -0.24377930947848728 0.2128243223762931 0.0957210979957636
4 2 -0.26444198327488483 0.1292246838014331 -0.2134619313026288 -0.13195846380285037 -0.1667230085774516 0.2588619305128177 0.023305561438521905 -0.1619352150550065 0.01981369772359839 0.4173438835227231 -0.17475433560945258 -0.15814126576562573
4 2 0.3175698832188497 0.12199350633834014 0.21385907872764806 0.20931573033030348 -0.23584609405629417 0.000696169920205994 -0.3457824738780396 -0.4745057213366683 0.15620884080792524 0.2022098069182108 0.40714267823381306 0.3066105906710481
4 2 3.452490547864524e-15 7.481418909769017e-10 1.3538468660516655e-20 7.126378467051639e-22 -6.653539736812694e-32 1.490665083823164e-15 6.128783379030748e-32 5.656845646780957e-07 1.610233156608414e-08 -8.70924076532867e-12 4.21944950061838e-07 -0.4098702844189155
4 2 0.12249461457975581 0.3494671342007097 -0.3002583013480191 -0.10115732695253361 -0.21310384890332978 0.23607446220397538 -0.4527908314057612 0.30917773362454015 0.3447256486296825 -0.3071651855387109 0.03464999138151932 0.18035605966080479
4 3 -0.25651476918869465 -0.2328202278791275 -0.2993836633823438 0.17840265521061563 -0.029173605083979984 0.2377934344768426 -0.2704566695217482 -0.02324273159182108 -0.014305736082814387 -0.5755762559234827 0.20326952702720666 0.22197244074390252 0.17181228540616963 0.12637523022332683 0.14527015169816213 0.31451368406495483 -0.2980164591496164 0.1918686751515686 -8.361689225816125e-15 -0.3524358829004826 -0.17212530334719697
4 3 -0.104108705646566 -0.33098119215865623 -0.4553896084324577 0.10468706478608808 -0.3222935552450032 -0.3239127367182281 -0.026988780157454994 -0.1990269631794131 0.4629179916695814 -0.030201449941397458 0.20514500370139033 0.3590678545376216 0.13627448731506997 0.44588586889211307 -0.530590972551486 -0.024798205119893946 -0.2651327969664286 0.04622943415537623 -4.328239843168773e-07 -0.3149634827589942 -0.2778086732747991
4 3 -7.663517171930884e-29 -1.3183007746518553e-13 7.066044730371847e-28 -2.79201701400177e-12 7.081362916452504e-08 -1.4175171357983596e-07 -6.038893171871912e-32 -2.4227189627528694e-22 6.017162880590362e-11 1.6007401631817284e-24 1.2434793264485085e-41 3.4603884507525684e-10 -1.444293014439022e-20 -2.2186075156278764e-07 2.4751471720468496e-08 2.2101505176931023e-40 3.170973700558243e-12 3.4958256567454554e-33 -1.1494092273674774e-42 -1.8656761962404662e-10 -0.28494685198491665
4 3 -0.12827801897208344 0.4157320172928684 -0.0008139285277060487 -0.09159810294985095 0.9398631529476161 0.20929110817467228 0.11375672862785748 0.10930938798504351 -0.09370577506308794 0.0438141325504028 0.11923027822516036 0.22198334668074712 -0.04540542122532351 -0.8096801072316177 -0.16114209390488443 -0.25825846699998756 -0.07201133507691837 0.22970399957896298 4.5658970755833124e-27 -0.01701039274446481 -0.071133909813624
4 3 -0.2035198185135067 -0.06353929903084422 0.05973328589474805 -0.2217200773329478 0.34345879670201584 -0.2053248384218525 0.11829055847801752 0.1878468715748788 -0.11324725315339539 0.15099441701180735 -0.10465183636536396 0.024396859702352686 -0.0912221661097601 0.05041055419208899 -0.13811771115156074 0.28728560304752976 -0.16630854614111812 0.27147859856723966 2.440934970739486e-34 -0.10276648210590998 0.24071299253653655
4 3 0.04035396744878191 -0.2951034332866528 0.05563419087622665 -0.35899980994037256 0.7407705071737124 -0.2800283007992854 0.11205176543050424 -0.09876882833967325 -0.01740439026736194 -0.09673588289040536 0.04898149611685445 0.2803529570845641 0.4178726931449477 -0.36286934337652127 -0.1929535444353517 0.33910659950573563 0.04277273567889354 0.14135658928017072 -2.522628970326954e-11 0.2015588341621451 -0.3003920523333895
4 3 1.9933520889774705e-30 2.1321412286221094e-44 3.8605636180622093e-07 -6.325987359507098e-12 -1.2240614421844405e-09 -1.8613933357790765e-40 1.2950630117912708e-15 -7.826177748236644e-09 5.3706972640420366e-08 -2.0333473008991173e-16 2.777600899607514e-11 -1.1026760707577714e-18 5.154031007889448e-13 -7.649156273880842e-40 -1.0477252321461167e-08 5.716567383161039e-37 3.3553454307728015e-13 2.9395523977667313e-35 9.513904325338974e-07 -1.1894368237855387e-17 -0.30180847309747094
4 3 -0.35192728138644325 -0.02027618450109344 -0.04812337878251504 0.09829218524101542 0.789939008539652 0.30794700215443815 -0.2417041336590237 -0.24859533609655785 0.21936678345961805 0.034833344291051185 0.16920627504459348 0.15833413246309788 0.16875117049072816 0.14304214342725705 -0.11068409151365852 -0.19132567080993376 0.2533378369719364 -0.09085796863813396 3.1047691864970148e-31 0.05097653006823361 0.2831799663037413
4 3 -0.023637546633366768 -0.11647076001457529 -0.10294774064241208 0.035338406426698825 -0.6751742581066819 0.00320668715383407 -0.21072605830889554 0.1408100763443219 0.06224234798925925 -0.10233421494101327 -0.006771692467493011 0.04599263960822309 -0.37778079144751747 0.12218372308281061 0.35851856231661533 0.16855542976991625 0.4303501314671332 0.1674198847745306 -3.708867634359243e-40 0.154299277305905 0.21601602369791836
4 3 -0.25500558201136503 0.3813197915669133 -0.3046312455316118 0.2479634382657977 -0.21234123871432878 -0.12367008677914826 0.04234243133744365 0.3330760837304935 0.005883474847073737 -0.1450284907425773 -0.2180907745447374 -0.4065661511574106 0.39316407964277855 0.3342059527697031 -0.1787933607535445 -0.2222563135632834 0.2039878134120496 0.03476854070599864 1.2342049114018169e-06 -0.08904676283765833 0.26045732575091096
4 3 -0.19556539899324366 0.15114874569215203 -0.835319222654137 0.5957785651749653 0.015718421742941063 -0.17218358746230863 0.3328079085660894 0.15254945519004268 0.5274417744742308 0.06055611460554888 -0.27982822553885994 -0.41684898253147656 0.18307651865860117 -0.8420199303028788 0.09697493005409417 0.34524205314168566 0.22237236929071397 -0.451136762799386 -3.839443355928196e-29 -0.3560465241359193 0.29909503145689403
4 3 0.2816299889875051 -0.17963104455041423 -0.5851199588845961 0.34478565651334403 -0.8239492336317824 -0.1140932384957357 -0.4380315325831267 -0.31824057588337906 0.43959940882392934 0.3645548024161293 0.21223031155935926 -0.06830533534268203 0.1964716819084233 0.2445047031664114 0.09921941920176865 0.26688212399563727 -0.004600244352866873 -0.5075715368855849 6.377748140586395e-09 -0.15249725867867311 0.23958384573393446
4 3 0.35715543219712714 0.032388169169918594 -0.5424680322441657 0.3306658587895779 -0.827514549626121 -0.2361330250437208 0.15210555573359844 0.2684386071870517 0.06502986971437302 -0.38512642907648403 0.12243828689507105 0.13383224402461558 0.08688546903631278 0.11282837790045348 0.4019033504286081 0.1741761447857555 0.43880681019651885 0.014236977981529125 1.0770718344970626e-15 0.14543980161147047 0.3083425408275668
4 3 0.041218677405725844 0.21048719517500716 -7.725071387446085e-32 0.10958131871319239 -5.307695446457403e-08 -0.042214981166923446 0.16354352402674183 0.26989711167476155 -3.3352455422010065e-27 -5.684511198192323e-07 -0.2853596443762348 -0.2739401739500731 -0.007440233989345914 -0.1200270522779279 -0.0008715681896472936 -0.00557947805488586 0.22527783566454568 0.14190345887015315 -6.223554874833244e-11 -0.27419850399143925 -0.3206677926086154
4 3 -0.06779063094840632 -0.013366049311897398 -0.0806309379801111 -0.24021325352218342 0.06256313090107811 0.393179425424522 0.04774804626587647 0.355814757267719 -0.3622349697038498 -0.26223798968276424 0.3243430865928765 -0.2513739071492324 0.27220120291035654 -0.18646084245028424 -0.15802431676493184 0.398028642863036 -0.30866048488750786 -0.30846440227747773 -1.9075426607301387e-42 -0.2796997718712735 0.38262048227094353
4 3 -0.2285690575280118 0.22841646234328328 0.7884866912557719 0.01803291386239702 -0.38687503181359334 0.2334093971486049 -0.9293172460284614 0.022808513284469433 -0.5270927686677842 0.008907777011702917 0.0233224981401013 0.11397453632012196 -0.4059971961692247 -0.06245767067082419 -0.389292341511345 -0.047695266771216396 -0.14191321668354157 -0.8224060475467149 -1.2007273573850767e-06 0.10479803401745318 0.07426252855576237
4 3 0.06216272940253337 0.19709593160034547 0.422127241440615 -0.4327148649739388 0.8093844279494696 -0.033679674994849 0.11105905980605238 0.0028148343327223805 -0.49208957174299417 -0.07546957025780765 0.3376897604160942 0.29031516960661247 0.3277223170393738 0.13847032632387063 -0.20003508860669167 -0.012147559369866067 -0.3504538615422285 0.22234433190318126 -1.6982007655450989e-07 -0.3294290112724987 0.13331750049222768
4 3 -0.09645076671723359 2.9671587278867424e-09 -3.051147887937238e-08 0.28890363620929815 -0.06556020932872786 0.07116425271542846 5.272737563839292e-15 -0.3260328036245668 4.366730579746465e-09 0.034373473008581755 -0.04751501610479348 -0.008369773518762648 -3.0335897056834885e-14 -0.1119232353274144 -3.6935627221785205e-10 4.7270665562092565e-33 -9.31049894490267e-34 -3.1013035411871996e-08 3.401289325922538e-39 -5.2461818686235084e-17 -0.11512256374856877
4 3 0.3041871550186057 -0.1875526168205778 0.5949689908659936 -0.1187912737075433 0.16382863003901102 0.1351750482751256 -0.2553687889539431 -0.11185411511264125 -0.16545950093730574 -0.41817016557685077 -0.003085079901591901 0.09713895204326352 0.33195579731590685 0.0757576183004081 -0.020023005915401904 0.1747523114642164 0.012965808931477125 -0.028657724883010254 -2.6759471630764096e-38 -0.015365652566720964 0.19263270789504208
4 3 -0.2537051704318982 -0.08268845188753644 -1.0394255840018385e-06 0.18658123200701487 0.6673493565398422 0.22530946574991428 -0.3216983488184357 0.008499502951935821 0.194653151426014 0.07016994030223131 -0.1978075043331077 0.21230413899821465 -0.018875512232590135 0.12874731435323788 1.6136853274791006e-17 -0.13826592167165325 0.14401066154038678 0.07783154440857272 4.0064282021983657e-36 -0.4270368146130106 -0.32876256428510386
4 4 -0.6061970923671572 -1.4286758945152862 -3.4280671467371326e-10 0.5499603138429603 0.5322106561116692 0.361369660263923 -7.08882216702156e-05 0.46910742221229285 -0.2049892027474694 -0.42682101038938897 -0.7487067803680079 -0.2385893944699151 -0.23011105903431903 -0.23798334410936475 0.5556653446939026 -0.9254727733824532 0.3382979112757313 0.18497475421049667 0.10933919987401337 -0.5575126673818489 -0.19446283837225578
5 2 -0.10380147187335395 -0.18144509908103526 0.12710064112708072 0.04609248542784525 0.2560535815688504 0.30176810815958277 -0.18965343682753472 -0.2265401015835516 -0.0825039451314782 -0.0050367477376420606 0.2609240352167457 -0.3518376635045893
5 2 0.5091582401566801 0.20500181288401906 0.0282497033500628 -0.08210940350682319 0.3742494032360306 0.16374176317143918 -0.39249066523136705 0.12023589579473466 0.1101987967725477 -0.13106537774079297 0.19713191485534468 0.19865236469149863
5 2 -0.3538916656497217 0.07965448102124785 -0.1514554557273822 0.00036900912767012843 0.301282403130243 -0.5114706069067814 0.053836437785947835 0.6374968699284272 -0.3297722805190233 0.453110373446458 -0.30611108877184456 0.4537542708515231
5 2 0.09396203807481959 0.2842848189763049 -0.15248322683577797 -0.15391433366845453 0.14062900710740459 -0.12016283863146043 -0.08267909808721825 -0.5611468159730637 -0.4960459408313376 0.19724756513226743 -0.21138657225834057 -0.22948181260297962
5 2 -0.6450539093408353 -0.33941937768270525 0.022577807637010998 0.002523706663855479 -0.1296473600913657 -0.2558313693658567 0.30419258635154967 0.2611256074051837 -0.6390930547987246 0.459264229567873 -0.04008138824953773 -0.20011608977419432
5 2 -0.19989544637118084 -0.356290506111476 0.4121307761197321 0.18913759644627454 0.3547555548069642 -0.253980281336745 -0.024902128258885173 -0.10075230435285433 -0.44522189849677263 0.4798307575072498 -0.13778524675147105 -0.24736464099493957
5 2 0.5996706094050341 0.22870678729201877 -0.4129191701912631 -0.3196109550149144 0.20291341711267352 -0.5030072227855711 0.11384803843236678 0.16409886983679736 0.30079002734292803 0.3708728039946735 -0.11253323172009212 -0.10924468058661647
5 2 0.3466588884409423 0.15686294158284264 -0.4671108530902443 0.41078667635248445 -0.0443541386554368 -0.22470217621228916 -0.019476050263852584 0.2743215837266436 -0.33982261105119643 0.38566356207782704 0.23772953884499234 -0.12074545695224537
5 2 -0.3791260674817522 0.3457505942038099 0.492309501497125 -0.23416299396909984 0.1484293748653863 -0.3013692658332553 -0.387548027309499 0.23178070539753673 -0.3379738005292969 0.25415298201437375 0.4323489278042725 -0.33557850199837264
5 2 -0.36932272766999324 0.433515879231069 0.1798261054265823 0.3756290698425893 -0.14127829707626363 -0.32029981448137124 0.14028469504538033 0.5205281697709421 -0.07658823399159186 0.052873481934001106 0.3037459338752754 0.1553087935363296
5 2 0.6139075742088483 -0.13122342962221525 0.46524658052472323 0.11493827670983882 0.17122044257914681 0.00887663342749858 -0.15762562933332375 -0.27803163712749596 -0.17636721447499293 0.19427050165861873 0.44147611189343927 0.40773694738741706
5 2 -0.07952283222007145 0.0398950303151086 0.5695622075499548 0.46205218172837936 -0.0019966615556361637 -0.009128091548117794 0.15972569241343137 -0.7247993116549412 -0.029029817033667138 -0.31620908022019845 0.11483517157145201 0.1823802701119408
5 2 -0.46839946726304005 -0.16972107476537143 0.43864484396582015 0.2334213287790699 0.5381464358442101 0.16343244620049605 0.2332940552307863 -0.010455150602352489 -0.40278083431885736 0.17425833838902666 -0.37329329495563396 -0.35148187225017974
5 2 0.2898881706761911 0.2419645025036677 -0.023526239056799198 0.36036344437366835 -0.06014696960097323 0.07853828914298604 0.33917782198199725 0.22904759129380417 0.14679005860642771 -0.5904746319078475 -0.46613779431241475 0.3220108169530473
5 2 -0.046770830152450225 0.07626641592662947 -0.21227427115286818 0.005133269052627535 -0.283302938229824 -0.09916385954773353 -0.17037274210493877 -0.1732899621302439 0.21501097315021042 -0.4880830331944786 -0.40127403296456493 -0.3142129874869231
5 2 -0.24539840230988647 0.3355693040911647 -0.26429885514333995 -0.034552900667364134 -0.6339667802464114 0.3035678857881526 -0.39606212474578584 -0.1816291716708422 -0.3635986188951431 0.20423689880774795 0.2225934287851189 -0.20312997867822083
5 2 -0.3931859978416344 -0.13181910001876565 -0.08693434478149296 0.20580132828024317 -0.09123292668001198 -0.15961302843949218 -0.31027149022326456 -0.15151110947665045 -0.05139912696341373 0.5533541616911528 -0.12489940011581822 0.19745105501338947
5 2 0.295274727945022 -0.5284571327539068 -0.35600341017262704 -0.3531731926309938 -0.1877279416296576 0.1267729333300417 0.41836545592656754 -0.1710986921233809 -0.4727617600226497 0.047140767538703464 -0.025385283788008632 0.4339403285543164
5 2 0.453449361428221 0.21685870377112546 -0.41297156394805795 -0.43286381386467193 -0.1958585593252485 0.05003683017321525 0.028842290794131534 0.18033270837194693 -0.4067553551531644 -0.2487606104987941 0.20738007385816903 -0.24614668307742021
5 2 -0.2718805718255539 -0.4549620654751153 0.42393368399745207 -0.02391851625462837 -0.07794886708536357 -0.3948583375049428 0.06320971614578244 -0.4934192724547736 0.14578660337010493 0.07453828052185281 0.36552302841513956 -0.4012350927090215
5 3 0.1078385279815787 0.06271121219079107 0.12691050501123932 0.6528354068003598 0.46512553144782465 -0.3397027192537503 0.02190113440751991 0.18060664546965746 0.11903301330023563 -0.8549574446579099 0.1571688731946407 0.045417509962237014 0.32538374840656104 -0.012695016483219723 -0.46304823670874007 -0.1925310075984195 -0.3932058958788851 0.3916535096247348 0.022292836624769295 -0.5344627800402727 0.13828033572084086
5 3 -0.05062500152785109 0.07417189244945419 -0.3812258435633011 -2.596056223589771e-39 -0.33965896038880034 -0.0027509462655268073 -0.07022446944490214 0.3111309532185068 0.35855168473841714 -0.15550072133897788 -0.1430771159385856 -0.26548194232707306 -3.382438064643053e-12 -0.19294810219326536 -0.34394753419075264 -0.24144983193760985 0.3318177194147946 0.04440717526581111 -0.03267812644268701 -0.1655990678022013 -0.10962617588778421
5 3 -7.546188801789193e-48 -0.38696704653911335 -0.17645833843559097 -0.6008929115333148 0.3458142442237377 -0.11641179146534718 -0.842277776631196 0.04880608965473535 -0.8960988619209285 -0.6098477965416962 0.29135602839004526 0.24021372997727528 -1.189775186590026e-42 -0.35425600641087035 0.031241466735515352 0.3753881029711097 0.2715216697631799 -0.22206831363649296 -0.10927827877828479 0.003568324915850851 0.06495076047298039
5 3 0.0799383882396891 0.1334297741412591 0.2034265810199838 -0.18310950730914957 -0.6961309256585598 -0.16785030831528344 0.7569425057973358 -0.14077981909315523 0.2569563057139378 1.0936677254642744 -0.2376877351456677 -0.009723195350167997 0.18287455937306266 -0.05897358002461607 -0.041625693914362466 -0.09430654975396409 -0.3286817754468219 0.24309536169712628 0.14406505631650257 0.4655940415862187 -0.3585821258784985
5 3 0.1496955772626709 -0.28999898398038276 0.49524190880741603 -0.14635885766409024 -0.49969605102464854 0.4357970629263054 -0.07510048867920212 -0.44883233820247237 -0.38146233581260885 -0.046937116488929675 0.4093153277297709 0.46719690518282125 -0.29226776723197606 0.04732966920750404 -0.4570952306099155 -0.06245757092253058 0.24634381170763978 0.004970186692098991 -0.2587110294073794 0.4468302991007494 0.3174909062007901
5 3 -0.21045877790930034 -0.507246814172868 -0.13654628492000706 -0.250211055313466 -0.638336057625912 0.41699674894762573 0.06382938780055757 -0.9184778186523888 0.023758720721076942 0.06714686651153627 0.502942818235856 0.5467054051996599 0.03238376759393883 -0.648958644008332 -0.3797876234732247 0.18213190737312032 -0.10965766168493966 0.2345316649213673 0.5237551514239975 0.1270938625090236 0.08052730142396328
5 3 0.09482391321371059 -0.3738981409935122 0.2937464061723666 -0.16211199757873207 -0.16864805881074435 0.027860523370041006 0.23953233401344706 0.015680997205334946 -0.2328716327977282 0.325697702396243 -0.3661408242134022 -0.27269826938029995 0.12255680330017692 -0.35952961211016177 -0.3306042478802498 -0.36938390955945943 0.23476126080549525 -0.05483725367123317 0.36095200886857776 0.09582519105277174 -0.27825665728547805
5 3 -0.31595507473078926 0.05080684218487735 -0.05719835384093873 0.5698309279239286 0.19778591099140097 0.20987621156629746 0.32539734468195897 -0.0608599082562044 0.4278922472001849 0.06318228773070887 -0.3674556479473141 -0.4544240185895142 0.4023495750254654 0.08371254124673849 -0.04650882476348797 0.19712641154287178 0.08055252302092267 -0.012223682976377466 0.0843662502489111 -0.17868149880042772 0.19970686144032224
5 3 -0.015030334553879495 -0.13712242211565615 -0.9551823099422926 -0.03204526642213058 0.3333045011773223 -0.15505844632633742 0.7570638709264292 0.2791271418099502 0.4437544702158435 -0.7359293508574644 0.24741851712446586 -0.06648117878038308 7.021628309233066e-23 -1.2104174131165024 -0.014212218872103343 -0.2396135775316929 -0.24453771044062023 0.32264516112586483 0.0921835246911623 0.7930777067846738 -0.03816304015388277
5 3 0.1834866962931253 -0.3444768286980033 0.37630869950511964 -0.184171842055552 -0.4975600003323327 0.17938348867533233 0.20637860937935776 -0.3499869711840351 -0.1734181490797267 0.6122057280333916 0.3675970732499623 0.4363984595211697 -0.18690604625326615 0.0969645985535939 -0.27899939223295445 0.3390702465767972 0.2947701852778064 0.3798799721567227 0.0977046595642485 0.4496715712875849 -0.19886043721879873
5 3 -2.653589968905605e-06 -0.20481632639616518 0.33162621738682735 -0.8284265230947495 0.048656977218552167 -0.11391276524614682 0.3421504819474152 -0.7425512523395338 -0.46313862977072157 0.48277276141231623 0.1105010758530296 0.4912534575327226 -0.781516539275689 -0.07741566412836279 -0.30373164121867136 0.07542765633035509 0.14353218591550324 -0.008286078620066995 0.12629364906812163 0.050408232793457027 0.08651238027557569
5 3 0.32756145948719423 -0.04358586688322151 0.11694888804097303 -0.06956013619377044 0.7029750203825068 0.07960013096691351 0.5800152803306118 -0.3152730460443507 0.13845454436568527 0.19121702881953256 0.037002946628669466 -1.1955837137872338 0.5045496925548123 -0.256833253945828 0.39197876852465563 -0.1783881378001374 -0.2721238109004202 -0.49698171165042493 -0.06763386499971855 0.38531537396021825 0.29488408198120764
5 3 -0.0121668436837846 -0.24343607335139136 -0.2882462851771239 -0.8682369164208366 -0.5279378491361907 -0.035400840254038626 0.22802363119288913 0.4404479469536577 0.23992047598636534 0.0737578420878055 0.016957056568251607 0.09573837573888573 0.0011644093448867532 -0.004268920615947848 0.027503913528321954 0.39888879421316137 -0.14226858565305403 0.14109795700024566 -0.3573765494411414 -0.2985020863152506 0.227041949724646
5 3 -5.375713252105358e-09 4.2138292865776015e-38 2.226964846264079e-10 -8.105332452516172e-19 5.93384369756999e-11 -1.6821710594351917e-13 -3.815101007354128e-09 6.167477279895787e-16 -4.545313630269637e-37 5.206835551260321e-36 -4.109471177075903e-15 3.7602833682279614e-39 -1.7154103243264503e-09 -8.149081044822019e-12 -8.835023677671634e-40 9.465262467832933e-20 3.1026253343999855e-36 -3.042029319829508e-13 2.640329369189724e-10 -8.253321483176378e-12 -0.3162707886280498
5 3 -0.2005945187827321 -0.13012709071250209 0.19373295213696112 0.20780086610273069 0.21428260348899705 -0.4085067943442006 -0.05818153287111955 -0.4111904127781244 0.12182524714103446 0.7206019831054623 -0.4481004251448888 0.4721415366996421 0.26154248006884956 -0.041880666778320995 -0.2819038427331902 -0.23899210801893161 0.05097428124429258 -0.36417498664589454 -0.2021638950624412 0.25730452840663187 0.13574876098214125
5 3 -4.553904580179698e-22 0.0009343735578599613 0.03275644867853123 0.42899764687420877 0.536294907269912 0.1340378823504908 0.28696511648657286 0.42380964355269163 0.5230737243698396 0.11012181937812725 -0.11082447787373458 -0.06206161224088711 0.042108434188962346 -0.02612716746069137 -0.5230069389072288 -0.21116969922091683 0.164076981229696 0.031799228059850776 0.08221826900086258 -0.08516864647812909 -0.3700631813921906
5 3 -1.0352995380951685e-10 1.565381822489303e-14 -2.9122836413544155e-09 1.3492837979817802e-07 -5.947961613600425e-12 1.0357409511637876e-13 -5.250241557832659e-38 5.1375962002703313e-11 1.2635306886238857e-10 2.4072824600070274e-26 6.721484033141565e-11 1.0055428076760832e-13 -1.4850902095243796e-28 -8.156258817876203e-29 3.01841442394309e-42 5.3337061530942636e-11 -1.3206540699634089e-12 -4.803138240670128e-08 -6.363086454910582e-39 -2.7179108839879413e-36 -0.2788816843564641
5 3 0.18813370559828158 0.3160558923483162 0.1977273293598431 0.1948238067636411 -0.4000056531996019 0.20992223555674222 0.06743344841521716 0.4729942482205966 -0.13707452789944607 -0.22116542384445567 0.21223773716966676 0.5817902271473004 0.5072190310228558 -0.22150908792164917 -0.11811107332751075 -0.3292547805725012 0.07032781676039722 0.07317520317022645 0.5041297485168706 0.46448154997567925 -0.4330594590802176
5 3 5.724255646880676e-26 0.004283867944028889 0.0041412831279174275 -5.6945156083162715e-08 -9.763028063677582e-20 -1.9898998817261134e-19 0.05293440214586122 -4.411386566151645e-08 -1.772381727904834e-14 0.00013913028009699386 -1.6109761013090637e-28 -1.868472344265259e-09 -1.9954293780064863e-08 -2.920655439933027e-31 -0.0032191566796167534 -0.03609163902440327 0.004541343583563277 -0.0341950148275123 0.09505457750364298 -7.874755531294346e-12 -0.231789136149415
5 3 -0.0020128990107689763 -0.42863879812541367 -0.026537203183214748 -0.1154596264567748 0.3193114081622631 0.17893539957508214 -0.7376250978862348 0.24873162201993526 -0.5394391143233321 -0.4195457230157778 0.21195697915133702 0.37846233436561927 -0.5637825715251099 -0.2652153350664432 0.05147246499991905 0.16777434868541546 -0.3135086336469348 0.13134336908547048 -0.13356115376398814 -0.04368550952228199 0.2077766528856286
5 4 -0.4840367983436451 -0.49689351894704525 0.6277582436652234 0.5414547009064103 0.6741864120050308 0.7985320267552337 -0.4425830190592736 -0.38747987008240475 -1.120324199829003 0.468449442655803 0.15741875233182231 -0.42643585750831203 0.021184006437127156 -2.712188273034849e-26 -0.8192070267229147 0.712279759282714 -1.0932419720413872e-12 -0.4440861608084622 -0.001581708665582364 0.305029292424564 -0.311615816632117
