Number of NNs: 1
NN configuration 1: 11 50 50 1
NN Layer Weights Bias
1 2 -0.03904249123579007 -0.1800538233069443 -0.2801106551713848 0.25649041132595013 -0.32991575063985923 0.15340852678626699 -0.13057949879363864 0.2918865011896613 -0.025258540425555795 -0.17230485112364852 -0.22988273297700929 -0.10779151536564915
1 2 0.19753808701462394 0.08329403409150514 -0.31734631383779577 -0.33207518911582107 0.09793175257282719 -0.08249242203955004 -0.05086413616612158 0.14753863789567134 0.2172301861274982 0.31362832926632167 0.3417962213234257 -0.1817473196873781
1 2 -0.013060873055989198 0.03663532118702606 0.21766901884556714 -0.1327885254012095 0.156091984526918 -0.031312735347791776 -0.19467995849652361 -0.30919592635583865 0.26663012969114525 -0.2918083548807659 -0.14712493693781495 -0.2284850944218716
1 2 0.1732207009487272 -0.10358466661190802 -0.2394747553116307 -0.20780222854640085 -0.001457359905541416 -0.22304478672149072 -0.16171573031151193 0.02704456316791535 0.1178399385761998 0.24083297247726446 0.06099928907102003 -0.20778595236882622
1 2 0.09642475053763844 -0.22448559218042913 -0.029283515639723836 0.047025728656872955 0.02595118389585711 0.002910154693359119 -0.11503811034850076 0.17095863340920764 0.16669336435691864 -0.3695013185840327 0.047615744443705074 0.2475896932040163
1 2 0.21008427031062116 -0.0917371861404501 0.09189911488324959 -0.19708453073116372 -0.03866263969360835 -0.30582894787227466 -0.04574884237611976 -0.09849960735589433 0.18033108578763063 -0.22275215873867726 -0.12129302077843668 0.13754714475524524
1 2 0.015930762438055385 -0.30936418832794876 0.09781676330177362 -0.15566892128215326 -0.2591813797316844 0.2532158246777598 -0.24188961810075194 -0.06324401192770887 -0.06286949659799979 0.09856089223053108 -0.11443230917176504 -0.08334734075273553
1 2 0.10744320278386982 -0.05081707513349016 -0.18098741758023726 -0.08907602535765848 -0.29603268247381476 0.1657283760508895 -0.10676479640961727 -0.03910793972600616 0.17797758359141153 0.14184262987657845 -0.3152206310743034 -0.19344933352998575
1 2 -0.12752370454064263 0.3553464041265908 -0.2928746711692882 0.19402409488077385 0.2771746238630049 0.16019175767996013 -0.11891438993176358 -0.1741148053362151 -0.14522594646382544 -0.08752427689985971 0.01927085568668103 0.008730485214048152
1 2 -0.2541704087880008 -0.09762562289046811 0.1554179556130342 -0.12080704481330785 0.11403760905483465 -0.150046645081372 0.3564252930194011 0.34544533941532884 -0.005988208773263511 0.10380878667282548 0.12114320388080209 0.14129921398075623
1 2 0.28209685165235765 0.27686765190192253 0.2821752772654008 0.05809447248792484 -0.04203080262562208 0.05303318309739976 -0.2885694252575951 0.23841261251742246 0.24401407693884122 -0.24862059636716377 0.21372409058045097 0.09165228170395133
1 2 0.2807248454135015 0.2930054434055234 0.3458747861175372 -0.17675394458228014 0.07946087803877859 0.26415931700961004 -0.024045599674103003 -0.1403926440868941 0.14333359091815023 -0.30741800968828437 0.134726806864202 -0.10506282747152601
1 2 -0.17287369197561628 -0.2294165048136681 0.26355167438512594 -0.08255060552964395 0.030563937133689253 0.007813661104252861 0.022066171326851118 -0.08653856550079247 0.24365983816070652 -0.14116840621511845 -0.18541139041416393 0.09771253789476167
1 2 -0.23683661038261491 -0.20092668766031338 -0.2567636216636019 0.30798271249948866 0.1285721120594542 -0.12152146830596817 0.16841761179092293 0.24481580983631201 -0.254741779967183 -0.12400468041459367 -0.26076281943767016 -0.27403020155767394
1 2 -0.1170164046146344 0.19393190001730737 0.31798447711302186 0.1276157166085118 -0.23874390509506407 -0.29782887147646186 -0.233807832708309 0.08053978388930867 0.1486700900414431 0.27200807467597443 0.30010790293855044 -0.14467390105982508
1 2 0.27365683358793486 -0.270198739278639 -0.30006716770723385 0.05552251290287916 -0.2046408366183651 0.03286106682975559 -0.18368279317720512 -0.22894456114836173 0.034814837917886754 0.17743621129646958 0.17015531487900679 -0.02915054162530052
1 2 0.24326788991383183 -0.09430942924630697 0.1974407839847244 0.1949062142384142 -0.2906699354980622 -0.039824223796242 0.004175096786753582 0.08216021014882689 -0.23927001315398658 -0.23603061034886177 0.0496105474224432 0.16307433961297066
1 2 0.24010443255231295 -0.09833925303293448 0.337004659660108 0.04495266488968385 0.1326006503858236 -0.04918937344296167 -0.2975817719955256 0.06652496499878488 -0.26514706959342016 -0.07749428764849571 0.11708777774591406 -0.023115139646548283
1 2 -0.24952940317049857 0.16414759647648933 -0.17590001157856566 0.22090553757981568 0.06447635029718712 -0.2563437060180041 -0.004895752485962137 -0.1819161733210968 0.2649269191076608 -0.020326883407156757 -0.09148388391285402 0.1329540375644805
1 2 0.013389287872958311 0.2018213388872054 0.06613828633601095 -0.14898732837602263 0.06777074785538185 -0.3108066718684513 -0.201699405168498 -0.2959418922208867 -0.1252467009793828 0.044818639970313 0.061708506740481804 0.09736026212489726
1 2 -0.055746950568408844 -0.0661644846782451 -0.17362363592280766 -0.028578955761286787 -0.171511849609117 0.1712372178825394 -0.31526143929603617 0.13545490318938677 -0.15898224457435578 0.25352056887314856 0.2878478937863233 0.11879437519177574
1 2 0.17941544286993313 0.023335080797301757 -0.022750266137620604 0.28980067725774417 -0.20597839943506224 0.38571681512920786 -0.29027587136054483 0.20041700077520305 0.047587433232680325 -0.1633105264522819 0.2367249555759628 -0.05068254485186351
1 2 -0.036542949820850885 0.015389821850706194 -0.23673721069226125 -0.14126208402838694 0.06328156646718841 0.24359399589606553 0.18623644321669686 -0.13542948505517757 -0.18699678954314897 0.03489713361348081 -0.21965130249255715 -0.07303650571834351
1 2 0.1730609329997219 0.15172136200384156 0.029798627162058874 -0.09174655881744352 -0.06740420336094906 0.30647332516719655 -0.2096928223551525 0.020419382093574093 -0.30110642783433833 0.11452350633159147 -0.11926081240510122 0.05750821928226647
1 2 0.09079415784875972 0.24211459733479312 -0.09780009080804926 -0.2314957983471951 0.2761256052728301 -0.3166666602233731 0.2639610628991671 -0.19485804216883798 0.28055256468355644 0.13521147357092284 -0.11086030266241463 -0.0451559004366986
1 2 -0.08956470673235505 -0.1644901284370738 -0.0734560405162373 -0.24427921962419027 0.24535306630473125 0.009218500237055331 -0.01233254675798609 0.1760950606247092 0.23009801705643282 -0.04759568475920376 -0.06278571010752362 -0.12264364165156418
1 2 0.13958841371966157 0.21693783350262666 -0.0017803460732531496 -0.2718673917495763 0.011148956857842562 -0.16881344439825466 -0.25026237936663615 -0.15446134064108666 0.04734963793111804 0.23151715513314272 -0.201338938429391 -0.1107894931907543
1 2 0.15562905825251758 0.2603474893174599 -0.033561706187900754 0.2792554265021372 -0.1953354669899097 0.1643809121243459 0.15713384018226478 0.2167899345326485 0.06703370587485206 -0.23460220189722192 -0.24097575444281677 -0.18159502168220423
1 2 0.08965366195651293 0.03298452495088954 0.24052884999081645 -0.08669606491522772 0.04103232375249887 0.16823511444814132 -0.06400402775612099 -0.0026474069755216554 -0.2733465063945828 0.23674764274464977 -0.3099595143801937 0.18668722604579166
1 2 0.2065528391475641 -0.2119273241225677 -0.030449084441089135 0.24330607791406503 -0.27574235646059647 0.0771335171428415 -0.1532755983986254 -0.1648861904596944 -0.16734264894010173 0.07972347634668984 0.14700594154007599 0.26364155065444433
1 2 0.20971627950554755 0.1698362751441774 0.07577680945536112 -0.27877754911285624 -0.1156462617368186 0.024060093054408614 -0.04461356925867871 -0.1219042650397301 0.29660261212639893 0.18901916443121916 -0.14448277414765126 0.08273403211811661
1 2 0.20728821725600138 -0.06992123910247147 0.09159484013866735 -0.1193847786809471 0.162526173664892 -0.17550413169658435 -0.04271494121650479 -0.2123937882537986 0.03586058614164595 -0.185110584912538 -0.07595673798117954 0.15691992284127337
1 2 -0.03647242379357538 0.12014402253541256 0.007970275517144186 0.06773712631095513 0.05840140999913468 -0.00028531153007140155 0.0023354218059062383 -0.0022070738973739607 0.03294133740173228 -0.008800540377331792 0.019244178441724723 -0.2878592820155244
1 2 0.2417815832450625 -0.2872743512832867 0.3454156884106772 0.05758176199477355 0.03324967475529327 0.28444953114463756 -0.01696485262299293 0.18119950033230314 -0.2722956925787781 -0.0517984262164181 -0.1013917578405659 -0.18336553444053644
1 2 -0.1080601918839745 0.031007577365838354 0.0813512277144948 -0.3393303965857062 -0.1087529005896413 -0.16014803857793608 0.22359351226028928 -0.19724013083352715 -0.26878267347597806 0.2849930717574579 -0.05534787468936663 0.21208577858897246
1 2 0.002120827729065132 -0.27314347504156017 -0.2176294907343254 0.255595463378985 -0.20652867515568207 0.009816382473608744 -0.16033996891603355 -0.09220099259957423 -0.026710894783577206 0.11293639360334894 0.25874336868385994 0.305146706671683
1 2 -0.1435537902571522 0.2805682978142161 -0.07320813834151887 0.24812486009961274 -0.075670382519602 -0.16523790234265456 -0.16441872007457545 0.007055568860394875 0.18514764417372248 -0.06531084570151365 -0.13303996849061847 -0.03153477243581358
1 2 0.24449136123808526 -0.23311781003116014 -0.2957034893205869 0.03713528783997857 0.26656994737894296 -0.17282063057532526 0.04152286782855797 0.16858038350779792 -0.31933810748380775 0.1276181502115422 -0.2738627896391313 -0.24486264421592144
1 2 0.20614195174876654 0.07774234308095151 0.3097017050473406 -0.16552908089497056 -0.10971644657527156 0.20316254059118755 0.23018000527880317 0.051498655320514466 0.16677576299298638 -0.23405871144343854 -0.14050138951456057 0.026962185565137388
1 2 -0.21103533912776512 -0.15117309356305936 -0.06540196242847415 0.2005181753388533 0.18205918605891383 -0.021482299417991697 0.052637523619066255 0.2064226636735807 0.213621665590952 0.1814850889614651 -0.2519107890680921 -0.3185945395439882
1 2 0.28876587653976343 0.09830104218588193 -0.00307764578256118 0.01167246199495911 0.2503083860875797 0.2945322558584441 0.05736300198499711 0.012264181432113217 0.17789919749784888 0.00794543527105983 0.07306580961120059 0.2073344474311959
1 2 0.2291716914890178 0.026818854246577387 -0.22811871881834356 -0.23798661526832865 -0.1325926252756703 0.019800025047230572 -0.02802653835759048 -0.07171507961476506 -0.03982192824822545 0.20344677754963028 0.04703892485070197 0.161411018497473
1 2 -0.04076278204409135 0.12507833182936495 -0.2803639400701631 -0.2710111812636113 0.04902818640379498 -0.09700779544135926 0.13268344740071714 0.030949604438582776 0.09715588555124188 -0.216049324024693 0.02324739249925332 0.08846446498484561
1 2 0.1395071029530061 0.2725671229557061 -0.05066424744220285 -0.0551557815839111 0.19569601914669862 -0.14985147392398684 0.3088993106975563 -0.02296800977442299 -0.20446047819925575 0.03454857692802004 -0.28364249917969214 0.1984440409201347
1 2 0.2514153441944907 0.1056790823131823 -0.10611913258767035 0.30132930169998384 0.07599760746706201 -0.2645136568600486 0.2710440127705666 0.0812140548165292 -0.0653489348723848 -0.0684911811875403 -0.12174678158212172 -0.26106257586575304
1 2 -0.06689186564299818 0.12224974145918968 -0.22188564583807235 0.10371270581146827 0.10663901197916277 0.306233188369062 0.0038872841828321847 -0.2237038294395342 0.2687610224638369 0.23387321945695974 -0.08524835868101134 0.07891009583179136
1 2 0.13630389079783298 0.26147996276220387 0.17119834922625513 -0.21475416678471904 0.05933936617175672 -0.187381794534743 0.22072578420553668 0.22210302343335483 0.0407485506399613 0.22220975816776437 0.1368653553616465 -0.18538737309785366
1 2 0.06377091366050866 0.01037788270743766 0.14696234063970925 0.2097014044163616 0.2999501964356792 -0.1286062642516385 0.2864590632964874 0.18361334497822474 0.17200485517603856 -0.005886960177169597 -0.3017750208222361 0.08996938848957749
1 2 0.115054812584311 -0.03635088025520208 0.2577828822911904 -0.221379378206846 -0.13163847991568084 -0.10445664705556672 0.029826849568977205 0.1645052684712494 -0.1251898962047965 -0.0967143000371728 -0.33153340259415376 0.3073770444358387
1 2 0.21588503697588068 -0.062180862113220506 -0.09242194858999167 0.06490224326331114 -0.23622777029722616 0.22271247485540094 -0.3077938963953687 -0.28565647889000795 -0.08695623115508526 0.22477722448380213 -0.16718863620308755 0.18108212491696724
1 3 0.09401298211925485 0.004621948670909419 -0.03531235415096208 0.11581995490163832 0.21128605472764436 0.1033260734693402 -0.2369996111400638 0.04216145200298485 0.06120682290443909 -0.14575378543938003 0.1610875062297798 -0.10832094140437816 -0.13757810516065988 0.05818701131280316 -0.17905694422980123 0.0013698784702421065 0.1486338235088914 0.10879303017016131 0.024302101221260707 -0.07429407166542118 0.10934188566922726 -0.21070257025298292 0.15182458474409674 -0.1959698977609013 0.2513677140615635 -0.00330955608597214 -0.11462654638094387 -0.12806539842425194 -0.05879459709042036 0.03825242652950507 -0.1600386053070238 0.08978202199860677 0.03942210922852209 -0.12130320225892978 -0.11762733212100537 0.10889799780869562 0.10551748987854685 0.10152336942735805 -0.05015334870012822 -0.25377812528178556 -0.16384753281273645 0.20318979208407106 -0.19621490795147745 -0.02170346438189172 -0.1274144243138614 -0.13430538140421994 -0.014408237406485537 0.010965749477985787 -0.1930569340277669 0.0562241928533739 0.11684367924355385
1 3 0.03275374359231437 -0.0038599915451478636 -0.005330511560970492 0.0048300035767199516 0.03664949430446138 -0.0004695630104448318 -0.06995842489710355 0.0037078671573791207 0.003772367242128106 0.07166220731325454 -0.025415300249980125 -1.7034027377822092e-05 -0.0037453096230476504 -0.030814810899804073 0.00785825023241523 -0.0061923903570185665 -0.00022306087726409036 0.03212312014556468 0.03930582301109579 0.002882634538933161 -0.05117586408857138 0.028402335076637256 0.026029134050304697 0.010986261805933586 0.015685894515942583 -0.015259386728128621 -0.03642033030756279 -0.04479782660848139 -0.059889788593536525 0.006965994819882127 -0.08264840478128711 -0.005239959250757931 0.062388565433555865 -0.014934361129025936 -0.0707951734315011 -0.032702604304270314 0.008468593392468641 0.08076234086104968 0.0007007837971608533 -0.0002789126954577229 -0.037165295915486445 -0.014905033626759465 0.008958879471100082 -0.01426826225551263 0.003539054890838017 -0.04614651883367523 0.006516235814198434 0.026905445201783264 -0.016032446087256624 0.014297757484834661 -0.12591445847330593
1 3 0.1884977015986246 0.007612602031466342 0.22773860006687058 -0.12946385558261234 -0.1335223182922679 -0.2180326317592897 -0.19166359908575098 -0.10817379959154026 -0.13136842954005692 -0.03744137340496687 -0.15814428949684534 0.08211333866788521 0.13765282559967715 0.21324096125357508 0.03232168946536087 0.1457585544718304 0.04105159758063917 0.20660315329006626 -0.12972102755286666 0.052966276308215154 -0.1846256229539673 -0.03746411003922223 0.031891216817411625 0.23343377003838933 0.2583059268156149 -0.15602510350020063 0.24330397532095263 0.004405779002971564 0.18222105634778007 0.22446764495533947 0.09859061415423302 0.1502997410899774 0.04639070113738662 0.03115976971040121 0.08161223528600915 -0.21769057054426172 -0.1792185106716754 0.16265545708014864 0.07215338651632507 -0.184049399809663 -0.11775399762146185 0.2111604127067415 0.1534067510861931 0.15813593228306466 0.05971853949056832 -0.01005672436355293 0.051642941975681825 -0.14928029876820878 0.18396807590224734 -0.20220376524196346 -0.04535018877386775
1 3 0.07956160795848762 0.01585823622823914 0.04342762686075657 -0.024345252938689912 -0.035531005448788046 -0.005582678238844244 -0.01039056186980546 -0.03866406586200124 -0.03974918080851826 -0.035274596173923915 0.032747659458897974 0.02623372354428116 -0.07405432587405608 -0.07511380070836356 0.026001321421811295 0.00010797261868965885 0.000496020899450734 -0.044377591354270024 0.005437834648328538 -0.03946024833505988 -0.0052759835315041165 0.026454347424762735 1.2161422063471195e-05 -0.022007484953756793 -0.00016527998288489316 -0.0024611333441895604 0.010385652075428459 0.040265574411785604 9.36476551276216e-05 -0.0004370597981364116 0.005099780128743798 -0.032488215821244046 -0.00037138592724649493 -0.001020591486101337 0.07004925310437753 -0.03340760163482182 0.026568249111036918 0.013402012610409167 0.014909155583248146 -0.005651206798430033 0.024343865444090295 -0.0001576079299594422 -0.02606579956660836 0.025893408941692595 -0.06905251061287368 0.03273683971636644 -0.02110440664132211 -0.010393236041267274 -0.07675394212145478 -0.0010240015118715296 -0.060176380696400855
1 3 0.10815166409534534 0.017268410238160108 0.10727776856134308 0.0013347392930928195 -0.12742700003975502 0.006175197809188214 -0.10041043677855223 -0.1856354660988794 0.3020298827859748 -0.07730663379093465 0.1960774760281599 0.04144606260616859 -0.03594033845160521 0.13214745050004192 0.2732891414842629 -0.20521201808850295 -0.12617176877352249 0.17716148880537777 -0.02485171258399054 -0.032212752152512604 0.1792351345502307 0.016379240924646515 0.17692689585223514 0.06852903017952218 0.2720826120890649 0.11532809342656321 0.09267390236893949 -0.17333915225210106 0.0949192273460294 -0.18006430579385824 -0.17938646589732032 0.19029894941056957 -0.01880140387594794 -0.17776318972442406 0.09198743407933077 0.043138694138323025 0.3067085694533155 0.1429040034723291 -0.21180074282179215 -0.016803800131018815 0.08093716882084276 0.2018041797322955 0.08851394339152294 0.13474122157842733 -0.0057249608808809934 -0.040262334622954504 -0.03403042396578617 0.1486607481913293 -0.03625918803716413 0.043685461932942836 -0.1034699608618612
1 3 0.0504134335697107 0.04322979279076667 -0.12244714702626969 -0.07686632874957616 0.14017461239775414 -0.2095227654316861 -0.20294428213593177 0.17853425512471477 0.1377081719447872 0.22010952548041995 -0.16481044666026154 0.329237123029946 0.20303685690202947 0.1950708133354251 0.11932288072183127 -0.047444905687944135 0.034778996528244004 0.2611230324758009 0.20832885739817184 0.03933595089638923 -0.14179141549000793 0.08448648968400131 -0.28692501116788205 -0.18113294334112476 -0.040831703820156495 0.11255547113475357 -0.012137592192933788 0.083280452560939 -0.11299009490293245 0.1700364318545388 -0.10230415091757959 0.1473610739579944 -0.017373062413373115 -0.2007720622350026 0.11958621303019346 -0.044915472705546716 -0.14475898352663252 0.15979242265039945 -0.041032632207682225 0.08587779666025169 -0.0572023465029707 0.15642616330382023 0.16287682094068387 0.15955198028516152 -0.11542952720112346 -0.24226743146577864 -0.12088896853855569 -0.07168546918289598 0.02853417693938417 -0.08304088883667328 -0.003227993962003808
1 3 -0.14887458742161527 -0.2145628765740632 -0.011420046104405177 0.05848942562634092 0.2436907643739116 0.23619392094523572 0.041770761653340906 -0.18822496701853758 -0.12476469268015945 -0.04607555773036019 0.1333681703353264 -0.26492398053174615 0.12215285189541734 -0.054558715000232454 -0.25254039651746035 0.14194415962675475 -0.1503463591234447 -0.14642572026575112 -0.1874732713242345 0.024200010775225975 0.002857851577759175 -0.09840807807081145 0.1638359572561595 0.15790400019279194 -0.05493448695155307 0.1997465243390189 0.19040050043673912 0.1467848004419317 -0.09759787889491126 0.17697929611498772 0.168457353790182 -0.18891399894300345 -0.018242446904051843 -0.03847270440228029 0.03428093535471455 0.04592033658485217 0.001579426948265167 0.16452211092424368 -0.19222177369579785 -0.16805309688452913 -0.2829713546019887 -0.13890604495527378 0.13692931638640807 0.2016642756566409 -0.15233615959271257 0.26885021823940564 -0.21240317768153233 0.23246666022673046 0.12383930801144268 0.1461437365929601 -0.006606253920815942
1 3 0.04166215874701251 -0.13194141667435966 -0.01477626853677394 0.06041795604851114 -0.14998559249542498 0.10980965110434247 -0.12210400636260418 -0.03876809833307057 0.03351029324959364 -0.12057645200478667 -0.10691553313786303 -0.002564016788443248 -0.019281800506835298 -0.2196408184678518 -0.026010800719637194 -0.12383916435405044 -0.006190775469409676 0.16764596780583924 0.04507156340776272 0.1065736079561858 -0.07322980263311349 -0.09200425643508348 0.07574586061892552 -0.010837199377733352 -0.21263035315481946 -0.050362218857151926 0.16182440853819513 0.09567657644386765 -0.12035635557463904 0.21535550382220697 0.17025548215128133 -0.17225326659834594 -0.018706584273367105 0.2003726700413486 -0.1289139413028999 0.24711836091794098 -0.0665132703038225 -0.20361729417043095 0.04581575780051411 0.15038421985063494 0.310108196248413 0.18136744811148764 -0.09720084404431525 -0.15901062673711805 0.12049691324183207 -0.039402567104336546 0.21219518333106377 -0.22868134710637528 0.21451810674483685 0.03860548350603928 -0.008716237804688637
1 3 -0.10397630620693893 0.28441871411228303 -0.11895692751784838 0.24548670143586873 -0.19559048725273556 -0.05161008878033162 -0.12383235802492767 0.08530734738241848 -0.04211545535330224 -0.004138660107901728 -0.20904216551861482 0.10529005171042007 -0.018868493027652575 0.07642491707621209 0.22333596690869967 0.28728951179619383 -0.19131433157776914 0.24839729811856248 -0.1899746218155527 0.0005384345386814621 0.2550437020687694 0.20063911615515434 -0.09526789132016938 -0.1916148476041995 0.1952982281074479 0.2899337220348905 -0.009192686525175835 0.07732147444337349 0.085889387575509 0.2708533441872663 -0.09126321122749698 -0.029763305552202562 -0.02943737012212294 -0.2746884455131613 -0.17540353407391085 0.1816493327997378 -0.09632012867702774 -0.25192865708317586 -0.1385264991634764 0.07737280796129156 -0.029862234692389845 -0.054132879427987515 0.20133463763365664 -0.041633590894839444 -0.07919217298181282 0.07017933732409183 0.10873917874272222 -0.22096105034989993 0.1216275559335327 0.2562522563394258 -0.07017687676538453
1 3 -0.24304523599414082 -0.1513593884590932 0.032576603604625165 0.08092172514694058 0.11032794749086483 -0.2232332196591402 0.02733012966462338 0.13143285720200676 0.18393354662427616 -0.22651930225301364 0.05828453274630141 -0.24283166371867498 -0.23724828127249356 0.13137290489573333 0.16099844421030096 0.07626227743115 -0.030471862817275156 -0.11494439195713996 -0.24099882355710536 0.08745554915660217 0.2517891833386137 0.16473782100207404 -0.006145458295401004 0.037972821686300784 0.007006582275216508 0.11517977658735225 0.012497845673744838 0.09717006015893125 0.03673321378374225 -0.061197443495328914 0.0044875617056524 0.2042260958009758 -0.001527440313979158 -0.08673369467899057 -0.07625205236898384 -0.2181837823093361 0.10450263776815924 -0.10486102507907186 -0.13175061219833384 -0.12161623969766733 0.07394170839626855 -0.16581728365013115 -0.1169249049458309 -0.21162612181537707 -0.07056403071494545 0.14477918863780195 -0.017096254791479994 -0.11363859945847103 -0.17884280075084188 0.2604029098884883 0.10909014947837165
1 3 -0.06820704237516324 -0.11903077507175616 -0.05167483545328236 -0.1671399323365351 -0.13670968057145352 0.2088899979323971 0.13009122347287397 0.1620944039142341 0.18553222346353088 -0.08279510518514754 0.21694023839384333 -0.22947197270711606 0.22197453792401062 0.03423197961080931 0.031678110188053984 0.07446813776068717 -0.21136795880452552 0.11870302985302918 0.00040927880628543204 -0.17647007239356083 -0.22071732768838404 -0.08826916805063326 -0.00126890163573716 0.040786556116592 0.1263222945232362 0.21833739568210403 -0.03366096987347725 0.18422157063903494 -0.2680211678042315 0.22758301435745434 -0.038816651261647926 -0.09312411859396796 -0.003187709646006773 -0.0023322403294705855 -0.024010435001201987 -0.10872873259184974 -0.01469571761609536 -0.14954075949676224 -0.040172876534635325 -0.12251995375523984 0.0742999338727652 0.13121595619438634 0.11822925320763275 -0.013915968199895918 0.07975885910662839 0.06870946297082714 -0.004491353024442458 -0.17230584521193892 -0.09157008732472909 -0.1430467731129239 -0.05047895370010279
1 3 -0.09554015120504362 0.15136385730107854 -0.11349847853870958 -0.1872265377298982 0.10456892252444154 -0.20552117574029166 0.1647843888387626 0.2171496089299958 0.2757114974854054 0.2658113305934489 -0.13000773771627477 -0.06369566701174767 -0.002622553921640682 -0.03536604693892842 -0.24314583119682895 -0.012914285649004693 -0.07544631317377916 -0.2578549642587954 0.14889667656441585 0.05568645951534584 -0.0541123125912218 -0.376424006071138 0.03842714577986599 0.061435766949395836 -0.009650140396368575 -0.11063587172392457 0.033483417985101405 0.04939784963816554 0.07472898640302747 -0.11568911563571324 0.09970308931403865 -0.026271371101457528 0.05394809863248918 -0.08514043746835602 0.09006189685867942 0.1299204407987441 0.06140543803638928 -0.23980769402039448 -0.10170063908922075 -0.1184038702492523 -0.11547954767632698 0.1829850756265455 0.11356635864898208 0.02254325139309427 0.16377124890619835 0.2448652070752632 -0.033296228823907835 -0.14468396650987864 0.17814540670906753 -0.07689882765796359 0.16458886500768444
1 3 0.20691252884283684 0.04368933170754511 0.30853865759773175 -0.1895383952978612 0.08848122756504935 0.011359049132017332 -0.22841112819440412 -0.2531738444003895 0.216273539129903 -0.09781303521900953 0.04322135493461622 -0.1710588537716 -0.23996577365256463 -0.22224120032016095 -0.156047396923589 -0.07282024841246879 0.24475140859652436 0.16830031537437792 0.2251128384293373 0.27973890765044385 0.17403607711534808 -0.09250106747330177 0.048394916344211523 -0.18063702866651105 0.1959520912131506 0.19400959014439914 0.2598595901499657 0.10841691854550632 -0.04466137760716277 0.12422585892297702 -0.18968791400799012 -0.09535649268751636 0.0020394281705983243 0.11168770507000637 -0.2099276475192438 0.20861420394478705 0.09080856823752056 -0.025188135591382742 0.17797822754280437 0.18006067042268975 -0.29243971677396324 0.009067430194086661 0.12171547716101917 -0.0940686375785014 -0.0838001139238085 0.06650862780699451 -0.12620331533664864 0.12499942474952691 -0.11123630056433957 -0.08015880362415385 -0.16761901986897343
1 3 0.21452516686503348 -0.27345537045587204 0.0808975558207477 -0.25107546927589214 -0.09655646096355615 0.2029119197045814 0.243930643428474 0.009484229774805621 -0.06558583779199122 -0.069526566001334 -0.124052851893606 -0.03123074620646848 0.23136247118092532 0.013323470157762468 0.02528639126165483 -0.0793370812245055 0.16361476384602858 0.2545310554412746 0.02593212556601788 -0.00026147132804379785 -0.024484176510236284 -0.10502619687452683 -0.040004311441796586 -0.22963053561835886 -0.12905264264821995 0.23431887087105777 0.07824162767708376 0.014248642580019519 0.030208899266844193 -0.14694518304621085 -0.23328370160716455 -0.03968135768244082 -0.014666390755219113 -0.18982073471791877 -0.08623881061546954 -0.17444896050282174 -0.057188240441052814 0.04387884796605891 0.026878557360249484 -0.013933492176542463 0.14418070972441308 -0.21467609253781167 0.08799706596396141 -0.10209593082177396 0.08447310247582064 -0.2432605487417259 -0.12171869676354216 0.08771924996914758 0.19601531702118635 0.18666899445059296 0.025756039532549714
1 3 0.03704630334513731 -0.132665838866645 0.06705271752145921 0.18947369555755172 0.23951617575588088 0.11104380373861146 -0.1113453783410132 -0.10607470185569502 -0.005131783057729611 -0.17635817295837272 0.220465246854074 -0.144986606941969 0.17203189717285589 -0.31687508134122067 -0.15628739769794558 -0.2604623043197912 -0.1514101430270534 0.2203885144916568 -0.18357995988947678 0.10180290760664461 0.15602581741444232 -0.11852121263744388 -0.08042786864296783 -0.25341835287116965 0.23663392583028403 0.032611977161484146 -0.142758177165659 -0.14370303285128083 0.17884256003302226 -0.2160198711763842 -0.0902704438056612 0.10271533452424143 -0.010505712864634715 -0.271873159200712 0.010701701487151397 -0.13286133765196548 0.1532763660107667 -0.13477761621945158 0.005720524082730349 -0.06136173616002554 -0.08120159824156628 -0.17083827602425863 -0.16654947049661242 0.05564689415786509 0.02835946964781795 -0.0027530506298346366 0.12053410641142112 0.018408400325041794 0.05168402745946938 0.12348387528447492 -0.21966232169474378
1 3 -0.03357313166920001 -0.16199317672736488 -0.11998874919631228 -0.050142898848577894 0.08327880168736106 -0.1474310682883988 0.20638073873516363 0.03170113228305348 0.3029705191620298 -0.15578628601987776 0.1005209001526287 -0.10346569631963319 -0.21004879200712606 0.09922437897768593 -0.21544068709471886 -0.11871138025325632 -0.0989549615400756 0.2284869673960264 -0.10676296048857623 -0.14126867901288187 0.15448849268076462 -0.05116625074089073 0.2229607397621594 0.13648459004292104 0.1801952258699159 0.1046723490690232 -0.22812207860984515 0.12169374809721377 0.22351195078914113 -0.003667764080956437 0.15941880274889342 -0.05027642973605411 -0.07718792242861254 0.22679544893627876 -0.1544886708930167 -0.19139880706513748 -0.04143677371852915 -0.22270128884142534 -0.0984704506559627 -0.2032665375175614 -0.017604860922632273 0.1734867472445443 -0.18749078514642337 0.2351430507608466 0.17730971229518167 0.19524270951480874 -0.09251406737246787 0.1841083354242719 0.21604279612230023 0.2293461164744819 -0.12007766558165653
1 3 0.056478439994357 0.33907314644214304 0.0358124470522697 0.007872738441531251 0.21270395643469853 0.18548431382981673 -0.0796281774821648 -0.05240480766646405 -0.057770403487781244 -0.03992944268150451 -0.23928248075598302 0.1201526223180445 0.1942600780800684 -0.1860345122902635 0.23105179034708287 -0.10070768202790062 0.002982061156416622 -0.053044415481313306 -0.21860377193605096 0.22462479541188213 -0.11609124722836965 0.07290889173465405 -0.07261052263040499 0.010926306455904896 -0.12464086815397629 0.20744986866559045 0.158756118267597 -0.07919372503882575 -0.19937690770652758 0.08961772542717181 -0.024104265414489248 -0.034672654419709625 -0.03645317881053246 0.08744049209635996 0.26518622030289657 0.2627234451199502 -0.11709995106027363 -0.17774165798245245 0.19335786882056655 -0.08654999214832931 0.18013092354605142 -0.016518257805906312 -0.08305353475280153 0.08948348886021777 0.044082647559871874 -0.14849064333762177 0.26354428216325726 -0.033033341504741895 0.01413630774133492 0.2038223234390341 -0.20900480496806992
1 3 -0.004290728617429137 -0.10153687956496815 -0.1480992989090307 0.0960557396129267 0.2039127042979321 -0.14811090928555354 0.09548053483762912 -0.15299658024013302 -0.21735586292752793 -0.21722916934700315 -0.1021084201071292 0.1485375776511941 -0.007512324385920026 -0.02395500399341191 -0.0740367495152172 0.004522589201308515 -0.030972405486441073 0.19306253727443431 0.1428690880286231 0.13314202894642094 0.08592025905113733 0.10584878697375087 -0.11280026005920754 -0.2196307376415409 -0.22632054130961307 0.07565965426901046 0.0552775778830384 0.14087910813938745 -0.027715086284155543 0.08653907733682002 0.11922968317047869 -0.09815663119744977 0.00806694797396727 -0.23571492995925883 0.1747042642867347 -0.05960719053585344 0.1454314195404094 -0.24776323063406513 -0.26969548877716154 -0.09474031800427166 -0.05853636795869583 -0.14116243915120305 0.08456672272208961 0.12265006553078009 -0.2376879938840209 -0.2071307889885858 0.14311819056115366 -0.1856491088896697 0.06341006419420554 0.10715582991436719 -0.05781140651376969
1 3 -0.06736088523898957 -0.028836547456432927 -0.09881956197811043 0.23244406319297925 -0.19081834866699132 -0.1860866013256549 0.05328257799204903 -0.22029189238602195 -0.12029558345449393 -0.10452202536271477 0.20752646336139316 0.2874803287759051 -0.033270460287665025 -0.2021891019615901 -0.041397606787113746 0.027719684580656337 0.10324105181551778 -0.09564100381005311 -0.20877909788937382 -0.21617482715154118 0.18912878948825268 0.03529399104387231 -0.13822299322680903 -0.03334793801283625 -0.1035875084543491 0.20309154501678908 0.19002380260475563 0.18787274430170992 -0.2106076076212586 0.18834679192530032 0.1667253976009821 0.21004456559277884 -0.0004470967354339317 0.11915417881484616 0.1360571081342858 -0.05740202200752525 0.19747607554188149 0.23963329874948794 -0.1310132666930146 0.01475071936849997 0.025606257757893134 -0.04458007703436651 -0.0010958193971665163 0.15435361716438914 -0.27140193224403375 -0.26592404456226654 0.2613158467954848 0.12452104374661385 0.22961869871692112 0.06837560412326521 0.16111861804729113
1 3 0.10463623307067456 0.14837879075243082 0.2721018712223653 0.10028909520225265 0.17301127648483638 -0.031607994827925874 0.1955306194489928 0.06858153166761476 0.11462487482780381 -0.21181509158946202 -0.1457864403331323 -0.32689315297585086 0.0926013702057908 0.12733995303678813 -0.20366180645795637 -0.10817823348847577 0.12972690605852294 -0.21382222920936148 0.1095361883020836 0.08848921304838796 -0.13493714566539197 -0.12962253923925457 0.04205058633939556 0.15406916569740772 0.23969776914609006 -0.05538786099317887 -0.04590617456670368 0.008618793269940164 -0.0443727379987052 -0.20864864689576748 0.06197257792013912 0.1765943373537562 0.0847075333644392 0.08750944699342504 0.021658451278957533 0.07778276966303187 -0.1309470170991176 -0.1368520682308121 0.22188680481602324 -0.2030452241477387 -0.010947432346737484 -0.17847244187744385 0.15986585670323875 -0.016426921054690364 -0.03135857776461042 0.3110043729840656 -0.1904544133573523 0.17221034621792497 0.14032312078010056 0.22267121734476286 0.11439452843572909
1 3 -0.18917400953287175 -0.30818163693619444 0.1818173310577773 0.05336285409640356 0.1238257353620871 0.06451067132276574 0.19177937204744822 -0.22318448172266636 0.11123035388196285 0.04075549377014339 -0.16081967008258152 -0.05813055907660871 -0.16825365301638495 -0.08465196272884362 0.13791135780387284 -0.17847262414904372 0.007315759149617149 -0.15259854565367267 -0.012224804173094 -0.11161931622260095 0.22136356801234156 -0.2219921003237718 -0.20089952154570975 0.20402367575808494 -0.1979206336548602 0.2201631573250879 0.016904439742773326 -0.170561505107054 -0.0353759777023947 0.20069535828593288 0.19580027817523726 -0.0937924687422285 -0.058103844518969605 0.14386188657971563 0.026682664250111822 -0.08710877175569649 -0.07634908352167535 -0.09110380229107497 0.21183743684959394 0.1220429605221979 0.14341370547015714 -0.21148912450799162 -0.22161092428022872 0.21797610037007595 -0.14552940889189686 0.04433447554547465 0.2352107150088194 0.1390096880712465 0.07595380194051818 -0.15693215069282743 0.10400268922128589
1 3 -0.21875248512787848 0.19274445073681257 0.0948344359823966 -0.21652782725015407 0.07112628954257644 0.046134816426080326 0.21817764182624652 0.17509598811901322 -0.0709994584615873 -0.12524378304960743 -0.1820438810120132 0.17624507295436612 -0.16114496738897907 0.19998238088247997 -0.10611354714973757 0.0569956592373529 0.00827651212058142 0.23222137331089496 0.10624110708742986 0.022294268708718916 -0.0343559371945669 0.2591042124656907 0.03214882512810248 0.17800195030558913 0.17151827173028175 0.013703348196441605 -0.09176308422857439 0.18886069218639498 -0.12153680373087054 0.11296902239072804 -0.02081564199172215 -0.15167469821892682 0.00011099577896040504 0.22023520458637755 -0.08888827654917686 -0.037940958515690265 0.056810444032774146 0.20910706642725627 -0.1250588270371775 0.07265325611484635 0.026609337381058522 0.0633801951602331 -0.20316599121159698 0.13876222991211565 -0.17055228433696118 -0.22192791044403762 0.19060595419517018 -0.022349623662191582 -0.04727221241287089 0.01173605728770199 0.22055966607395067
1 3 0.11294000117895649 -0.2069635585497757 -0.17973460423824966 0.008716753760113041 -0.0900618952173314 0.17621867660720847 -0.18510275721829342 0.10594420613514274 0.2730309367000533 0.0176120142950739 -0.22088909286935174 -0.17148569239139966 0.09981845900396571 -0.14053504026433772 -0.07837143720940605 0.18975790631678477 0.14710970851135832 -0.08813241903867335 -0.13012842875388897 0.1845350280592722 -0.1496055294828311 -0.13537405158735907 -0.08664343303081505 -0.203530438315759 -0.08513708886182911 -0.042184238736435856 0.19723427335054944 -0.0225894063946253 -0.1038595392988851 0.1255968998034657 -0.13058728171593084 0.15734216473478968 -0.0365705146157916 -0.047131590799138166 0.19491460697103413 -0.21562312344414683 0.18331974938392795 0.15602337883584877 -0.11728609462189522 0.10730633609048161 -0.06790816379667845 0.23843418070333097 0.07613654005781037 -0.08997045997169976 -0.14190619338611252 -0.00855913539968232 -0.2048832079928883 0.16639944310721735 0.07082386939075469 -0.00313755993484986 0.14387677913410854
1 3 -0.18622734375497582 0.14379111812922532 0.17017847414041043 0.2070849307230643 0.21629203971462116 -0.17722443540752375 -0.22121983845629753 -0.018255163424580462 -0.13701504815869653 0.07400386414784262 -0.10856130147974047 0.11181089715918015 -0.10583843327636118 0.21226932110595575 -0.0432658011335392 0.09030376425655016 -0.1298257442491515 0.06193671955644076 0.12062128644812058 -0.03541262529434634 0.16307724588369166 0.2264441803386513 -0.1942199916611492 -0.19991837299033602 0.12138861414801676 0.044251710665687234 -0.21335924007245136 -0.03759232436557741 0.012267409036950309 -0.1485178512270312 0.0012600633557148268 -0.22835827364808056 -0.003983049308440621 -0.0011620395413222422 -0.12436465525601056 -0.10250837403153845 0.22377085784859355 -0.052332352398952106 -0.11368121545745727 0.0005072979416785643 0.04460418472991603 0.012052270517884569 0.22013477818136523 0.17167135702126585 1.905808989725859e-05 -0.14409522320109722 0.058376289995481744 0.0034827078087275726 -0.15813576845170457 0.12464239028761262 -0.16345374098891446
1 3 0.13961586340355694 -0.050239606359941534 -0.13786225943265454 -0.19949439348788173 -0.08967102686919703 0.19787485830860618 0.16690306180578063 -0.14541929166089942 0.010201995980668387 -0.038195052396442254 0.0796974215447934 -0.2890674464971076 -0.24021610446340358 0.03840101826769182 -0.020204961714314733 -0.013817258178606729 0.12667494717674746 -0.10269506714315327 -0.17235399148667116 -0.17472755897646475 -0.13983507768236322 -0.16709875375909608 0.30013021580874916 -0.05935476328558736 -0.12546257836986185 0.17791410845348307 0.16145531034765126 -0.02714544578676223 0.07311473785691622 -0.2259758641363315 -0.09857050210502012 0.22939761389137636 0.017284543794296878 -0.24723771914743833 0.0015723590986232944 -0.019730197684476706 0.12867628790412836 0.19415107354842237 0.19265469680069874 0.05409492072761694 -0.2311337038547757 0.24184178842235798 0.03208108800363656 0.10510257961634396 -0.14004027042671452 0.24097240647913717 -0.18064018424132328 0.2677848563062771 0.1460985441594326 -0.06412778900844465 0.16117688036497554
1 3 -0.12689615836190796 -0.018344874210393936 0.1986838621931299 -0.2121252518598386 -0.06432305127403894 0.1295997555146703 -0.18012319724766454 0.07708342125929961 -0.07802214030528447 0.03490377231725892 0.03839069636967493 0.31707681827932144 0.19893436795755806 -0.06254278977933385 -0.12723692969849418 -0.10472662152488449 -0.16034523149203755 0.01988674218316473 -0.26393670276182285 0.09265112357542211 -0.08463379123856941 0.010823967010043132 0.11630810885193753 0.013108920897247443 -0.1017027918646379 -0.30077857774909783 -0.0552935546372182 0.04606232501774542 -0.0004384198677842531 -0.20472701092605636 0.05818180780015039 -0.03859642056105813 -0.019638620935955035 0.07705450078417915 0.23606035914800078 0.025100867353105412 0.19773946445692392 0.020198738917876328 0.07351751804131813 0.03988187453740664 0.08568403718301783 0.18085005198780077 0.05340897570214256 0.1494187365381944 -0.00012627582871448353 0.10376129366382655 0.046475476096041315 -0.18912790509528446 0.04737199223024825 -0.005522931358786922 -0.21266568869375463
1 3 0.028323300821297408 -0.09457377493744566 -0.022144250592236348 0.22104071215796162 0.044703793397387254 0.017688941720608795 0.09122911095667427 -0.01870915091668521 0.09258196899392364 0.045698415843884316 0.04157601783318106 0.24824032035456425 -0.03597557178442604 0.1656239527327257 0.03516610307763925 0.046963051629917825 -0.21752926210723258 0.02158400847747641 0.16007235137288753 0.1842245046879822 0.19866678997213216 0.057764152266042576 -0.25945428317683117 -0.10606982010071006 0.011033341799561698 -0.1934491629219428 0.08199899081174958 -0.14081870519369277 0.2180620443979562 -0.043488297561380625 0.11536597587806521 0.2060705553989759 -0.07497570620995594 0.10983801575835661 0.13290374508340905 -0.1873206415583209 -0.2728711761085159 -0.21820727688765415 0.20296605639132106 -0.07674080738014816 0.22164108251728565 0.06762978879725344 -0.25343739976311946 -0.0011985893194070344 -0.13557056182434282 -0.23747561316201896 0.036405835475789454 0.17532045915797295 0.2019510782674444 -0.16114560732111244 0.08030368141153413
1 3 -0.13433398054150636 -0.021351186810242357 0.06039183172922398 0.017630435201836856 -0.06397543190180636 -0.15214093212655488 -0.09286545698828608 -0.1940428406433317 -0.04023577624752577 0.05115498336134602 0.22217824134422928 -0.25803475731170705 0.1828826928804386 0.2702354964463519 -0.23446716178223503 0.06635666229203144 0.09816978340474396 -0.07395268380741216 -0.1634648229974266 0.07006920262263543 0.19434286000061754 0.020177044595048543 0.1000285014567923 -0.03552477921368097 -0.19841288209117602 0.21456054673934477 0.04378848575950762 0.05574571704426556 -0.22599000624785917 0.05810868475699104 -0.016980231803540732 -0.23821575708140585 0.002404186005040964 0.11953398031457248 -0.09720751223954283 0.09953205961699609 0.12148094481116307 0.21243570727157524 -0.2679237444041624 0.007938553046674816 -0.05582332550389677 0.05397559336338501 0.23488035677728603 -0.029088144825221172 0.19384377014125526 -0.04817957535615614 0.003832937736854732 0.28190184241151445 0.2148557826964787 0.01215111019025529 -0.07792659584572144
1 3 0.14777845282596724 0.18184485010282073 0.24171411113693678 -0.2143732326995059 0.09732184117114494 0.09423206204652357 0.08030600013582491 -0.15602189188377286 -0.11003431133628153 -0.13761318396681402 0.08581130607989801 -0.05486676932862382 0.10324604925423327 0.1734649998880369 0.20846966401041817 0.08487748709720089 0.041505752816143895 0.19971216884984075 0.03784991652344759 0.09415606451107082 0.23646590708475568 -0.002890512702489457 0.322206170240336 0.163991522237978 0.23037223885084038 -0.03755941543626925 -0.004195539682127063 0.20963015324739928 0.12126068063780691 -0.1646104298538074 0.048469991219434086 -0.02966799588806143 -0.01302727366511136 -0.17462640856142445 0.15200953055866412 -0.12787474152866699 0.07531201864456781 0.1316428763682506 0.1322416198776826 -0.1090297230289935 -0.3212167448801536 -0.18727963941997577 -0.18726896755301248 -0.20575501251198697 0.04472092489113668 -0.11630983819882768 -0.14223179205679895 0.07619902172381898 -0.005012905971179405 -0.0858942054685068 0.1532546333300416
1 3 0.08163453472823978 0.14066246629199747 -0.10061383074398403 -0.126410676146526 0.012492601721163035 0.023452617856930758 -0.14871424137630326 -0.1180693847362507 -0.059029359564263584 -0.11377005945246328 0.2017155487528161 0.08063390369385566 -0.12684557165205668 -0.1394328022945625 0.07032004641759958 -0.1541267111406741 0.16284808806226303 0.08337754990000812 -0.005831129388097934 -0.03689464051636556 -0.17541709390971716 -0.3521101137528388 0.2190658859704029 0.2302400295588061 0.11789709866186926 -0.014228432974856854 0.14293785555500296 -0.08778128530380144 -0.0012547741989141937 -0.0597215285435211 0.1876212728779513 0.2123875525856613 -0.07668799080594103 0.2834246839036432 0.01903694589509229 -0.2551527910438172 0.05280850130231976 0.1939112225034546 0.10271667469771109 -0.16177238932216423 -0.04246197279407043 -0.24681709821838857 0.018827016104402277 0.1068336773587088 0.0021962857028577257 0.056997712960959866 0.15989374003882129 0.03370669382009558 -0.035763752941749376 0.1475508929227329 -0.1488149530244909
1 3 0.24936688319645733 -0.16079560686723984 0.21698239848371179 -0.06547050721806512 0.28311685690385163 0.056842908492866585 -0.19983092777661476 0.11898879218654282 0.09935956124288782 -0.012400417528383266 -0.13424356561393117 0.006496465533136061 -0.1433587532034523 -0.13722731962638804 0.17278714472980158 -0.11215174099405788 -0.11408154764570609 0.0946765263384095 -0.1351954018757187 -0.04400612815226647 -0.13721119327399145 0.14234558075635928 0.030925213848602844 -0.08812481676779406 0.18280440245671817 0.1280427111033779 -0.11930306165141598 -0.22588439075815014 -0.07330402497436181 -0.18860499154390994 -0.03728016935758011 -0.06720036451032436 -0.005394196387644762 0.18052470807240345 0.19178198260128268 -0.06262653462710224 0.19287944688146572 0.13128490713289448 -0.08575663204097658 -0.20437968550066166 -0.24042514090172146 -0.09269726164571254 0.18073670090355598 0.23204901390488056 0.03375638752494108 0.09764722557048863 -0.2642784154377882 0.11159516811545858 0.28126900104789376 -0.06916882801284477 0.028043582878244308
1 3 -0.03844842647853086 0.2824270962923151 -0.22450277313647207 0.19344035059446157 -0.06296459252174363 -0.09517720861844098 -0.19639960858492597 -0.17025811883839542 0.1261784548684084 -0.06935288174779469 -0.06594773800955447 0.340252207838216 0.20523554530106272 -0.05868166772039587 0.08419056374496839 0.18477811215220605 0.11207777584133188 0.2737287085061074 -0.2193391906656189 0.09820584242314062 -0.08403322811426969 -0.10600036318028956 -0.06564549928891185 -0.08451780291920151 -0.15153077418230865 0.2314138567234491 0.1927365117831584 -0.02599117432949736 -0.11522457513752704 -0.0058094010398661525 -0.22573246857547755 0.0768070832153325 -0.041686028345692946 -0.053757536537606364 0.08981720990621817 -0.14640423421869264 0.03166545005034646 -0.13282397141175578 -0.006577640644446962 -0.12588822774919317 0.04607748691428261 0.16824655477401398 -0.026424892918333012 -0.2442940199941656 0.002589176203294165 -0.1669052497302502 0.016230327192484555 0.09653993500948267 -0.05092242876950489 -0.08343842346227505 0.23511604906664307
1 3 -0.07932501647783011 0.062358280168431354 -0.0829260454680191 -0.3290192823687058 -0.08666603677311374 -0.19155034050012848 -0.01809215226909662 0.03742085042116457 0.10557871791131342 0.10859712886748286 0.002394248130754025 0.013404948892344077 -0.11674145826458654 -0.09442049663746403 -0.06027354111530586 -0.26966981722606503 0.056348268056097904 0.12705927357101443 -0.04508142763200402 0.04796415707192167 0.16412938478243524 0.0725037924548265 -0.18061395993019924 -0.10282135920125836 -0.3290260320780119 0.07586105631634774 0.16511048469462478 0.00017163230722857004 0.25115224876164566 -0.19768727779929504 0.22222054275815778 -0.05478193043303124 0.07746726255817339 0.28267970377000945 0.2168274539975631 -0.21006877042991448 0.035763099073481186 0.08848595864584095 -0.2057712151015971 0.08239680665390567 0.07915604550534412 -0.14580246997691762 -0.08318693752869202 0.16269486069909364 -0.005907543887009178 0.016567497848835173 0.06578781111783118 0.041584216203557366 -0.08031742037334853 -0.18112944999752897 -0.09188150071721776
1 3 -0.19268480421475268 0.13982359168729777 0.07499765907162459 0.03609511190229873 0.12364728928200375 -0.22047924305335517 -0.19385939918101378 0.005494337723819275 0.20729199516376665 -0.23083070573898612 0.19102817579928627 -0.08209910850029119 -0.08722229408495781 -0.01961700779729832 -0.22300170513863077 0.1398589442870005 0.03988986623101175 -0.07126556038758065 0.10650602221788118 -0.19006849703295142 -0.09642274435361518 0.01343433932273939 -0.020380319025035187 0.030116065195040523 0.03960746697283947 -0.11276333548904395 -0.21613929989497474 0.034754397671887226 0.0029141679028669492 -0.20458730281643908 0.10317061007977661 0.016049102624309263 -0.0001452895490711548 -0.006365058773175388 -0.06799632241054432 -0.08842172423077974 -0.20031838519366826 4.427630479016917e-06 0.019764386785466524 -0.05143770181734526 0.08212714602515528 -0.07925838531656448 0.014586579800898135 -0.218946286435793 0.06013724548799058 -0.16545826409176145 -0.02034640024954149 -0.06763178382915978 -0.002962236815998476 -0.2475310811767431 0.19669086159969779
1 3 -0.005267164399945866 -0.022023362298620307 0.07370610120523105 0.018229200628536075 0.02327063554484319 -0.060118624226419705 -0.06602661414523008 0.06558870651793841 -0.05600899526579785 0.0005175454300979433 -0.0713821740158983 -0.07686670816135983 -0.013651781899506782 -0.006099273070433453 0.07951785128446362 0.03325253348921995 -0.03490198675847984 0.047082306496337586 -0.06779577888041213 0.008977805973768132 0.013526978814909659 0.07020701995302248 -0.04925289741785148 0.00013121754957464286 0.01776291504149765 0.034767634050038104 -0.06753397530631446 0.0661712095597709 0.0006010462556017736 -0.015276782960690169 0.005314016115273558 -0.04003741546432497 -0.058623109674483385 0.0008120677469035898 -0.0001195457360904043 -0.0183867091733775 -0.000686854057896686 0.004596775997850892 0.0346599174598897 0.007228749356475298 7.693572264643765e-05 -0.04275948234014195 0.0008837100598983567 -0.012571595417849649 0.04146177956300686 0.00045879568272929087 -0.0071557057909234665 -0.0741845599004716 -0.0007132837598914289 -0.04778743987192012 -0.2193550453157284
1 3 -0.0003679548708597915 0.07583446995267465 0.06643736528711557 -0.0010644027605594742 -0.04698462133792 0.005911106493936869 -0.06603952980514698 -0.05632409173950944 0.0004016087201334876 0.00018349218043175076 -0.08122401365286439 -0.008109494988272773 0.05548864333711103 -0.06432529991198097 5.557536142672895e-05 0.07752317125163191 2.3370488069461794e-05 -0.041853699103208256 -0.004535315777549699 0.043468426114172495 -0.05568773320180031 -0.0011916821721729596 -0.0197657125956618 0.002149818962002991 0.000346306546113828 -0.0016992552803393576 0.08367620642567979 -0.04341078485923524 0.0011676989079272304 -0.005335215269914446 -0.054605305109040554 -0.061573461377196964 -0.0655054752765954 0.005129033740968424 -0.03625244319067086 -0.010340066209298037 0.025828359957983917 -0.02288004143745246 0.018332766609440002 0.00017259394740431347 -0.05743376744805674 -0.07479142932307493 -0.02702129090717117 0.0002823659462975319 0.02863428865349655 -0.026202599701661812 -0.0003046501077867444 -0.0001602695576129863 -0.04449786532685551 -0.01259274456142855 -0.1258173056808321
1 3 0.1553575156979693 -0.12284767354884255 0.049746079271702055 0.21365820354661952 0.11030346449868184 0.24214159485939832 -0.042982243635201894 0.18611058522297433 0.1139670284640045 -0.13743036873808803 0.10298897323525416 0.026068979299889578 0.1780444785178187 0.0821543092906753 -0.11293752976747717 -0.05803755645134551 0.22718472692062855 -0.10250304727562845 0.1798571686205012 -0.10421526790636844 -0.038133556083247026 -0.23967282136218826 0.18698193662862642 0.2594176992643878 -0.06752566401187837 0.004800257788155045 0.09032894501673952 0.07145227728948987 -0.09479526973539383 0.12467298129503536 -0.10512175420442346 0.20060782613500386 0.05646172868452624 -0.1162736166133155 -0.21761980381841 0.014447923752729745 0.24899256866946023 -0.22227524596197848 0.20492241065677635 -0.02342065071622376 -0.19933002324048438 0.19315209725041613 1.3337298681363e-05 -0.012394400520191263 0.023669090490751905 0.2824385979677245 -0.14745159064009017 -0.1049092048418848 -0.06166441207276629 0.12242840083312319 -0.014377670442478212
1 3 -0.1183153193452246 0.002329325982153685 0.1421651824366972 0.05786347905679875 -0.17937626539803403 0.29049199177995616 0.19896571071746164 0.2925353064467157 -0.06091665104497037 -0.20748811540224674 -0.21452315349889226 0.06874452917654655 0.06899909907039607 -0.17603903937369555 0.09858896272216125 0.2682097868657815 0.17674443560993433 0.2698454986420175 0.015831495195149075 0.1478645864677173 -0.04297620772131856 -0.0529709942504165 0.09821433634424273 -0.10962756198334106 0.18672535421686856 0.09108385492416632 -0.142971794539088 -0.02941977285913902 -0.17744366909776493 0.07850006506732583 0.1110933772868301 -0.04078175534409484 0.04354599320163844 0.29083856100938904 0.03526416866626697 0.0850873212057094 -0.11259024486968194 -0.10674571716271018 0.19173381948524412 0.020687157899520525 0.07349522937289833 0.23884465985341316 -0.06868443248962772 -0.23932883842583003 0.00851527491071029 0.016827729198033797 0.2943081934771029 0.10033018139945077 -0.14205505966583862 -0.054856769858349724 -0.09770097278619143
1 3 -0.008524661326536237 0.01504307688641214 0.013572321907392345 -0.00887024828811364 0.08317127165144701 0.0004527186797771282 -0.0008040994132874199 -0.004414140838220468 -0.024238482881944554 -0.007779269467913267 -0.06073081011896194 -0.031202540595774583 0.07327531304649847 0.05271717454132889 -0.019615814451055726 -0.026489114512075987 -0.05247275981905913 0.03014083333458202 -0.0036752668565614003 -0.08680868740427604 0.006179149443343318 -0.006428484085137595 9.070447121874858e-05 -0.01176389684544889 -6.45498002939913e-05 0.03539108864621836 -0.008332260850014114 0.006666500625574779 0.018791792671031888 -0.03027308967304005 -0.06264297955554864 0.04971655733387301 -0.0005051493338319036 -0.026189657822699962 -0.011796562640769594 -0.00658844797908563 -0.06465117914641767 -0.02101252835411088 -9.420560830841746e-06 -0.00046482016634995726 0.000531777530576266 0.05112898673665933 -0.059361037932055334 -0.02548097300770231 -0.007790750909682642 0.03161495107978836 0.04808554964154658 -0.043449496260515294 -0.025521116422111256 -0.01346574703274679 -0.2093444115360119
1 3 0.2149774746332454 -0.005796976518515151 0.059395315147755215 -0.08213164714222924 0.21767991383953203 0.013134389437365598 -0.05896807678693338 -0.20769389177639727 0.06551623659127685 0.005589102693678923 0.19899053914992518 -0.0727831453870491 0.19073267265965932 0.035041685421653555 0.2567714993209972 -0.1915589540883648 0.24113267353629336 -0.05699443828791562 -0.2251309994210501 -0.08755854700401602 -0.04185339415056496 -0.08534351003806194 0.14160398256216672 -0.09326622503409777 0.17003498363774203 0.18816201249665576 0.14365161891111292 -0.06664753177106204 0.08944658415729723 -0.09887996957489 -0.23063177258627818 0.2210605492257822 -0.06575030993363569 0.2531083952648641 0.1488183199559747 0.19126906743924474 0.0686694160173787 0.03593020302515615 -0.21255672871850279 0.009228005664327878 0.1750649368136406 -0.15639378937828582 -0.013295987819309824 0.20125953065902408 -0.012202963275974747 0.07754925216241285 0.05157983560750278 -0.06953597672093825 -0.22486985314797261 -0.18520284647314708 0.22773321785411454
1 3 0.08838469046612399 0.1076160443434667 -0.26580327026306155 -0.02345362387216496 -0.03569575491143247 -0.190336863426194 -0.12496172466306708 -0.1918017140160687 0.08584753622679979 -0.03916660674410935 -0.16002539706077065 0.03076855922397652 -0.08899064936809936 -0.06560802161301657 0.06906530464490393 0.21750978652325909 0.07161411078810229 -0.06031611596891737 -0.013327702902229002 0.1697571312850689 -0.01330446741790554 -0.22902202603716265 -0.033425840991340654 0.023511889055420274 0.04254718745666045 -0.021975479544611234 -0.08750494480894673 -0.09881806132621539 -0.18286675601088356 0.13572370358910357 0.2101616823149672 0.005314203567539025 0.0006984864670977843 0.08722872845329857 0.20402516706068596 0.04604751475314929 -0.11991873447078504 0.062012449107174246 -0.17906649659666823 0.2691151617535307 0.23671954330130174 0.08879771584759935 0.01974318533396841 0.1974882634739656 -0.2608609274205284 -0.0280795038969129 -0.19643224473647924 0.1217351285661709 0.16879082603238696 -0.00354094286780618 0.01368258403419504
1 3 -0.19681605395197516 0.1739099528203025 -0.0380346011711069 -0.23368993820925565 -0.2230750564320146 -0.21302838760465986 0.08044175512690917 0.1443971098686364 0.03123486106781093 0.10540302656599009 -0.02918888064557649 0.07894887261752227 -0.17697971131415274 -0.01719149252990347 0.05650031284249931 -0.23036507187887442 -0.23097316783029284 -0.24334737771587228 0.13120266557880542 -0.13183344840069647 -0.09845572922495067 -0.12314887382676304 -0.17652578691305434 -0.00015379610787528918 -0.08831283499724785 0.05155466358485496 -0.09825169629758757 0.08146190447684235 -0.22594853855028835 0.11796480458232719 -0.23456473669638214 0.14096814087172127 0.06078676473083393 -0.24225192328542744 0.1344551787299599 -0.023266320720697495 0.20008178130655824 -0.179965765493381 0.0635583684956401 -0.0015128529171167017 -0.012840388017346311 0.22429738584626557 -0.16386931782787645 0.20648071634831638 -0.0008596863625628097 -0.05105654259899984 0.18925191389127788 0.06286718930303321 -0.10587636984142679 -0.027674354846699615 0.1507323080862929
1 3 0.0008115518541356562 0.20529989619552624 0.019854278405303023 -0.06782820937051942 -0.028317921219002198 -0.17242783781397356 -0.05775652149900066 -0.10946669597700023 0.03531063850869097 0.0151975682727376 0.23101780845047604 -0.14399601944061374 -0.07041917528188622 -0.037406315177937084 -0.18016519836363754 -0.23026727815612968 0.23482453572211062 0.2181417540244004 -0.16013371922293723 0.121257005745956 -0.2452736679386773 -0.08526471791775816 -0.2596568797731853 -0.048174277020438847 -0.05587508597441504 0.005574818314495128 -0.20800149240495203 0.04547663618071409 -0.0287766505668247 0.17814459712939257 0.2230157205920789 -0.045519185394606344 -0.029904920140935022 -0.18173031162974582 0.19668152773702743 0.2340351700443705 0.03776175891043612 0.046083972333196686 -0.15050031936073446 0.09143169694680707 -0.2306558737963501 0.03353153687220722 -0.12014153596726021 -0.015203772269534281 0.06452784201371939 0.18096973490889268 -0.11873162828694671 0.24209939530152186 0.14039541166637198 -0.19313676428080975 0.03448546943201794
1 3 -0.05860186739029029 0.057355985154186356 0.013378247656838363 -0.13840695862190883 0.20560325759727718 0.13883055233129696 -0.129406743102327 -0.19506449458188296 0.038837164195196 0.19526897744241056 0.18552138832790907 0.014129275977682546 0.12991066304839813 -0.15793737286017148 -0.08165331079009336 -0.14487319178667774 -0.17344729227137468 0.11899070742953612 0.08511865602353205 0.1392634429851202 0.10495967484625007 -0.19648234215267213 0.1227803001130868 0.050152517174373676 0.06251959450727748 -0.07836574047722002 -0.07138874640162923 -0.20770938290431962 0.19692879140145644 0.21095244300450378 0.1232459155130952 -0.21204376583943976 0.014584376271227361 -0.03904760654412892 0.04737742077068598 0.1677228599217207 -0.047919709724819015 0.014880545017483987 0.15903138041195508 -0.029974028837396076 -0.09986027881336641 0.17344004029185656 0.1659089510287294 -0.009130631901320015 0.061619002858435426 0.18426998026542438 -0.0031543822449563814 -0.13001715753535897 0.22140880767450855 -0.025791464314669433 0.1985226127633605
1 3 -0.22494180327048635 0.03841283270740526 0.02480856496452284 -0.10562986559420426 0.22391007219049833 -0.08071133565097036 0.11416754110494097 -0.07892021401691471 0.003063184878099401 -0.22511609488606937 0.08535196816196389 -0.032762205547236516 -0.0019715962518449346 0.06211586813012259 -0.055257659868066585 -0.09050685814656033 -0.09695585585580724 -0.15405865454572293 0.013633879567819062 0.05651912519456802 -0.13783221778474186 -0.06742158477073625 0.21831547778814017 0.21979353934268794 0.15474412424451617 0.17861096552645994 -0.13403487293370953 0.0805492891360937 0.0051593553069830544 -0.14902374959533365 0.016806142854930577 -0.18500486911111733 -0.03061752489134688 -0.07718813609868697 -0.10878451317603165 0.039531879209931085 -0.10832284630423068 0.037865024269532685 0.007890184113576112 0.18596539310516735 -0.022889849883207143 0.1366105957440215 -0.22774585617763402 0.17617014457806443 -0.0005523369859916507 0.01429745630005334 -0.05014153190934189 -0.020504612055670238 0.18411760523231427 -0.022615253075502363 -0.07730260464277193
1 3 -0.055923932320791486 0.017957655378382596 -0.1637929397413662 -0.07180126415238114 0.0022644899185586395 -0.0892252990787058 -0.22059582955074516 0.15406892797554939 0.09472851810174024 0.15190114694537443 -0.08450599206580683 -0.29413038921468787 0.05661311162878692 -0.1592044527728067 0.18610394546187337 0.21195104561825398 0.14036929597856143 0.13031561519269663 -0.14191665416308188 0.09674888460038612 0.21222144341595195 0.0762000701499802 0.07536706267444558 -0.18011631672044312 -0.12848668828642773 0.023706549870537615 0.0018987355962796514 -0.183858669514322 -0.05791907700898213 0.14894887680864666 0.10899907058213908 -0.14022612916585517 0.03709953472511592 0.21778315715208743 0.05566168679418087 -0.20201299416379656 -0.14719772932320285 -0.0368586389322624 -0.05886343129428342 -0.21587301711789356 -0.04568355693557007 0.07628083944139646 0.2625862417038294 -0.038380398764688524 0.13102703311930058 0.2550833637303141 -0.1025455219519169 -0.07690648630516776 -0.1316646359761733 0.23334058004240377 0.20417772312748067
1 3 -0.09313673052456839 -0.19604541078557844 -0.02354439735226236 -0.09384590817803246 0.19996738644160622 0.1903330129300198 -0.09077765332952521 0.022789126278180766 0.23938718255277522 0.1625357364842224 -0.20846697245379353 -0.19159638563335185 0.1748158916727456 0.0570285078261471 -0.13669355520416968 -0.09739304136661164 0.01005764067124399 0.07467354560781181 -0.12625350639712649 0.11074945480926209 -0.1882851972639873 -0.05583471970981792 0.10298984468532031 0.0031030025064145046 0.15048382414389078 -0.0968852702776931 -0.09360238386036339 -0.18341459824725814 0.06897223260412928 0.08550707712449136 -0.04102799138197194 0.1094399160028793 0.06817496956972868 0.03032483103736932 0.07756907277942751 0.07985727550053258 -0.06604637200252528 0.1678926970795946 0.06958580440323957 0.10251177347627458 -0.043366163438669586 -0.2408715435516261 0.14533114320658125 0.16600544993539174 -0.07109695974656087 0.25272602494061336 -0.3352095527494498 0.00903465653546002 0.17308262862718837 0.18062468362483217 0.021682427378857422
1 3 0.2290202043046648 -0.1864598055550889 0.006499850002893776 0.08341387329865552 -0.030566192744225975 0.047068774841222176 -0.13085664176869843 0.09072162688105179 -0.08065274609359875 -0.07945605938813007 -0.026944476708068064 -0.1950526151708206 0.04286939242946564 -0.1600578113903588 0.18357075032594042 0.03784836407417006 0.1419501159912711 -0.2137636682881799 0.1587732375704894 0.2075313432104311 0.1182978564615409 -0.2410105315973645 -0.07459107972782657 0.06442369193038242 0.005990434198404572 0.1244062005414467 0.026731712495442993 -0.16828725654897025 -0.030690721115941434 0.22032946110605345 -0.1772415097871799 0.21302423115785263 -0.07179580178889906 -0.09539294833159148 0.12303378489727809 -0.08361225100256835 -0.1314568534223136 -0.07891679992314005 -0.13056883885143755 -0.24576969187622227 -0.19407773186548882 -0.17980828366615254 0.20124330793722822 0.1143049367372342 0.04185485729529003 0.08153935192243393 -0.23474145875596036 -0.09845518586977728 -0.06828561271383041 0.10391139952901769 0.1488335508322633
1 3 0.003970145762052676 -0.06862986228444157 -0.24424223437738493 -0.10159439140061576 0.16404025879676834 0.1256651022690366 0.24848940511089226 -0.10548181403309015 -0.06595860459058758 0.19128791036492823 -0.014025484282278839 0.14291874118827472 -0.06540684893057558 0.03887037078428622 0.16431984576184824 0.20026105933805916 0.14105349937336892 0.07199734715210644 -0.18444738636836466 0.010925244596655694 -0.024271248243706 0.08913350759699706 -0.07609399099348708 -0.19372655148928697 -0.1231808800731659 0.22328152593538084 -0.13995441472068035 -0.11138522526986566 -0.08884524970276651 -0.18805638728438034 -0.13789881364729892 -0.04094391089115219 -0.038181820324371014 0.1182048042773353 -0.11301289172368433 0.2094815452183456 0.07062154014088506 0.049929452680196926 -0.1297832045544995 0.14362144742281877 0.32563825865898177 0.09155985248763719 0.1939925015730077 0.04352975514376063 0.004778944648691107 0.07951300045657732 0.13391546173271682 -0.07683713147513734 -0.14624504670526112 0.13986938113075464 0.08527059112222053
1 3 -0.20519861117496926 -0.14489119683035454 0.2746362125558371 -0.06492439867107871 0.22359386862413996 0.08289369125174206 0.02586600236680948 -0.1445305701585403 0.09352012361733422 -0.013605158744342892 0.013739786556512193 -0.1368317862552744 -0.17334517483362044 -0.15641070794936904 0.13896058372757403 0.034086262929468515 0.14555890712498099 -0.02707093575751154 -0.1273549505919488 -0.11177193493375595 0.16433551318429548 0.01843943632871597 -0.10167300987331289 0.03773863690688045 -0.17006015668245247 -0.10450070377941506 -0.19241882965389784 0.1832731737423479 -0.010113882042065193 -0.029434508509448617 -0.13400377522268211 -0.07216349642376016 -0.0028507475728002203 0.1342997936667157 -0.20647846398416372 0.08246648987562652 0.00968205440925005 0.06722610617961883 0.25251297903498526 0.12403928913164142 0.01170986000730391 0.11791283700209243 0.12731126623658276 0.02715359725721628 -0.09576640148521463 0.010710483029909483 0.0172519573005426 0.10128936661778642 -0.005048441305483541 0.05744766500480454 0.09456743534133645
1 4 -0.06371598990153918 0.028506488706403297 -0.21494046495907124 0.014370270039834994 -0.14175683874452275 0.03480039830082384 -0.1911694473646269 0.28100665884906 0.2598202072782407 -0.3776382128026792 0.04080006837985838 -0.3110540498724161 -0.3756984735059187 0.10814231889532123 -0.1305894088797381 -0.12341295519027283 0.29280995058747206 0.2788829245153489 0.271611766078479 -0.03468881278115855 0.1781825171797125 0.322030282590934 -0.25607954932100635 0.2670837297878158 -0.2211537199855076 0.36924275103000725 0.15229456870726127 -0.1954049584890072 -0.23832435044733577 0.17367892975574267 -0.08444376245378074 0.24506097786880332 0.1765808359953929 0.016881559647677354 0.015115115981700452 -0.01562786530765685 -0.20336651444154186 0.13382823894848878 0.09038432858281711 0.11530249099616717 0.32725404973422667 0.23448401731917298 -0.3143406024101004 -0.00805174406326125 0.06839588389437881 -0.007919453826995961 -0.21681873008402935 -0.2186708385246686 0.32813056367236576 -0.025456911020251338 0.2753323847026228
