Number of NNs: 3
NN configuration 1: 11 20 20 20 20 1
NN configuration 2: 11 20 20 20 20 1
NN configuration 3: 11 20 20 20 20 1
NN Layer Weights Bias
1 2 -0.438316630641932 -0.19657413592630546 0.42031806055280224 0.3101694961305935 -0.21341863243997058 0.4393176768180395 -0.25135843122258095 -0.40535478185405954 0.16229284193034862 0.1822000789688055 0.009356808572075602 0.14300410672132258
1 2 0.17047350209568365 0.0616093275097293 -0.17977882767820394 -0.06397436006366862 0.2948281902323646 -0.09558401508491289 -0.34130759597814625 0.21861651382766786 -0.4576359901404587 -0.20012578349047577 0.4196340827252201 0.3049112336015783
1 2 0.6413163161597843 0.24156848362758104 0.15882297357094008 -0.030387284214261834 -0.45289694809208975 -0.2972091812209587 -0.2626608742178545 -0.283919332136048 0.13826578012773852 0.5001763231335732 0.21533462831131425 -0.0699512048980241
1 2 1.1936630046891454e-88 2.744567705880828e-103 -2.9063598761438375e-75 3.1671146173845377e-65 -2.7380449504131404e-72 7.502741112471618e-121 9.428156724630319e-66 -2.125131830663224e-44 2.06724620866425e-46 3.084484063302398e-52 -1.0417406585647557e-91 -0.3373269656852245
1 2 0.04048254178199104 0.33279303289359097 -0.43470188813973065 -0.16055187820582115 -0.4497615325549069 0.4668665059299643 0.5772808514842479 -0.25729187617638244 0.10778614068574 -0.33133713018487404 0.01506425436056232 0.12240960789050435
1 2 0.06657642920974914 -0.014386256045272798 0.015446162779616903 4.224907450666484e-05 -0.010516522472975768 -0.041358703057399776 0.04090494762421384 0.00014899777443211237 0.0974413664408586 0.023338349123593737 0.09341901662161438 -0.24485812134319915
1 2 -0.3988779685420122 0.3914310544411733 0.022397008906300205 0.0444353690520248 0.33990725993341103 0.05829808120908194 0.41678331186659684 -0.31617812668535733 0.8688233608093235 0.2787932428864016 -0.6943002925063527 0.2060755354135836
1 2 0.004381034797860097 0.27825795554710187 0.3865099929701326 -0.4271748219805656 0.14073245579800456 0.06653410344872891 0.2993304071298368 -0.29136249423723654 -0.14925768638953513 0.10189836050807033 -0.37228545206075964 -0.20604108795177406
1 2 0.15429509712962336 0.25058112254279924 0.44912943298502167 -0.15124378808343805 -0.0552360927635765 -0.14801285696964037 0.40265907139339485 -0.08017867779597625 0.2106189238317459 -0.04408538585907319 -0.40233805522160515 0.5209463918488901
1 2 -0.4935314202211314 -0.014868708071574244 0.16679050454325975 0.03023134862963706 -0.03057360995216373 -0.18689003924490116 0.2933672642787666 -0.28071074958549547 0.466809582718426 -0.1097813528685741 0.08729412498526272 0.07980147032368481
1 2 7.2082222018e-64 1.8381856403199094e-97 -5.057515204698908e-88 -7.480042329167511e-119 4.458752334359642e-46 -8.01438117085761e-77 2.3933677490514456e-86 1.210457305166558e-75 -1.5558189625149715e-61 -5.8877797470703634e-52 1.3977768888423256e-117 -0.36337937398856546
1 2 -0.0053884120180154585 0.00037376484622341676 0.024918719166748947 -0.06473536177178997 0.02921819439740566 -0.0034420110550655025 0.08311707949546972 6.104683412077292e-08 0.08637085416446824 0.0028776657309599516 -0.08956519192953524 -0.27761386168317775
1 2 -0.1485995491160498 -0.6259416251862033 -0.4968987369346952 0.04108023626849792 0.0519906091702648 -0.0876405881931322 0.06398046654962797 0.26328657265746364 -0.21877779612247855 -0.10613501888830576 0.2785520034336636 0.16700263756637673
1 2 -0.2401063674184386 -0.26433465083290275 0.18996556458176428 -0.020953601309119534 0.17050633476947824 0.06127078049927153 -0.3341309652778553 -0.1276095621822293 0.24521022939945844 -0.13006091086058583 -0.46616864926706575 -0.4334471312023822
1 2 -0.29639472292685054 -0.12548357250698156 -0.3735914768974174 -0.17584405952797827 -0.02578155350823969 0.3294282143675793 0.1415635407561079 -0.17456920524625716 0.11971813392804816 0.375752788730372 -0.3131217022005861 -0.28088068776982633
1 2 0.6501617298085259 -0.4399868597815286 0.1780260945419568 -0.302495551335544 -0.05428624485943469 0.37737759931152304 0.0496619741032612 0.39635483406354743 0.3588226492568729 0.09084748574697533 0.8162011710748053 -0.20867226746305823
1 2 0.11773758184918695 0.02216353779832043 0.4405070513008684 -0.090957121724341 -0.19474476927247486 -0.18569486625853937 0.15516567377245757 -0.08780941346604786 -0.28740420277072076 -0.5189812862695292 0.33543700487879663 0.17903940678095787
1 2 0.24567934248628825 0.6295300083108232 -0.4661329225881639 0.15573275681476526 0.1569568606607896 0.3146104223397614 0.1422414798574643 -0.022292038849470574 -0.5558006430634332 -0.24091526201156868 -0.01749343941221872 0.3776131394718483
1 2 -0.1385766745864242 -0.06584401975434169 -0.49397909720369715 0.2143704558308813 -0.4162097821093961 -0.3794132680121479 -0.33259089285407584 0.6429676598101559 0.38902330942784324 -0.28860037686062595 0.0782402396926207 0.058623131333381616
1 2 0.0779652566996853 0.505480546085586 -0.43025461340220267 0.4651953473132568 -0.2744955370190999 -0.2914289273040761 -0.12791659302044125 0.24176396579432025 0.4581219103076894 -0.5329543038860608 -0.37563698274925245 0.25427479696876315
1 3 0.022066863308841046 0.21284141517228625 0.02303225326247271 -7.808727044625144e-55 0.20311435614749224 8.988080497978559e-88 0.7933621962072619 2.0286252297193595e-72 -0.7551239327223215 0.22012768303214778 1.7838699763238577e-119 -2.710101077093681e-90 -0.09166207349272401 0.601460188141996 -0.3697737545083776 0.48074703948129016 0.19026944793636108 0.1342907785691654 -0.08152959805407868 0.34553470229756633 -0.3192818427440437
1 3 0.6156192712511956 0.44742923255512806 -0.3110857151451537 -8.408448514411475e-55 -0.418248648483332 7.245208398937489e-09 0.06182002960297031 -0.5723502028755247 -0.06977907706872828 -0.2107630010382747 2.36741228215793e-102 6.315693334199808e-10 -0.045736226030919945 0.029514757547593994 0.18886737087854719 -0.28070425685344413 -0.10939298413567611 0.851543783994925 0.10729553774880342 -0.14138574154055877 0.17628600588827453
1 3 0.28634585030821047 0.1874241118599984 0.24086848109916625 2.819742557674557e-82 -0.6077809907802155 3.322986532489232e-09 -0.8711541393778184 -0.39537936212164887 0.0023758902545668505 0.004137151131018007 2.774511095662172e-110 3.226578790040993e-19 -0.04611326514237727 -0.21171176748608647 -0.09830522634632771 0.27421164331897807 0.2099372773132777 -0.5950900035593377 -0.1534509813577258 -0.7605301146565115 0.26599298917690817
1 3 -0.3765883508356703 0.34387143461976677 -0.058824786812161634 3.103138939139056e-69 -0.8879722915132672 2.9218773348987084e-06 1.0688087512929265 0.10647713322839504 -0.3061549760674114 -1.1540745212072836 -8.891063033688582e-55 -1.1137496202680412e-25 -0.26934130407321 -0.16727433127483554 0.8164587482239284 -0.0015605853064170779 -0.33158295208511085 0.7524055015446874 0.06906530162631135 -0.33056040113803914 0.4308119058756855
1 3 -0.1352641753134442 0.35434913803953744 -0.25120827544794755 1.0674165199192553e-63 -0.10519734760248114 5.545433474730176e-08 -4.123449529646423e-52 -2.4466018685340664e-84 -0.08061521356944802 -0.11742965354025714 2.623300952793899e-52 -8.433086681811858e-119 0.3183354054142034 -0.5006332842046919 -0.4275664052446037 0.47798739519825967 0.008909320564202612 -0.7503592056373556 0.21062923262880773 -0.39636427556342035 -0.42450658815017234
1 3 0.6055879116769515 -0.44764377608135203 -0.17348340379934696 -4.788309331307327e-53 0.08586435147064742 -1.4002555763988486e-117 0.8923839520091157 0.7436737485942533 -0.17929703426845955 -0.17357855247661616 4.0743386123745166e-117 -6.590720590948067e-41 -0.04140373051476509 0.5305312165795161 0.19875355305205214 0.5157311816966484 -0.0034990692886202705 0.029370001180903268 0.2332613852160468 -0.16796648275917855 0.25114512954277396
1 3 -8.819834627634973e-85 -1.382721558207084e-78 -4.789384446228363e-100 3.9626110695628734e-75 -9.122187531375893e-103 -5.237805047418135e-117 4.0527188408418885e-72 -1.8079724335608957e-116 -1.0446398457278885e-117 -1.8692618923847446e-66 3.1839437134781326e-60 -3.5621825679143307e-65 6.550185808322246e-51 2.9081243769977302e-99 -4.621671864890261e-111 -1.9859261919364194e-61 2.9252308164248774e-75 -6.564167251447716e-53 -1.0529420770536347e-76 -6.844142597322432e-62 -0.3534161846411263
1 3 0.07233559829614834 0.3350164495978062 0.38173758700034177 5.899490293293088e-113 0.3138941979282784 0.0014336176458262244 -0.7352202754717931 -0.13835830387245476 -0.5197431980714191 0.12126551273322668 -1.1479240216104668e-67 -1.3921589756692197e-113 0.05649980296793093 -0.14107533266271408 -0.44580173083715313 -0.6290187428553197 0.0450981974911492 -0.3496934429603531 0.43642810749600675 -0.09282045365871733 -0.1217044488187474
1 3 0.005986042394000917 -0.18675792779851014 -0.4857182077895291 6.183978470170181e-106 0.02033555119311183 -2.485288557777722e-63 -0.5847560314413977 0.1324003630635099 -0.005051360583695164 0.2153209969254324 -3.6376152049450943e-62 9.736245642777764e-10 -0.4332548160679088 0.49880352705898884 0.03086300307514331 1.1626359737170027 0.06331685152313463 -0.3953270629141117 0.3335439651393789 -0.28507942187452917 0.03505509298944902
1 3 -0.023483128959983886 -0.12309137410270493 -0.6127273612192335 -9.11614206630792e-77 -0.3311131258793915 3.0853931555597095e-08 0.6283117231230809 -0.11195707443808663 0.2224077796092776 -0.09921030780030528 2.008506336424728e-118 4.944509887372838e-14 0.40385643710200936 -0.07839190571892934 0.1706201431347322 -0.17623167679273094 -0.5104827686290628 0.3572033947017601 0.25727489114213037 0.24241146439034836 0.16985011083303234
1 3 -0.47352781008966693 0.07954820021165133 0.06876134874616438 -2.857210555762619e-110 -0.08547988904550376 -3.747072961933232e-105 1.0866082911874135 -0.1386765976388251 0.11806769481479888 -0.8336256022212882 -1.7591914798078525e-59 -1.1474686400009543e-54 -0.17176069770064537 -0.015536513704055722 0.16542495869056684 -0.20434307432653068 0.029512290058591264 0.27502785333930363 -0.2580509806000201 -0.19731896120903744 0.1003152352691759
1 3 -0.23476231310638337 -0.17586965751668665 0.028635105138089527 7.611184509085259e-91 0.09488860849251624 -8.66723983535965e-103 -0.06777704692313957 0.021303285660736856 0.36454473883294497 -0.03739339160517028 1.7949026808887227e-110 5.529525663275418e-103 -0.07925130118631618 -0.15847866745787947 -0.11183650813980171 -1.51921172041461e-103 -0.24616394794927784 0.005832402496498306 -0.3554890713454084 -0.4407609760888389 0.2518484403031819
1 3 0.4087493629646407 0.23377428991401092 -0.10373732563415321 4.159746789211656e-82 0.1537927102945636 9.908259901675539e-05 0.28819147743711493 0.17215559424618668 -0.4792024091866771 -0.06257552770450307 5.313335053557251e-89 1.797353776838825e-57 0.04288985155506281 0.34617452388069136 -0.4488960228599699 0.7854432122767215 -0.011607139264557472 0.7901388049239491 0.4827562829368471 0.04844071174412194 -0.1472996370209408
1 3 0.12107956363082079 0.23132785676805537 0.4774718758539878 3.5355240081032576e-78 0.33207930300330407 -9.901972280470381e-79 0.1642018641147673 -0.5336294626545918 -0.30320223592186046 0.18008617436366822 1.70940785653078e-70 -9.101599597183527e-106 -0.25974161874017815 0.5933846587611131 -0.7101986431671714 -0.2994279453765479 -0.4559927450447217 -0.3129580366576726 -0.125682300930092 0.1506006518989782 0.19899485754568097
1 3 -0.022988198413812652 0.05820572830706846 -0.2823026073838225 1.8639730564546903e-113 -0.3789039159559639 0.00042427049577947425 0.68769048792484 0.37516961632106277 0.301924214206796 0.34719171010401867 -1.621505502793315e-76 -2.222079686397079e-16 0.25717251147146586 0.011367913297717016 0.2348881617074105 -0.31315395147953096 0.3747229468727083 0.2718855417566982 0.2879770641362794 0.10319977663420699 -0.10165228861660569
1 3 0.15105752358961835 0.0012675906692233977 0.12108205618935676 -1.0926278251540452e-119 -0.06807018439259811 -7.959263281014655e-66 0.0015130340830847972 -0.061628793988645736 0.07915433656695581 -0.10594441573111965 -4.2277486178515334e-73 -1.0652201229216653e-52 -0.4919796306894932 -0.29933324670648603 0.23935298595887017 0.0757093051363741 -0.011154099495515277 0.0715070898884051 -0.5772577162881111 -0.3111469972143635 0.18768815506975953
1 3 0.11220380498410523 -0.024896652175650992 0.1716905680183141 -6.535823531387382e-69 -0.13770427515920786 -3.0273944925298396e-110 -0.08454366768967907 0.10305038313761408 0.011113776754057898 -0.006454059642886848 1.0091055592856554e-114 1.980265572356854e-66 0.17150946202017708 -0.08767940334151814 -0.058243730540340634 0.11826981425194404 -0.42585590653127187 -0.4725393211787835 -0.24425594698611094 0.07453968223937267 0.07808121880075802
1 3 0.29476635094272596 0.3440498632343928 0.07339743306233502 -5.238849536130193e-55 0.09774297862725437 1.409008904568444e-06 -0.7003587328287025 -0.3312346796698636 -0.10722823635250135 -0.41887124228502687 -2.1562779428174944e-88 -2.231939017571912e-49 0.20894853914277176 -0.16881529367159454 -0.8632637525410896 0.4112862177788899 0.07901604141142736 0.20245041380711565 0.09645834293998042 0.3601504684142988 0.18787607891290742
1 3 -0.06520182766309818 0.3497922171119707 0.19540161948343587 -2.082146458269555e-114 -0.24453767808237614 5.483824435933611e-06 0.45163603113997103 0.8061056855850621 0.3798908839073877 0.07339391116855042 7.193520545721409e-68 9.621500608673781e-63 -0.17730744714590332 0.7869754204015689 0.11598348480421679 0.3959075898422398 0.18587054068759964 -0.017832163901466344 0.02806601479500203 0.36768646235011543 -0.1602360807068993
1 3 0.7015005212220448 -0.14260074240296458 0.5485994474395544 9.110761116588967e-64 -0.506327315100929 -6.257670662237633e-05 0.3221911661830613 -0.31626855617438715 -0.08980098733773366 -0.39960139651341287 -4.733435990146541e-71 1.6643990686748683e-89 0.34083852235293743 -0.2284256362670296 -0.4259641829098523 -0.4208799124109774 -0.16431515768345406 -0.4289830553312597 0.2501094456286427 -0.268391908195852 0.11651780929865571
1 4 4.982944047002642e-81 -7.790970966697789e-115 8.446285534583535e-55 6.290496933694812e-58 -4.2582608976678666e-119 -5.721450240953858e-109 -4.1496478406178334e-81 -1.880707567268542e-102 -1.4652343455392784e-57 1.711816843800809e-119 -2.1061233111263705e-104 1.5373890577943915e-59 5.08139562206246e-95 8.830755292579779e-58 6.190402479416107e-117 -1.5949251640515244e-86 -3.424299116895601e-78 -1.2167187252789705e-112 3.130859209413393e-83 -2.0780773440896032e-117 -0.2808281806018364
1 4 0.04950848050501964 -0.779481895638227 -0.6008775848081417 0.06659560942775004 -0.36881019455111674 0.10516133294230838 1.97273808256924e-86 0.15059772664639828 0.7578555547000394 -0.2805444714995755 -0.018023436916584836 -0.06260047182470015 -0.11795251054552638 0.11713852109490037 -0.045600724906261964 0.04887498454181777 -0.00010994438619274398 0.2683079805355993 -0.7011669940636029 -0.08940084976428204 0.09736608034693878
1 4 -4.148773453254837e-52 -2.050190923470368e-63 -2.6706368546587623e-65 -2.5643789180434407e-78 -9.382424490796248e-97 -1.1955208225668185e-93 1.3193434406957794e-68 -3.59846953076116e-55 -2.2846635159187203e-76 -2.359156922924279e-53 -1.3734961249302174e-112 1.99315630684693e-59 -2.356266295509035e-107 -4.585189736386333e-60 1.1235165692811641e-54 2.0569731468786113e-111 -3.867943944243802e-79 -5.2582095980358016e-86 1.5969478571961874e-83 -4.542147582911836e-112 -0.08970117647834991
1 4 0.483055011114562 0.35251368617651807 0.013947836221729588 0.4281371022908639 0.5775475318421159 -0.08914131709896131 5.019797984205371e-55 0.048257344256821516 0.027140266008001485 0.31902006465414373 -0.24675931899824388 0.11776904965505615 0.4194115889197446 0.1025069495774291 0.4374565095290726 -0.44401089835349405 -0.013604906555572024 0.1108259721773385 0.21443342866065426 0.0712057806971476 -0.33146065997674456
1 4 -0.17421443911150258 -0.2612050173231219 -0.0739799957430882 -1.3117194989492358 -0.23803799988758817 0.19663139054742657 -1.521283985052222e-79 0.4911391908400742 0.009812010282660754 -0.2194896873934192 0.9833079821430997 0.17584755548624847 0.4632043555923378 0.20895977310134123 0.04569888976829149 0.6499008910372969 -0.13020152131388568 0.3005462086267056 0.0049370606881920945 0.013096451768071954 0.19967276034842094
1 4 -0.23394655780528462 -0.4303353414312222 0.10421574249978477 0.26333577917039575 -0.1398641117593874 0.41085529353221717 -1.4231905724767096e-108 -0.26925563363314425 0.2004065144052458 -0.08273986449986143 0.020870184177866475 0.3469317559915485 -0.30023325667277556 0.00023752630382516848 -0.03999218958949156 0.24624111951769945 0.18508130597364383 0.10806648152308151 0.34362151710510475 -0.2610135315045602 -0.2843384411682372
1 4 -0.17994629522541886 0.2796531544250535 -0.4724374697220598 1.2836408253930138 -0.11241575071687733 0.1443411841684472 -2.0657806426345737e-117 -0.018738274572943286 -0.33878373379684 0.12485388214567525 -0.8377760167870162 -0.17417705578927148 0.05157678742537915 0.0701609602806689 0.2925101407641366 -0.5437696098162043 -0.009726880163220916 0.1889347256219467 0.13479787416929112 0.006173213227610314 -0.13604905098050668
1 4 -1.035296492566746 0.4862333947312658 0.08601325030615785 0.06337512211060525 -0.19096506221865703 -0.10280049384857484 -4.396482947126077e-95 -0.03971067963722057 0.30939619759220305 0.1341020402673412 0.09672800266547119 -0.3386786648896756 0.44102500245795245 0.49328448884901505 -0.006445691109087497 -0.3930162725059782 0.1782732144620621 -0.005973593260249823 0.0005400312332628603 0.4741861367197442 -0.08390731539428924
1 4 0.3947677915484774 0.08819840251188352 0.24061980930135138 0.8709041575357206 0.3436524883656692 0.4914413779713761 -3.114928200850459e-72 -0.03364230983298418 -0.6146659958169189 -0.06422753271957926 0.06919717916257165 0.027358104692578364 0.23701190183057652 -0.2250447372745493 -0.20900779061291186 0.13158219499692794 0.1898706507359892 0.10302174130215722 -0.9831787873080197 -0.03509486973727215 -0.13524356192600154
1 4 -0.3620358417172937 -0.17943870312145876 0.20079020409267725 -1.0329001440352041 0.04705921086402859 -0.29950453285584155 -4.910664612476215e-86 0.47780967170534705 0.2863724273660577 0.1174112960240901 0.819420927579563 0.42343279768374165 0.3959558035394163 0.4723165906161424 -0.02542425878269459 0.24201099322071523 0.09187031700983803 0.04103744727911212 -0.2955663310937581 0.39101454317869627 0.20072326670536142
1 4 0.7565816092529624 0.15276551490445206 -0.23635726507921884 -0.06624848737125415 0.7086825115775145 0.17042390710604333 1.0848326399492448e-83 -0.043156960091623196 -0.028462399393914865 0.039954639799408685 -0.8246399426023903 0.09570374516344526 -0.007465028891513428 -0.14308650770328113 0.2790297376397641 -0.2771057636636117 -0.04519451215516762 -0.15125490879267411 -0.11055030260854908 -0.3137427724626731 0.2494268901456247
1 4 1.745322150740822e-114 -3.0056053042736088e-77 2.0177519598966034e-51 4.030175106664656e-92 -2.5672264836270254e-118 3.8290789595173896e-76 -3.954319955209895e-107 9.44561038672927e-74 -7.591872227096793e-117 -2.828528438726982e-104 1.9682633207231548e-118 2.634732119577657e-100 -6.130441655931541e-63 1.1408483242064718e-83 2.643527578477028e-87 -2.459519758718655e-79 -4.5349834027000044e-58 1.5277763607590996e-83 -3.0420163579749744e-58 1.4059934936674632e-50 -0.08783762861115474
1 4 -1.5258604865591168 0.43783084747510237 -0.21650611212942517 0.9352704568915909 0.2659926958849024 0.32223434159284825 3.050589839314732e-53 -0.2414329458458242 0.06071491893290276 0.13815474157946675 -0.28733976134498246 -0.635451655501059 0.19792627705426483 0.47984869117521345 0.25430646926947 -0.6450696694735725 -0.16682015389174273 -0.12251764341094956 0.034926390916421114 -0.2585130512481099 0.22083807260540517
1 4 -0.8577675956412358 0.29116943593067496 0.21155679508714173 0.5232170954999571 -0.5946739599968369 -0.3320024022236569 5.8718674744667945e-105 0.3612467188580185 0.7562128119466893 -0.14725979350934837 -0.7609674782821623 -0.01581850406956288 0.42406322569851523 0.5236899820653216 0.24013288377928624 -6.557637424388595e-05 0.2199498206540387 -0.07274362181910365 -0.4642163805439681 0.012077651896241414 -0.3063907397747572
1 4 -2.125713314992335e-100 1.2781711502738046e-70 -1.8065351871327417e-88 -2.9095880277372908e-65 -9.066223880206439e-101 1.335546569696917e-98 -7.194241926743694e-112 6.723980268051986e-111 -1.5823764594628182e-70 -5.908839480687633e-113 -4.23753323016788e-109 4.525187798484055e-112 6.572100525290536e-84 -6.05328992217423e-98 1.0030779928219741e-119 1.580314207757467e-52 -1.1567912646028957e-106 1.0122153609446549e-64 -2.2281679491316855e-60 8.44996146379896e-55 -0.38663591325135604
1 4 -0.31144232994650095 0.27030028527667394 0.476228078430316 -0.41787216434585533 -0.475726039381581 -0.252025083909875 -6.644065827721238e-70 -0.12031988875613761 0.27032973082765344 -0.09456306304285471 0.6172080243084215 0.09596215869104793 -0.007557217946949885 0.8142705359655398 -0.08614958650249863 0.006195655594974189 -0.06068042041950805 0.3818084949185344 -0.09160555810844538 0.39053434912366153 -0.13389170711310533
1 4 0.07979706083565517 0.006124443056507337 0.7472050182629955 -0.0303824184774532 -0.7732448076515173 0.1333812657189199 3.183581412309137e-115 -0.5829180518611622 0.47770135827931043 -0.5037154220679488 0.7981745430731956 -0.01982583523621823 -0.986399678040164 -0.7699441097332684 -0.2887043039645483 0.5985225300835589 0.17964034658401296 0.1274170835637846 -0.3065495246912308 -0.16629228185467643 0.2921961143815063
1 4 -0.5290726281157087 0.2101689460409631 0.34185636104237777 -1.011273299347598 -1.460154116651133 -0.118648742709689 2.572241487529043e-115 -0.12901652316139114 0.5193372125889459 0.37434325180154965 1.0323697836792922 0.22568426208916342 -0.31767452102204263 0.3376689670280928 0.26824226552124464 0.3560740284548655 0.426656997232607 -0.34698349157423214 0.0562237778221185 0.07093888713897026 0.24778983106588567
1 4 0.03721259484385892 0.17518380333347258 0.13629191289446388 -0.47075020763758546 -0.007990025317224115 0.522247825522914 7.054077334659591e-55 0.21996702170876592 -1.5891803418505444 -0.5260441548708649 -0.300453345400477 -0.12187143145126064 -0.14407143028473032 -0.4051751647635491 -0.1484734753124143 -0.2597865979299778 -0.10008809364741957 -0.3105646773602344 0.2586660362943899 0.32382756031316906 0.11751742258048999
1 4 0.16687993526647768 -0.6479839724522933 -0.27312467069268415 0.06424059779472545 -0.25819761932455265 0.48953762397124867 1.4304914993492673e-61 -0.23092392872402295 0.5764846844430488 0.23938361166299935 -6.8407610013675e-89 9.668827969383204e-65 0.1926872240623232 -0.11526413086547414 -0.011188658843458278 1.0861225165867857e-83 2.81177298591914e-59 -0.19996471789866874 -0.04728821556657036 -0.010756145516766609 -0.3830942772674514
1 5 1.694011105154772e-118 -0.20383788174998058 -1.95223693655505e-65 -0.017432999298875443 -0.2108241219269231 0.2204602717699577 -0.4847074695292907 -0.0636734968462313 -0.08944281081822207 0.10255910047053146 -0.2050732534453814 6.184751964419065e-76 0.1881316656238939 0.17914868837459147 -1.3190308306920935e-70 0.1270209881306041 -0.583762482809688 0.4705437726341051 0.24509482386465672 0.5038922961340497 -0.07052109825076064
1 5 5.48402312850474e-107 0.12643716225324522 -1.8048693862713916e-54 -0.47867149163398615 0.038220653593225594 -0.2339361920112519 -0.3045709369221159 -0.2464107974370539 -0.5307920186485233 0.09318409391968732 0.19085291696895013 -5.427370610226525e-96 -0.06183932458819705 -0.204178088492445 4.189601665164437e-105 -0.17822239152483121 0.6887800511067161 0.4032511562744757 0.3723237738408821 0.2239042115105514 -0.02799848087601896
1 5 2.998177278414359e-96 1.9378185414680984e-63 -8.995719519051541e-79 3.817527271844384e-92 -6.990005082226406e-79 3.020351156977663e-59 3.3208658708298315e-119 -8.197074992829658e-96 -1.783901430721117e-51 -8.09571178673875e-111 1.5165235693781659e-80 -1.0984674696095374e-98 6.478387796500541e-77 1.2995393222026592e-65 1.2320428908082862e-57 -2.3252376845418127e-66 -1.166006500209919e-97 -3.856846553672599e-68 -1.7707951415518593e-59 5.987843139204106e-118 -0.21747829913392558
1 5 1.8887871193311603e-106 0.1479282213054467 1.728770959157745e-70 -0.15350461004309915 -0.2441870456091075 -0.027327651742619842 0.3196241384313082 -0.021021281394342905 0.06306984639256275 -0.028409906958361496 0.0678654242870385 1.3106798002634828e-83 0.07397885198581558 -0.1458737887459556 -1.209178736480105e-75 -0.28891920884913036 0.09194792943789028 -0.032899698330242914 0.2171943909232087 -0.22949403123841247 0.35741744704247824
1 5 4.3830582454518813e-79 -7.3576237835019206e-62 3.003448474906217e-59 -1.3431333935907531e-58 4.595329399471507e-67 1.768917093986245e-113 5.723627676669432e-92 3.2949005422644664e-77 -1.175761308613198e-58 -1.535073557562706e-106 -5.1855996757297586e-120 -3.1063971967017835e-85 8.308319051783078e-103 -7.621927702770203e-97 -7.452644459675185e-108 -1.9618574625804095e-63 3.9357337118220033e-72 3.5883888399536646e-59 -4.8361599645784954e-105 -3.824008283028206e-78 -0.19959243044377978
1 5 -3.622953093077536e-121 5.681796552108865e-60 -6.3634737640146e-113 2.771373649533475e-109 2.253976882284084e-95 1.3471796132138385e-65 3.105007688750811e-82 7.301577185177853e-94 -4.471032084907258e-85 1.386559834823135e-79 -7.399695138358873e-113 8.54524572860523e-96 -4.119324805897975e-52 -4.7868808595855873e-67 2.81995615320347e-87 1.128798440273174e-70 -2.0230538348034812e-75 3.940338508726052e-107 1.302738342147883e-90 -3.008829031716638e-95 -0.3087969491647029
1 5 8.850636901303973e-76 0.5914183418068464 -3.670382769264653e-67 0.021054164915201866 0.13171515496603836 0.2256266929043172 -0.29243807414227363 0.4085571993563337 -0.07979954055373488 0.20019817231127415 -0.2543716802381474 -2.85991375630337e-72 0.1280070316904527 0.2648104731882331 -3.30697642887357e-72 -0.011330089407737174 0.14768584759668796 -0.10423212119219287 -0.6826709470689422 0.6983772900767978 0.21517679920811097
1 5 -1.0234956689569785e-70 0.6720744400991933 1.1416167141471577e-65 0.2518449845694756 0.40457159911387036 0.1412457830464051 0.07278140526102635 0.10858389231019525 0.041771993540727075 -0.05119067372436171 -0.39450571336961077 7.880018134507338e-95 0.3588829773401368 0.025489871044631147 3.901208788800135e-52 0.43386726231795175 0.5420044550483174 0.5184304977973173 -0.8084321352165277 0.8018479045711099 -0.0832867579486041
1 5 -2.902769123972563e-58 -0.5520913170739223 1.8866695034664954e-51 0.16260888174651242 0.036094877834704296 -0.1982553281386091 0.12017810561607019 -0.00039962106078393416 -0.27332285229635156 -0.26959812329463523 0.39224672284543405 1.7165013395509136e-99 0.3174555595483915 -0.5775223022084081 1.3800685461717185e-79 0.019241870751700817 -0.14911995789354918 -0.49059438119652876 0.696016582435719 -0.8408330063554179 0.26989085863225226
1 5 -6.803514798203187e-89 0.09721999299566544 -5.189921686799536e-86 -0.35734001604104787 0.11382746023393352 5.810027365395518e-64 0.012260327281621264 -0.19205154112323564 -0.14547055001652962 0.2283686853985977 0.058235168697455056 2.6248627380635176e-100 0.20438500713806204 -0.056617755866882946 6.70543599001632e-63 -0.3336457721051382 -0.11685344435104272 -0.08620962375247303 -0.09607711586633841 0.09157949452576088 -0.20973680852800597
1 5 -1.2339799128378289e-110 0.15669285160976532 -6.373242360424357e-94 0.10839350876695683 0.19229057509845027 0.19023310925770714 0.29756635610185433 -0.006303366271375949 0.39049187499930055 0.2668929699487581 -0.1689956571976159 1.7020368584184948e-101 0.043231600533241286 0.5682790265744619 -2.480926245563906e-75 -0.06597184801090941 0.4584035036319881 0.5479333146898314 -0.46652274685419715 0.7043752219289231 -0.07369941713241826
1 5 2.9124069420779406e-58 0.34500342946702567 3.9322881302878636e-119 0.05357556274366468 -0.07804530998622063 0.16445770731797316 0.24578185091442747 -0.24764214369241186 0.19463467274036764 0.0015559362586945636 -0.40784051239451125 -1.303356554826177e-52 0.2153699811801592 0.5289507396663787 -3.4467152846460317e-53 0.36113064374292564 0.19394880088517313 -0.06925933143248206 -0.38061617348698695 0.4559005604250517 0.1343224559600156
1 5 4.5267330116155025e-105 -0.7374477911048076 6.782909839263299e-104 0.13552299250087202 0.11181632307708306 0.04983222268694645 0.16459160272769432 0.14916520267516853 -0.2768775308612579 -0.16551738919708248 0.4061762959437165 -2.8285979271111154e-65 0.06347006895419781 -0.08327525298057484 4.044663505096543e-52 0.08709139362020064 0.05509140357716662 -0.11536885404496289 0.9414538680652462 -0.4275676181885115 0.18556390770055953
1 5 2.943086436990365e-75 -0.10912683868334973 -4.474042717851704e-114 0.28916035708894483 0.3351565221302522 -0.11322758539804652 -0.030756359694747475 0.23382025610357912 -0.0929597612281022 0.29524877976966757 0.09657328072245164 -6.84894962549439e-85 0.15010998614787435 -0.5805604847753271 -7.543776204319208e-96 -0.14120188455833121 0.06478790485629735 0.011275351062825645 0.27704583457413856 -0.7161020796680045 0.38408667950005293
1 5 4.931578264614047e-54 0.05297330759011282 1.0468500654927788e-94 -0.30127999830851276 0.3861355240013506 -0.06331537415088231 -0.019009559688705362 0.36976418771475444 0.17512673018708583 0.3890578150742968 -0.4044882504961488 -8.28701599962155e-68 -0.04239117885352073 0.39157549123199575 1.2350068880885761e-90 0.4448096220754989 0.5583432847496365 -0.0375217707081932 -0.4051645159903503 0.7271510575628445 0.2141103761339717
1 5 1.392956110269961e-115 0.47136910556504696 -7.151898032920925e-60 -0.2600621220556149 0.2596769588173242 0.5119535711493263 -0.39293769195401806 -0.26402700572042687 0.2908236384308114 0.262609869511708 0.034303691853809874 -1.5364312027305633e-103 -0.38100412646965454 0.33021734749779164 -6.691793282483388e-66 0.6305797447343539 0.9235659558315154 0.38594882653177764 -1.0597327215307335 -0.40914508172988223 0.2934418519249967
1 5 3.2499802348428614e-96 0.6038117488063409 -1.9846895147815054e-65 -0.4403070530898087 0.16213149044525388 -0.16882896297966518 0.19508128811295708 -0.19487438023562775 0.44239475877029133 0.38079260508480683 0.24938301792384923 1.928695747746322e-101 0.01368666042422925 -1.3718699243774841 -2.2932678159801206e-106 -0.07176857330644244 -0.4262168125535654 -0.18028990823876095 0.6626979733482532 0.7292742809279152 -0.19607831978802864
1 5 -4.142076987446837e-52 0.5648280115478881 2.6818830022395774e-55 0.24274582457979907 -0.04642387363014489 0.3849153687705607 -0.16515770434671226 0.30811308185129005 0.42138568575398444 0.4293084313503254 -0.31706951304137054 -2.311317787423381e-74 0.04086443588978109 0.5097543564219146 5.898846838656041e-70 0.6013038854050305 0.31554257128947216 0.46496724828563507 -1.0562989365950934 0.9523949463750079 -0.1481033172095164
1 5 -3.480080064046218e-58 -0.31508669453641247 1.0598759837573707e-50 0.0016070939972579474 0.022095086847293895 -0.28478911701079923 -0.10747445031909796 -0.09473744652004144 0.07910930616423896 0.06275057586217479 -0.20856880017765222 -3.784387770171405e-95 0.15886903698186647 -0.3868319240795983 -3.304715168759721e-67 -0.40031021408886863 -0.26517920860653593 0.21726883421301213 0.9475090276830173 -0.8375524032011696 0.28296324055670913
1 5 -3.612083379311542e-53 -0.0267318907254114 -5.0287000722797234e-55 0.23438953133978457 0.3290812198522937 0.14147934642011045 0.010697434995781114 0.23552400072135377 -0.47821448628971175 0.44134371827268865 0.26967701557955137 5.909413777043e-81 -0.03324593723670587 0.023708719788793117 4.7874864720675396e-67 -0.45701569592084423 0.7482244203054023 -0.5161765817546121 0.7798397675537433 -0.3401289438873482 -0.37047082891097777
1 6 -0.7843295822511541 0.9619065543621375 1.0123329195675583e-33 -0.07365845763895278 1.3164396715140524e-95 4.166102077472455e-69 0.1936493748724628 0.5365904501805714 -0.30535349670437484 -0.37885110660412624 0.23044279887857824 0.2535867923485856 -0.34276012662956584 -0.08472888180201862 0.34399177393257374 1.1425512333298746 1.4219649333913014 0.807565881105779 -0.22308270536734878 -0.8898005335365797 -0.4571135245948034
2 2 -0.21691701092242413 0.06392771834128366 0.23904538541113673 -0.2897952886169942 -0.2749846850590834 0.22217039848160294 -0.047878492656914746 0.38601831379054713 0.2679470259259706 0.1760812937784056 -0.5470880172731407 -0.09259098915300601
2 2 0.142522090006303 0.3685491923480217 -0.12376062621172108 -0.3460298767351551 -0.38837358543824385 0.2805036559848634 0.38435667122245326 0.4424199664496019 0.15814845695813157 0.15743930683660257 0.09894470304673472 0.025521496637967392
2 2 -2.0476438493981282e-08 4.758154539806794e-09 1.300839576084996e-35 1.7076621020299997e-07 -1.2227487926754085e-17 -4.4751540521621875e-15 -8.703406074067576e-32 8.71251237790356e-12 2.9989463699309233e-08 1.7344072310441198e-07 -2.0716169807883306e-16 -0.380893363107285
2 2 0.37703656755985426 0.17286446372185418 0.01337442949208042 -0.4298652828202316 -0.4672758647738499 0.2224464998107149 -0.5148526631344476 0.27349811789068607 -0.19014718595745148 0.08269721250618861 0.3189432322285442 0.3102974031318234
2 2 -3.604961111455635e-11 6.388190153053128e-05 2.1755304295184598e-05 8.900894175163391e-06 -4.3218285189694665e-25 2.787139415885709e-25 3.734628883704572e-07 1.8321117752954284e-28 -1.7297411617384111e-09 1.7304701614179308e-11 -9.104608793512711e-18 -0.23646635649782322
2 2 -0.18408143135140254 -0.22222682513232184 0.6928785487173706 -0.06033064397241426 0.18825252104542953 -0.08199437198573438 -0.5147958855376598 -0.6764477973122877 0.051172507922402286 0.10894526496615681 -0.17157452940711876 -0.23680188581363054
2 2 0.36407636039108915 0.34261091445058395 -0.3690763135247556 -0.2620579793828032 -0.1674080593022972 0.17503550282563501 0.10916561428361256 -0.38432897085465484 -0.6474557781166912 -0.39110400023102493 0.2894108125556769 -0.2635377057207142
2 2 -0.08187582975669211 -0.2850860892365432 -0.2952225355681683 -0.3726339633079064 0.29066464009377857 0.22474462852655883 -0.21321603455807006 -0.13818172399080017 -0.16981089365046953 0.4015562728257968 -0.07804226293260436 0.14935100820291844
2 2 0.07533150308766422 0.2939849786024979 -0.3303248046799485 0.11736360093607422 0.012303932278617922 0.29943954882027074 0.2980895598555369 -0.4129344362593816 0.4021957606757444 -0.053094507497370505 0.36958489170545195 0.11277145631382701
2 2 -0.08249415929766289 -0.09858581543375163 -0.04284987707755045 -0.4827718882145931 -0.19139634322205987 0.15323925413218534 0.23848713240592773 -0.12517793951142514 -0.18454947657793233 -0.2539031075626738 0.25955672904571603 -0.26820602006178906
2 2 -0.11522324633693387 -0.4449590977923452 -0.2614607981481032 0.6029383125678011 0.4397142818087325 0.15365970583825914 -0.2976754376083071 0.1530075481586672 -0.4403796752113556 0.45525679351902404 -0.12405417090428515 -0.1218778250635064
2 2 0.24800475238141081 0.13939928011690608 -0.09520299499458551 0.043588042523420106 0.13096252115301985 0.3784357217617539 -0.43454474142036326 0.4091141145578628 0.36148479748407264 0.03575770144953874 0.08787100334638276 -0.023004817505168258
2 2 -0.16592085796104764 0.16333894051867223 0.15039848499202013 -0.11227406347172182 0.03735678364660324 -0.0796795665435957 0.021296073798439688 -0.14575912528767115 -0.47018074162891427 0.025871024804590564 -0.2383609076119917 0.14034931610332324
2 2 0.38970081037405896 -0.18626468687317857 0.4365949966513685 -0.2752086989186305 -0.3144929913045111 0.3026395445336976 0.1488159979583963 0.02065467114006558 -0.4012600003604848 -0.36506403769073265 0.4899797890913298 -0.19928202069890283
2 2 -9.91929076539315e-32 1.6361897230812482e-05 -7.491489885390515e-17 -5.0031214271147385e-33 2.0187988585178867e-12 1.1365437664916035e-37 1.6339363090204567e-05 1.8448970427081886e-05 1.1494851879219875e-32 5.1413676421103894e-08 -2.6987004510468355e-38 -0.2795633513282574
2 2 0.09496560078763455 -0.34635424018637045 0.4369648507170478 0.08302478640576234 -0.1402373580678877 0.2995652767194751 -0.12959971980171556 0.14686487521505032 -0.292586398419024 -0.30683343675946806 -0.18241530058452982 0.04021877580222847
2 2 0.31427370606951294 -0.09991919426444297 -0.21434925586478112 0.33269938001460664 -0.1572482263773307 -0.3793036412386869 0.04371287280088201 0.3068373762627384 0.35340265922850034 0.29475715242521217 0.3235898828938285 0.5390864359725063
2 2 -0.1482634071618305 -0.20280418790801605 -0.02289953300548447 0.017998790721413572 0.14118863926820474 -0.3861927816820819 -0.09656959607717175 0.5649203905963494 0.1431453506004059 -0.10529593153956665 -0.20579935111953038 -0.3843249384362552
2 2 -0.05458928096632902 0.0016719176688676615 -0.3312346709661269 -0.3013085112011263 0.2699387351737718 -0.4429699427074116 0.44602364540414624 -0.03731749228894452 0.3590971401608258 -0.32489624751114643 -0.05704890070035914 0.16959509864257172
2 2 -0.019636697115316376 -0.4967799494591083 0.029986618610394505 -0.10279313833894015 0.5696208243466113 -0.5068297890758998 0.0854444384853653 -0.002874417163354812 0.004985386907893687 0.30750461519386546 -0.008895052588432144 -0.3500369344491738
2 3 -0.005910948644425402 -0.5146805056922253 -1.3131640410801887e-06 -0.203024202150944 -6.991739320189967e-26 -0.0656586593194852 -0.2019010271560285 0.02781267474323447 0.6477441479891288 0.2474103532139285 -0.23918113797982504 0.06772500221231931 0.22715639509582441 0.08630757945641132 -3.780465186465686e-23 -0.29582060517364206 0.35003307886559926 0.1851483604278762 -0.01152933386248039 0.3858650191441799 0.222258351389084
2 3 -0.1121216996567985 -0.607150513547389 -4.300401458937662e-36 -0.2712665601862145 -3.5643326329051576e-08 -0.25489223639329217 -0.3713250653115433 0.18696047356397344 0.3682646993599127 0.3852421022903694 -0.3846097528767938 -0.4970656186224912 -0.14544213854257684 0.3116726333139822 1.3289446034920096e-32 -0.24149023784049564 0.4802618869948522 0.21185435494258537 -0.04154977560719268 -0.019399856428745817 0.2735409783457472
2 3 -0.17708626014399756 -0.5130822053882226 -9.549975380156035e-07 -0.020457858055816888 4.993975086875178e-13 0.3508130995321767 -0.4443040454920068 -0.33343871771228434 0.06999353038924708 0.06534787644911685 0.5005879067330907 0.7250233872703592 -0.33380685301865126 -0.12721265410145507 7.591919115626241e-30 0.36254662490511014 0.1949894893080443 -0.11837780918393562 0.10324030936041607 0.7025762136366489 0.21182225732371934
2 3 0.41228583402034663 -0.4417005928899106 -2.5932832049596155e-09 -0.0751797784453063 2.910276535787732e-11 0.012587419696152095 -0.6165135187140437 -0.32429962682125224 -0.6352562101136461 0.03806747859281089 0.12380176897136456 -0.41531532503238744 -0.1932404392995401 0.054230650797932545 -1.0606308168796714e-30 0.3329927475294937 -0.36225454486369224 0.2133458460528271 -0.06549560466494052 -0.10571255199567785 -0.10510850658180618
2 3 0.04496241682234229 -0.5434371994916956 3.956734397735093e-06 0.15580482476377003 1.7028587417059944e-14 -0.5043179780253281 0.31145227598600594 0.06342676365851839 0.15854410357528642 -0.012845214454022954 0.03928137690990446 0.20851321016032237 -0.31599274803965566 0.41582287453384476 -1.7575227069931655e-06 -0.07500149713713279 -0.18820123193389576 0.06222565257763876 0.48790841350839914 0.5147734669403433 -0.06558244957115104
2 3 0.006426754031924171 -0.0772183903593737 6.154741539823467e-06 -0.24905683644925997 1.053480427806641e-29 -0.07391193315252827 -0.34289358628468325 0.42200967862214833 -0.34279216508306465 0.19666912715227552 -0.14972790912135797 0.05987219736246545 -0.15436719626087092 0.0465952748527498 5.690571073140364e-31 -0.05169470248189735 0.29243909532722556 0.01445028941501413 -0.11767361602944776 -0.2672784959446461 0.32971291270452163
2 3 0.23866387444645368 0.2590890985272488 -2.7175107599640495e-07 -0.29838398386114395 -2.552918637709775e-21 -0.7138982226361341 0.1628327484960953 0.3483696094860366 0.39792543584590845 -0.3914733341488123 -0.622292288258699 0.5015017153565535 0.30641770056512246 0.1978594211437205 5.315998680377073e-12 0.01724004206796133 0.27051642334826065 -0.540979787349034 -0.14630071745065687 0.07658893108633665 0.038801504302109976
2 3 0.07661736850483522 -0.019613274912225587 -4.921932956515016e-37 0.2542188578920667 1.0302570984107957e-16 0.46433476858755973 -0.15383638482277004 0.07462542322053277 0.23384367621379928 0.42073120573077993 -0.0526595359056494 -0.07797022318016317 -0.3637188576386985 0.22115213707765857 4.7139412130551616e-35 -0.2003191599922654 0.1924043175275496 -0.5205299589754258 -0.06123426233831865 -0.041919467185270766 -0.12238399221853666
2 3 0.022256727273483705 0.711354539759531 -4.265953023027567e-11 -0.052124485305085205 3.9123817460673997e-07 0.5230887420617422 -0.3562482565833594 0.04763025144753748 0.1743391352968266 0.18995736770338026 -0.027496261636592856 -0.2854968099657698 0.312007672613702 0.2545364075374132 5.61262981115805e-19 0.23225054294785413 0.29348780988044093 -0.4399388589325184 -0.0770678036084745 -0.03726897261423861 0.10627134123544518
2 3 -0.34110663395534896 -0.20383043866522846 -2.9344646572922334e-08 0.2274991041582166 -9.190464914905472e-11 -0.199705229275512 0.2913105672917123 0.14233754821257413 0.06377696981013564 0.27677329156084257 -0.163156557684568 -0.3006606853567456 -0.1326410511988626 0.09812544920406409 2.0065482833755704e-11 -0.033924265573760166 0.31490156494268173 0.1495245748138143 -0.051063675813172914 -0.4942159492750326 0.3488135520295548
2 3 0.4029653538948099 -0.10783039055818375 1.5614086211961653e-34 -0.14213204622120876 2.2632386482720564e-12 -0.19317274708077356 -0.21283904307090395 0.29634482487020375 0.32563792975452077 -0.05148641229174507 0.37708535889766 0.4050560014207643 -0.3202116643751415 0.03386347056291672 3.799848900458628e-07 0.3890807361464902 -0.4438571392917092 -0.12371718412906636 -0.18597581208641845 -0.031011067505334795 -0.14694018102539838
2 3 0.13642486255255928 0.25236101823120877 8.842748823196712e-27 -0.3781926553456597 -1.1616255105703522e-19 0.25431554207970364 0.44970279499528604 0.19280640645643926 0.3641772223803208 -0.2596042185172752 -0.31472676570368685 -0.09404196921519042 0.19565461590656255 0.3220136121741849 2.0577650685151498e-09 -0.439415137781312 0.2391364764557771 0.22889907045070726 -0.10710864534732865 -0.0023012285461866296 0.35292552621710344
2 3 -0.14573070137383995 0.5114413864348674 1.1744816803861659e-06 -0.37672180185188464 2.628563387357686e-09 -0.3100918179791262 0.43957925053964036 -0.25786602996912134 0.2123528172987482 0.2978895023142241 0.0147065501628025 0.016373508438645525 -0.2856040969626848 0.09471836191489787 -4.1729998854290605e-10 -0.015463548625068968 0.30108208950137477 -0.0641862460782891 -0.10578467635021664 -4.608196507703171e-06 -0.06018587096376215
2 3 0.5198972066036408 -0.201624880239032 -7.374849350841904e-07 0.02103209870807901 7.013617718605705e-07 -0.29382199646576623 -0.09183051742769364 -0.410819837716106 0.26392721039805805 -0.17884269760461227 -0.37537316913827096 -0.4089365351420093 0.23388443916994547 0.09144406434174507 -1.5523760314825703e-06 0.18424167231584546 -0.09382655318036627 0.1626089784158706 -0.2247665686955639 0.163425571008999 0.04379073028936778
2 3 1.000139833256555e-20 -5.702217050895918e-06 -5.763659408751045e-10 0.10600958020515176 -3.152829286796069e-12 8.616581536168881e-23 0.15431872049959586 -0.1524859855738829 -4.256944204282421e-15 0.16011985605513937 -1.9535276993350716e-06 8.614429157156215e-07 -0.022203302556437293 -0.24079416685323704 -7.857029191456273e-19 -7.833629333253356e-17 0.18092166962358142 -2.399256589219012e-13 -0.13580790097752607 -8.425280724164411e-08 -0.2952272715537659
2 3 -0.015404515841726626 0.09749624324599608 7.313688446906521e-07 0.31314967725165355 1.05636465781667e-37 0.346436898189859 -0.15205336951866572 0.14888526545270417 0.3484379156536548 0.028306052120506343 -0.014197993261762168 0.09470360440994804 -0.4045819469969886 0.1413760049157117 -9.470297184110333e-32 -0.0389166703013692 0.00013145354955003755 0.22690264329902698 -0.2782421167082184 -0.31157642451413897 0.2189969495942078
2 3 -0.034298035619107416 -1.1016102199030116e-39 3.4447913712261334e-06 -0.15512113738853117 1.7287278740549186e-06 -4.356692979305505e-07 2.2084382513786905e-36 -0.1297312579652372 -2.542347754290371e-12 -6.434930109845694e-11 7.709513596604975e-28 -6.809243781566407e-08 0.1311838391980557 8.848532807596691e-27 2.696064603417014e-22 2.8243956153728034e-28 -0.021738434067477604 0.03235203578672453 0.23033868248747064 -1.4187082555518199e-05 -0.18864116136501652
2 3 0.18226618990165697 -0.24930645466861398 9.537340891017479e-23 -0.4141006004456415 -1.6255872753354045e-33 -0.025135642213842325 0.3561700516036895 -0.09790870408738653 0.015245130973416465 0.22987416997747262 0.3548151755469177 0.012064839121818136 0.07622737481692902 -0.5741599593959356 -1.012150327470095e-08 0.17976676811758163 0.03742810913260067 -0.14020806542320954 -0.18528619962465084 0.35411195385642463 0.2693723903670815
2 3 -0.23312368836680383 0.056746853122634645 3.543349648018323e-08 0.1768452240738666 -2.3371021852508447e-39 0.09159724437140926 -0.7343366853697878 -0.21545334135328073 0.1284522958984254 0.48883048962404185 -0.14724271877037148 -0.44167779981289923 0.018173067913373524 0.23523487814502217 1.150533891301454e-13 0.013849355433328797 -0.5372831403800673 0.07153902800086848 -0.21019014629221242 0.14084097215160854 0.21267677050015937
2 3 -0.3146899821766485 -0.4058775728774355 -9.65229039576574e-38 -0.2859000633723127 -5.558116392805442e-37 -0.04389573965924871 -0.11238988250763363 -0.5079439528290549 0.0033103740178716053 0.06349854804503272 0.033050442645307695 0.33053103154129476 0.3530734013433636 -0.3528733273823285 1.0358685701008487e-35 -0.17420998612413666 0.2498543362478549 -0.11134381746559571 0.28659038888280663 0.07848667989341257 0.12856138585561303
2 4 -0.3397498908747231 -0.38479641348333987 0.10012807111718046 -1.1206772584954785 0.15613626851660056 0.3469024449243469 0.41204005296659724 0.40770729508490994 0.38802684710736385 0.13486441858429246 -0.2377986985817742 -0.14135372018412165 -0.532855679494971 -0.5364715069619859 1.3390150365770113e-06 0.1560715033727457 0.0006417449481171112 0.3203274123037706 0.2447592197734842 0.17083271406060813 0.06404919109666733
2 4 0.07176397664701938 0.005992867868338262 -0.31644083904241027 -0.2734531575306634 0.28091508775801527 0.3057689789027039 0.05714473049232637 -0.10175763069519114 0.1080422178682966 0.29952225616136485 0.3732527039851546 0.31648281307831294 0.4565793662036979 0.33312929843061184 -4.7563008809459927e-07 -0.11168952873077631 -0.005913339911013945 0.42853175930066145 -0.22537094020288212 0.15504421692374695 0.0955999997557942
2 4 0.530139395404165 -0.19555422477294504 -0.019379471405282456 -0.18061538210864095 0.37092806853487653 -0.22035872971852166 0.3832624189532715 -0.5295885806753675 0.038947767370608725 -0.16465630891936528 -0.592051153763833 0.16436852614025768 -0.4238169567336717 0.28524658305443124 8.576694099874289e-13 0.34776245897271674 -6.905710012489946e-10 -0.9665635865957466 0.469809997367707 -0.43779714126963737 -0.1380203276605033
2 4 -0.18229145692983456 0.053398199355005664 -0.3633162211222174 -0.3080390219502537 -0.24136581668774917 0.050212566516496346 -0.07844783180570378 -0.22155069262906574 0.06358386182076314 0.12455108405195069 0.20621090061916267 0.18218734913726134 0.15634585691350858 -0.22131467205960242 -4.573504625769408e-09 0.32703492969753856 0.03925757185904759 -0.21410607524055092 0.04466820418438794 -0.18359239308352748 0.2501284180066439
2 4 0.31032407426565733 0.46885881721272393 -0.3393138868791495 -0.01287602465489443 -0.05920456254391857 0.3642557990611532 -0.8806145678065458 0.06534102495356084 0.04899186284933119 -0.006700467598291959 0.6311229034192405 0.3850409737757583 0.40239346121164427 0.48259996883189565 7.853316572777932e-07 0.3859004010223979 -1.4344955069309793e-05 -0.0610446995966634 0.3244135131203488 0.2854595938592715 -0.259752252328571
2 4 -5.192156259014773e-07 4.970164336119824e-06 -3.309796701912658e-07 2.735572220284677e-25 6.435388000067397e-06 4.869247598249527e-06 -1.669826521157849e-24 1.02138396743719e-07 5.922709211437173e-14 -8.667931359883718e-10 3.208036641871324e-11 6.567840535251333e-32 -1.83604474124762e-10 -3.5828177875485354e-09 5.957297844625032e-09 -2.0276280751438925e-10 -7.969087674187488e-35 1.0419230449735595e-13 6.14396347068311e-10 5.820200874637225e-07 -0.2647805234899341
2 4 0.2929475264676913 -0.1560117997502809 -0.5462563917133704 1.1446428086329225e-09 -0.3159723531930068 -0.17299157173633548 -0.05359366897663286 -0.21775210401885026 -0.2654494653326091 -0.40935906771610403 -0.027210456332956132 0.29838603374991773 -1.0373373101375812e-28 -0.06304811639152846 1.874347160829514e-13 -0.3185215141113074 8.030248820077028e-06 0.1380879203254791 -0.19738872875092317 -0.028919650826118817 0.16122211159352554
2 4 -0.29724991688623315 0.35730129848506936 -0.16273129087381794 -0.8032093093833806 0.29371811825943017 0.3760148449769892 -0.15148281220708032 0.45764807451136624 0.3454828760550738 -0.03881179701024696 -0.0852003622873721 -0.1322226576993645 -0.25560913333250485 -0.26708875405806315 1.3643883165287603e-29 -0.1895007774330715 6.344046052578525e-06 -0.867005036189739 0.5647891384947048 -0.573895412598655 -0.3369420198309127
2 4 -0.005375934403054582 -0.12602597874091445 0.430255168039024 0.6839417955162731 0.027151556644004603 0.2701540943051367 0.36941493477298065 0.18344280333021593 -0.09012016883684812 0.01855419801668912 -0.18910945233322365 -0.1930624211103214 -0.28362316408658833 0.20130089746569277 -7.152288025492105e-07 0.2386454809641379 0.020388970535955595 0.16021534780387664 0.29867872963936176 -0.1384504995737217 4.279416692836619e-05
2 4 0.3396642483923874 0.23848098018804367 0.1206454781080551 -0.24004348450218763 0.2559204895836442 -0.11923178045227484 -0.4613085334733594 0.2397147834014561 0.3241388479609084 0.3546642664374416 0.008964367949517564 0.18985097803808057 0.5075789732428193 -0.08475906387688369 -2.96807054552122e-12 0.19182114532237998 -0.003964091593895142 0.10608601481364752 0.07112156786779036 0.10825606003727126 -0.31719624729138085
2 4 6.078866795263884e-08 -3.967916211021942e-18 -6.745731599934311e-17 1.4042543901405831e-05 2.2190015805660163e-11 -2.8478454821249785e-08 -3.3874308356704014e-27 -1.726444037739517e-14 -6.174820451782609e-10 3.907659056990851e-11 -1.29758029419354e-06 -1.988620831980823e-18 -7.023041451987593e-11 1.093936243627375e-12 -1.3323494175094765e-36 1.316927569177247e-13 -1.150934109601293e-09 2.3331157809645572e-09 1.5037113919806316e-22 -2.43907264895627e-36 -0.30524474557020576
2 4 -1.0110607533268156e-06 -1.018528198217048e-35 -3.4973646097980703e-07 4.3194504208611156e-35 -6.898765883200082e-09 -9.964344249305387e-08 -6.279749545201961e-27 1.8413181841032655e-11 3.9627998321533867e-20 -1.0111953718223351e-07 -1.0450053052154145e-06 5.90136502120191e-15 -5.855054471781303e-10 -6.133128571928311e-06 -1.5980423943935855e-15 9.363787282532587e-08 1.9429861456861207e-06 -4.271554904700789e-10 3.980449684553629e-18 -2.0980756680385818e-11 -0.38286442944632276
2 4 -0.36766167822019064 0.11586021687049612 -0.3409479945833276 -0.30142100977152214 -0.4375381475007468 0.1607235537661442 -0.5210461986253795 0.41919257276457683 -0.08624330366018082 0.2838728678382854 0.5403858443932069 0.25603742693422804 0.6558598295804855 0.37720917641734025 -1.6736384923516928e-10 0.1944592696708773 0.1177298740687225 0.42021950710583605 -0.22029698356200916 0.0736478651062302 0.280901352744697
2 4 -0.31651483074138687 -0.12921950312493202 0.2949867238357386 -0.3261038387710513 0.4210060549758509 0.2853749269802363 0.8005131004053458 -0.22990773791514 0.13544675355228525 -0.06822288791957538 -0.39240149287068465 -0.031243151049246878 -0.11891596664758501 -0.5106113330513881 7.100015806190402e-18 -0.35890276379335867 0.0001539394476571417 -0.01319166239216532 0.01128064925585945 0.3919005106999494 0.38681749106861274
2 4 -0.35576787850740754 0.32358785457067746 0.01106137925461582 2.958599612340478e-06 0.4427060830577823 0.2819672003311743 0.32686107328751957 0.13635817808588196 -0.19870424909290252 0.17692773790471725 -0.11287225391101953 0.20403945642617108 -0.6435748938302199 -0.15893615110260126 1.457594232309019e-06 -0.18738256740454998 -6.024059363438597e-07 -0.0413880358121414 0.07056547179685124 0.18112813539726355 -0.2985335569186733
2 4 0.14810861289033825 0.38782404151825745 0.1866739847499422 -0.4445321393899228 -0.6268854286696506 -0.28045346434148744 -0.16239951291004048 0.2785284987318945 0.0871357729734459 -0.2058532450710842 0.7525072070978575 -0.5782686859809656 0.8018726111739096 -0.0682864435730151 4.147032666505527e-06 0.11635157664429926 1.4896426438089723e-05 0.12769904803470916 0.7544581219708325 -0.15339208804284357 0.0388029058073473
2 4 0.1788465659832777 0.1534022739493191 -0.3586187555612086 0.1438131632114038 0.005559813257632136 0.07897357995164564 -0.7573495210905655 0.32548694285271196 0.26419284042623625 0.18656817712861998 0.4454925280656898 0.1895552884397296 0.6686646301138045 0.3756555522442369 3.909296324922159e-05 0.03394230597710785 -0.11633143281311645 -0.1718833715969181 0.018688889634995116 -0.3657726366931424 0.264534041920461
2 4 0.09182356122029944 0.28720238735149006 0.40316221928539087 1.1168047141015248e-19 0.4634336092478518 -0.1407607344411675 0.7062571911488624 -0.2552829086715224 -0.4836292864830323 0.13292674844276078 -0.05385005709718709 0.07989814275220046 -0.3603603241523636 -0.2247251506107122 -6.053508800982825e-06 -0.2879326719595731 -2.203967474885547e-05 -0.3528007374243352 -0.39883573145192647 0.3468342881240558 -0.19188606028940905
2 4 -0.10596712714695465 -0.3756083208101286 -0.04825156591173266 -0.8987286420473477 0.15434258947298843 -0.16355632814922624 0.33087908545231676 -0.20264131869858212 0.34027022368872545 0.41084436106885075 -0.28350671447566894 -0.21983713950303094 -0.4401241433053444 -0.4507739080591724 9.891061655264077e-11 0.2331719822175088 0.002859681929051619 -0.460570800952263 -0.004931616822410398 0.0022564890820008557 0.28137966012221177
2 4 0.09102145595891849 0.26242404554607435 0.3661930675111675 -0.9044893310912239 -0.020866197204496183 -0.08202457856597116 0.2528872895325114 -0.029159494438904945 -0.23143370705759486 0.17886305077847334 -0.04093219402918927 0.1718886988628789 -0.06317427801156782 -0.45021970538742384 1.9577454414881365e-06 0.3116279863177574 -4.420836330024512e-19 -0.4681200995013161 -0.221411856773812 0.11367727030184055 0.28964593290257007
2 5 -7.807491867489157e-06 -1.711107647334088e-20 -1.0720102041580521e-11 4.689721494868606e-06 3.815040940942198e-09 -2.645479342773521e-08 1.5758529263670101e-16 -1.0530421791385994e-10 4.4324818667863505e-07 9.256626610500575e-15 -3.244754195523568e-07 3.5010180461742525e-06 -2.6348985737873446e-34 1.7517594464869415e-11 -6.441373144249408e-07 -6.037317173271079e-31 -3.212364369068842e-12 2.973426642566693e-33 -7.397845305744421e-32 -3.0968920126322483e-07 -0.03573641337514527
2 5 0.09126448772569798 -0.21816716955532348 -0.291721344621831 0.08968168657422332 0.44316111125567087 -4.362097705794252e-08 -0.04730885173566792 -0.954457209854032 0.29210048997586235 -0.05992933061147162 8.40590749166145e-06 -1.0715911314802361e-07 0.10635468000737992 0.14969064730732567 0.09759421041811675 0.5904865001555698 -0.31230931502331377 -0.5281904297750913 0.12822548100582967 0.2875109109148452 0.04367114200579973
2 5 -0.46696377525766997 -0.13059762964819263 0.5126919112189854 -0.36368095844512277 0.24601070793079594 5.7848925402278436e-08 -0.004031128982483734 -0.10127272705831854 0.22705885813285814 -0.1744005072246446 -9.114649734845725e-13 -7.5263209412517804e-06 -0.10166237185187896 -0.6868479592806667 -0.08062095511334416 -0.8758904526039505 0.17670000775582945 -0.07253824862548136 0.210914148686449 -0.33929552098342175 0.17651795248747076
2 5 0.3105945438401841 -0.011484584352243398 0.7402877739092145 -0.12062164910022374 0.07320071075787377 1.440984019311029e-08 0.28743479573592984 0.8936644568248495 -0.05895353335315281 0.06844651922549999 1.3419974183305077e-08 1.574707307398462e-05 -0.3807088145146016 -0.026594445076752495 -0.06708274231675684 -0.25716571486597994 -0.37444598051283545 0.7072554234310564 0.43363493874141135 0.28595473739008787 0.0642407267815717
2 5 -0.36691068604820853 -0.21363651463041158 -0.023359105330954064 -0.02063583264050291 0.06739621031782835 1.5708901245726574e-08 -0.07878400738655722 -0.6116646190315785 0.18617825680862424 -0.32590847935553563 -1.1695590851664119e-17 -5.776520877825093e-17 -0.21763178922901974 0.02532480038103277 0.015276543705631104 0.37695489907590213 0.08326367999456748 -0.0296474437326475 0.17797352740837855 -0.023807210027553045 0.12887039374203998
2 5 -1.0000385367718153e-16 -8.309536110479629e-14 -2.2131579632337594e-06 -9.219853486544442e-07 -1.1552691212629645e-05 1.3760992465406964e-14 -6.597665537442631e-30 4.8068777922192944e-08 2.580632699464148e-08 -7.434415686005488e-08 3.302978574707545e-09 -2.598628083240813e-15 5.026307097892537e-20 2.6558807395479597e-18 3.8505931890524324e-14 -2.5202031185431983e-08 -4.38917257090691e-06 1.75083945559497e-10 -1.4324047434902352e-10 1.1996397445993807e-05 -0.26852279963668174
2 5 0.05243505824738811 0.2777702675146753 0.7490060497129499 -0.36327409062478944 -0.1486423551286302 -8.157520646162129e-33 0.39996427692271297 0.20242975085152934 -0.0491842859462187 -0.08718762909189812 -6.194005620504439e-08 -5.715214398799819e-06 0.054003661176797516 0.3232803425915491 0.48710844339892584 -0.5529436840295446 -0.2518710802563174 0.7187359271915534 0.31720476732406033 0.14405489281210762 0.19893473935523207
2 5 -0.009627983837199526 -0.029646533128325908 0.004142659371863799 -0.009342333674914296 -2.7375147370243486e-07 -8.026469903918004e-34 6.09185426915689e-18 5.302326219153494e-07 0.005252705880776851 2.056926749369436e-09 2.353120863293438e-30 -9.705534087195002e-09 -0.07133915719445673 -0.0198620564616908 -6.4619406252164044e-09 -0.0003403803549974963 -0.03629561717313821 -1.1854874632619964e-15 -0.009547097426449755 -0.010476416643829327 0.02853050917825827
2 5 4.61552485933118e-09 1.4900490807620176e-11 1.8089874627574206e-23 2.867626437914986e-28 1.3086621847502646e-06 -2.5993737706933456e-08 -2.08572332634542e-06 8.963815652306399e-36 5.277937270594735e-07 -3.3987489427067575e-11 -3.4535893870721044e-07 7.241559855262795e-15 3.674430666914472e-24 1.904685242988227e-29 -1.761041027489265e-08 -4.16594659774617e-07 -6.327092111296332e-06 1.3227665958246066e-15 -9.526795052701779e-15 1.1923722143309198e-09 -0.36228726053393745
2 5 0.002070914391749859 0.3038033378629413 -0.7143975865178275 0.2593735347306241 0.18010872043341133 2.1221018905245788e-06 -0.3384352580613319 -0.5075213033386317 -0.32673298372670384 0.10217138355786774 8.649577611744627e-08 -6.964891344610181e-39 0.3766865241459539 -0.023738609248481406 -0.42626868240171917 0.6187848749573969 0.38256228808085113 -0.40099457721335996 0.29008218908841954 0.29994870221896935 0.26065792913215646
2 5 0.04011126253141845 -0.23845755217042203 0.5698192352641672 0.037709536485460285 -0.45822867062146155 -1.1229543143646077e-07 0.23138713213429005 0.5761777570841091 0.22070703382596854 0.2939866396876021 -2.830276951319414e-17 -9.193474461034628e-13 -0.33431007065411883 0.35252596857331625 0.40093041313067995 -0.5884222372249881 -0.2983108326164513 0.6460872437691269 0.31575616857859395 0.3625150571488011 0.13402668357996078
2 5 0.3004236723895925 -0.4044279826688185 0.5751125124577756 -0.20348112054959136 -0.12420650977297502 3.627213228314522e-08 0.3447307868675653 1.156837721558934 -0.19690985372022873 -0.18119631357114743 3.394465602786821e-06 -5.877741286244236e-10 0.15919261791314954 -0.20119063969412504 0.583188690537315 -0.6116408152583717 0.3628840767462761 0.5144517282956321 0.11210741946291632 -0.34354297014646873 0.1793671527589833
2 5 -0.22728991718878352 -0.03911120312180297 -0.0294901168937381 -0.05056584840877782 -0.06467929276104072 -1.1804098912142724e-05 0.10299522659025008 -0.5795271139962765 0.035841688670367015 -0.4327067192923713 -5.586059274183171e-07 2.825754535894371e-23 -0.18292271559491938 -0.04254614935775184 -0.016449852942645064 0.3423614988003554 0.13585022901998986 0.032405084042225314 -0.08332201413993312 -0.13880089962112127 0.20251878545059407
2 5 1.377068288519707e-16 2.1672472518443884e-14 2.8327243786819454e-09 -3.786700743697467e-18 -8.819156938150571e-12 5.7863968730074435e-09 -3.3166727591512995e-06 6.639017684210983e-11 -7.048825945946872e-15 -1.442827606467185e-13 -4.784586153913693e-16 -1.8748596673603932e-36 2.2523730931245315e-27 -1.5880114750818175e-28 4.815036512663653e-19 1.8814801384108881e-06 -8.06710068446104e-32 4.994123567138378e-35 2.9734062220807595e-11 -6.302387753918955e-14 -0.32434943703803215
2 5 -0.3460152466182468 0.2548958060892059 -0.2335453576679892 0.12620465573652745 0.2628175234605801 2.536071796984608e-07 -0.059781365503467215 -0.8281459343329678 0.26365305956320456 0.3753149173725657 2.330035944602645e-16 -1.410448339107184e-05 -0.01983972254526891 0.24298236696223027 -0.04588960744291017 0.6467783130191294 0.278453523202495 -0.49349631767796676 0.2531991987640727 0.36914449507844577 0.33979208767040014
2 5 -4.556881975793242e-09 4.1975602996750973e-13 -1.5805443145990426e-18 3.933074111633124e-06 9.839771366040293e-10 1.4215610870365876e-05 1.101597377575332e-05 -2.4535961534241986e-38 5.092160385252554e-07 1.9244798367333867e-13 7.611904626383354e-32 1.7401311204020123e-06 -1.647311800237546e-09 -6.262321592729511e-06 3.210109333085518e-11 1.3620747534602934e-32 -2.1993631663515467e-06 4.354137346734917e-36 5.3781243064617265e-34 7.156971279043753e-10 -0.3346785606251346
2 5 -0.21535326141154004 -0.04043334645628719 0.00940879821491089 -0.11250729984176774 0.09984407926882659 -1.726203236071374e-07 -5.311001358676424e-39 5.8456903019768815e-06 0.03799727054921719 -0.7126764522216167 9.92181830800456e-09 -1.7668479138918685e-32 0.08309865086387723 -0.2473138378992795 1.7432222349087226e-13 0.06922034045852363 -0.17574856547303708 -1.1516314053135846e-32 -0.1537678456271229 -0.1438262916497802 0.18250495222876661
2 5 0.24705113925238117 -0.18483751787347913 -0.7849156500471164 0.25144135016941194 0.6185002296367521 6.4885233667048275e-12 -0.28305154483343464 -0.8652922729387925 -0.16423452548774017 0.27219912641697 -1.232378163284295e-05 -7.709634184475168e-14 -0.25452722673284167 -0.14324701750009616 -0.4048916825120044 0.687360331260085 0.414697498922657 -0.5494238922494445 0.3149476938616962 0.1888236269742583 -0.06111699819900668
2 5 -0.13186189280594912 0.12825224599916737 -0.8426399368547131 -0.06143484445108428 -0.024373827675262687 -3.773455223998168e-11 0.00999927646353541 -0.8653002442442931 0.12384457791563375 0.37440937018641657 1.5254264659292887e-09 1.1167290555426986e-14 0.13492947811544145 -0.1008224497204875 -0.2820424251175691 0.4112717388639434 0.14632623656970226 -0.37431725485594475 0.23384649903397794 -0.10242846964026196 0.08265760319643667
2 5 0.09488181376225824 -0.09536419657294803 0.19650185543676052 0.021788694363386724 -0.31023104607504115 1.1678365404886167e-06 0.24563670810357116 0.9120908504751164 0.40371953301086344 -0.3625494793836446 -1.03797872895606e-35 2.6053717015611614e-23 -0.31349862674095125 -0.06702274411908128 0.4176943543555266 -0.3072713230383514 0.19129740151052585 0.6710204388837515 -0.012249503629942855 0.06069177114607768 0.3236393808964159
2 6 -0.0001327709451882002 0.21199596023949105 1.078297407294323 -0.6796767810520115 -0.5238682744655008 -2.8914409662584756e-09 -0.4341418045090763 -0.0001402918005646947 0.0002537281042175775 0.5732144709901795 -0.5075952396467436 -0.17772502912489607 -0.6989282234749133 -1.524906780051297e-07 0.15018160200746153 2.3281288093576909e-10 -0.46368970999850967 0.33522511476620154 0.07336169660771415 -0.2868985758514242 -0.49753726083953803
3 2 -0.22722037416543375 0.344097390760883 -0.08771749229655168 -0.4280759048418063 0.15792502275934797 -0.06036876339322013 0.35017986102725435 -0.084955474416464 -0.1425363355739869 -0.28957035869400405 -0.466115992379749 0.08714964364142169
3 2 -0.3123401820590744 -0.40003581465218135 0.41969037376039153 -0.42498388738639914 0.23427407352944174 0.01427742274554835 -0.021784183331668566 -0.08559059874302384 0.02735044047176289 -0.03330705049581637 0.37470660065983574 0.11441936239629762
3 2 0.31718764625276386 -0.201838082523618 0.03161685924681784 0.2904465142774222 0.5221073706949801 0.39696632633602846 -0.2413967326586532 -0.008858969545642767 -0.4595145895712333 0.20217100203757718 0.31610718031429635 0.04515720896209799
3 2 -0.12571530673263015 -0.007137134988848274 0.1814522293565772 -0.18205823300612933 -0.47179751196524494 -0.13905131678959395 -0.03525431986792216 -0.20204686844202327 0.3738486861050435 0.3974520524904158 0.4053699855663011 0.12132662626141598
3 2 0.1840167483346311 0.5936311795776095 0.08034616914646175 -0.32198105669465055 0.2864234610711349 0.08770978755307696 0.036187269299346014 -0.17864853126486316 -0.19785168268010522 -0.021654465358477447 0.513845415888989 0.19509945294248285
3 2 0.10297316090400328 0.1299485459527556 -0.1744621382576261 0.3239034144478911 -0.16470736590068888 -0.19642386901970377 -0.21189329545678928 0.21016042038847038 -0.2243348677944428 -0.3752609716126936 0.25720158873567434 -0.4154453212241107
3 2 -0.01578182425973829 0.36209286803049967 0.005576369789533149 0.33985910330062685 -0.014552893463572117 0.054084784658050174 0.2195544768187337 -0.03821421940179306 -0.3955794892072121 0.28766533243446707 -0.021696879470102896 0.46770706062560186
3 2 -0.17457128853238438 0.07120646452440814 -0.36290778675630114 -0.3981209054878707 0.0402450714079908 -0.3585192918354584 0.30415568401052795 0.12224802014675434 -0.4590364315331572 0.4462450526823071 0.08040813858979612 -0.444215820632798
3 2 0.4657263877277715 0.07502739444651814 -0.030102843130473535 0.06406008801463851 -0.4272843856695835 0.18467162587526134 0.1289075779207295 0.26852579028530704 0.341620878499136 -0.3819215011411912 -0.013000900832203174 0.22186740082660264
3 2 0.1712313398618131 0.036882588117530465 -0.15128161737100662 0.216267063984539 -0.18635323455103892 0.08308597146072681 -0.25333833113707144 -0.1732932455327647 -0.3085716884922249 -0.2734291410513549 0.7787876106974487 -0.3052365633859251
3 2 -0.18848546360642712 0.03926440277274693 -0.5376819611138074 0.29675131351778644 0.16553076802250502 0.3486531237424987 0.23344949371846976 0.3041570385962705 -0.43067188859055094 0.0003539988200800282 0.32013628279658884 -0.26049208734281903
3 2 -0.10412756844609987 0.13202034688881942 -0.07103693211109392 -0.0964866960503695 0.3233992880571674 0.2911915703748185 -0.3215528094986541 -0.5218478449682816 -0.13587515671377226 -0.34920780456799144 -0.07667410798634339 0.3223754880247815
3 2 -0.002689139220924433 -0.08048267912158402 0.3539251648167687 0.20278436700688124 -0.3134669986095164 -0.10253861464032217 -0.02539269065415376 0.3557225255416103 0.37456890691395994 -0.2793257690173437 0.5205141166121589 -0.15869831852859576
3 2 -0.28241324890173397 0.03886563015806204 -0.006327826269062554 0.08717947663526714 -0.25725706431520134 0.10293826590443002 0.20275126905890542 0.32574206385962406 -0.3182813124344578 0.23063696046185145 -0.3570102513918588 -0.011673093874753663
3 2 9.066387067331477e-21 4.885731841895441e-15 -2.431550440844043e-08 -1.0377762287821027e-28 -2.0684887128045562e-19 0.0003355884144646752 0.00016341783515489748 -1.875805525216625e-12 0.0012039394056031954 2.76021686504813e-10 1.0251460457579917e-09 -0.30460720004710967
3 2 -0.18239558168175693 -0.09990160513281933 -0.10042182484322296 0.3083948301832246 -0.04166317914661318 0.5065080615055687 0.1195885949005135 0.21273463022329256 0.16986116847475588 0.2074828400964126 -0.484505111530462 -0.18500736784543267
3 2 -0.07068355324959547 -0.29264974510388697 -0.12943378998557495 0.35368716862089994 -0.3674173061409708 -0.4138760771123952 0.41778190046822883 0.10868567709334508 -0.3156044492453263 -0.2711252904178034 -0.3685531718048092 0.18341390704384578
3 2 0.25556044868604794 -0.14123310638962674 0.10475168282342792 -0.06530814925962343 -0.29870600606067516 0.004082078604772781 -0.18545225220357026 -0.12504408087763433 0.46068406015399843 -0.04069153763137177 -0.47704771779066174 0.16389936644588224
3 2 -0.36743768357705314 0.22491320795434352 0.2611575596068141 -0.23078120978929012 0.37437640409049305 0.021375208373532534 -0.1921526209300747 0.17478157595889818 0.07584989819128095 -0.5046530215543373 0.17846543238306214 -0.12135707538467816
3 2 0.018178201843222313 0.315287529892653 -0.09400281372966292 -0.39200004849943565 -0.44878090708449225 -0.3350601889408712 0.03148186584898074 -0.4686132760964072 0.10332957415218459 -0.2053485033929511 -0.16556277546595508 0.15958346115409913
3 3 0.19221384290126584 -0.04393391708190801 0.17354035533713807 0.3629516826584593 -0.003293604005726976 0.39442460684195635 -0.3959043125436466 0.4680266482632123 -0.4055148689751178 0.2106924035972691 -0.041011732221705004 0.28355878486643676 -0.24777195983888523 0.11529050188038872 -8.515431125811331e-05 -0.13823045302102546 -0.23327550159596783 -0.29566200319675884 -0.12969279550543727 0.11230536762513584 0.037086445092711896
3 3 0.2166517288976908 -0.13131079706656504 -0.0608189261203385 -0.04945734727494249 2.1420926123287683e-06 0.0727382912682431 0.01696086144471245 -0.0007416389187134629 0.1993059280343908 0.13063446619765265 -0.05100028986752506 -0.3208807784975139 0.07382318106100874 -0.21706058298438594 1.8173977563995882e-07 -0.07515119053024721 0.38099147850695203 -0.20181849265669355 -0.20274327839685083 -0.296436480023627 -0.22223291609447132
3 3 -0.03227129003569123 -0.053713235554424754 0.41005143400063143 0.22101775440919977 -0.27381411866817823 0.060016132089567874 -0.6790723769948979 0.3014259015204604 -0.26102474669242265 0.2022568513668779 -0.28100350330449764 -0.302514611199464 0.3269898087941706 0.40018948771826623 7.091160623004028e-07 -0.12965028956280908 0.28654717946922403 -0.3250412616471951 -0.11778491714336332 -0.16255099517436794 0.4568231295182034
3 3 0.23961489447105275 -0.2911998361033019 -0.5257239597487859 0.13831208140989806 -0.44356568918858164 -0.3060462016931062 -0.2246289898748529 -0.022306071011014846 0.45069198593805154 -0.13988991355806205 -0.26310376204526503 -0.33597105190728677 -0.24133275431184417 0.2834044447666843 4.1527314707217607e-19 -0.2051651164920841 -0.1879992472014457 0.11799380413508835 0.046609199075782516 0.08054460902943296 0.23259416154285462
3 3 0.054490430917812034 0.2414228475071269 0.44775324321245014 0.1329048551545502 0.7205463404245914 -0.4894062071835178 -0.1300867861838683 0.33125495308509567 0.08068832342421667 0.24883093618415275 -0.49999476399045134 -0.23281520394811714 -0.1266556093638962 0.30961905549233965 1.1899296292513129e-28 -0.07743947596354953 0.16601945580804778 -0.20885912355861191 -0.026521679669681258 -0.12961172072828073 0.060215682971312794
3 3 -3.133209272632314e-08 -0.0003046982123015501 1.4406904778077604e-09 -4.096998160606906e-28 -1.0397550177401579e-07 -1.2337703515642253e-25 -4.2339465331507114e-05 -1.1410487938461055e-05 -0.00023239264611871587 -1.028510661100049e-31 -0.0003441306006459042 -2.259765522857828e-23 -1.4464482801015745e-07 -3.8175301578370905e-05 0.00012165066169862383 3.788701405727691e-08 -5.77681390851076e-08 -8.119216259027516e-06 -8.796774020833281e-10 -2.6994365653211137e-12 -0.06170802743604514
3 3 -1.1223757289170314e-09 8.365998259025859e-10 1.6185101003291257e-07 -6.983110562465771e-07 1.127439208158024e-07 -1.809087246498436e-08 1.039452402524375e-10 -5.648965554410366e-06 -7.002565295521178e-06 1.2314731273777163e-05 -0.00046539861302376744 -0.0002946431283684639 3.759278500402727e-09 -1.6091491217226707e-06 5.917615066119946e-14 -0.00055608685011342 1.566304411707433e-23 -0.00024436768327119684 -1.3674175240923844e-08 1.53245193927022e-08 -0.1635033864733647
3 3 -0.010976579530257546 0.057071051709805094 0.38573830426994704 0.2668870818578209 -0.7432477475187831 0.19677462529726933 0.15095851021884307 0.10244999828682357 -0.1322135010621846 0.1654585341492073 -0.2124177107588588 0.23994678985936047 -0.3677905409711713 0.197320687690106 3.8695522710282215e-24 0.2388790658964326 -0.008546355226297568 0.3404643427920445 0.21845515316135522 0.08648823113102506 0.20247097665542726
3 3 0.2625201843112993 -0.09373615005335978 0.36141024589468407 0.23189530568026037 -0.07533337717889169 0.5417669254161127 0.032768040575869524 -0.5591045448259532 0.33018025633160325 -0.11805865552371013 -0.03172562305879993 0.21276980661514192 -0.11734669259264448 0.16498217110023886 2.6831836716671267e-08 0.40626728679694846 0.050366304212337634 0.2914652194075107 0.02492410278733396 -0.2939177478009282 -0.003857377220778533
3 3 -0.24874095826295323 0.3686924841777129 0.07427018949419484 0.30575061392890107 0.7457028525468699 -0.5021336884141886 -0.014361162071093414 -0.43956995559262624 0.053163559695990265 -0.13538084016416688 -0.02090841726014328 0.21978800202754828 -0.08373821466574376 0.0969723563922029 2.097194392921413e-11 -0.37871356755305396 -0.33498017582739753 -0.11566653838827483 -0.3244887417716727 0.033037119498931636 0.2408532506605242
3 3 -0.39242607377027644 0.18131804011640906 0.06228345273962484 0.11490608649631943 -0.6396993300162159 -0.26127515869547785 0.38399972090745776 -0.4232337706376861 0.2663034022690994 -0.35790344046742717 -0.1844629929100713 -0.051245681929141425 -0.3502711134714507 -0.4338446840118556 3.392219528658412e-05 -0.29937598124390374 0.2738717540281869 0.21446262686147802 0.12812305581958963 0.3609493845169136 -0.1998148319542733
3 3 -0.2927026676199504 -0.21812478546242525 2.650592126555158e-11 0.29359786877667754 -0.07764383127978604 -0.2871841312625585 -0.4079906407612228 0.11410021387798222 0.35349334065589977 0.12933489232808154 1.1661902074901746e-13 -0.39301932351929086 0.13484263884376554 -0.15218330700438237 -1.4116501243415918e-18 -5.196492990097977e-27 -0.32315089328300745 0.04685775534308015 0.19522125353144587 -0.04584691286175408 0.011581181084578411
3 3 -0.3261087741168554 -0.4057876767877522 -0.15019174376886432 -0.05797735708178094 0.554458568656101 -0.24849322256892548 0.10345667577260223 0.21768699985037915 -0.09939223307641651 -0.3901281240360268 0.04300164618028746 0.11295527673474699 0.06257879694632172 0.5161551099911309 4.695367848526551e-09 0.06115300655923272 0.12380904327760342 0.19825111534299694 -0.20360360798653107 0.11094406376131599 0.25094187177050487
3 3 0.33656044038389293 0.03554274926819549 -0.25486909912957234 -0.17031459595258286 -0.21888013069165838 0.4800932081159014 -0.42871545721589005 -0.5203209750839771 -0.033106244172879204 0.11305419905981039 0.15582993333093353 -0.1102825192465792 0.33329244213131526 0.5559091628364662 -2.4405031102980208e-09 0.37938191738783716 0.20334519322991593 0.06321653842324282 0.34478596186308474 0.21484846578082628 -0.17816970606315707
3 3 5.993298301966023e-28 -2.2431340349743375e-08 -4.7938884020001245e-05 -3.92792494622153e-08 0.0003601027698052245 8.202655754994547e-21 -6.016104837284492e-06 2.2562097055286813e-10 -2.271527227838208e-25 -2.540333856494698e-15 4.3760987856088875e-17 -9.780651619973478e-05 1.4249825783947694e-28 -4.802686931879022e-14 0.00011655891760797652 -2.1714026021096599e-10 -4.806493682612109e-11 -4.908655138036694e-10 -9.256614399149919e-17 1.0586755554103066e-12 -0.30313330942302036
3 3 -0.06895717198500737 0.29095148719040487 0.00429174999776758 -0.16957174992534535 -0.42318935174230976 -0.0773722158572319 -0.42003577072071746 -0.12494544097593417 -0.2028154676664997 0.1461351609435263 -5.359964957751267e-06 0.010944957916939625 -0.2027931871608642 -0.06331107400624458 -2.2799575123487987e-23 -0.17295991556662701 -0.14751525024796086 0.4292462802187458 0.049155330516826676 0.441470737646773 -0.3892458192501857
3 3 -0.18063529880322457 0.0832470845885602 0.3284741099890792 -0.27541958577021125 0.7855453916661851 -0.08137067648379757 0.34388560189132183 -0.21258473829665345 -0.21969420195950704 -0.42573329548655037 -0.4174676960925866 0.3488694961818302 -0.07768476040104323 0.6382884741683734 7.201611950147603e-10 0.336343462978736 -0.07928641903207742 0.32182886488299645 -0.3025126005883779 0.27144360026767994 -0.10788776320979702
3 3 0.2085334256056261 -0.06930391003840135 -0.18133127423727569 0.056595781170803605 -0.12594694336046972 0.039855423024907924 -0.26137277063500475 -0.25175778982593794 -0.44075840967419094 -0.27241483510749065 -0.3266975851957903 0.33658604864365693 -0.2730018929534824 0.4296543245156132 0.00015834814984451125 0.04621957731730278 -0.020198795855374364 0.12019788170317383 0.13004579126346236 -0.07201915201152025 0.21199022449316585
3 3 0.37568030910529415 -0.1398193309706655 -0.2392428994152849 -0.07810114634742676 0.8160775377190107 -0.2710589806358957 0.23354963039969762 0.3817075352257567 -0.16760296780891007 0.34555218921615705 0.23438263937755854 -0.18348624185470466 0.29520251341507614 0.581990956981812 1.0959295902605426e-06 -0.12202555965745453 0.08683661757877495 0.19383671919804216 -0.36416904450049403 -0.06113777859529992 0.28839714703339847
3 3 0.09333086730431005 -0.14938559580873775 -0.21360267607735303 -0.3060335036775028 -0.5232392453508709 0.4924091441242733 0.09326811257817243 -0.4306226922985753 0.15536489304824322 -0.16586600994276543 -0.49928167656768896 0.1616771037054117 -0.18054807161289194 -0.20617760631638904 -5.522883479311327e-08 0.2949736942807343 0.004083465388531228 0.1717096991811167 0.3489806941670689 0.34656931211308467 -0.0740307330845619
3 4 -0.30539894720649535 0.22495188813748518 0.38577822193023376 0.27946301508282456 -0.5127792710892259 1.8790074005870563e-23 -0.00011564006073293269 -0.09388492073687334 0.12579232499800833 -0.07559791830325871 0.07712852859853597 -0.48383897404248655 0.20657806556332323 0.02057669307171699 -3.822204264135873e-13 0.27470453375691095 -0.041590353099015 0.09785434105643755 0.05637396296505815 -0.1330383058685293 -0.2918877380740506
3 4 -0.27390264940172987 -0.20258530378384387 -0.05337669165032434 -0.009281776793069046 0.24126678946662033 5.2097933531554006e-05 -5.533368215598637e-27 0.2603843055719602 0.36614309964643144 -0.25451597245379876 0.2970582243750821 0.004455970020134736 -0.35272139387080226 -0.26571799764161064 8.724470002413067e-19 0.40946184140652564 -0.3639096416609508 -0.40824249987561145 -0.3206400170055178 0.325192299486912 0.05610937243108608
3 4 -0.3063322433256858 -0.256689142689565 0.25704391270598975 0.16075434614778616 0.444076804988758 2.914956922788805e-28 3.918331494245421e-06 0.09646303625001894 -0.29928545047330046 0.12079073036863962 -0.2929482088447139 0.3921370990901191 -0.0890841645783587 0.24500914928104345 -0.0007373922102234488 0.09070940623320746 0.1692050084758427 0.36106890626489246 -0.16575389268723165 0.34346293714661696 0.02167368685450964
3 4 -0.15961617354364066 0.10663703612332182 0.23742006669076446 -0.11978862008190319 0.2637475113279616 -3.1881750958524387e-07 -0.0005945590836259916 0.27656771136550956 -0.30570946493222845 -0.5214448524698259 -0.5836588485736981 -0.6307681083343999 -0.38460206429960997 0.042780123751194166 -5.57718591228895e-05 -0.4632083852196159 -0.3815227466829368 -0.44404554546869984 0.22112223124650365 0.026856678306291192 0.18669829889783213
3 4 -0.0003248049834975532 -7.919269360153524e-05 -6.467605279734668e-07 -1.8408513064849257e-09 -3.9666470819974794e-08 -1.1769264228264658e-06 -2.465147229319047e-10 -0.0007416316235536615 -6.610268040097057e-21 -1.440900112997635e-07 3.964712001073373e-14 0.00021286614382062983 -9.864431971722734e-06 -1.928387308523161e-19 2.627265777964042e-24 -2.5266031536178814e-25 -2.423242861313827e-25 1.3638955192312006e-13 -0.0002834139253250424 -2.775605727767782e-08 -0.09645555608303202
3 4 0.0628220820741336 -0.2527168286534857 0.08769011212301367 -0.11930728179891979 0.6157084279139757 -2.3794826045111648e-07 1.7845857379166125e-13 0.19023567466626726 0.22231406313024496 -0.21230189187699433 -0.20740538251235754 0.201217215777001 -0.05940303045496368 0.2612099897391622 -0.0006459592926859653 -0.10225642573467612 -0.1265291265694063 0.37525275752678494 -0.09564849353198122 0.3911097230664153 -0.08354891274240213
3 4 -0.7225758328350367 0.1102851852416926 0.32909934361551857 -0.5916330629804857 -0.11034166910860847 5.606331894889095e-14 0.00025190802700920896 -0.2721510782847188 -0.058415487641772665 -0.16805530639709734 -0.5628870509293425 -0.1482042819245625 -0.2978226523676659 0.11132741979377259 -5.193237634141949e-06 -0.4296810313865268 -0.06753820469719078 -0.37058294648298945 0.1680035848750264 0.2148414391868406 0.3074447959537352
3 4 0.0002773345102598753 9.158281911663649e-13 -0.1750201431974879 -0.12084904187882498 -4.9385960951406754e-05 0.0001938727840845309 -5.252480639411338e-05 -0.21805804215959235 -0.2583461417209057 -0.15070555009693207 -0.22512430995495797 -0.18909773695134197 0.3038018025851677 -0.15380909444766835 -4.927291192494277e-27 0.0007748725709478311 -3.847969975497277e-06 -0.1770573237086835 -0.37215410192381904 -0.05634838801555422 0.31432510997816593
3 4 -0.3888325986639322 0.059383304134708936 0.30505941107656576 0.2959426682911403 0.04235523430307924 7.837634692009073e-13 3.949760786585968e-07 0.03376957003201672 -0.4052402157279259 -0.23592049143401098 0.21107772542703773 0.21607363769792312 0.2820439263017118 0.2874261621401058 0.00020153342449632833 0.04521365116059432 0.309947171761226 -0.2914629482872057 0.3972930796862736 -0.22333413390871645 -0.18850952068942928
3 4 -0.106529744982309 -0.09599367201442606 -0.29044585997790745 0.2929758800446941 0.1947597802055643 3.1759530418255855e-10 -5.407547150709986e-11 0.1377936796230984 0.15077805657694285 0.20480656473132938 -0.1593413523360006 -0.3825025520847236 0.26983717468211094 -0.0071469087662053895 -8.119553870364976e-05 -0.3307569798258744 -0.06885415591824373 -0.3168672315806111 0.3930927113245337 0.19571588987199048 -0.37235332457432335
3 4 0.17561717698494664 -0.070747138007234 0.35015759500050236 0.19531822291418074 0.5194976732952109 -0.00013686628998384897 -4.255444571943158e-05 0.19975237067504895 0.3091078378733277 -0.457767924062013 -0.031338829921296905 0.16395503860743152 0.12066505615506401 0.361409647350426 -1.349158354432287e-14 -0.2176931283736254 0.0402231014601915 -0.005271001961443388 0.09047349295477694 0.22711046235371482 0.022447052214995055
3 4 9.155784195020643e-05 4.964072332094593e-07 -0.0006727363096219677 -4.7802531287839404e-14 5.858936148208564e-06 2.9929513695290674e-07 1.4110327427558361e-08 8.966368312642054e-14 -6.440017771947777e-05 -2.2997660205545327e-24 -0.0005827528620267327 -1.8084691708422092e-05 -3.4313696845998026e-08 -2.3485145587183635e-08 1.4361993605547692e-20 7.692385485492957e-32 -0.0004143563735179389 2.468515740461171e-07 1.2262675136067534e-05 -1.2525297010548965e-27 -0.21209071643187302
3 4 7.52906131324335e-10 2.4132811857930786e-07 8.322339899561878e-05 2.853209194403876e-16 1.745316127682233e-29 2.689795704188259e-23 2.89689692928216e-09 -5.3777059104505544e-06 3.6240060667953173e-16 -3.825875538014348e-13 -0.00010097737446867477 0.00013747779523515222 -6.553697981796137e-11 -2.2054502165600685e-06 -0.0001490456311404885 -0.00010591560351706 8.913487132557073e-09 -1.1259789857281023e-20 1.3599398962236512e-20 -1.8711712022512965e-26 -0.21566277404636836
3 4 0.00034560850229114646 -2.0585878628477285e-13 1.658571470249286e-22 -4.544341626656645e-06 -8.761018330270013e-07 -0.00039087111322200745 2.3389475758979704e-12 -3.4865301998003055e-06 -4.555583032389391e-05 -0.0005251824208995796 1.5258014612838326e-21 -1.2433664066350924e-20 1.6788225896374707e-06 9.623059188575203e-06 3.761597637858065e-07 1.749853851249697e-24 -0.0007136168353201505 6.5248264425903705e-15 1.0451247758243746e-08 -3.458925672098674e-06 -0.23144773068830726
3 4 0.1979594538166888 -0.1860405682610381 0.11542874507152304 0.3210010570478007 -0.31401361869673533 -0.00046051257597688814 1.718986874969674e-10 0.329396477559096 -0.3258321935853654 0.1786150567279125 0.0894484205418131 -0.6386688284179065 0.0215122472338502 -0.01608601300489476 -6.4082570267933335e-15 0.3878746276371842 -0.22488372995453815 0.01514424796126261 -0.26677630917401945 0.18219568662394978 0.3608715476329036
3 4 0.7569009299550123 -0.11682935806883896 0.32118740325241557 0.4518522749872481 0.5753663845191108 -2.8879993021788234e-06 1.25860239639087e-09 0.12810884240775208 0.3109933856339129 -0.40882248837750446 0.15317756624872889 -0.240323143451838 -0.2683354498282461 -0.20717741376527857 1.1688894298534072e-05 -0.2658556498314427 0.14079287628997764 0.3103693927369054 -0.10107499852248754 -0.006247057881733595 -0.3033904721586256
3 4 5.049831011905376e-09 1.8345313298834282e-07 2.4478608035744217e-09 -2.570777476550684e-07 -3.958091893615458e-31 -8.238064980986977e-28 5.020449804642271e-14 -0.00025383776306392176 0.0007946807121401356 -2.0461983989131165e-11 -1.733504856914455e-24 0.00020154052764840272 -9.355922238141914e-24 1.7975687365292562e-09 -2.4500673437708445e-12 -7.049924602000776e-07 3.561311220703002e-28 2.0599793676127898e-07 2.3004481431405913e-24 3.020272251472208e-05 -0.34829256070132447
3 4 0.19375087682317638 0.030168288399542206 0.2949904162035604 0.04492625664440198 0.027603088663623314 9.715073891179389e-06 1.8048952976125364e-26 0.11669122224250933 -0.4127506794009345 -0.13900418838912457 0.09913936194886636 -0.26264316414985844 -0.12410161251127724 0.09850768966582107 4.1956800847317474e-05 -0.02671468039401752 -0.25402443322306745 0.02902493695503792 -0.17850575538148503 -0.7427275386317438 0.1486596481986715
3 4 -8.145588240785055e-09 4.650733936033569e-28 -1.1318551989267097e-20 -1.2805455785093308e-10 -5.734693022526344e-05 1.820664710430225e-07 2.739029604076324e-23 2.990674932011369e-22 -0.0007115883709653834 -2.1890394624031592e-09 -2.095976865269511e-07 -2.30369755228958e-05 -0.0001762316497809551 4.020835890484745e-08 -1.2754055186106646e-07 0.00014854337786728721 -2.2171186077560465e-08 -7.704055079278716e-05 2.7347950475595734e-08 -0.00043016293134199457 -0.21713355658511443
3 4 0.11365348764234216 -0.1386591023263719 0.5943513451344924 -0.22828580762984707 -0.012876457135350974 5.052922147996575e-13 -0.0007553784143972 0.2675256121525476 0.259752830652403 0.13745881509353222 -0.07181274268767728 0.23877358120337502 0.14623115447577892 -0.025345457440183506 -2.726535460854998e-09 0.07989129609891175 -0.2561558601570468 0.04780445386011872 0.004980322691362304 -0.17864851310012866 -0.17617934133560065
3 5 -0.0863070438635931 0.4895781256990962 -0.162300794381912 -0.45350586955862804 -2.4812309952006002e-06 0.010889981449026215 -0.11294736903449111 -0.0028982192842860375 0.08718135170979646 0.15200205289881608 -0.17212512781875725 -8.354353690999668e-05 -1.373555651855273e-05 0.00026787141142870457 0.09120818146900746 0.7193883214725252 -2.9620338470474794e-06 -0.591827687356952 -3.2231013438152614e-08 0.07260137069276032 0.22607076197954792
3 5 0.13513465427901128 0.1312599324191833 0.28964805830716506 0.3822638051772813 3.0329205903528937e-13 0.31403265426810106 0.11813564129444847 3.0998178784854385e-25 0.2588377792538652 -0.083312659272411 0.12386761202322943 0.0007622350182740257 8.433781154131717e-05 -4.345663072712136e-05 -0.24284415889150762 0.12317104056443376 1.5030861172906862e-10 0.31772070714722367 8.87386419206642e-05 0.2579440419336114 -0.3501316928655825
3 5 -1.522503694007789e-08 1.4881414788812052e-13 1.878251498616988e-06 -1.7185937311566961e-28 1.698200338428916e-13 1.191869367283672e-08 -8.693330634802008e-21 3.134698908407151e-16 2.9196616764571704e-16 0.00017727194275330595 -1.439235378603267e-06 -2.988510825519573e-14 -0.00044694215724574207 0.00018875285987937022 2.1741884954753674e-24 1.8828625156681945e-07 -1.383836953685365e-09 -1.532510884745074e-14 1.0627643607449606e-05 4.3174568211163304e-08 -0.28260017153943906
3 5 -0.14506507110774378 0.7178320295324553 -0.08484178964489093 -0.891290385165117 -1.5424001586084502e-06 0.22544079124164496 -0.6651435418188276 -6.126202511423945e-05 -0.05887851193187488 0.27142267892184685 0.24154188569272828 -1.347183982218575e-14 2.0902241996165627e-05 -2.1287674020664273e-06 0.26379653565462746 0.7317649626960863 1.3388121020203049e-20 -0.5886938393814429 5.3580395422226696e-06 0.4134293694370603 -0.36686963595918776
3 5 0.5393339975052579 -0.811079866389188 0.25954742186175456 0.582291235749735 3.8104176146416572e-06 -0.3371772306441521 0.09602749183109745 -0.013093924691914028 0.31063916426716554 0.2223804862084969 -0.18942113352914342 1.2767663116677242e-08 -1.6200076593329983e-23 -9.919814447256296e-05 0.06903022592058349 -0.30023004207916415 7.467806886300606e-09 0.12169160209543536 -1.1904132639267872e-14 -0.2496364125320402 0.251277739182976
3 5 -0.3452561261970805 0.29262791596424764 0.4109041754762663 -0.33011171850065113 -2.154103786163548e-28 0.2112562263664708 -0.5131860467882027 -0.07171679555025862 0.18769598697426954 -0.3129458554812663 0.23127415851748004 -8.143538542593243e-05 -1.7806938659851762e-09 -2.0364166744774338e-13 0.37517418023695775 0.5574787618874624 7.113144274239916e-28 -0.5789360248046069 -8.644550115624391e-05 -0.09996135310947155 0.25037824009477744
3 5 4.794001423996747e-05 0.1653082676925427 0.17989940533671292 0.19042439984301107 2.332541968135286e-12 -0.11523578123308537 0.20535100746036378 3.06117976692603e-05 0.17492929057906 -0.05817314223046903 -0.25964951947841064 0.0005257968102959793 1.1307814780793323e-22 -1.5297281963361018e-06 0.0030477908274946495 -1.1004529255368459e-05 -3.197900997437564e-07 0.05666318803965628 0.00012231888378437715 -0.11837432628512481 -0.054326140149292684
3 5 -0.04528843917484137 -0.46274108039727646 -0.19973403180197594 0.31120674899604567 -7.726876819199903e-05 -0.4465760515504938 0.43454411329435716 -0.00048092340658651214 -0.20176889401775958 0.0444716019866284 -0.4681413071895493 5.989351434482791e-06 4.562492352542267e-22 2.652976410149902e-23 0.3275402175840612 -0.3485392662533958 4.773362077497545e-27 0.2407936131234506 -3.7733498651803206e-08 0.34448408373808176 -0.09538710687218696
3 5 0.6522765102754868 -0.29724697190105176 -0.2973912434671462 0.641072614526686 -2.2260398898141643e-24 -0.07980819295012209 0.3113685284561189 0.11082474046578616 -0.13211258942915693 -0.8051189603210744 -0.07207606140405093 0.0005136464445277028 9.907485066761363e-21 -3.821288002337558e-09 0.23548794730465147 -0.008476441839783643 -2.027925053966503e-21 0.2629280117223621 7.76605345640781e-28 -0.415346472102574 0.15134309115399974
3 5 -0.6086701926620331 0.5900110175935563 0.061402504767067656 -0.1371793868377636 1.6705107631924457e-05 0.3935833378360731 -0.2731730719615526 -0.010149559326184216 0.21814643971344658 -0.3308723635973951 0.11222614925556644 1.0785909075966835e-05 2.5336397325257365e-13 -1.903948480597739e-06 -0.02297278539161259 0.42293500866930267 4.339668438555006e-28 -0.25511305451961913 7.113684218533351e-07 0.03426200691003937 0.35932316233978157
3 5 5.3584387464782805e-11 1.2112187184657422e-06 -3.535903196900752e-27 -7.0753274542761114e-12 -2.955275027028675e-08 -0.0005605928134648161 -1.4128657708854812e-07 -0.0005272937527412988 5.296589573980565e-28 -3.4157412077960924e-10 -7.903326738006313e-09 1.3073736807505495e-12 2.404392015827578e-08 2.092040803006879e-12 6.839580950455803e-19 -1.6742110865718522e-05 -2.2670492683027325e-05 -6.6457289395671485e-06 -8.895832252874599e-16 -2.9341846596927265e-08 -0.24845044854323325
3 5 0.0005978385956296036 8.44954959098368e-11 0.0006643671418337883 -1.3698010007880047e-07 2.0342752362933193e-28 -0.00014864158785401785 0.00043328002275626055 0.00011466714936722416 -0.0005409234971343352 5.829738484844141e-05 -1.439581272149969e-11 3.8986117985547887e-28 0.00028249961239178086 -2.628028397851983e-07 -8.03090958096781e-18 -8.615149372280679e-11 -2.5165893822239876e-16 -1.3382839786753608e-07 1.2365093298518513e-05 -2.0925276559997826e-09 -0.17624874673382707
3 5 0.9118410438378227 -0.38263447654601057 0.3228467970491212 0.1365535179298816 1.2941742584562893e-09 -0.15328094868279174 0.09390173010288784 -0.0012195844758279043 0.31866114883015 0.1824934887472016 -0.21830680752487935 5.279962041519873e-14 6.202754375500995e-08 3.539447450804021e-08 -0.05764963425389029 -0.5117434112571959 5.125572513542276e-06 0.009086755553030956 8.052474798162552e-12 -0.334844336022531 0.26670735068466694
3 5 -0.058053986792007725 0.020038925610295712 -0.2624667360149352 0.06029926904815688 -2.97287956772195e-09 0.07275350924525673 -0.09718450359606866 0.0001402875947828554 -0.13384975809963234 0.17147638259406403 0.0436708539933583 3.985667527902538e-08 9.222102264447643e-08 -6.149049594780401e-09 -0.13028949037821302 0.0830495388965998 -4.547630213869781e-10 7.286903811644154e-25 1.4805180867783416e-20 0.3096819943261952 -0.06131403110083837
3 5 -0.036062256396486525 -0.12230339822231136 -0.04782753736333119 -0.04442427938241593 0.00015822001024725166 -0.18110752181548767 0.14880319146469387 1.9357849297847033e-07 0.1244072855810404 0.10081365657220631 -0.04755021987142942 -2.9507449692492327e-05 -2.0698452209235816e-24 2.217626354134365e-24 -0.15323264575903006 -0.09191094150195259 -3.838222975024549e-09 0.03522208741938465 8.681979291948034e-08 -0.01791760587425569 0.04067200748629216
3 5 0.5243351022117584 -0.18674060961858033 -0.5592502866701332 0.4950785744488806 -0.00036995959010063806 -0.33443184724460784 0.1304909305351218 -2.937494579632708e-09 0.12220125127061862 0.012800450480082066 0.39769428277435437 -4.44232206901939e-12 2.618093718007511e-06 2.5097055211763044e-26 0.08248216576205868 -0.2622613159899875 7.662106259284634e-07 0.5077901319315301 -2.8120991723989187e-06 0.3770070662455313 -0.21917124366441423
3 5 0.3848177315601489 -0.13284896609911356 -0.03144539839683671 0.2136783805451982 -8.666239733405821e-08 -0.5797860397509179 -0.018709984573015495 -2.261323305375854e-17 0.7186557994118248 0.25929095569004895 -0.3099024313316924 -0.00018109685125859319 -0.00025309793575600245 1.127432024456653e-18 0.04516210476217328 -0.5468346208256846 1.704813516885155e-25 -0.02215397290997592 -1.399165911215854e-20 -0.309851003450525 0.14992567359888465
3 5 -0.23074327175291173 0.032643341126864726 -0.08686428510960799 -0.07182677245317952 9.316437431075587e-28 -0.07094492734489544 0.18925427539286954 -1.7837378523806757e-08 -0.22335180777090338 -0.011249121123836487 0.2540561871421873 -2.568148270064237e-29 0.00036704501516506124 -0.0004006104056212498 -0.17529781559731156 0.24778100202639441 -2.910190702027694e-07 -0.0072560144464774105 8.27324331237773e-05 0.22352045440713195 -0.26739661241410756
3 5 1.0640075492588358e-08 -1.6566866716808258e-08 -0.0007985366640344787 -5.6688822589316965e-05 3.5658125798616535e-07 -7.498359666313932e-06 -6.711432491708364e-06 -9.460881342474781e-08 1.2878137751549568e-17 -3.941262435862904e-07 -3.644739787891889e-12 -0.00016600989130415586 7.219296007904157e-19 1.3727915050233339e-12 -1.2180085963552327e-05 1.1452347495350367e-10 4.581288840632621e-19 -6.051067418618482e-06 -0.00047572680379225844 -4.862176857665521e-10 -0.09258442170688203
3 5 0.4965416997495977 -0.7430426348982003 -0.2643777905344723 0.670783978294083 -1.7450617932482488e-07 -0.14983420103265271 0.33590823395073444 -0.000989872885512212 -0.09335715950319355 -0.33645126472124287 -0.2302688545833471 7.237113436184592e-06 9.316048696107814e-28 0.0002163748205350331 0.4093433477121938 -0.08845880178066769 1.3220547351253731e-27 0.11941116140069738 3.7462155419733326e-14 -0.17180481585648544 0.1546292799908055
3 6 -0.265856331942815 0.448855607289668 3.2611420183418624e-12 -0.6768681826325089 0.3103983183863262 -0.47989901697197646 -0.24206736854743738 0.39918864940581356 0.657118325736809 -0.1663008813213113 -7.278430814920108e-06 1.1988623227105328e-17 0.20880859553659 0.08181338329690714 -0.1693232545214158 0.8960162931285651 0.656155445088578 0.3450649434273376 6.110230499813177e-08 0.667876209779651 0.4329582911646802
