Number of NNs: 3
NN configuration 1: 11 20 20 20 20 1
NN configuration 2: 11 20 20 20 20 1
NN configuration 3: 11 20 20 20 20 1
NN Layer Weights Bias
1 2 0.262495110647457 -0.2794448573811857 -0.17220073789362164 -0.03446717113759518 -0.24408891205764394 -0.4712004661797177 0.08317866928282742 0.3441296459807799 -0.5348737507246218 -0.1777598298938051 -0.04683814176919087 0.017408784985577627
1 2 0.4416258089841123 -0.3196221052437624 0.6333326608142714 0.001672808868640132 0.2752059263705675 0.017806628051594532 -0.2795488550682588 0.5156658329392623 -0.10864487768009745 0.05727117377414048 0.12554489352968506 -0.0037995692341635666
1 2 0.24432079138636525 -0.3143129182220907 -0.16890994526887393 -0.24956593885336492 0.3816931764630907 -0.2561540352206533 -0.4692771137536113 0.21935253696406798 -0.21612527983863786 -0.3741016888902597 0.18896211993058976 0.21592690211874266
1 2 -0.05364185217029646 0.17747125149470533 -0.46899366463208386 0.35321993722665534 -0.3564738322415209 0.36799330577271727 0.017502209439854133 0.1282842800676982 0.17571147689264768 0.14139948065335203 -0.20950901786518494 -0.3463810402762755
1 2 0.1861164132901131 0.10814575435077173 0.13692387540447973 -0.11141750191733991 0.02697547704749475 -0.37091652614729187 0.12221928193624179 -0.47678308780075834 -0.38489118904620917 -0.2410137641213363 0.31819164556035767 0.012963813837618186
1 2 -0.0857436499744869 -0.1318919443102577 -0.04666556194390297 -0.1632290291505187 0.2309500594855845 0.34022805328495526 0.38085588930839004 -0.27109612046169423 -0.7650571268126791 -0.3671321462325587 0.40765745484068444 0.08730666493372272
1 2 0.3109115500056378 -0.18408557759929772 -0.489160731970275 -0.1440747457084922 -0.2935459131139714 -0.021831758441558286 -0.19709795167512015 0.29344699129331864 0.0273289459377027 0.022825640410071627 -0.04366572821060913 0.12790547754833945
1 2 -0.4721081301210639 0.21382462041220435 0.23160983699535712 0.2533036638401048 0.47693501898556195 0.02850317221777336 -0.24854881755768893 0.3918833072812715 0.006750516554300324 -0.09652278278118094 -0.34677093337747705 0.04648133444873876
1 2 -0.4088465223367012 -0.018138975074597274 -0.2808215694444241 -0.24018130128567097 -0.32446429256643344 -0.06349718505693588 0.31684360681873275 0.2271640005972533 -0.31562647000232646 -0.45052471389369136 -0.36096797433441874 0.19209553898295986
1 2 0.3721587272379285 -0.2932422607693332 0.2435403749642477 -0.10331489083066428 -0.40599633617545805 0.11094019221854921 0.21757072645272088 -0.25098018349971624 -0.42038664337869197 0.34453004576524254 -0.4524044485231507 -0.19518537844622688
1 2 -0.18257512191570194 -0.29773527129755717 0.008392305324998815 0.2789085778272484 0.11913094232953202 0.5131909351214942 -0.22729270195659104 -0.3670059294405579 -0.5970597555248043 0.38098580463627024 0.03903229449551734 -0.01931324237612924
1 2 -0.4064890213998629 -0.1481214380981009 0.051905242018935586 -0.3075195500898352 -0.2927742147019795 -0.3029275959759417 -0.06407906440531494 -0.25245740051051035 0.1488808203982135 -0.028381986404364987 0.479304871830724 0.24761579563555558
1 2 2.2964505090608008e-07 0.0006284496823155479 8.12228377649951e-11 -2.5584940646652914e-07 -1.3091607777373673e-20 0.002433171606804988 4.301540214983054e-09 2.4805897904929534e-18 -2.239693779373425e-06 1.574948582410518e-05 0.0012255656699723147 -0.3370348069267547
1 2 -0.4433834453186596 -0.12634645199047947 0.07681425968949818 -0.10471672083586933 -0.25942532256806916 -0.038776658058038815 0.4604520854237936 0.2766432611387981 0.3187397698911657 -0.17936745763505205 0.34907824912620306 -0.12954567024601502
1 2 0.1723844548930995 0.05979950618983942 0.30255124107370396 0.31698582880391907 0.23262456514912958 0.4323686686050063 -0.1576730567564926 0.40394120924259785 0.17698705882580096 0.22176626991724568 -0.03711287650513562 0.4073372537542851
1 2 -0.19540881691498863 0.35542759682437186 0.2678942464223618 0.11834455129284889 -0.17953394886702062 -0.17748056571985799 -0.3669072430312997 -0.2506267067498368 0.501799315685601 0.33466306139583657 -0.4887234460871943 -0.009065189112410143
1 2 0.16020704072498118 -0.2957106298076698 -0.4694947479001564 -0.18473346417190045 0.3612226604637984 0.2255998776568222 0.10264470890015226 -0.04069691182565971 -0.3143486933249849 0.2583125489417492 -0.3075559779420824 0.33276411843695836
1 2 -0.3291129508219873 -0.23090310304766384 0.2599662899879119 0.1833291875832502 -0.2745132692812441 -0.18057989638282915 0.048042136212414176 0.33983448061800337 -0.25201256325515314 0.3246067098282211 0.10505813108025995 0.24879765475450497
1 2 0.4157364867414232 0.45437700620520866 0.17202064136258408 -0.15490465896096053 -0.38631874202687216 -0.41799987427777185 -0.32183041180597594 -0.06816872163372477 -0.037331448467329144 -0.012175173177291103 0.029667163044371603 0.33825450460521883
1 2 -0.38660011715578557 0.08942562112540885 -0.1856489663888455 0.1856179737579347 0.1366378779785313 0.20678709394792058 -0.18139930719769867 -0.21733824499736026 -0.39765654283807045 -0.3036879096421513 -0.18881794479721173 -0.08694294435658259
1 3 0.2719811112945087 0.24099857253073273 0.2459376622682717 -0.028955979987077423 0.3463122275718285 0.02104622479144395 -0.18269715548788293 -0.07130357135491318 -0.04190673242512206 -0.4346043085291246 0.3694178274712166 0.16159070814170873 -9.489242266306055e-23 -0.40016360270292944 0.12920128308235887 0.17863961241204085 0.23957908415294765 -0.06893440945034425 -0.2715546006046343 0.18252651872296377 -0.22592341504506594
1 3 0.10103796343379137 0.5111375347648509 0.11223964732577846 -1.2883071532869615e-13 -0.31046648231578944 -0.13172351339458294 0.3121715538648136 -0.10018203358541249 -0.3725572937424427 0.30340340913601427 -0.32099692780055833 -0.4155533889724547 -0.0004156477226932329 -0.2928515531333064 -0.5087381403915168 -0.19739765476971755 0.08409996364276512 -0.029029014393452145 -0.3147944118740832 -0.5497006133245316 0.04685920608670589
1 3 0.11295936843235956 0.34794148612639203 0.23224170683550038 -0.2184269233433452 -0.1351815682432731 0.5364405411247948 -0.20999760292491362 0.04008596336958926 -0.24657803983620058 0.11437747084907969 -0.18144674478680872 0.07625093467852258 -1.9463074470770856e-14 -0.5618296266763677 -0.20030663938833534 -0.4300923200031247 0.1501249658549218 0.4427071927754743 0.19998104378181508 0.07877695419085327 0.36222944743760604
1 3 -2.2594690549990996e-25 2.937200014538004e-10 -2.325795942871055e-09 -4.740230290555381e-05 2.14416060812936e-06 -2.8050657464730337e-05 -0.0004722749222109062 -3.3106819639018366e-06 1.1319017740674144e-10 -3.297950938186943e-05 9.24718809834376e-08 1.4293988113480354e-13 -8.678127347822977e-07 8.92575486178311e-09 -5.877760848477606e-26 8.611196421308848e-14 -0.00016375367743061883 -2.142768534514217e-10 -1.4309662612247022e-11 -0.0005619265340008162 -0.33193318927515847
1 3 0.422677435587023 -0.017443995994091858 0.10995143814464689 0.32226505546123535 0.05481648057943287 0.13443824680468952 -0.17058206115863384 -0.33103749303454216 0.3916433635731535 -0.33040857158876047 0.16262052810689206 -0.31902242150197885 -1.935451807974591e-25 -0.1356829926346351 -0.08791600247051311 0.45962163771676534 0.2877142549745193 -0.06044792664967069 -0.12047923177147121 0.3776744750176341 0.05715525851180019
1 3 -6.549221892207374e-07 0.00023818712451777817 -0.0002260873551692521 -0.00017503728482897563 3.0494795158568277e-09 -6.605524980846694e-11 1.1727601804363765e-08 5.277224604877572e-11 -4.697306098799229e-16 3.986653720039269e-05 4.39525270121017e-24 -0.0004624850776125115 -3.1824338945159027e-09 -2.3636425666272187e-06 7.034727963915407e-23 -2.5076142910678767e-07 1.0044316417343769e-07 -4.19425686233888e-07 0.00023682063358284873 -0.0004969606020150814 -0.3395163709631719
1 3 0.1561035718428222 -0.28374666560308776 -0.20559943842187856 0.05557083150164316 -0.05317863699141326 0.27094363217019896 0.23815134742487434 -0.03291592930975395 0.0903827345202687 0.24734869084265093 -0.08612303094544638 0.19418646651567661 -4.0167478769144726e-08 -0.3813304325135076 0.44089205270532533 -0.027361330851017145 -0.2464569917611379 0.5466311314460793 0.02879952099390239 -0.07424408245716939 0.013163046773561927
1 3 0.23098808092544898 -0.49165711632048004 0.11992500399950522 -0.5982891916555116 0.24748844305255496 -0.24830782812335456 0.3998681497761832 0.4238908086154562 -0.37427907590366294 0.007467362582831171 -0.283307612098408 0.37285616911278335 1.763450780715616e-10 -0.32302019002921106 -0.6732006251149147 0.06621718306412532 0.4195512884353711 0.18408373435948153 -0.2837076790097453 0.12836251722973271 -0.2510560701216391
1 3 0.22539609251025527 -0.33053119803591596 0.03466254315471001 -0.39126228118225703 -0.2983393038983266 -0.2727391143691775 0.2418100704034399 0.09018373772399829 -0.0063663982753709766 0.36843247069326474 -0.3227171576874917 0.17236666444983179 -1.0107988636516657e-08 -0.14661837744241163 0.13103244052308988 -0.17309770050426368 0.2614611506450904 0.1598595087964686 0.13043748337302186 0.35085365319927997 0.24621315553218887
1 3 -0.03552426837683527 -0.051336108641855414 0.019595363718652836 -0.49305296281556543 -0.10304444639261762 0.25300669873178167 0.21861851424113132 -0.06093134577925446 -0.23608167501631347 0.00717468849747821 -0.4244530938870018 0.37685105114308537 -9.567334503447972e-19 -0.42088369012744153 -0.12419762306992714 -0.5491673535655762 0.24626186873385061 -0.03338262053280589 0.14862618826751697 0.07288512325093616 -0.29190037144532
1 3 0.14216085841256976 0.20980047256718556 0.0661968498059304 0.23434833188717796 0.33535485214022404 0.40634227750066115 -0.20654699330614687 -0.1130904016119661 -0.28019340679393123 -0.04910690639829394 -0.049680189842085304 -0.16488574756481536 -1.4542229339626723e-10 -0.42408949335555784 -0.06827558328855736 -0.019831984996242377 -0.44010656578652485 -0.057526149592944616 0.3587679496211689 0.17217202629687126 0.08917854426324691
1 3 -0.10930199428635481 -0.3219679213968789 0.18029602938651473 -0.07075539912662196 0.3534807674197683 0.28627515094504163 -0.4344993098828327 0.14020336355644825 0.07786387628671046 -0.037256778160435385 -0.45291817620453145 0.1143296555263642 0.0002201480563362617 0.01772272212098802 -0.0652797267465003 -0.3095264401020268 0.236629388257997 -0.3789519483433748 -0.2405236148592437 -0.30143003567179777 0.03994261891560972
1 3 0.07046852088507688 0.3543976929233177 0.026456049255431085 -0.43262686963491576 0.16822367019097992 -0.47730713970499417 0.059631789001781094 0.604657692447519 -0.13023268450133757 0.11390832634392875 0.17403103394530192 0.31802427892185464 5.1918384630601125e-08 -0.3393317046087168 -0.057397528503595634 -0.36410314965712803 -0.29288404422629616 -0.19156036899329487 -0.1050801201215025 -0.27896595795699725 0.05919180728590286
1 3 -0.013400405770520173 -0.1667517475553626 0.3008189490803381 0.022462490496012472 -0.4893760216936152 -0.07982910543486064 -0.03983470066623107 0.0925324808460389 0.03393826835541092 -0.7668120617310373 -0.050933848981335565 0.08731253574135037 7.241863360373103e-13 -0.36995064197028554 0.19700662672345687 0.09478011102052654 0.3854184711034259 -0.248387861437729 -0.33177753980821656 0.1403183657065407 0.23122643959548406
1 3 0.18833741990851072 0.002999531702909846 0.30332978441800656 -0.17231087305747225 0.1931925443025067 0.1796131473754374 -0.14525468698233018 -0.1247861874153751 0.3025752592239321 0.229878081154665 0.10322084785066889 0.10700239082396876 0.0004864098475940153 0.10450104178955673 0.18585592350011973 -0.7607737307430199 -0.1933869078025379 0.20517106143983943 -0.09379599993777524 -0.20592597485225958 0.11595955760772121
1 3 -0.297408659330429 0.16444421874789367 0.2124366136211066 0.3954716120123996 -0.4644737638258662 0.2846330166604054 0.09887485208071188 -0.3272269436221832 -0.13251560544496455 -0.10019198151005236 0.09806911507124046 -0.09643315019071343 -2.9015625338573954e-06 -0.2083311048650596 -0.12955149341470704 0.33452320787317436 0.10043908779898157 0.05260717666328293 0.1486091335733458 -0.13543288230286332 -0.03486560088778629
1 3 0.06601627457099368 0.1434234084407981 0.027969027797439042 0.19465001702008364 -0.050709202103098434 0.5987149156591829 -0.3756674228379541 -0.06274357335931205 -0.17448588601102663 -0.38995429864597647 0.1650715366539556 0.2132269039824155 -6.891130056846899e-11 -0.3248019070899694 0.4553598367895179 -0.0037224897421324447 -0.32097947539612337 0.07517411294080276 0.13773101469559698 -0.2728531724356589 -0.32642318214665234
1 3 -2.358801080264513e-11 8.05510357885857e-07 -1.826481668368324e-27 8.682259535184465e-05 0.00016573752660976385 -0.00018678758246023865 -5.996851613305817e-08 5.1208586936458435e-06 0.0006786450996990626 1.640016601373973e-08 8.80494906067465e-05 -7.526273730292001e-05 3.487720892154872e-09 -0.0006172942576320949 -4.847850164434641e-09 -0.0004471096318747574 -1.5952010072534707e-06 -1.1508417732040092e-06 -7.098144644315962e-22 1.6966447239032542e-28 -0.2913978943869508
1 3 -7.692910203868936e-12 -1.305082275692963e-08 -0.00031898681012167254 -5.144840940450729e-16 0.03608704768171335 7.809982932149132e-08 -0.015917858966470702 -0.0004300791274450942 -0.1859275370110354 -3.644776219847094e-15 8.72244232475929e-05 0.09296985821219239 8.971891166064365e-10 0.09119808220197397 9.985502616368563e-07 0.1602001321899042 -0.0001899317869193521 0.03769854060604798 0.012467750835989893 -0.07390393450621491 -0.20746857202126304
1 3 -6.294726680234426e-05 9.46247053467334e-06 9.906226054679299e-29 -3.689868146471968e-11 -2.5103818995875008e-05 -1.015665049576615e-12 -0.00019865279700305324 7.304316889694182e-22 4.1208040490431404e-05 4.080198668645069e-12 -1.22861202003944e-07 -9.554548703078422e-06 -2.998558431864988e-13 -2.7646996797323494e-20 -6.878849566598486e-11 0.0004792197601756412 -6.487914525230981e-08 -4.587539168536224e-09 -7.994732552704508e-05 8.593546964490782e-22 -0.2256465868852912
1 4 -0.000750813926770938 0.00015633079641964745 4.483143560454522e-22 4.670554891108989e-05 1.5855276882019482e-10 -3.5131885533245563e-25 0.000617185630243103 -2.0752524248109483e-05 -6.1506354351584e-13 -0.0002470739573243308 -1.5157049832904144e-12 -0.00011355554301868132 -8.728916314219822e-05 -4.5876022659355374e-24 -0.000247912893497593 0.00018108379487198818 9.102380657699245e-07 8.99495529691473e-10 -2.5989396512454538e-05 9.828747674427967e-22 -0.1628256906525861
1 4 0.16443035991562388 -0.1987297199347185 -0.28610315988465906 -1.4159066948678018e-09 0.39541321818229647 3.530777482868066e-05 -0.05428514117335686 -0.23117857161108 0.09453762333566218 0.1031185113936526 0.5037856868129723 0.16385295351888512 -0.417218200974085 -0.4798412808710076 0.0060058571769918976 -0.3511089100385721 0.13452728461037491 -8.254465539726639e-08 -5.8078914487651175e-06 -1.5911348233102403e-08 -0.08592379009439885
1 4 -0.13951199022146513 -0.15996198389225735 0.08769073555725883 -0.0009153608185244795 0.08320588982143176 9.31917300717993e-10 -0.3285265784542784 -0.1321684762382177 0.38791580078859844 -0.31000004103873463 -0.024842934102719993 -0.2665924539615322 -0.2392339196608163 0.07644774371113473 0.020598386175632286 1.0070486871324065 0.6518337025855823 -0.00028027880966058425 -0.1255000669586076 -4.125673607529144e-08 0.1659760414172835
1 4 -0.38560781828965557 0.03497930645094844 0.36276448367684144 9.132170781803092e-07 -0.12513998311491004 7.961390073941971e-11 0.3571587103307738 -0.09496028737588949 0.3698302694123061 0.33590452843503127 0.23544404131596344 0.38719444058323416 0.31566970088186697 0.09311403013698434 0.22364398522374315 -0.3796384156390947 -0.4835714790517943 3.815193075905453e-05 0.011032820974697039 4.818607226157657e-07 0.285263647183067
1 4 -0.39932607034990847 -0.016858061206223653 0.3903464705574436 -1.1755858935023575e-23 -0.5092232400974147 -3.359097546122289e-05 0.2925129665172355 0.3577241256027944 -0.04747125774357793 -0.31446040393292174 0.054261260911250206 -0.24162179473260106 0.21065350309864886 -0.29720251751035914 0.31007011395543244 -0.2838518405502215 -0.2060697276219007 2.6631366794053107e-08 0.042468136341176826 -5.342112217097623e-26 -0.3570596170629102
1 4 0.38750019619717474 -0.24578545883807157 0.01485194711381808 0.00017956071686397825 0.22252122807358016 -6.287105751746021e-22 0.2085960231450135 -0.3928959688903604 0.037882838221347574 -0.21924593314819749 0.22001255954358515 -0.3845803780134494 0.21001791856429844 0.0211844785922303 0.19102755470638716 0.6857628569038319 -0.4691588735527967 3.1718361328652957e-09 -0.03235285327621229 -0.00018856988046088023 0.36920748919204066
1 4 0.2519211929988743 -0.13350467374544248 -0.29788745657405485 -4.585844583247091e-24 -0.20059482270550644 2.6174610895611696e-12 0.01738226324273463 0.041974346418048765 0.002794909553851234 0.2956818689576145 0.3536784926863524 0.21756748244629706 -0.2407373565831708 0.3498926125759163 0.1304107604643896 -0.3518253422205319 0.16488015993147123 2.14664359066655e-13 -0.0012399397326688666 0.00010755388248730578 0.06666048453669503
1 4 -1.3293957652827634e-05 -4.764117147910066e-06 -0.00040861599363761704 2.8044311147921755e-20 -0.00030649771974844447 5.157990368481186e-23 -1.1272481689311192e-09 -6.229290804876716e-17 2.2022132769245726e-20 -1.7781060049399218e-28 9.596279393093886e-10 0.0001887351056001082 1.0382756162559584e-20 0.0004356321518428345 -4.086912141102599e-06 1.5797209628614166e-27 -5.773964996439515e-07 -3.6255469195087374e-08 -8.00824924695371e-11 1.4053978469189424e-08 -0.380680722477561
1 4 -0.4251314911862442 0.7033294323612576 -0.3280924409448307 -1.0350233567431327e-26 0.35850368663129845 2.638856959389093e-07 0.2594872558362989 0.19985595570453596 0.3348873067137266 0.17474460974753347 -0.17326427023773533 -0.2977344129929879 0.08005291486654778 0.34045837051499106 0.23064455560260175 -0.6131744107228461 0.4370060979793954 7.937654546914832e-05 -0.013068058241691754 -4.845093879570752e-05 -0.018152621460374673
1 4 0.24495285324349456 -0.4325077027129353 -0.4083197430843312 -0.00024226179604801542 0.2354725820725219 -0.0002969272549891012 -0.287862292446658 -0.3460220017879682 0.054730242102631166 -0.09510062894857786 -0.10650484865240573 -0.513020520434429 0.2475298368126323 -0.500909902640874 0.3504005815821461 0.6454522038150543 0.3792240876004857 -3.0267147591467358e-05 0.0007112636226573649 0.0004354506954090748 0.2707811614562736
1 4 0.4212356806756113 -0.2942475082989779 -0.06129241368972986 1.4489314337843985e-06 -0.02659068118658942 -6.104327775474284e-29 0.3122814210842509 -0.2550572676297302 0.2640202391297708 0.22892286555540184 0.017741107347115388 0.08624025532957443 0.32427136187759165 -0.23855857710053535 -0.0973726723272296 0.6921886367614148 -0.060241934858536406 5.483548363750294e-06 0.13001841143065956 -0.00046934284493909794 0.29193963341096935
1 4 -2.3783680955154757e-05 -5.824063590615087e-11 1.713003549192057e-07 9.900369646351259e-08 7.258685251027949e-05 2.9144080471607415e-21 -7.615614269232966e-07 -1.3356342197111967e-08 -0.0005029437160283538 -8.892217316247004e-06 1.1381488408532189e-11 4.632244729887882e-24 2.447090953900381e-05 -0.00027572585100711704 -9.366622235489951e-18 8.511673561441285e-16 0.0001911287560850745 -2.737047481640741e-20 -5.445993640426718e-06 -4.135177576906483e-05 -0.3852211069546522
1 4 0.22012617120865918 0.009676936784597615 0.10709988189485478 -6.74019195994033e-07 -0.24345202585495274 -9.759859565766575e-09 0.06312366702492571 -0.013515794795770853 0.2214502649726606 -0.13717928492029136 0.10146676458224425 0.061250668371835786 -0.15355871065909524 0.05645712306921326 -0.12015389406712483 0.1675611385153169 -0.5814838557122678 -4.5183655138303765e-09 -0.03979762715859095 4.086098899005519e-15 0.14752483164959324
1 4 0.0808607507421827 0.7248189831425124 0.24917871003491876 -9.85579718329806e-13 -0.38190817175078573 1.8905559504744037e-08 0.2084287000904523 0.41792981177334076 0.172917136755278 -0.2814539034731581 0.14998729786454693 -0.1758840994280431 -0.4407998331528051 0.35759609019889466 0.11262396894440724 -0.8116159339533213 -0.06942409242380372 -0.0007987068459111919 -0.006344891508889469 1.1593720023423502e-10 -0.20054798528979442
1 4 -0.36808083272930986 0.46900350864210766 0.07171409394276854 -1.3968841444952797e-24 -0.3012572456931351 -4.462627978974499e-06 0.10385403009994332 0.2119951433289381 0.04406077569957788 0.1606806446308426 0.03728850117800445 0.13360306166953823 0.22839330730523408 0.27993975458400566 0.09605906882378569 -0.21253820653497904 -0.541600606948499 -3.6649411865122902e-09 -0.13057724177584312 1.726439810045646e-18 0.22992620394818397
1 4 0.2346515480880996 -0.12425544335146158 0.33596830313579007 -9.500107062110041e-06 -0.26100162368700713 -1.096286797503688e-10 0.15146016453588204 -0.12920360630665034 -0.10642277432235644 0.2475538098861618 -0.22626849407838265 0.1420381908357132 0.3298754121003514 0.15043167656225814 0.1349900453272903 -0.5321193752231896 0.1724520582282436 -5.049957461034095e-15 -0.029597381052878995 0.00013536364535965794 -0.2918425440526911
1 4 0.3091167465089239 -0.06794211233438402 -0.08888048448048126 0.00010248015610168443 0.08949008886941176 -1.0947631233042043e-10 5.566073350435879e-05 0.061026393069281884 0.33276194178101204 0.044989421268802315 0.13945854988496856 0.12821741694150238 -0.20980918770698467 0.27093961022234503 0.3233029223968468 0.47291524759902814 0.45946558116587627 -1.7877895738032078e-20 -0.12099586330150955 2.321562605699017e-22 0.011697296573359104
1 4 0.26334856730490563 -0.19467405548048786 -0.05224785723391935 3.0492857539374534e-06 0.3469511614819573 0.0003347177903329813 -0.10572095929650513 0.3505533548039358 0.3495331380348693 -0.28263164318262185 0.15690429434480221 -0.18606535940984176 -0.12245709684398431 -0.34185071362912767 -0.32047799926620485 0.4167918209443705 0.24253387804056675 -3.846546034301362e-23 -0.00011731112579510743 -0.0007960536567719793 0.2338340718048178
1 4 -0.2133377505914354 -0.08389948219875726 -0.031088460248055866 -2.837513952938425e-29 0.12842951903110505 -5.703477416060132e-06 -0.16332434505528876 -0.25949065479595135 -0.2827150463466589 0.05765612237007356 0.34552049896521564 0.390624552806813 -0.014512633945019773 -0.19259813472449436 0.01552403738978864 -0.30551914292650606 -0.09815627944281452 1.0094674954051326e-07 0.08553038950702724 3.992769635922238e-08 0.28682780710355654
1 4 0.15727494184607996 0.6569051065985245 0.25767668537755983 6.465607012490956e-26 -0.00010360092999132746 4.374792123500973e-25 -0.056169205311449276 0.17243069745538026 -0.3690280432311369 -0.5444629837022659 0.359446414476064 0.2557439941833008 -0.238360914471002 0.12305618389389267 -0.28473194417635544 0.11148042851278774 0.4742972787469754 2.592619005188954e-07 4.902007312546794e-17 3.507200555882858e-22 0.15503505449927443
1 5 -4.5568369487790144e-05 0.009173346008211148 0.28669417127362073 -0.38532652622924596 -1.9685300494035234e-09 -0.042098295649986454 -0.014891419366426602 2.3306771022465719e-07 0.35323988264381406 0.21604176366650504 -0.1846885330236563 -1.4211657721370927e-28 -0.38212758178637196 0.013457108697427828 0.35339451184629755 -7.807471471762563e-08 0.07610444852214004 0.2266779658693768 0.3364466780285262 7.106605447331519e-11 -0.404981973268827
1 5 -2.0080193895526097e-12 2.0702006421223013e-20 4.1156077512825914e-05 -3.0985844985226555e-15 4.511692044751878e-24 2.9562232474536256e-10 -1.842170898472435e-15 -7.358915163910382e-26 -0.00011492364033826826 -0.0003905576066029303 5.142483458486951e-06 3.4502803232889125e-19 8.188981612672546e-11 5.1255643346785e-22 2.9619430446871e-10 1.7474820041739418e-05 -2.790701296329698e-05 -1.171367499139833e-10 -9.086772434296962e-09 -1.4634828702289714e-09 -0.2715667539620612
1 5 -5.581263787209546e-07 -0.4575025729811006 0.27917833596742503 0.34318025591013573 -0.022505883585178552 0.016090158849026426 -0.23111247463446796 0.00010032784624546615 0.24023335727775186 0.08799513454768228 0.20551584939838663 -3.6181959712188e-06 0.17578280093365775 0.3096844371313568 -0.2021643365002905 -0.013768052027551807 0.31242002947491054 -0.35355354060212496 -0.0541821869949703 0.30366367932216776 -0.29304935568346047
1 5 -2.2822855650512114e-20 -0.223855741741903 0.39340913038961817 0.19935716674553464 -0.25811148090891617 0.187927574430602 0.3763984091607144 -2.3835435960598614e-06 -0.27280332743055724 0.18258340625623504 -0.041505839234631706 4.015075469964145e-06 0.15772936353959885 -0.3587480314049623 0.11605540486960977 0.35230205146876875 0.2589649899683854 0.3803071054303524 0.13620176018882904 0.24076682961546353 -0.1289639338779876
1 5 -0.0005437999416351846 0.27244993981395066 -0.17152110119919886 0.028207803661205934 -0.030421968915074857 0.3349451253563464 -0.2706206274372215 -2.004365885788684e-05 -0.304379867609114 0.13941392509625986 0.015543041947353882 0.00015588081405571184 0.37858623819740383 0.03031834553933845 0.23261434804445363 0.1095456833636203 0.0327365751380068 -0.2124674953911865 0.11517308059432745 -0.33920534554688675 -0.3103683723893451
1 5 -0.0005605906059234871 0.537738287275494 0.007695815916946385 0.15630052911924075 0.2640023341834487 0.36611346076026496 0.3676040762227431 -1.5725658628077498e-07 0.340186121411063 -0.11447000531619088 0.2885488674841771 -1.3783942116857704e-11 0.017581466028169568 0.2492276847787993 -0.0008030352832417081 0.046724267640310096 -0.01371188715111628 0.28847332373992257 -0.11868830930658851 -0.14292799012608076 -0.015274254367073734
1 5 1.288495304911141e-14 -0.5346238608299237 -0.06168356735184565 0.048933159218487905 -0.15742653179008845 0.31848702201299256 0.018488310823453757 -2.070897448975264e-06 -0.0252465947629504 0.07136620399587133 -0.14840151233346474 0.0008122730269398054 0.19658050861206103 -0.39930765316074357 0.3492765717931062 -0.05922069598673444 -0.08613818895933763 -0.024914366849283238 -0.02077972434109496 0.6305416004356256 0.016414808828230005
1 5 -2.3538816045268814e-09 0.01543808390579613 0.09528144543612516 0.3429692644802772 0.0025772599066942172 0.11650566704683542 0.30783145646362864 -8.50286725658384e-05 0.16983997723648858 -0.3023523135683406 -0.30421293413052375 -0.0008070386667661273 0.3520708725433279 0.2120290864756321 0.19989515978672012 -0.29934451657166905 -0.23175474498317947 0.1939706863579461 0.3087642165996204 -0.4592437742654388 0.31938882985899475
1 5 5.876148106060736e-06 -0.0002108844360296531 -2.8393011314272395e-24 -0.0004887671925469511 0.0006806340013166638 5.0523343623750285e-14 -7.2131566054135e-08 -5.207055473775444e-26 -1.443626028965376e-13 -1.5438628235021605e-27 5.79750337263715e-09 -1.0592700119119044e-11 7.279103519688617e-07 -1.810761306704308e-12 -1.2543708220652273e-05 1.4688790822775322e-06 5.007487901260671e-05 -8.557372152320029e-05 9.684231725428914e-09 -2.0825721239082246e-09 -0.07957089382240906
1 5 -5.043199449466612e-16 -0.05878728689666887 0.31204751585020013 -0.09986839063707055 -0.24732026072055327 0.1151517170229716 0.3324452999467775 -4.45774967117936e-05 0.08016381127648155 -0.012069693790555856 0.3116745009167031 -0.00042167947042328426 0.10181997778035806 0.34788131767598696 -0.20505104816345235 -0.4007062418602295 -0.1869361250154302 -0.24123642223330877 -0.07254182417498847 0.42424574262621423 0.20242819427036923
1 5 5.934497690622282e-19 -0.06613281183970035 0.02884035555994735 0.2999467460659659 0.25359383256033513 -0.3106695499744635 -0.11993677232001725 -3.844699240817882e-25 0.09915530986462022 0.047409748315073885 -0.08138823310901003 -7.486318442314484e-07 0.23994983745772633 0.02001982176298887 -0.27125723262266876 0.13852179744131365 -0.17600544154108488 0.23679225558792732 -0.14140266791601563 0.7185011605208421 0.1955279182811866
1 5 -9.06284859922709e-07 -0.017263282972184275 0.22137262201459215 0.16209890538162816 -0.018512404371818485 -0.36932580263079196 -0.18131222074988845 1.8506263954090832e-23 0.019070999152472987 0.14711091148151556 -0.09516360323098284 3.778201542136265e-17 0.13918665198899172 0.2587117548073006 0.16263439071576247 -0.4267126623872809 -0.20250247664837856 0.26248153552231246 -0.3212239736371119 -0.1961414502944103 -0.26542227936238666
1 5 0.0009420358892775586 0.3435185408811446 0.14032024635907595 0.32612638629339885 0.1755247706229701 -0.35540502058288154 -0.15376202910983255 5.5432736753525386e-14 -0.17442512619727885 0.2784605509346517 0.14273639918951625 -0.0006060603437066053 0.26425146620857415 0.2439057663997204 0.266676816997616 0.31448591506231927 -0.007884281856340027 0.2983531287501535 0.07616663566684484 -0.20083275310493928 -0.36289131964733723
1 5 -1.6970469168819586e-06 -0.05907829366335246 0.02512392543216528 0.3760921159563643 -0.2935472916329574 -0.14636539249937452 0.1430664021296959 6.480408875146181e-14 -0.16275349228857416 -0.4662912166917611 -0.33129442375562446 0.0009368905466343187 0.27020052095889024 -0.13327744261890753 0.23411947131485805 0.3713604957554298 0.05104155260853938 -0.06282805367363337 0.14738323591219488 -0.623246883017194 0.044446047005871035
1 5 -3.418609286842832e-14 -0.5388072426192659 -0.09177468544083696 0.0750470193193126 -0.37871241809670464 0.2915326892778805 -0.16363659514718507 0.0005481306985508548 0.24651364546177656 -0.0456747319926262 -0.13083310056994657 1.3921740440769928e-11 -0.3117797968395579 0.04278510409066213 -0.2620819853812505 -0.110367715749283 0.341194133899855 0.12583784767459294 0.0801250897968822 0.1820829031223431 0.11451408009312246
1 5 4.698295461876991e-26 -0.5775339163499963 0.1955289887527328 0.33989705542883897 -0.10146230914485863 0.12089368530931145 0.3033633593951695 -0.00030220020616419143 0.003644971243625435 0.20517397298432544 0.07907433990929873 -5.6281541692862175e-05 -0.2019119123528282 -0.30868881576257656 -0.32658829835040354 0.3520911085467484 -0.2349810930208973 0.31129205695481804 -0.22457756961980302 -0.028715093313426872 0.2942407377748479
1 5 -0.0007376074037278794 -0.4318920161930983 -0.31311039015925296 -0.07941275098172416 0.27568325551680456 0.2156003822460719 -0.09488784950145598 -0.0004734672400494284 0.21221033858387928 0.39726356846521715 0.3242668332195364 -3.872732257472117e-09 0.017180290872069466 0.07836189997197948 0.05113994930888252 0.15187415915327834 0.1324325309923554 0.15293402791591365 -0.23638711876624 0.17644388661374305 -0.22154327534194207
1 5 -3.40721727620152e-09 -0.3639836602434667 0.0016787246493237575 -0.31588731057043806 -0.3826858138535596 0.24348149851469073 -0.18703293621088457 1.431011794696357e-05 -0.1358852464013234 0.3740224064571938 0.37348887318925905 -1.1979419839000313e-06 0.18369918692195122 -0.29355481094716457 0.13823820703686399 -0.24972250566359988 -0.31154017004827206 0.4402789049945916 -0.5826334500358102 -0.04438781800292422 0.36203573083619045
1 5 0.0005732028055839124 0.38536620366691915 -0.30061605749169723 0.3725757288311625 0.24997377345925223 0.350381274012129 0.3512905999537216 2.241014470398047e-18 0.3608762239148688 0.17811612434594737 -0.32499008810348856 2.5278621273659743e-05 -0.19338595564174618 -0.3256434777025648 0.29042554003374427 0.06270112180693721 -0.06616539881174496 0.1515110835933018 0.2895140807440839 -0.4400208422718255 0.25619535799485055
1 5 6.41577137972081e-08 0.7491071701415605 -0.07544020121337575 0.007954971626785714 0.23916300395978676 -0.004805460617014051 0.0387566899122697 0.00026367985794166764 0.01867879471685233 -0.10079997203829572 -0.029700479187849266 -1.9094928489214165e-20 0.02875831890902018 0.0621926996218772 0.029143087422830293 0.1228912927071476 0.048795283114191325 0.005633201259559975 0.6529148114604202 -0.4059066580606679 0.038186906366575644
1 6 0.478307087349996 -2.2376369725576008e-10 -0.4879068000526712 -0.5430454178922032 0.5244776772133974 0.2703899796825404 -0.40022448712355596 0.38072563456539205 -0.0011965786464429072 -0.2515373059087453 -0.3272330630182981 0.8254861045725822 0.2568180416645946 0.47312717085916584 -0.22676042978801136 -0.22386467197757653 -0.04829583945528582 -0.3259903300212015 0.28516016166323965 0.19120911190047143 0.2901264019486468
2 2 0.45736660791846623 -0.37056081999810064 -0.07647074984088142 -0.18864152095414108 -0.2020491694502366 0.20737829021496632 0.09664838958809596 -0.2812035177909119 0.2726916889552535 0.003664943211086423 0.3630649628687766 -0.009990751202280757
2 2 0.42510967203957156 0.3658143713179889 0.4737342825295559 -0.3260912307498187 -0.1873427014376625 -0.15392708234576863 0.1018060709895474 0.35575186833263417 -0.12335542731748814 0.18704281474430096 -0.3270479479953555 -0.1249475041338947
2 2 -0.04933207811512135 -0.1900737628938345 -0.11418540607266096 -0.13089757507829988 -0.4023310477147806 -0.04742013383316407 -0.04454400979319935 -0.3608898956608118 -0.20820010939038874 0.34826256833986646 0.37096459284035427 -0.008953903066834067
2 2 -0.18455549494119647 -0.05661435667115624 0.400140683275594 0.32379270134931404 -0.035893504639109126 0.3539146345725958 -0.4294090768762636 -0.09556159522717678 -0.3383311658086344 -0.2024072442737825 0.041724169115652354 0.25161131133373543
2 2 -0.04027896670120956 0.47875876026479064 -0.14842380521160603 0.31795919670234113 0.09504226655916312 0.028718100999205416 -0.4400123578400732 -0.29570594618885443 -0.39980567936838723 -0.23229052408982903 -0.11523547112586759 0.06536080981216451
2 2 -0.4459139003256828 0.2308371033082972 0.010566945465653404 -0.2043234190795692 -0.0007871894066513998 0.5590438379142721 0.11219103546349783 0.14627430943800093 0.29992177229682054 0.07153043255499192 -0.11916567527756697 -0.12449897271536263
2 2 -0.22876933858363574 -0.13809571848149665 -0.08482431920676328 0.1846219054399148 0.43943956974659065 -0.08712208020551025 0.03804594871342331 0.04395921900608129 0.03577077958085617 0.2835001439057538 0.02714844716043364 0.0364386234767556
2 2 0.4277908940182051 -0.3821095722151883 0.34917329008281595 0.13522482717562165 -0.10425493226399224 -0.39164284868096005 0.2427740981074142 -0.308103228275508 0.21364453665998473 0.4119532515216252 0.3021864456591629 0.1592575339958729
2 2 0.5501734428162809 -0.21582982054189945 -0.4264174242755999 -0.19284122743855525 -0.4117647303240181 0.12906737551504077 0.044198306219986626 0.23048943968167906 -0.030498843054944297 -0.04508813681519079 0.47720830443942375 -0.29807077568051416
2 2 -0.3999243856346868 0.45171938386739313 -0.03171048760152794 0.04727575549566156 0.26832302491535115 -0.2360385620771944 0.26435389284685695 -0.10548970934321782 -0.06941192070926626 0.00873565850963504 0.14515446916655814 0.37524248071502464
2 2 -0.4413191819452839 0.29014116476194296 -0.056617823149716036 -0.24420514999000023 0.07553039298059146 0.13613408262237045 0.012934743623035767 -0.2754189973544281 0.030860766614782636 0.5275120052188719 0.3079952037069141 -0.29130659012292376
2 2 -0.17069179177556218 -0.45530668339847524 -0.27344585531389826 0.10725160829968393 -0.0691026195234342 0.089765742452849 0.3663359611830849 -0.15436863326558573 0.5333986814222575 -0.16555970908619286 0.015330976834904912 -0.2024559246376307
2 2 -0.05306836186868619 0.10633366698058985 -0.363224114700395 0.21471805047951065 0.18084692898606938 -0.18679506793000086 0.22654292991335492 -0.2109371307723054 -0.24791324405107357 0.4810273087232177 -0.13474100457904273 -0.19064547676926827
2 2 0.31719185367083863 0.07502300120402458 0.07627440920991027 -0.37202872653773444 -0.03678443797239193 -0.012645894916380244 0.1701427778276067 -0.0745444078779386 -0.16208827302696388 -0.18426267491932297 0.4908949069860356 0.08913162817530204
2 2 0.18401728693456365 0.31638183013836635 -0.010231333683092229 -0.3472761825135319 -0.15148179819428678 0.25710912133211483 -0.00043145725286452186 0.19735789791111394 -0.2922697216297338 0.10851372005476535 0.20387990667132982 0.3185127727847374
2 2 -0.3084979831209633 0.21829064068307705 0.2546087103849855 -0.32403286593921343 0.2171902129506674 -0.30539391101816016 0.3864799480184566 -0.14428343021442325 0.012569316901178126 -0.2832152552093553 -0.5157203713335907 0.0902260417817973
2 2 -0.2682876420447493 0.21987068280174382 -0.4107055426117303 -0.09584000997268109 -0.14736310861705976 0.003578174780322029 -0.22196499590544508 0.16589274374393334 -0.0063584247386807265 0.4124392605814158 -0.2228300466555328 -0.08445621956312489
2 2 0.33354491760844174 0.16116463945059337 0.5523087583027757 -0.19762588887979532 0.09729659803311597 -0.19339218331323657 0.24236705749600174 0.24049166394029764 0.43782113055476785 -0.5326229187617297 -0.3635952394044575 -0.2139814215782598
2 2 -0.3726147794864975 0.05124297029973179 -0.3651150264954241 0.22490379230667215 0.046953362238849425 -0.16963087959158382 -0.25171863694667684 -0.18709122243158102 0.2227756987861213 0.29498130063584804 0.21690484724826914 0.05580270213897184
2 2 0.1515091789328351 -0.2561100137820782 0.1064987184483992 -0.39744609395663466 -0.10553943718095436 0.3023760696497577 0.025844525440252245 -0.21713694955729224 -0.22550589898197884 0.15373399251093448 -0.21736748592421248 0.08635280606572267
2 3 -0.2986242742890525 0.26800212691126124 -0.21012330044296013 -0.31075035705949156 0.2641671815549971 0.022738411918597972 0.05106084015199221 -0.4757807728927858 0.3767454828799313 0.422092395245598 -0.12557479594545196 0.16965238178151482 0.15936871697381422 -0.030312822462095598 0.1598965274788238 0.29132353936659205 0.058290654897306934 -0.24983970730096586 0.26501359792591794 0.286831467602521 0.00797955780569699
2 3 0.03453516933072743 -0.2202501852613592 -0.22464621365290716 0.2647406921164133 -0.19275003067065147 -0.6742943164898766 4.797679561347404e-16 -0.45459629121143535 -0.27886623689618234 0.3328541245345572 -0.6409672688715655 0.01874346823097277 0.07499532819031171 -0.02174337333099986 0.33038520886034106 -0.13984856219419206 -0.04714937442689392 0.01625657831729329 0.3549132908763104 -0.5853083822335898 -0.06350551698432252
2 3 0.1800780211375585 0.4469545246641022 -0.3595736754623132 -0.1747207116344426 -0.3793509088608271 -0.7477895742897929 0.20829456356962697 0.03703511719482152 -0.017342424733435953 0.5244803575221678 0.41985676054985566 -0.21618319669399136 0.7353573436737736 0.34891248040746303 -0.28238638549245787 -0.0825800919173607 0.14990329595558075 -0.4509768448778068 0.5453301619712799 0.4259859401650142 0.2681641690408299
2 3 0.2549090568160933 -0.05334593520149191 0.017112078012487323 0.2321639963499366 -0.08547102151521263 0.21124218457551866 0.015578095937091536 0.4305847074017535 0.06228485389470322 -0.304240025892722 0.22313984660254926 -0.24796465150655314 -0.20802728676781568 -0.2599734437216439 -0.01533422117450153 0.15888983390970135 0.01802107106533012 0.3826684513152327 0.2233675933982537 0.09775296667425017 0.09457205452833836
2 3 -0.21853972776604197 0.20661639809075844 0.3106781035428127 -0.23001548117747767 -0.17862035703876436 -0.22149292816313734 -0.07998864796620375 -0.13107152884272788 -0.08055141183839785 -0.21796652117655196 -0.7280896893789045 0.08617282437942313 -0.05401016607318266 -0.05094543394952516 -0.3721062478540713 0.22179454899543785 -0.37637333071155876 0.2750791660860582 -0.08385153777903534 -0.2741218197628184 0.27391944573837124
2 3 0.10893057480792658 0.1547399500435986 -0.4272170144983155 -0.06267409308740225 0.06763602198553703 0.16083259018914264 0.02866282908398096 0.20616386621364868 0.13702250146254635 0.06629554699200846 -0.13440661023316364 0.12638712845277406 0.005105613174553696 -0.13917687518526686 -0.0056807069204924095 0.08176269767806724 -0.1414377132829356 0.0909504818720085 -0.10545592492963425 -0.07272140856847796 0.02232743075586367
2 3 -0.22126967445010967 0.1567788265413858 -0.2332360353723034 -0.01745069381112437 0.29746102090024884 0.3580897932671942 0.045852619294963606 -0.3753097344184629 -0.3304549296761461 0.21591566718765756 -0.3131657636213697 0.08889210588688419 0.05084037314865503 0.14312714026644927 -0.005087069050597324 0.040222523979357154 -0.027310665520754288 0.03844269295621534 0.041299325094534795 0.14083448761255157 0.1069275283675383
2 3 0.2374506008340014 0.17954891354891056 -0.15627588796768238 -0.09010538226053387 0.02389980986799833 -0.0002840989059773416 -0.014003656916548453 0.027226125857194278 0.02191404099407981 0.23821790167379456 -1.5437353381456958e-15 -0.02890869097582987 -4.401132982717296e-07 -0.06559971496782792 0.11723607891583634 -0.022364433741506085 0.3016700302503649 -0.022620071718615388 -0.26047620946169087 -0.17226950687994913 -0.3474908248934866
2 3 0.40642065663588434 -0.3032893465008026 0.3013147577443965 0.18852346523194227 -0.12938011703161595 0.1419065277328378 -0.2536085384620759 0.38482706965378566 -0.2956413379600474 0.14890098218087033 0.43558398999701753 0.3892935037492726 0.014015526689052196 0.3298036615827169 -0.09952205681802036 -0.37583638241965867 -0.08547008724050614 -0.03361628199575708 -0.0815381026975226 -0.25075293019372674 0.06416789838449882
2 3 -1.483986443287274e-15 -0.0003783942365467058 -4.665113646608159e-08 -0.018251539271404115 2.2932321604656114e-12 -1.6504738964327848e-06 -0.0007356888102517273 0.02321633484688719 0.024568325462647103 -2.026896147141618e-12 0.00124595015434457 -6.581202131424657e-06 -1.0867769488780215e-05 -0.029244016802821553 -0.00428449538618361 -1.3982672211255451e-06 -0.00042939005203873983 -0.00034275812755483093 -0.0002973294625644966 -7.502195898688724e-05 -0.21250448424925925
2 3 0.2977507024497178 -0.17528999536426162 -0.0022340840726828856 0.22501011212202968 0.19104362082293136 -0.23736448683666328 0.1720375514389876 -0.24274284100233115 0.3066084585526938 -0.07987009646117996 -0.573904789975188 0.34479853548524675 0.1296272470054132 -0.08044750025116544 0.34431635092964763 -0.0593874105844301 -0.08616614992755277 -0.2107909627187489 0.2769561058517632 -0.07644777323886832 0.2603844849657997
2 3 -0.09448982262281845 0.25452466489525233 -0.06296386432354742 -0.1148654755271434 -0.4798657764644509 0.0185673105863991 -0.013309232963011697 -0.5371838576598015 -0.39912838971328574 -0.23311656574735637 -0.008702293771928361 -0.005309640586396812 -0.0033814100139217948 -0.022305447341281804 0.08520044538489999 0.21598776748758405 -0.0252090892262673 0.35735817572204054 -0.07779808563199692 -0.2306373490872779 -0.22573926173554124
2 3 0.3889072746130071 -0.4187562938981992 0.030423297808768644 -0.2166090190601467 0.1970670381726606 0.05198385023343714 0.1726650707892387 -0.6349388262796417 0.271432348127462 0.06853903926477521 0.046054855496942895 0.07663976734374685 0.1578539155742847 0.037610041463399316 -0.041213185629469455 0.05561246520486764 -0.2224794171892544 0.2698353644897357 -0.20670128987892492 0.127711643753429 0.07690801190505064
2 3 -0.10531156517158909 -0.26877967574653594 0.3227730929431287 -0.3658445727072252 0.08793901152857796 0.09324692398716844 -0.24484272499476273 -0.1158488109809362 0.22951979830696234 -0.18451162773147706 0.2835009590470833 -0.18285451306283562 -0.03704376403765462 -0.1923974442316528 0.39155727204264407 0.3806477387643949 -0.18656813119870153 -0.009463144745870991 0.2325496660867204 0.2660534664650709 0.25722921902248236
2 3 -0.18076495048056865 -0.41998532285962586 0.30509433011671866 0.2328008174640629 0.059609900110840795 0.3337872833586605 -0.12620352555828243 -0.14728939393804086 0.022369092577935016 -0.10010620284239008 0.5571998962839988 -0.30388906267975735 -0.2630872641921039 0.34523649205525897 -0.26958314228834995 -0.41887314950951726 0.3243319614746045 -0.3846319972477703 -0.009351580826343258 0.26181446095283883 0.1483339506700597
2 3 0.04779013987861784 -0.4898873573635889 0.25714751030980104 -0.043219874756359286 -0.026833844863364622 0.17508160288188224 0.00020436810053072767 0.20830844593386433 0.38092229692413904 -0.2973233431015129 -0.27769564475787695 0.1876114748763652 5.942575893507337e-07 0.14564768358474456 0.37984330964968605 0.25979086627694703 -0.20903538718111672 -0.5235467462279919 0.11944195093632665 -0.2040949761923484 -0.3979323052448151
2 3 -0.18123379333125003 -0.07805359026577581 -0.2596109287951198 0.18998900612413475 0.22712037036464147 -0.04377650148779666 2.7331890194982727e-09 -0.0348927711688375 -0.007972479019155033 -0.16174777100283 -0.00810439705635838 0.03176721120691307 0.16752160018811021 -0.016329268914839844 -0.12571750312701221 -0.12793106174466384 0.3008921458245595 0.02141444738887566 0.21353791418751095 0.2828758667532625 -0.4116481213008866
2 3 0.047360764941948276 0.3386568827648804 0.03492710752057139 0.3503255800086908 -0.33016142667958764 -0.4352390088056334 -0.011744900485187788 -0.22294426326770492 0.35110694860494557 -0.02980973503540055 -0.08584410121138542 -0.38081450108672704 0.46541674752026113 0.312814674981355 0.13625951608816106 -0.553786265262486 0.14241762509904254 -0.20230456702535513 0.3821703665928773 -0.004775289331684069 0.09979189325001304
2 3 0.06635969899169415 0.1869341312915046 0.22787859463818952 -0.055874834382273544 -0.20682123656567053 0.5633717705388254 -0.050131044695728356 -0.07644271892871544 0.5517274111003456 -0.46331794859888814 0.060227421250652724 -0.01649140660646598 0.0004283927362864153 0.40828982786991197 0.14576395977937628 0.17466424367906197 -0.4623669266322143 0.27970814219718704 -0.015017939222157363 -0.31646527323647033 -0.22511113228756904
2 3 -0.10127126692329856 0.10073553932488492 0.3255946804033236 0.22742347669586038 0.05758482016392163 -0.3293527041830517 0.14299182898083324 0.35197577875433966 -0.0078051502020912685 -0.16303056111933814 0.5070594654545867 0.19016765730194982 0.15879814633826292 0.010529364780067491 -0.3644927273541219 -0.07611683994757873 0.33654104465984075 -0.2620448586877562 -0.13411062140103752 0.39540468712830645 0.08900824353304225
2 4 0.19932374628421481 0.15948143336684817 -0.3560400580907505 0.35537694350690263 0.3143978667570081 -0.05993701181787793 -0.01090611735356807 -0.08696978758119335 0.1757427233782831 0.000565993133246926 -0.004326371865331643 0.20174798920624532 0.06364989049814432 -0.32543114857367833 0.2976784101353912 0.48322021388346953 0.18336621859855784 0.008371072793322998 0.43183651231805725 -0.23715091346309136 0.16205178664707712
2 4 -0.21002491086633693 -0.01694070863430953 0.009094437781914195 -0.22976762353072622 0.13281160259698493 0.033871125030894074 0.22309292326903102 -0.0007840082525917965 0.16504425763591793 0.0010593591603404338 -0.2950861465475016 0.007577181883031948 1.1865010423910762e-12 -0.09756305282615696 0.3433908755686393 0.012825997460494471 0.007714575519106266 0.2443458013561068 -0.32465811869826194 -0.3341486871031502 -0.12804620328311667
2 4 0.0031759575888059494 -6.028951866847877e-07 -8.778457904424618e-05 -0.0258490058164418 8.851004856142188e-05 -0.004558593135163418 -0.002180539172472787 -0.00010548008775050299 -0.008358159825197225 0.000972922968321326 -0.02524822665405819 0.006202874164793318 0.004535483741425582 -0.0062947329506059845 -0.017170409552795085 9.728898632919897e-05 0.009997578727621985 0.0007642150206861575 -0.009862724099400012 6.276904249153503e-14 -0.3203241032305776
2 4 -0.18819249154575732 -0.1882053374020656 0.3356162125941657 0.040682365108370075 0.32094450858432205 0.038751872960304815 0.11359644475492849 -0.11389111039341136 -0.26319265912390283 -0.026046964761869903 -0.04919690675229078 -0.8161283565746156 -0.4712443005054303 0.36775805345516216 -0.14892130302827924 0.08648445413103359 -0.08898105193927858 0.39678167860160424 -0.18090135621664166 -0.038786552262565534 -0.16161488630721801
2 4 -0.41355310274500034 0.0030323197887331997 0.30399727418294425 -0.24452520839206737 -0.29946234066874794 -0.11940404519689024 -0.07258542661856887 0.001834921748443268 -0.589111992902852 -0.003798245278817273 -0.2286056955110975 -0.18375209256726743 -0.011159047147652876 -0.14669362952057222 -0.40008983424932465 -0.0074213764676162456 1.0434610921541741e-14 0.038246996757102754 0.1936613456247973 0.08025908252717975 0.09645368753099286
2 4 -1.0270971070487758e-06 1.4264988973268978e-05 -0.014349521963624694 -0.002536474073040252 -0.02291690637176123 0.0002892854397045137 0.005309702998249181 8.173163412364864e-07 -0.0017908295482746992 -9.68295127677435e-07 2.1685109189343227e-08 1.529280260932402e-13 0.025267471439915607 -0.0016502731956576692 -3.8168031920068814e-08 -0.02804913297166988 -0.023967379748989298 -0.03377672751779723 -0.0005668283781510362 -0.00012477885642306937 -0.22788338123570095
2 4 -0.36820437551112256 -0.07938100110752101 0.2220528617231043 0.25687965005511465 -0.24507875296782095 0.32699470167354666 -0.3845314864680117 0.15261004058469907 0.3725014914628381 0.0033512292533854865 -0.06127214420505322 -0.21686880445122023 -0.35411084661340264 -0.17519299456988666 0.32060224907912577 0.01697624101588131 -0.14514178209417827 0.3254591244499329 -0.2294852034033528 -0.09557001454840515 0.25530183478971474
2 4 -0.1910968397097311 -0.08931500564287854 -0.03048513953223527 -0.000818500384787279 -0.15506468277938287 0.3306804480480919 0.015911931068559065 -0.00028322164377083043 0.10879353232391156 0.007519685860861844 0.044242874966296725 -0.058570625120672744 0.08886042350060734 -0.04212376274860775 -0.14450663707519204 -0.2852902637793975 0.015269875199485732 0.030376176712203447 0.08071421272338794 0.003064116355500751 0.03878269941915426
2 4 0.2152609118513977 6.547909377245234e-14 0.20853442385217802 0.12098482322865513 0.21030584421510598 0.026764927829458853 0.30970987617203244 -0.00026544650913309925 0.28460905854145213 -0.012547500880047002 -0.36496178805829665 -0.09115768009849064 0.015149578274873144 -0.37311418619371356 0.2587340274532385 -0.19368471699180273 0.0029729953976236835 -0.17819934503647109 0.25961391508274034 0.22505163997149877 -0.36011090765679793
2 4 3.771338944662711e-08 -0.011714980464859219 -1.719848915515852e-06 -7.117970415248485e-08 5.507346284732648e-06 1.281974244447621e-06 1.4583376842485068e-15 -4.822514306823264e-09 0.001772672080754466 -0.0069579695335458824 -0.007511258190912781 0.010878847400497738 1.3532208371756332e-05 -0.014811558776994747 0.011026563595719687 -3.870184644489572e-05 -0.028135070533502414 -0.00612373439312234 -0.014813490562204185 0.0108161525863306 -0.2774205245182688
2 4 0.0016573552878475907 -2.612942397359424e-08 5.957031257036927e-06 -1.875893846123774e-15 1.1737040600359326e-07 0.014081678650741515 0.0005275304602846492 -0.03374375343171078 4.181973906404687e-12 0.027170972137068334 8.727918092524008e-07 0.000525672102083146 -0.017890282238142808 5.689476090853653e-10 0.014868841304318599 -8.584568175554172e-06 0.020873516592144748 -0.0008620578885986278 5.168128517196457e-13 3.7671910327494105e-06 -0.37236520572829473
2 4 0.024696582805582103 0.16662009144523204 -0.159725308044407 0.12528904808447855 -0.07446356733628885 0.18071316047916658 0.0537124595025494 0.22445998932013697 0.28987432133351926 0.0187971082121671 0.08723784574371111 -0.5101147428126843 -0.051007729566189645 0.01423832466373849 0.2226439419402199 -0.03862716261374589 -0.04615546693265102 0.23050010108534913 -0.4700191332428196 0.017357017867247134 0.28229925474551065
2 4 -0.05423905980834005 0.08623813531858306 0.39473685528853497 -0.3363060957674149 -0.050927613381554056 0.36808143582158886 -0.3851523245634946 0.038253513978611466 0.3650657994756347 -0.0272185630936536 0.03728201118817712 0.18921438942508656 -0.23432096195112456 0.3045708637325209 -0.2945185995216239 0.1415270477988146 0.15676835038689424 0.13419192586793272 -0.16101327887873318 -0.11417176486200754 0.31081094757198124
2 4 -0.006768393183435609 0.32448948118531484 0.07582283104569092 -0.18926141312591427 0.31552141280311397 0.26307751312566513 0.27312597534692146 3.7740563062779805e-10 0.21807577683854473 -0.0027763238376826895 -0.18613054699444304 -0.2566041698472693 -0.17441873625947218 0.036063372893197825 -0.2500554984527883 0.1769754851582536 0.019692136246896856 -0.13662404653588575 -0.12821568539465902 -0.3658551006195626 0.2512333910741584
2 4 -0.41435987803969726 -1.6833450904416888e-09 -0.08529812792924843 0.26437271522675304 0.2597968230760672 -0.004855510622933445 0.041001996892708885 2.810808584120403e-06 -0.00018032000201745205 -5.075259270626368e-10 -0.028366099950924362 -0.23886832367593086 0.08103764497336642 0.1942471577543934 0.19849416302443582 7.467473905650528e-05 -0.02223869228216128 -0.2718892464894519 -0.33664953760828403 -0.30051384480862886 -0.19322119441642213
2 4 -0.26230185687491286 -0.33782109882666334 0.115832283352635 0.05639470482100894 -0.21648899069505353 0.26386118162987554 -0.4059759441804656 -0.01586713072506476 -0.0939703378720103 -1.722982737140943e-07 -0.08884208051538445 -0.10839029359148704 -0.4820501708331847 0.24867595224563593 -0.2869242215860226 -0.4129655017177874 0.256609669516023 0.40720036703715123 -0.530413381928624 0.36226101669489563 0.22148906310126326
2 4 -0.01188777974117283 0.056402731438638956 -0.1550333897373423 0.19492075940530557 0.37077372960942256 -0.19415905912366882 0.21826345648805748 0.05294374964620068 -0.16695099633240582 4.951564034774734e-05 -0.3372899462680819 0.11399307210511489 0.22792643920836556 0.0964752633216918 -0.11648670831154986 -0.0019552412419736945 -0.10793264581990154 -0.43330218148395855 -0.16735506224731408 -0.19214576865830643 0.3388968464386616
2 4 0.04119972340115661 0.34810255229104986 0.35474020078912144 -0.11991442149341472 0.12214150122378412 -0.44774954208374446 0.02587625217918427 -0.27052056545362163 -0.17950092191501898 2.1998333899798183e-05 0.40292032095178754 -0.2312808100243793 0.4414030967680934 -0.24526341540466204 -0.35557003065594084 0.5068473439183997 -0.059156398156552714 0.07743183786122883 0.07082961791094469 -0.06356977280404484 -0.1293196800857804
2 4 -0.008726915824583448 0.0005600339976074342 6.05271024869864e-11 -0.004686321988286058 -0.0007807885719419317 -0.024102792382915853 0.0007709671249542823 0.021568473842351533 0.006614985532426004 -9.277166665330757e-05 -0.0007397961371854627 -0.0006171216799149139 1.4348445096466885e-06 0.026523971184055365 -1.0184983201696092e-07 -0.0003129053473137414 0.02432228831921089 -0.0004461741494266626 -0.0020881660494158805 4.16628439520339e-07 -0.23069391712267226
2 4 0.10898435793544399 -0.016641055439864827 -0.0845990244336336 -0.0015079811541299645 0.017475299280918486 -0.003064598164754117 -0.1820532313560698 2.808481113018546e-11 0.26474164422820307 -2.915837110358309e-05 -0.037496332802768526 0.005483564114818941 0.19833664145976504 -0.22684636392350477 -0.3192181522411519 -1.4838452572015835e-12 9.534865069577993e-05 -0.019997163488516344 1.946015743346678e-15 -0.12079223530533482 0.004254595313661605
2 5 -0.37746254942849444 0.019191312762237123 -0.011749317975551133 0.27515489803949755 0.289577881331799 -6.622016462051213e-14 -0.25360590281134376 -0.02143877555868251 1.0567738772041652e-06 1.4496501761187847e-11 0.004175838794730062 -0.4543248225908491 0.27710347705292293 0.29864395333929183 0.010549424678962397 0.21012075760650828 -0.2189961587680263 0.07841634277078946 -0.0043819763773713435 -1.9239989479328266e-15 -0.16244674248813562
2 5 -7.299608243258935e-07 4.650261021927027e-06 -0.0018894945528313994 -0.00013871983023807624 -0.004401991901909284 1.668491007096377e-07 0.013638576843837739 7.977040695384033e-05 -1.3813515977883714e-07 -0.0033329218395342615 -0.033860055035469926 -0.0008975388022819436 1.583535884803804e-16 0.023900567556322055 -2.605397004674052e-13 -0.03483357364795837 -0.010089967333662703 -0.00039908551208751836 1.727172280032749e-06 0.002953343513350363 -0.27658335155410996
2 5 -0.1941026060219468 0.14548999230832277 -0.0018887367367940641 -0.2196053543204528 -0.3087990125467704 0.003404519292433126 0.0903216513588019 0.1667458710975867 0.14199473165017712 0.027239700954038562 0.0003145210299271781 0.35679820069576124 0.3006949971557416 0.04228743987937223 -0.13245690264088733 0.4620741029890086 -0.23043580651864862 -0.5483352425635318 -0.01988211606177806 -0.0650256458625368 0.07268314819916585
2 5 0.12866177857821837 0.08887645853636002 -0.0005030058896079553 0.3871662906201615 0.1241057666132272 4.035258306453324e-06 0.10884302847895272 0.22101408366203376 -0.07887584903398961 0.01057823807919387 0.014107964535835042 0.010619124602300906 -0.2510006235104221 -0.29695240914634663 -0.08015785716182623 0.17599005361065684 0.2897169699462056 -0.0487083992774693 -2.3768790426232808e-06 0.054658971656763394 0.24400845646016323
2 5 1.2846998314794074e-06 -0.018630328799111202 -0.008345486743146576 2.354112686414758e-12 1.5259803300257682e-12 0.012334866998048371 -0.007741128551851048 0.0002099748133020716 8.42603543588013e-05 -9.017824749773398e-06 0.0014478775365236024 -0.02446706924923542 -0.01811374996575027 -0.013166273025640725 -0.0012100764043844984 -0.002434940501329755 0.0004154568427142334 7.157926409943926e-05 9.976197069687165e-05 0.0012962448405763006 -0.08438413576871462
2 5 -0.2638512905569715 -0.08165553394339002 0.02347516272890151 0.051350642492885956 0.1498721374140484 7.809765961097233e-06 0.04015621483152875 0.2619246122890052 0.158698816150456 3.613788475287071e-05 8.918113382902237e-09 0.10788673390884643 0.0914562580981763 0.3168183633656076 -0.15495995849438982 0.32783499113923037 -0.244082161414127 -0.748923906516089 -0.00890575088676671 -0.06650623826900166 0.10460368189640067
2 5 0.018332781149171924 -0.004474080248879175 -0.0009091104126989506 0.00021870275986053371 1.1089430021903883e-07 0.0338974920956415 -0.016600365885921634 -1.4157463420032728e-07 0.005870881510238209 -4.32100968280404e-05 -8.149527721765784e-07 -0.030279025373747114 2.8999204567055233e-07 -1.2673204619456017e-06 -9.321367073366001e-08 -0.00021712608921623886 0.0019044483232527585 -1.5275449414075958e-07 2.0469134214635186e-06 0.03379393273300712 -0.3402238494443062
2 5 -0.30951259547887916 -0.2288631437618805 -0.00010379141889623775 -0.29203754012465866 0.27977227671097 -0.001351819533527585 0.3315423155452516 0.24780164876618524 0.08308871544770888 0.0028025391415560778 9.890689483230089e-06 0.3570713298568404 0.0351037644232344 0.18925105788992416 -0.17407385703143272 0.41177243094941157 0.19025809947037378 -0.4153300778971921 0.004194902426238693 0.05100772834901406 0.027160388328378884
2 5 -2.6185515142836643e-05 -1.1684247899712075e-15 4.3837805508995163e-16 0.004566957374627373 -0.00019539005767203358 -0.000283146851631719 -0.012986386362865242 -1.4161033785851736e-10 7.347747880395964e-09 -0.00030140342963440883 -0.02292358623301042 8.813663843899839e-06 -0.0318172643281931 0.000611077063152177 -0.0007287042113696314 0.015622946929336424 -3.0032633158423075e-06 -3.9471158296842955e-06 -9.65394518734257e-05 -0.002407199102008273 -0.3837570651223123
2 5 -0.022523891783141285 -0.25701777353754546 -3.803119197283221e-09 -0.2496802052647804 -0.17796991380624846 -3.974147104506866e-07 0.45400713381802427 0.29969032888710356 -0.23550885517920409 0.013444353312348153 -0.015938435750530895 0.06847138752423898 0.12605096945878252 -0.30944972433036816 -0.20726051745156515 0.437061658628976 0.19532836355151648 -0.0750382654013486 -2.381209878952833e-08 0.09138334948351806 0.09123602420296717
2 5 0.37251141275258853 0.027232009062263973 0.007008783769661242 -0.41360376152584477 0.30904998423309127 5.084983056465646e-08 -0.1721532736446003 -0.2546102128128367 -0.09801760182705602 0.0011415466148291995 -3.441458290505089e-05 -0.09228202248766337 0.21156492361644616 0.021780172595166448 -0.0323529787203326 -0.2306262291193781 0.33874753098105437 0.4232076910791776 -0.010499323249914993 -0.13108419210001487 0.20712787644873085
2 5 0.23943384402863407 -0.037322964029001704 0.021316154730613386 -0.2793327970757833 0.25045378210126823 -1.508983206318288e-12 0.17023556632094644 -0.24739544289417748 -0.034392494275104726 -0.019471716432132316 2.7918365961718214e-05 0.18149092721442747 0.13977919335683756 0.21934969174442212 0.19306271528517552 0.02601619478276977 0.2053617390398168 0.22130883526681036 0.00020743014663204538 0.1920771057199064 0.1991006471475749
2 5 0.35961298675512593 -0.0792935880746358 -0.014601858663377732 -0.39200286534178636 0.34774973490691186 -0.023656002459137827 -0.050306300440898614 -0.08720184994876688 0.06252778417980646 -3.6618894903075205e-13 -0.005947064087133257 -0.009852574238988915 -0.011017280979073387 -0.26345589838023137 0.007979296094264038 0.206966280148939 0.3855810823603704 -0.4914851190714021 0.00038559088653987103 1.5191204104976115e-15 -0.05613797475457416
2 5 -0.3297901740463816 -0.061261845216264495 1.7626587373468217e-05 -0.2922213950748371 0.11182826687059157 -0.00037030460795148794 -0.3236037166896303 -0.13905862607594302 -0.17917630652773547 -2.00122645029506e-05 -1.9651367724908876e-14 0.1149876901950027 -0.18747599378347515 0.042269332791671034 0.20761506291609502 0.21560341190242716 0.3958072339985577 0.5393504058622118 5.352345776602874e-16 -0.16044759413385556 0.31804028988629524
2 5 -0.13870390829794768 -0.033531998505884855 -3.285075544797289e-14 0.2539401959516031 0.008730513769448866 0.002708660737204815 0.25278968086515863 -0.06539905657742148 0.002890492711935373 0.024079323006359055 -0.027794515075202184 -0.42132583836637255 0.23142449247405517 -0.3960772978864857 -0.0021585902382267137 0.1329280681596793 0.045773078763690696 0.18705041908359477 -3.4276371682134998e-12 0.03125187570805081 -0.3110362481823819
2 5 -0.3589168227408031 -0.16345114142733852 0.027887317152092632 0.020543505774679782 -0.006014892820434383 -0.010121310683857944 -0.1696453917183237 -0.3393480722087504 0.0747263276824396 -0.0003535857530249388 -0.0004530285361847132 -0.27825612082921364 0.14966099861314888 0.1353997626376707 0.042416573063350366 -0.2888271097354536 -0.16988080799316446 0.5224469575621642 0.017184161186333053 -0.09407201346600085 0.3155130965890683
2 5 0.002129123467652018 2.547723371933964e-05 -0.013425380305682237 -0.004838094585068458 0.01728334841686313 0.01499190991712238 -0.018406113363442427 -4.1913566471653104e-05 0.00016410956852605806 0.013644562663000891 -1.6854615382099123e-12 -0.010330989759288629 -1.9446213129195048e-05 0.01767486700332777 -8.708956885559531e-07 0.0027487848026646676 -0.014174378330207486 -0.01026291677506651 -0.00016246345796395087 4.765771101623406e-06 -0.16172795157113976
2 5 -0.04158260735324232 -0.11633654370475735 4.6401773943543746e-07 0.13776001450892003 0.28450902620870927 0.0058377771899726155 -0.029856832557485252 -0.17068684731941816 -0.25492068538733864 -0.02682853415361404 0.0016307285432026046 -0.33570572748514194 -0.2507925547557692 -0.258286073500501 0.0502705334181528 -0.11901839104999694 0.2697687710563418 0.33970990905840215 3.8812374041599605e-08 1.3415107864786255e-05 0.30647478275161766
2 5 0.1805809605483401 -0.1500485175344246 -0.024569155535050673 0.08486561020249851 0.33348672716951994 -0.031181240688492033 -0.06842252148360009 0.29324840726594953 0.0987031040824329 6.132372167875743e-05 -7.3221534788834045e-06 -0.25466212895874885 -0.3708203864996308 0.13871625701900953 -0.006478387206859837 -0.17981870164356525 0.03392028447289453 0.2091846475011613 3.451634655279705e-05 -0.014481237786885766 0.2143034140492647
2 5 -0.24130470837133805 -0.15868767877673332 0.011082402240513897 -0.32554145609813157 -0.10386380475047928 -0.01913294329568009 0.1612643238575157 0.03379698298536775 -0.017414716827604135 -0.017439364797541452 0.01635264105885539 0.3754042120058141 -0.10168152260627378 -0.04571919580948868 -0.017316324863983254 -0.21996552509581116 0.13088837327707784 0.8343871897892484 8.837490074298022e-05 0.0253326557615124 -0.023234693801807337
2 6 -0.22936954026609022 2.944924612817596e-16 0.1526170149657803 0.038585203961986704 -6.187143358510899e-11 0.36683075763664696 -0.027128981057944465 0.38283942495093887 -0.07087047545215648 0.4006188089179288 -0.2568358796338973 -0.3208756764685767 -0.3303643582648706 -0.5114883872618942 -0.19254410148420495 -0.20212985964888264 -0.0002620891647083193 -0.15773318757796773 0.25206102307341305 -0.20687624082505565 5.194192625915527e-05
3 2 -0.00019136628696561728 0.0004272195300980949 0.01212888245419362 0.004291833186124246 3.7588022613180464e-06 -0.0006600464815935283 -7.47920476997862e-15 -2.671959967556496e-15 5.098774639628061e-07 0.0004276035883755598 4.465680772602493e-07 -0.36426724441042946
3 2 0.3735100394298132 0.571627590363052 -0.44121143843651917 0.494634821938116 0.02945974568307317 -0.23756154717128436 -0.20914511626757332 0.42549683580373326 -0.04971184133974325 -0.37056450114254713 -0.42940899262921967 -0.15887847400915373
3 2 -0.19048613954211535 0.20563652852971037 -0.2802708523785828 0.17920946825138975 0.4129720822133262 -0.021515109800333596 -0.44557345435828527 0.0966599808198104 -0.07575579412704367 -0.31873671647540947 -0.09275374109157364 0.14919195911154498
3 2 -0.05925352125773668 0.2687099901737437 0.29436908490678093 -0.23431118831846673 -0.1770663788850399 -0.20614609585595015 0.164217655013038 0.036159256674568346 0.14177722348847005 -0.1979890886552231 -0.36851317742074213 0.05437853922175356
3 2 0.31536784525759703 0.2961506215015782 0.3899573309723509 -0.39381790952449763 0.36839149486628686 0.06199792628108884 -0.2962937623031886 -0.29427105668667086 0.25282712377332933 -0.19747991868677356 -0.13216896498726097 -0.3885428979733341
3 2 0.22864280868828282 -0.057411310345615675 -0.07060907655977552 0.3823424886425393 0.339335596570202 0.465853976819795 -0.192239899755573 -0.021367561146529632 -0.4239383898079068 0.23406099200912622 0.09451276541489624 0.0507050884944264
3 2 0.46011726010761644 -0.10648387396369469 -0.029041615705702722 -0.29489794500248134 -0.3250867534322358 0.02798929596330369 -0.05724327329606432 0.08886794309182955 -0.023442683535473928 0.08644108640736664 0.07876722499689573 -0.035619585865525036
3 2 -0.04293554968502739 0.29168242882144046 -0.055283383168407606 0.30080972062029704 -0.40194961638407345 0.12424188523568072 0.1658548558789279 -0.3184010348502797 -0.05850815557035295 0.01711338972712468 -0.2625928146904188 0.21437387111566752
3 2 0.2812190805243999 0.11617513778432718 0.3277213844917148 0.3326923372884138 -0.44084820094457844 -0.0867134987570831 -0.040783494424173394 -0.1561240825352068 -0.19011521747366375 0.3367820573932584 0.4012319957309825 -0.08994253028532186
3 2 -0.46383265987301064 0.2510917079115556 -0.4504354418580674 0.21722661677978589 -0.4723345196805529 -0.14882279853662037 0.3675354280732593 0.06937286587687462 -0.36219365606561305 0.21247365607058757 -0.22100875323220937 0.20246109097848392
3 2 -0.06108477074078476 0.347178354422128 -0.3366582153849349 0.3545919742621169 -0.1334810756178694 0.27361823075611763 0.3223450523566178 0.08731631521214998 -0.006740769728544564 0.30579232353779623 -0.08672015792170025 -0.015195393613578335
3 2 0.19068539569919501 -0.14119904036665684 -0.37594222231408947 0.09539191424922716 0.48526211876474024 0.32820617017077935 -0.24967488250840353 0.5511673726085989 -0.12758184250091825 -0.06161188084446269 0.13375427911129062 0.1881959790341321
3 2 -0.19734819652153796 0.02599271235816925 0.6782170725808516 0.38693276048739333 0.19778124901222538 0.17290861193903356 0.06379952354355417 -0.0337587979990728 -0.19932029166344406 -0.2173206891695968 0.3385387229805471 0.307061920675542
3 2 -0.15656221740233062 0.4124046647911799 -0.14565537524764946 -0.23952936110683962 0.009091810797343771 0.3036216464328507 -0.1877505836398335 0.3821232972084825 0.17292992153841347 0.3582461511983715 0.5386230080560088 0.13366340590742448
3 2 -0.3107212944560311 -0.5450331359996357 -0.1280830102892599 0.0055654516950457405 -0.010498605573033386 -0.22312820171154985 -0.1878464691168032 -0.13813645391235524 -0.22293770173128055 -0.14064456318085608 0.4229770162935756 -0.010040911540568243
3 2 -0.15838146949224127 -0.05361921651402826 -0.064219510613862 0.030812213793692048 -0.4110816188113025 -0.2536439252942888 -0.04941312216461864 0.10536353988550223 0.2513294315940752 -0.0574074597406779 -0.40678345302645513 -0.12204391699073985
3 2 -0.31916775601905095 -0.4540781414112192 0.09586333748066089 0.29166611732680287 -0.38486525127065396 -0.04447359523381159 -0.3996962736587105 -0.3718697589578714 0.018231636253895758 0.04432571024486754 -0.38760469127665664 0.024399642351765675
3 2 0.16814597284328828 -0.38184251637350086 0.11578374048094894 0.21480662394471453 -0.23710705678689026 0.49522610927271216 0.2764513321203515 -0.04977346313995982 -0.29587404343105494 -0.1363269660729216 0.13071326664272115 -0.2399652130520897
3 2 -0.3015700314014204 -0.008530653255347643 -0.030295693486713158 -0.03914800265855457 -0.20450767615734017 0.39197265197995673 0.001993197598446847 0.27339541550620733 0.2806244341005253 -0.3165013444273405 0.41229925588615673 -0.21333135995546024
3 2 -0.282562303396849 -0.061987372964187604 0.5727019604528651 0.06873425161075417 0.26774906661186954 0.24331811771723547 -0.38083433325399596 0.3940981965792803 0.09240085479215564 -0.2754326046295366 0.3455000485799789 0.08387956397548456
3 3 3.2000779303017603e-07 0.3767079464279854 -0.3758686515245544 0.40060725322058777 0.004480798556420084 -0.1042084186120089 0.17037512412597836 -0.07351215221870391 -0.32272571229509395 0.3446583153450401 -0.4071976496659854 0.407153731173943 -0.42900025529084035 -0.19089236935456186 -0.049827409821097506 -0.09629680317224461 0.09173122283246858 -0.04738446411861533 0.43760265136588095 -0.5097591148494934 -0.1327938993743496
3 3 1.7534351681446632e-12 -0.3306013750263852 -0.15209683800868473 0.20332078870356937 0.3003041988362424 0.13891499549726086 0.08900566570971225 0.20716149718701304 0.34982336064804714 0.25214538509431667 0.42976580350533783 0.06329527073265052 -0.19194663722383407 -0.11225215116788193 0.2637507954818821 0.16939371201312417 0.2607917324210208 -0.4524554769376309 -0.002775069071572758 -0.17790142244974524 0.30150117681839755
3 3 -0.0032587191198779498 -0.025587477446084906 -0.14171229973555494 -0.29935241697370574 -0.07018808106853165 0.11162927013932314 -0.28265812345594066 0.18547417031374883 0.21974027011548697 0.10666825066718597 0.09403174205813297 0.1486800408364411 0.14727394503833222 -0.3997896311756079 -0.12549835251367183 0.34692088047930364 0.42230962774511505 0.09738956646555802 -0.2587536270110697 0.23398165931848883 0.09410231985848633
3 3 0.003845532942336594 -0.25534450687978366 -0.24800881834850702 0.0028171780731068474 -0.2673314860457725 0.3227463762742222 -0.0145756040809788 -0.0842168562312659 -0.30936635671429347 0.3370698543513694 0.30303330407768736 0.3247797812890682 0.3030915602818123 -0.757611817136202 0.15396783648767598 -0.1073148239406015 -0.24987448361829767 -0.5018283772213712 -0.030278699362492348 -0.03112459966184854 0.15713386844032332
3 3 -0.0025426157712029594 0.37128351627590345 -0.3464810602151345 -0.0834299414618705 0.16955739490850566 0.28645428050830285 0.2712410922223946 -0.5509595587201098 0.1700533868455005 0.267878800963794 0.21784566428757932 -0.2987802874973673 0.21100762583634897 -0.5562724326412779 -0.18407768910429 0.3976597846533005 -0.30394937947982514 0.2310456931258176 0.5720995931850443 -0.2838998450098649 -0.0293639020297221
3 3 8.886015626940996e-11 -0.4357270043940605 -0.12323729854151508 0.2715934232093893 -0.12455235789584129 -0.11064801261972897 -0.1414598368331932 -0.3523651604151745 -0.4793080208206231 0.38664818155175784 0.37193053221324984 -0.30505728215885436 -0.16094375586366194 -0.02989515989449498 -0.08020231383499234 0.3520315422173035 -0.05298215788776473 -0.058603597085600326 -0.0803555792321247 -0.3156535826147498 0.2074167267882639
3 3 -0.004174279757987277 -0.2475619867294825 0.2939780626752193 0.1449488264918626 -0.3768623032856481 0.00477480835486009 -0.10743197382311766 0.08082247644174445 -0.23603056097328498 -0.4330851070036431 0.23993547446556704 0.2351633733339445 0.5440352434147342 -0.7769211753947781 0.11959258524135244 0.15660339935786066 -0.12524088790440674 -0.610499255010386 0.16600415224145348 0.10089660649328547 -0.0069075110050429624
3 3 3.542093652953506e-18 -0.1542713685102691 0.08936692490583151 0.3617757008719782 -0.04896450787534736 -0.31764950875854714 -0.15741915453837133 0.18983482991011433 -0.034461585400587316 0.33323430399431253 0.3448225239060116 -0.23727654562475345 -0.1042327666295333 -0.4491172567706234 -0.27418483605487737 0.2915505964038571 0.13672176539803826 0.07181047607226318 0.46125026376400646 0.12928688353730283 -0.016615466407833394
3 3 5.544548682298552e-06 0.1300456257468496 0.29920064972725097 -0.29293448098647307 0.07640219943959907 -0.01638346889292679 0.13611824208826093 -0.16371753155288515 0.24492516435503264 -0.2440834713641974 -0.02964180672944824 0.17886715262347297 0.35413051697627057 0.23018767206279733 0.3300577424632294 -0.1706642254624193 -0.0005924435845459989 0.12212972149328853 0.09386677773975977 0.01836364163847839 -0.27128751008406393
3 3 0.007256593212151863 -0.41668627065247743 0.09714866996054342 -0.25684682352067684 3.572656827363423e-07 -0.0840182090650451 -0.07237360257030477 0.2755225025403022 -0.047344518399847275 0.2503997182018355 -0.11006253198014976 -0.10217820723044663 0.15117387008922606 0.382697768874846 0.06359079511973707 0.06465143546471691 -0.06556232952093226 0.27644584067624345 -0.05332471800854877 -0.28819048083646237 -0.07963097202797588
3 3 0.0009346258413464311 -0.12834737774339677 -0.082942712096393 -0.26771703986855633 0.2852943207175368 -7.762957987125563e-07 0.3515635471242243 -0.02101864361690379 -0.14118158012122753 0.001970536492793678 6.859652592240558e-05 0.015836747890690537 -0.32200865862761185 -0.0010225383560664477 0.21550171536626297 -0.27217057412825585 -0.3735931683757706 0.2669967161520043 -2.1298170848903155e-06 -0.21220747233098283 -0.1447806736655294
3 3 -2.567420270264506e-15 -0.015496508447190416 -0.011559720979871776 -0.000190707629860687 0.008284937278649642 0.00452284256653714 -1.67468240890386e-07 -0.015799576972763185 0.001096754511894776 -1.2996438273912832e-05 0.00017647318839536568 0.0009331431082085515 -4.021590760528792e-06 -1.944501073267185e-05 -0.016047762707034955 0.0012665403283068654 -0.007013841513432885 -0.00554967073527919 -8.093557721699307e-07 -0.011830207687776076 -0.2200958733432196
3 3 0.012687365324793356 0.15392655108401757 -0.32683523027857697 0.4288663524414236 0.34180666831720025 2.563908314953025e-06 0.21233622599332944 -0.04063174193459615 0.054262160340428287 0.2692592879552755 0.21095550160677298 -0.25889555942424763 -0.20081834862688808 -0.08592823504345988 -0.10763009130887777 0.07656700732030092 0.09656866877903726 0.09025789307018456 0.16735970150328097 -0.1166112763303253 -0.3551200379059517
3 3 -0.0018947861054474722 0.16065648127134868 0.04247665381507074 -0.4424216110192224 -0.14558227659063966 -0.3114032852269667 -0.143002405352812 0.5195652522452369 0.3723940286622008 0.003878734613532382 -0.17584266647339275 0.39134949198633107 0.3666101183905729 -0.08344259605023883 0.054387156550967604 -0.0811170628946735 -0.22693607901317783 0.33515968484382114 -0.06504300722028007 0.13384560543983504 0.02349584287337425
3 3 -0.00023797339487564953 0.0709787072029411 -0.18282496846458077 -0.08394716784058555 0.13690906106475864 -0.14508745206408802 -0.07000184461816723 -0.4651060492069198 0.24771547468661165 -0.08159865437622092 0.05398475637558028 0.0802654460237646 0.16011989495091575 0.26288598345516306 0.22447000745675333 -0.012070226924366528 0.13239602148099358 -0.06823988995876744 -0.45105451406219366 0.514396365798037 0.23636722808869684
3 3 9.454858864391569e-16 0.021497215355107957 -0.1234292269237714 0.4144369288024447 0.019827375420580506 -0.14211942728679255 -0.2875121896717705 0.04910853852671757 -0.40690518088461497 -0.30632976220254665 0.27159586585835455 -0.23198732890756993 0.15891569215673168 -0.2822576136222185 0.028444488225207145 -0.029660559019927975 0.31643114559010016 -0.45478986176487984 0.5197347568236447 -0.3375121012077132 0.15224113802002015
3 3 -5.75495510549659e-08 0.00042550390687501723 -0.0003533802338153103 1.7333410085930445e-05 0.016548621131148054 2.4414966341521824e-09 -0.012913711803705008 -1.9979165257726066e-07 1.9325301756641963e-12 -0.003908987344406316 5.070508137917848e-12 -4.534208800631116e-08 -5.967103457931503e-07 -0.00021603747132065956 2.0247298619878355e-10 0.001684743289399076 -0.005015480673002608 0.0005439888380497222 2.519412301532946e-07 -3.2398700321039655e-05 -0.23866458867783893
3 3 0.008732653366491457 0.3166260986059733 -0.11039303452563695 0.09129281203948807 -0.30883625366565637 -0.3616466886948649 0.34733988068018545 -0.33944936473770215 0.29126677997355715 0.17658988213670174 -0.29287829388069403 -0.2632361886356305 0.26092491347363295 -0.10121757706328843 -0.35144066515767997 -0.2195567567081926 -0.36521725882688305 -0.0731457538432967 0.24899867435716694 0.18543855800645226 0.25695462435340394
3 3 -1.626386675132031e-05 0.3785782186808309 0.20174561137865762 -0.29660545154998713 0.14683538080729008 -0.40910657323803656 -0.1883567334998909 0.21600442123028726 -0.26329959570651684 0.08174828029448211 0.21439294197470887 0.21613755873869328 -0.29212086502089113 -0.21317620424289355 0.3229570990063634 -0.3876424568733556 -0.2384694713311428 0.056308341756101485 0.18590184885349006 -0.3186184212396305 0.011512858859676064
3 3 -7.221463828479209e-09 0.15829370292948905 0.21390036030874088 0.41847139249645177 -0.2590104711050467 0.28655442658611985 -0.14592632283912718 0.25180644608769936 -0.04060218747372776 0.06789835422112674 -0.2894639633887448 0.09629046323400048 0.30218905036709004 -0.11513724147957759 -0.03489906640107185 0.31928319170343084 -0.28864409755109594 -0.2877585291558205 -0.07205878723060365 -0.03735301128062965 0.12651803992264046
3 4 0.023255393520251844 0.08652365878321913 -0.2747754318224584 0.04101818827817512 -0.347192876624176 -0.1945904627359427 0.25027085293827855 -0.09881875877547482 -0.29503829284929295 0.2271145823230219 0.14277476335976272 0.0025902572090323642 -0.20739102494562292 -0.21143306630494177 0.137498917761137 -0.22457743580317469 -0.005848420829503394 -0.03585466691892209 0.37707856761230685 0.3957700439577802 0.3639515949722871
3 4 -0.41518385941748026 -0.040754516402572306 0.3852551669593332 0.22602170482064865 -0.0034624782678469228 0.04598371956337128 -0.3678462968655176 0.1047809290029561 0.02779054982600483 0.4735547854127531 0.15397210793562902 0.0065825414388357515 -0.09081015083825132 -0.01643205450676082 0.30828413235216917 0.27171293740103075 0.00863881943064556 -0.17731707406537164 -0.08111105145710588 -0.17814591791391238 -0.053776551142616126
3 4 0.16897831201293162 0.20648188373469842 0.0984092954656057 0.07120151143695089 0.18520026028853545 0.04802410184745644 6.745060186128729e-17 -0.09075095692767901 -0.0007392601390509694 0.19359132812827634 -0.010784120699842737 4.514474288237393e-11 0.07073115373119515 -7.012900338227297e-06 -0.3525766257022437 -0.07910998677748488 -1.359696974900498e-15 -0.10212873786892042 -0.031701229569606984 -0.34662208931869837 -0.2751531603128093
3 4 0.0021994476216361442 -0.15973176333246905 -0.43507145045378326 -0.06761508101754216 0.18558151850353116 -0.3531672902831575 -0.46018881171452136 -0.2455176786020882 0.2374014665495529 0.1690136217234508 -6.609275799167784e-08 0.01461387102465999 1.285551241104876e-07 0.42169522464373926 0.15584777296847738 0.03891262317679983 -6.941896768700696e-05 -0.08767695444973873 0.5243270762453542 -0.21369394547113862 0.10515396672793192
3 4 -1.6775993093768495e-08 -0.006941841441078586 0.0003026745841798143 -2.914518753649402e-06 -0.006676023493794823 -0.0025737066944694674 8.551288389993361e-05 1.764697548166756e-09 0.001399126793859395 -0.013141557502007944 -2.680509797611013e-09 -1.141569580080457e-16 0.00012398812873559486 0.008982636719966658 -2.7159192768933644e-05 0.00045145265985936526 0.010644315031296342 0.009946239943705188 -0.0008936124301297568 4.641015868427311e-11 -0.18759798076360365
3 4 -0.3192631829841035 -0.34926469073671296 -0.2670992375501444 -0.8083400864276724 -0.16977261794798812 0.3514505529889542 -0.6758672656830849 0.18556945462326355 0.23206607378278982 -0.4010329873285153 -0.17259570528804044 1.2204988460589989e-06 -0.14058578142152642 0.020419637744678885 0.3343512954257555 0.1920743366022681 0.008794707958724477 -0.2477163907174686 -0.09627624870357425 -0.2347362850323032 0.24586119010036783
3 4 -0.08643444511001906 0.03251173561898096 0.29672309892086385 -0.26186136527254195 0.2737212739119484 0.31162267439019614 0.10040578580614778 -0.0609816992026025 -0.04354148001750498 0.5444057113600027 -0.1420644138664298 6.89677560431236e-06 -0.6789441990974249 -0.1361431953190359 0.28049607392669784 -0.14753958325098976 0.0008948707027591664 0.3370882193646208 -0.3186326351394031 -0.319752137659979 0.009252077573076155
3 4 0.20902300186007883 -0.2752244154121811 0.376483338888768 -0.3390264098037854 0.33707762170647787 0.22344691245451237 -0.3508855166261473 0.09325512970021647 0.0063488315554868875 -0.04116398717262299 5.60101909903598e-06 -2.626071559576423e-05 0.4972433461130913 0.4150710422735259 -0.16265869824433654 -0.2643762526625565 -0.0025355646713754033 -0.31502661554541234 -0.3059467391707712 -0.1423423655199962 0.25421578572092624
3 4 -0.09885300550800048 0.008859550060081238 0.1834195708008227 0.019538721182985795 -0.2521473173822189 0.2634997375802757 0.6376793999654544 0.02349415659067315 -0.11428993292513775 -0.29574674901327697 0.3307064797110666 5.459895573873402e-06 -0.29412917492246765 0.07857333916012757 0.10453325183990568 0.12668530183916635 -0.00033551787778541013 -0.3553902177879774 0.3434435477137739 -0.24253811301969705 0.28997571118187054
3 4 8.824565356001948e-06 -3.6764359451799244e-08 1.3835188020866575e-05 -0.003775346623774405 5.375956765000441e-10 -0.00015562643185776303 3.442131681182564e-14 -0.007076806976263067 0.011066576471187233 3.2833679669383555e-05 0.0032577353400769114 7.099171903422247e-10 -3.667176976041359e-18 -0.011491631283506333 -1.3434910109898953e-16 -3.439399955151539e-13 -5.343559881004345e-05 1.9026445410126415e-05 -0.00027915677712532613 0.008156932272983858 -0.322859963148783
3 4 -0.013762468985553679 -0.0009751678490355295 1.0386985664509939e-10 9.716976429126366e-05 8.228042687593365e-18 1.6529060621012222e-08 -0.00013696211257650397 -0.0007018920975592149 0.0023045186807377134 0.009626200440816631 -0.004791238387952441 -0.011791111247040045 -0.0016258153791528548 3.612386539808971e-18 -0.003887669685598591 -0.0036995086484741327 -0.012665147137341994 0.00023972469294783152 4.1182726462679215e-18 1.3383642821405754e-15 -0.15755588412997926
3 4 0.006921199515133942 0.3410172209181732 -0.09663440816558908 -0.2762534003176686 0.5391552494991985 -0.33466094528113527 -0.3942183172194886 -0.2899702696272434 0.36004546297324846 0.24456575587309357 0.17600022120060912 -0.015054985108213358 -0.08302653032588006 -0.30099958778484553 0.26420470017923636 -0.21983016883769568 -3.4568767202635183e-18 0.094355224956256 -0.26943043902626235 -0.3346392654970146 0.3049575580510042
3 4 0.12406490092670278 0.27750801220756716 0.0881881482703315 0.3540219022498698 0.36808679637755926 -0.2680682286500617 -0.38798480175908817 0.2699657094175088 -0.2156906505059757 0.1282362358684487 0.0032634203154721683 1.75994455385959e-05 0.403016507518946 -0.02137474238337986 0.019080773206726916 -0.3479089799771697 2.0159598790521587e-08 -0.20639864062783458 0.3660208301794098 -0.44554278953225324 0.0736358794077686
3 4 -0.0017614335584565845 -0.1661599440377672 -0.19944316883244745 0.2137086411397573 0.128186775227965 -1.1126357510605116e-05 -0.18677666381598715 4.82992467037607e-07 -0.0004608415797856654 0.00015820457128848904 3.342990943800074e-05 -2.2660112829580725e-08 -0.003213445665941466 0.08995154259351679 0.26588107347858003 0.011990471593412043 0.00020273935404727407 0.18080811504962427 0.014385082534535899 0.05845906645565696 -0.3285534599731192
3 4 -0.0018185469836221816 -1.469991513020755e-11 2.7284452947750255e-11 0.004706750138046145 -7.941408610376394e-08 -2.4739263717195746e-15 -4.7202267904683514e-07 -1.2531312047347472e-05 0.0017614574878510331 -6.476340722003782e-05 2.4500471795690054e-08 0.0019511473695669767 -4.358802597030526e-05 0.00018485209396692406 8.353334061219905e-05 0.00037374920678964513 -1.4799327220489785e-15 1.3662170715283711e-09 6.221947520773558e-06 -8.810929132345102e-14 -0.35155242102469997
3 4 0.1801574044548504 0.3814708543648942 0.16878649638870089 -0.01613500039709595 -0.6588959499765328 -0.2951751885404887 0.35143496833032245 0.035969290951379795 -0.20118433086986617 -0.3628502359905681 -0.19566622962143346 9.213876409732632e-07 -0.4773495013816589 0.37672479710871326 -0.17382585526936048 -0.11429094000805866 -0.0016031992351563395 -0.36722776724753087 0.11959338177052402 -0.12736787363844088 -0.08718484356597543
3 4 0.1949813695974219 -0.06077393623651125 0.007415433957997315 0.5314647594808123 -0.03290157787894836 0.3959448372875817 0.6408046509216868 0.19115339535340126 0.19029105330339954 0.061671683434402935 -0.12777546790570649 -3.9270719773709915e-06 -0.2839429738278581 -0.046880906164166805 0.0007343033727100469 0.26516064954058993 -5.197416408243568e-05 0.2784488442279713 -0.2831538936987229 -0.27849762581304177 0.06979468594087257
3 4 -0.01123274514716522 0.25786781075544307 -0.376632093711792 0.4179109314966256 0.5413559283710251 0.11932472690325141 -0.17258522779895355 -0.18937262274131986 0.09594176986826398 0.10862261628588135 0.03736963180672415 1.1286455455634633e-05 -0.42858226709887914 0.1882015492961924 0.20436215595737126 0.3866939721776023 -0.011291393618520888 0.2952218760801128 0.12777575425675847 -0.0023810247203515473 -0.39143087647180924
3 4 0.3474942447450271 -0.19340939992408218 0.03068592123319089 0.2983297334612813 -0.10978713145909597 0.1731573143902943 -0.005286772293107419 0.3462446961049456 -0.11842342686507301 0.04251960177062776 5.743883889043906e-17 0.002698979241795283 0.40444290206880956 0.14831255148798334 0.23583678844436268 0.18815403823081533 5.96400700734016e-05 -0.5644112693273688 0.5310841571740407 0.21412448101091433 -0.3922347813947695
3 4 -0.19291525603738297 0.012935483510745468 0.2672311356595756 -0.38593154824898346 0.051209576085308274 -0.15954804204851605 -0.39119081093275404 0.282030343755636 0.008246397296710112 0.0467663728051364 -0.10935335310452764 -0.001181859529588949 -0.11466051808698646 -0.32298747281528367 0.379276205318716 0.02747629167396862 -0.0012134400609580638 0.2987713463792469 -0.19125973815543557 0.08532358731067374 -0.13678681602113293
3 5 -0.01648229203507115 -0.0046759594978579766 0.0008965539815627521 0.0003025041030462476 1.0626668356832623e-12 1.2952801629075862e-07 3.312144333599531e-05 0.014604421040817198 -2.899867066877548e-09 -0.008465161332494066 6.999680291834807e-06 -0.01763769517915889 0.015436124352071858 0.00020773130695370844 -1.1175470780018981e-13 -2.6498715665143648e-15 -0.0034437361985988745 -3.540539750639084e-05 0.005879718638235836 2.4295703868564967e-07 -0.36712263995162026
3 5 0.24927507621496964 -0.13104320616939807 -0.2804832464463938 -0.532541464756567 -0.00018554423545859134 0.4992593737024295 0.2413146913983082 -0.06040946994682148 -0.19620590661416223 1.8131604715433277e-10 1.0760036501264382e-10 0.13917965491424594 -0.22162422735361703 0.16179195495012774 9.901074883474549e-05 -0.07997594324915139 0.12328804685821844 -0.36426260104115166 0.056609953760552674 0.36178917758418283 0.1378767674684118
3 5 -0.3212956846551122 0.3255287865120663 0.005255982083034577 -0.4071364273184341 -7.6320638652603e-06 0.18049754785254604 -0.06802789158968549 0.4824311511861169 -0.19961121481705899 -0.0005696400357432698 0.0007133804519060029 0.2067635117807914 -0.3197092695859111 5.3670130760940995e-05 -0.00022709101361421749 -0.07958087954710305 -0.1950369244195407 0.15040519243174022 -0.2653579793326521 -0.0669747195909992 0.15538730217106572
3 5 -0.010537929013328005 0.2578147132787944 0.0918962527799689 -0.08690347979344756 -5.13743005605318e-11 -0.03585752517665146 0.3465499607280349 -0.15216823039833163 0.4029342898317471 0.0007422741949036116 -0.0007924372560749703 -0.2902635531754401 0.34168940187979036 -0.015231688009599299 3.865451519180111e-08 0.35387980317794626 0.15860981250730818 -0.023544379740481992 0.0076191576076211544 0.33725709056862724 -0.360827246526807
3 5 -0.18909582466759514 -0.05336025205378749 0.20195879493691463 -0.31677384548379034 -0.004957775503162592 0.055858154068841814 0.2939274270793124 0.37731110447949534 0.19813461236487404 -0.0030380171865001396 -0.0007168973061691703 0.3134887685347403 -0.18413998431091827 -0.10802042425047531 -0.0029144656670986283 -0.30355468677059383 -0.3589681920750552 -0.0788051491943584 -0.03836903534881795 0.053243075462299255 0.2752403378559516
3 5 0.3771647900488903 0.3965121625021812 0.14828342561630034 -0.5248246703288226 1.3978825717400064e-16 0.2420922327020095 0.32058044666865654 0.36342243937857555 -0.30105271611751927 0.00024548790285471185 0.00905336718017346 -0.016175959853200327 0.2469885157081766 -0.211745447987353 -3.744625550709696e-14 0.27833366107100477 0.2527388198630338 -0.42991077303045827 -0.20524749441753462 0.01112394947925398 0.17424530592510049
3 5 -0.10703677392747431 -0.6930348482603064 0.005766398512815817 0.6674746640339955 -2.581044699501934e-18 -0.27989032778039663 -0.3825793709744217 -0.20437361067032375 -0.2290027532642774 0.001931008916272408 6.228024530264507e-05 0.07798894752316578 -0.15131427796111102 0.001428119337401914 0.0007867900168128521 -0.016729244539895334 -0.14960266707549494 0.5788026155364738 -0.47329729960692013 -0.35667972795092606 0.4116820609676287
3 5 1.743431770176771e-05 0.0011074918933275729 -0.0025529046954950604 0.006851422184752422 1.5141121193438443e-09 -7.164622598520441e-10 0.0013280623547598013 7.632185778681343e-05 -0.012778547189561503 3.9610920704472266e-05 -4.871352415015518e-07 -0.00014269705992231177 0.01366823429042915 0.00010147215862466114 -0.008005176738783893 -6.5054361735891444e-18 -1.4850114595154382e-18 -7.663334929894872e-14 3.998139030566181e-05 5.6334503258199344e-09 -0.20746784072784274
3 5 -0.24463620510712522 -0.07241642215751602 -0.22525817333627296 -0.7614414822187892 -0.0003491138954949257 0.442926087673895 0.1380382843460273 0.0013929027807946953 0.01874597324493982 0.005593011791795497 -0.0010299724909819993 0.18872216590138208 0.36053617871579713 0.2769438398435809 -1.9972483304790668e-08 -0.08751677033191574 -0.13530995250071173 -0.4475660605166819 0.15557135817468143 -0.08196470870074003 0.3629683062440257
3 5 0.1568761995836454 -0.30690391922656657 0.2366685960643275 0.6506605051363452 -1.846734412246271e-05 -0.3004219070747721 0.08971225882259323 -0.2730166608191965 0.34639758861575537 0.0003093343345984353 8.185690202670136e-05 -0.11757585811058832 0.2354359171817665 -0.23047185646483748 -0.01570522507143167 -0.02338521556560921 0.2733546802932069 0.13472784325353002 -0.04759016451459888 -0.11847770367279808 0.01648323739351349
3 5 0.0878704264266243 0.07380071995541283 8.161559345348659e-05 -0.3305422338162217 -0.01738434604896902 -0.0037183460720946267 -0.4339783182644101 0.30402202555093344 -0.38016964969171846 -1.6519746122292133e-06 0.016370432019465066 0.003706802135409671 0.08689592482666142 -0.00019028958427236715 -2.1438064601783565e-05 0.21014581948754005 -0.3687896954539013 -0.09723187002688329 -0.1246421254788421 -0.2838337713370429 -0.00034883666969752394
3 5 0.1562656316386558 0.21806417763806804 0.24835289293061993 -0.6204248400524105 0.002181108306320787 0.17093308408145572 0.3176677005760794 0.014588477719550342 0.322944850639874 3.0460500534067346e-08 0.016759756213173303 0.25200916527882283 0.3470525981410512 -0.009592258552686727 0.0004298399445113715 -0.2422613983737476 -0.19467203431517863 -0.3044700306692183 0.3579052956738443 -0.3850926356208827 -0.027679250510841143
3 5 0.3171623155053012 0.39062297702862053 -0.2808497068671436 0.09666141244090412 0.005819080053996849 -0.6386727600295928 -0.27740782791182433 0.01277089815238833 0.24618316817018476 6.303867977281348e-06 0.0023029883372315853 -0.3327165838544295 -0.3392714605322468 -0.11285434134865935 -0.0006250436891518105 -0.10693737128375326 0.15288903641790028 0.38476931892483435 -0.2610456228231227 -0.2354689292348679 0.19844099935983847
3 5 -0.00031320222696237506 -0.003055845361490663 2.3308169705907057e-06 0.0005956822104636532 0.0007815981568357102 -0.010567856837191143 -0.007499561191002845 3.5503369026523444e-12 9.280091248786206e-06 8.809495025346366e-18 5.039610085584771e-09 -3.8317237087663064e-14 -0.004299952129528112 -0.0008079327423114056 -8.819323842512379e-21 4.830407375262036e-07 1.219138473515451e-07 0.0002828391390769147 -0.004038162251186337 -0.0008383601437855553 -0.18425090759114632
3 5 0.10262511948098628 0.3107402947707513 0.25355088318385943 -0.6119657806593036 0.0018705606354881164 0.02698918047058704 0.38594013810651606 0.49884171752213136 -0.19524517418564233 -2.8365068535699564e-14 0.002131212180548023 -0.04485597309803629 0.004783965302545199 -0.16403967254063428 -0.0009894067710338483 -0.2660549780222057 -0.019081444712247347 -0.29798215257443633 0.32725966444961324 -0.1457295465872912 0.25788375717509693
3 5 -4.171848509953321e-08 0.010000244315303192 -4.055229127686315e-06 -7.491493407000542e-12 -0.0027736269156697162 2.3108934915063887e-05 -0.0011013732450552859 -0.0036884042245577033 -5.839568789931392e-17 -0.004355780876855331 -0.0033312948396536776 -0.01523046318556071 0.004815127849524268 0.017335076148314695 3.0361219302228635e-07 1.0419474169821448e-16 -1.3061354529634775e-15 0.0074777892206967685 -0.006103583912685782 0.0016628676972719495 -0.1269402016367564
3 5 -0.32517747949296055 -0.023472498418017 0.036123239648234995 -0.6590942574372788 5.221415741475974e-07 0.645674364817134 0.28108771037887487 -0.21464461718278105 0.027137786812664686 0.00016352266078505827 1.743267380523347e-05 0.38265066010367377 -0.14546539773165976 0.0737332120816689 3.549515388570787e-05 0.21938446603127257 0.0951903895746607 -0.1861627881782446 -0.3603841272073963 -0.14749710349135012 0.16051035484064435
3 5 -0.0663443296031132 0.38867444790359124 0.0999125555052522 -0.1746767906549542 -3.942047493687191e-06 0.33497802883146166 -0.1687638924514548 0.17195780198675192 0.006862482169123598 -0.006312460362903378 -0.0003758311400747495 0.13838816211585867 -0.05390025026463928 -0.09562653090345509 -0.010732736362364366 -0.3727529863873057 0.2908126368219897 0.07711527154779801 -0.25712465119428074 0.34263580534326993 0.041835730253530094
3 5 0.15915023822607693 0.08219055250475342 0.13989648260658832 -0.6038708626207798 -0.0072771862487890715 0.4012688059996607 0.15176380112364976 0.28806823729026815 -0.23553977080086924 2.636982371624818e-06 -0.0005867762257818817 0.46203780918235865 0.1369194913255839 -0.24834659810496268 0.004018259127205738 -0.12159676875448731 -0.21122487471822765 -0.06751926019514455 0.030502928482143636 0.3132624504870903 -0.08186549002797862
3 5 -0.00030991360368799975 -0.002256471386295752 2.1055372058503212e-05 0.006871219578775481 -1.9119177901723526e-19 -3.426559396615134e-10 -3.885901279901575e-14 0.009298841284182464 -0.0037478057856431377 -5.493285471940088e-06 2.983616124775801e-10 0.0013919001432894623 6.588512404997573e-06 3.9688618759067275e-05 -2.3336636045196587e-16 2.630219173229876e-15 0.0032851526795074286 -0.006260580993652155 -3.207676350041377e-05 1.086760306163389e-06 -0.2735298407451031
3 6 8.541750675507141e-21 0.368520260081732 0.9037031407204765 -0.6408401961494593 0.3330699373142721 0.18118593672763625 -0.292738707289283 0.00023489495954562083 0.4843711167519553 -0.362047908315442 0.7148578059184721 0.4147850419446688 -0.49846016048736497 -6.827440032185779e-10 0.24358499584295173 -0.026892044538679407 0.30162319193731046 0.2733353758260712 0.7361353607161816 0.007545782517943442 -0.4984135232054364
