Number of NNs: 3
NN configuration 1: 11 20 20 1
NN configuration 2: 11 20 20 1
NN configuration 3: 11 20 20 1
NN Layer Weights Bias
1 2 -0.02847291724657391 -0.12033671882215875 -0.22609735890683536 0.15780072660620845 -0.25876408590698113 0.2806364171408277 0.36578787793579104 0.05560918473363578 -0.22595285509262975 0.14968842350543227 -0.1846104353405611 0.33889736320397235
1 2 0.20782932201753537 0.07157844450158325 0.04724579375964423 0.030620817775408073 -0.36148698847350363 0.07286632406855537 -0.1432442373325521 0.3792392631451192 0.1218152741580991 0.42640858301609136 0.3848433672970561 0.06878587238224225
1 2 -0.17807880470932108 -0.06621291276980147 -0.33651092493881335 -0.009477529225063744 -0.3302313673131549 -0.15850929367929328 0.11280699089240906 0.29874630620354015 -0.3399164618649474 0.2860352821930116 0.18530384723779453 -0.06863239445351167
1 2 0.26871861035097877 0.36510029306126135 -0.09117751651347734 0.11420975360837442 -0.36933429459723066 0.1272084487819553 0.24052276133316522 0.20226738672401798 -0.3155111206653501 0.42033288745054315 0.07171335625890779 -0.27019860407613905
1 2 0.24920310503176038 0.4506056310929929 -0.12902222886493958 0.31107689607187083 0.019044963514381855 0.07476095265206306 0.33526821064702267 -0.32755403373967296 -0.24202010454887712 0.31784386683301 -0.2533329335037067 0.15473307918713064
1 2 0.29985206381698953 -0.1631014246146583 0.3888810608875058 -0.1898995061105357 -0.2132969721158663 0.22358164001057806 -0.4021984495516547 0.020020720670562746 0.06286840918690453 -0.06188816378874623 -0.17738693128212787 -0.25099497697165496
1 2 0.43416626740356973 -0.30431385626576496 -0.1216698440516631 0.19484571602755477 -0.3824795277089306 -0.01120904359622223 0.3869409568042179 0.2676110340701419 -0.41199346058860786 -0.29537529213764807 -0.3617813966242909 -0.3518709592289611
1 2 0.11276949661014116 -0.21958664100057584 0.311425354443631 -0.24559171662161478 -0.42939282550733854 -0.1726745751861457 -0.07403612711331091 -0.02030526806475516 -0.14560046493945017 0.30414079178425285 0.46222767729148506 0.27152651210803447
1 2 0.011298019395883355 0.3251723617113046 -0.11634081796765432 -0.08109864690538364 -0.30028143091701126 -0.36994206631730053 0.09467132695849094 0.03894563381421575 -0.16904946962626288 -0.2222787002852192 -0.23506319505187473 0.4287905217886665
1 2 -0.32045843517397415 -0.10440972930540864 0.2563809467092234 -0.204127655831544 -0.35250727334751425 0.215860043670732 -0.17320089635593353 0.1626646982644075 -0.2504954970599775 0.24018712541810802 -0.2685582267189009 -0.04186702370383866
1 2 0.15339589437317705 0.010511715244224723 0.07739630717782836 0.22037474061679205 -0.2084093386399955 -0.002454823266544544 0.1898854684271035 0.23906869008892814 -0.15603824769029467 -0.24746586255615086 0.4250306407482064 -0.25024261369026657
1 2 0.13649603482275152 0.2959462973141838 0.4334225332195211 -0.017786279187278282 -0.22344017492547008 -0.18172755312375272 0.1756509918115136 0.4139510134978977 0.2500278454871593 -0.08050972933898622 -0.06242429049901112 -0.03407041758486688
1 2 0.28272466167365023 -0.08900105191365677 0.36694691099623833 0.05649709920100756 0.07602211520703518 0.29710553847393467 -0.26416259558809124 -0.20394069302801643 0.21863065465406042 -0.26362606113633713 -0.41426516106786426 0.1960135725143568
1 2 0.2075078191070972 -0.3263057859038756 0.10462211443492614 -0.1838381545225557 -0.421897563377823 -0.3908279418530281 0.25680620920585223 0.3046922382128982 -0.12516712597010965 -0.19595878911163522 -0.3041224107936261 -0.14597186473127194
1 2 0.2525700694858957 -0.027523710306860755 -0.45039689254338283 0.3472193468354738 0.10541093224054576 0.37437017089602276 -0.1472752633592417 -0.16638213496582324 -0.1429460550663106 0.4022358998894438 0.0197889293883825 -0.020577098616593795
1 2 -0.3365733896266348 0.19224358245284093 -0.11242214838402163 0.030241866046864286 -0.20224202915140221 0.1833341865337015 -0.3943182042674978 -0.2000023122351747 -0.29507112583786316 -0.05088483004348518 0.039649916840060674 -0.355067049756287
1 2 0.4012413783017866 0.17977936380686774 0.04958606418173082 -0.16001095920071257 -0.29510610349501243 -0.32089091467049685 -0.2605304625969275 -0.146756218770304 0.1137404305039831 -0.0560856202985552 0.09199802428928942 -0.2676634298794589
1 2 -0.33116771907069065 0.15032328854274332 -0.30344303607966683 0.41331321497764045 0.41224262717129523 0.350608054577591 0.40599234244525884 0.17155233810425202 -0.27326259535481584 0.005997478783085126 -0.006966616521725063 0.2443853703217682
1 2 -0.040955843018284505 0.05219231660233193 -0.31689330501408325 0.2685924492831409 0.018236674480893552 0.22778703408975368 -0.2607618418887671 0.12809484556159884 0.3573185779500666 -0.02182748801194454 0.3559410260543513 -0.3069352967218006
1 2 -0.12303443177162549 0.027343641957060256 -0.22347850337910197 0.2278903601902622 0.07378568137985893 0.15731492736113686 -0.29034378092987917 -0.26879467839163157 -0.3379685222187377 0.11574488453664758 0.35249672575243923 -0.2606370562522025
1 3 -0.1668771494551922 -0.020293765126911195 -0.02583299911672974 -0.034913513103833616 0.007135779462499955 -0.23150189750482703 0.015993914187543014 -0.2576130565971148 0.09359622523013524 -0.19440855078854105 0.09321079842978225 -0.05193866193402642 0.1757968925427835 -0.11525533979365186 -0.0320893007599209 -0.05233146815614939 -0.1335038810569996 -0.2628011976990896 0.019246180931425418 -0.03314044105616028 -0.2668599224771896
1 3 0.35557198806527485 -0.17457746464825158 -0.25802572519990274 -0.2746716459332043 0.031066808451836576 -0.13256629276832735 0.015372226257417559 -0.13294187020786127 0.43077078471866 -0.24672377526011985 0.3186048485236456 0.010139631745307423 0.06522794595647816 0.29074724147907033 -0.2389185870063783 0.35121552668960593 -0.0512191576884544 0.20065689146659121 -0.27551889035585997 -0.19646610003282688 -0.30438622153943745
1 3 0.12196607806401576 -0.26169386093891034 -0.18161381775860347 0.2521699783437094 0.29066044034426547 0.23582779090310876 -0.00628778912777179 -0.4212063052344379 -0.10019099944146698 0.3255811951155454 0.4030443382169557 0.3402077042289281 0.18132807281603128 -0.28774887559645634 0.40884358590904624 -0.2210215013860025 -0.15524348162569074 0.04396384934795999 0.11519133273383876 0.3814449858640436 0.046303020506687206
1 3 -0.10067555494393693 0.2692059875102789 0.25500715382987343 -0.11891198268285101 0.07907266004157591 0.11962158557213776 -0.3090889755901569 -0.13947722974138338 -0.12023734358197215 0.3808079226033303 0.2091126190652319 -0.0016652896454818988 -0.025427859839657008 -0.19209005490732253 0.038440649942552724 0.10802886073381175 0.3378715946060098 0.24461727969627087 -0.026571802466078404 0.28476501335905974 0.25474377122958086
1 3 0.3820059987047747 -0.21703002941387248 0.20242125642118133 0.15546367642780773 0.20752789397042617 -0.25474688978744586 -0.027556139911806565 -0.02343648394614306 -0.1931299016830228 0.07063083440622017 0.23264871255342265 -0.27671282219175913 0.32873456701670756 -0.24011917317298026 0.166258986827291 -0.34330354500949467 -0.3520192237182554 -0.015163188326655062 0.3510141877017936 0.12035624703580404 0.3131556843196682
1 3 -0.15088882585749036 0.14262719539744148 0.09004229842887401 0.158299280111649 0.01578102088722754 -0.1229435021551648 -0.18953474111829438 0.2916083213629507 0.120353529858686 0.3128413011750793 0.24745125501929632 -0.2651445010429886 -0.2912094508311418 -0.2957178824835433 0.055912628650106155 0.03034626827343145 0.29924504449072487 0.17078435166319775 0.24228315860523753 -0.16519481175160602 0.3114094742312842
1 3 0.18538868594980357 0.08650709533321514 -0.3480699858251558 0.07765751361988904 0.02265277130330381 -0.285427146693301 0.3088529938296437 -0.18701780055060763 0.301747702094976 -0.15249404089092677 0.10308639562051655 0.4385371763615441 0.21782273679820846 -0.05696953922514632 0.14745322788980214 -0.2091342320898591 -0.044725111770054206 -0.2881828352763041 -0.32960408399185986 0.21214458517831777 0.17291204727936024
1 3 -0.05309606581647114 0.010538659678930631 -0.3711959364688412 -0.15588875838868357 -0.3786791057394689 -0.03819206139675521 -0.10029880444645159 -0.2209222221210401 0.11562890746568891 -0.12539350760607657 0.02401908090573484 0.08733967504953737 -0.06972819163812734 -0.24897560684923148 0.2578673925856181 0.24403717971207772 0.3436020048713818 0.2669483750622301 -0.17846835163310037 0.33235253478933413 -0.024862519892842754
1 3 -0.01013502596955187 0.005016009362331836 0.3030572175307164 -0.1118774555985451 0.12022118903394931 -0.1266639975098119 -0.1490883659472669 -0.044946369820870226 -0.28406758837231527 -0.3535864046557721 -0.41768194237089395 -0.3244553109096608 -0.2685072346566884 0.3777919109841695 0.1811996843719216 0.020303822193809475 -0.14986140088757174 0.06208373070999876 0.18180538376200808 -0.25603313125012594 0.2189806024949998
1 3 -0.31284286281388535 0.3015417080277315 0.17989685522690244 -0.06484302749939974 -0.3090983468521324 -0.04680482995792178 -0.2580923252782315 -0.29381224044476684 0.10586906732958706 -0.3483839603246561 0.16215029638922202 0.3385269645229619 0.015847026749988294 0.09575680274797523 0.22743434101793467 0.11181658549796451 -0.16496939601338922 -0.24922511546560647 -0.1611782224812285 0.30740751071563605 0.11640745326424552
1 3 0.18875163987572663 0.08820913313369604 0.1411846284777808 -0.03636969219618113 -0.15481979444570282 0.12248909664527813 0.45370511399687413 0.2537467486235132 0.17119690803303644 -0.27715752308127556 0.2002467548910695 0.01693560259018453 -0.11798993633507428 0.03216680849075022 0.327460853521857 0.20514360781624746 0.17319994632262636 0.15455333826048034 0.10801514898274983 0.286692413347 -0.19782168788683838
1 3 0.3102637742993297 0.31390709999148286 -0.2593259009624681 -0.16553200880712843 0.01787065564869969 -0.02963693857406548 0.17114177333485903 0.035575691012891396 -0.28926750895792935 0.2505808232936428 0.07804813369514084 -0.17142596886219402 0.21725270655401333 0.2431579888853043 -0.11855943595495072 0.012487230912717412 0.23261943930137202 -0.32739265263027556 0.07593904062291784 -0.08795495473349271 -0.3605613333024685
1 3 0.10607394474364536 0.23028904149644505 -0.19083138278971729 -0.3266953275798398 0.11215378739807397 -0.08905729579452915 0.3228730173542852 0.13195077424846013 0.24409393948492678 0.3951904750828098 -0.3378323304204011 -0.010207627096146522 0.2876303236143385 0.04249899998088322 -1.9340929833624933e-05 0.18629071919351636 -0.3481359282346059 -0.18503272477859992 -0.35553114166256616 -0.2619725175561347 -0.3127921550785717
1 3 -0.35632230273766635 -0.03439704078065933 -0.3833424425380475 0.07993589651729198 -0.2226679278840145 0.1910508622451239 0.31132444958341066 -0.31754650465514545 0.19706178208208974 0.06466646014898086 -0.16270848344281794 0.2670707188835156 -0.06883776582104797 -0.21969159698772578 0.11460337127157214 0.07321829525297069 -0.08236526927848101 0.1355083611987775 -0.21149803057419253 0.20050676515035767 -0.006132925996931543
1 3 -0.037796463340106945 -0.051339626409209804 0.10790536011637834 0.19851660440118388 -0.21787988915610573 0.34420856889289037 0.006663763683252805 0.35322474148555716 -0.36040421538653755 0.12138977895174154 0.06930396006323485 -0.2400201075609452 -0.07675162524375466 0.1373535592115557 0.1945064856506308 0.21858412639048586 -0.16563070986841127 0.369874715551034 -0.053492205875014256 0.025904842753551455 0.33684724768476737
1 3 -0.21226981926044644 0.27576899929715476 0.2533391090420836 -0.01294026774014287 -0.4334884353631751 0.18872730436314958 0.00777949706137607 -0.3272457754077336 -0.35338755508940733 -0.331505336168831 0.07572803876717943 0.001018452184124352 0.2565892260494144 -0.04292472986771637 -0.16864042169010718 -0.3057455806418666 -0.29843603936739804 0.05808563217708142 0.03728731170140274 0.20320970819681905 0.28838997097019975
1 3 -0.03669636722692984 -0.35815314642232543 0.16031475309090423 -0.1305766259441764 0.06233385758497123 0.2958190957921645 -0.29922738124601944 0.005248457622866848 0.2719317930081306 0.3064607034343946 -0.1995391973699508 0.23299865033184386 -0.05880407338285666 0.053286754731190045 -0.16933727105242952 0.3578581244867624 0.3547336186167507 -0.053359667680301856 0.3845681308363396 0.19305617569195985 -0.059576571709776975
1 3 -0.1970106105419142 -0.24076089915506674 -0.40573510419363695 -0.05701036055607754 -0.19949173341858412 -0.07778151985002588 -0.13886341098924063 -0.26214466998756797 -0.3218352227569131 0.18182975500998386 0.3747329582700035 0.07093931533782014 0.28259758966596843 0.13650734150536786 -0.27316256621915025 -0.17090050313103067 0.23617137033214256 0.005543136773324407 0.23870501416742565 -0.3786041645840913 0.3272854407747642
1 3 -0.2161424201630427 0.06623465425559409 0.03264412737385123 -0.11095417615111995 -0.4058345024084537 -0.023839559782081757 0.036036056175101985 -0.09832174535228713 0.1263164299323045 0.03127685898777747 -0.370629099682166 -0.011341994460581031 0.1595500345746201 0.2561195390147101 -0.07248778102001681 0.17801857708571778 0.285984434357938 -0.31935834628195947 -0.13789724794877956 0.2202185877809181 0.03661973107041597
1 3 -0.01619764829767714 -0.07465239572151591 0.12518382971145814 0.2679352959718439 0.29768603995708404 -0.19528824234207645 0.06365270344943504 -0.29217448627728204 0.2881720192354538 -0.31531143361907765 0.27238737562883164 0.20044883145775957 -0.08101561407294253 0.222628937630355 -0.05393498337769225 0.2653485724190062 0.103607948629636 0.22287732971790977 -0.05196738134297453 0.1965497138309791 -0.33409883737883006
1 4 -0.0849671206161938 -0.34353094783673066 0.22250922186379732 -0.07517723991894606 -0.3523606757952436 -0.23768608902942093 -0.3812944074014392 -0.15774715736164605 -0.33546934551623636 -0.4301622048867086 0.12576603710332412 0.10539886143159755 -0.2806314403681553 -0.50464858977037 0.4446599095328503 -0.33198059828871046 0.10584571045914183 -0.5391636164279383 -0.5200076492538833 0.18754104615997927 0.41076206676479177
2 2 -5.090679373795425e-07 1.6524115124840117e-06 1.038107344609291e-24 5.669728449850118e-17 2.6944706224135947e-17 1.0982216346674542e-17 2.438798633780839e-31 -1.59301467920932e-27 -2.0913003565021626e-18 6.138876333653217e-12 1.2436904794521497e-09 -0.2477473949636916
2 2 -0.2815949775049364 -0.4688233804567864 -0.34271198513936485 -0.5124313156852315 0.4473592884790498 -0.47066369359355653 -0.031989537114830664 0.05143622755407889 -0.22545863234466818 -0.23673260077778358 0.1569580998127052 -0.13491375570807418
2 2 0.02012073388007534 -0.03176050327730481 -0.37546398944496884 0.4484934056005376 -0.1259724353250903 0.4431332780686092 0.4158878931161514 -0.34075007550518793 -0.4692514718527928 -0.308581905107436 -0.04603248083809612 0.24595198395873547
2 2 -0.051044639877317305 -0.04279775310031558 0.04633528226312774 -0.4152552607673593 -0.23362795382924983 -0.26833619370167205 -0.35423447281048714 -0.053277937167999875 0.043353032544456306 -0.23831994279423782 0.06545262629877449 -0.0653075962840411
2 2 0.3317901542646456 0.39910900560585555 -0.016590011489999508 0.018038357067321507 0.24677569425417564 -0.3193924841394907 0.09139076349013978 -0.17832058402918075 0.4118977940935254 0.5178550356371057 0.38128342435148865 0.45712597948447214
2 2 -0.6176399088644743 0.11714130902634833 -0.1019021723402038 0.21390376177883688 0.10213425791319856 0.2420603525571452 0.3079439659013051 0.3459848873168852 0.10719771952489966 0.1868912997565229 -0.35764846858920873 0.22785223163108181
2 2 -0.15067703624117937 -0.14094930290053673 0.060894474188562725 0.2029387756952226 0.07760723873133119 -0.356320291767712 0.2192644525921591 -0.31892050966317104 0.16681406957159892 -0.8002862692441362 -0.17029188577810053 -0.23668178549060764
2 2 0.4257375752712919 -0.4872905992521631 -0.45607336475261423 0.13810001709469166 -0.44806196372347223 0.049413837329491936 0.08372501345018782 -0.1354741957554935 0.309015894935596 -0.12636540638991098 -0.2950522348410131 0.13363279497350594
2 2 0.7791023744383145 0.08227647459260064 0.44552441990092234 -0.12455343159189218 -0.036743317814629396 0.008399809408517549 -0.2124964633509531 -0.19128032927398375 0.47563789795122147 -0.24945037293553382 -0.4088062767792471 -0.1569045752254745
2 2 -0.6400066356983635 0.2564351184682482 0.18997781783003256 -0.1779357991573407 0.09743638882773377 -0.04323920843109918 -0.1865688234577929 -0.5931367160240983 -0.14157002162109086 0.14728465276225727 0.28432812321075623 -0.12797238277974915
2 2 0.1537576893335064 -0.44690665860327744 0.6004929457699695 0.5283062898086615 -0.30686686865959445 0.037137947999117224 -0.34136901700381256 -0.029111522738083342 -0.030623670597125528 -0.15214359484852086 0.04164880015209754 -0.04525567325260467
2 2 0.269756662702108 -0.29772812902401213 -0.0018392405223066623 -0.09121618849755642 -0.011551977160334103 -0.4110910397425956 -0.3186750367294701 -0.3347811740692393 -0.3985844617808682 0.17218076163880752 0.14601662767873058 -0.3236011507651362
2 2 -0.35294744586197474 -0.1493457170460855 -0.026764821010616616 -0.33487171451428244 -0.3318175917325545 0.3522445836739136 -0.11978756207485886 -0.4238324380091997 -0.3170012605035569 -0.26256106876607577 -0.1190667323716743 -0.46517879394533906
2 2 0.1713978159206697 0.5213360407105799 -0.4279563608533403 -0.24728861490257828 0.06303036501770039 -0.23790374430526476 0.1516990218132568 -0.33155339015532687 0.5150908264695094 -0.12867948833163864 -0.18664681646586853 -0.3788656959646102
2 2 0.37215777868003386 0.06109630481219842 0.1828491222285569 0.23637507031089844 0.39734181897440574 0.16680567793114687 -0.32379984574151593 -0.1921868646532859 -0.8854117548538204 -0.27414513872828455 0.49972618307732125 -0.4535300062771139
2 2 0.14029284706819012 -0.12348340375798568 0.0908641687245375 -0.003951819439534739 -0.12291570734224005 -0.43694107019769624 0.0063531970163949745 0.42632271544646894 0.021768683378009277 -0.24870982722910337 -0.3630250296331432 -0.40612871718134713
2 2 -0.0996025878824129 0.300037668083982 0.4259676406709289 0.20451238822799325 -0.2467218677666262 -0.02912161425013231 -0.007041337149283105 0.18872740883087025 -0.29404131349137286 -0.4046056856189536 -0.14819117769565449 0.4009303691212249
2 2 0.04463446686443126 0.06105257821886918 -0.1596461967470364 -0.26464815261236935 0.27954998873676457 -0.10425969031721717 -0.119304640538642 0.3869347673284058 0.33965541062423443 0.2525382684304178 -0.3687692019030135 0.14532727264412154
2 2 -0.04538224165813338 0.6974211237863099 0.015262966221379516 -0.13008483235396456 0.23927595832084733 0.22100491311684764 -0.24854292542037587 0.006662531821839887 -0.1384263132343466 0.4086042380652651 -0.33837939324466076 0.3454834197513255
2 2 -0.15642597071658837 -0.007672404241432635 -0.15644821514495705 0.1780594524015642 0.11738434182939542 0.31033661947281327 -0.3692104029295658 -0.228981130657458 -0.08431903425070561 0.026729868998777093 0.6093861879761582 -0.36766248697565274
2 3 2.7382912380903963e-09 0.34513994784415963 -0.07570436909862774 0.04813884340686313 -0.23996090418101088 0.16099277666620324 -0.12769171169077534 0.11605944939494925 0.26523004839646275 -0.0006476714618492514 -0.06938208021615941 0.29487131183234044 -0.3662630338355434 -0.18643962861203878 0.7231028767129325 0.21698620090291076 0.25075684928517533 -0.20437600961966532 -0.22814615443927225 -0.1412217588911769 -0.06329618425860543
2 3 3.3604799354280397e-37 0.3124226840089276 0.2312666753974641 -0.12083338056146586 -1.4201217855497361e-33 4.103738920257005e-35 -0.013567447246517962 -0.2848672101578191 1.106339598582166e-08 -0.1059341405810915 0.2653021964682635 0.15291764236217273 0.23700945858602146 -6.234133327287194e-06 0.1530298539302547 4.948201382257885e-12 -0.317734128078166 -5.921581576766437e-12 -1.784154985993875e-36 0.012105018067619787 -0.3437430893553594
2 3 1.0176660476630286e-31 -0.17165849401851505 -0.4165350456515284 0.33072228391772934 0.742988678848656 -0.4904726526962723 -0.2550328885509634 0.020657751013844584 0.5072049377203041 0.5233092285046117 0.2859760702141138 0.359741649351712 0.3108624790465216 0.20291116362792735 -0.20848644756306414 -0.4989686974773631 -0.3451287418962084 -0.39724419423810786 -0.8102954534922606 -0.6494037929766795 -0.008527649986049636
2 3 7.083896844252544e-07 -0.039825658741493596 0.2801868099984879 -0.21940446856383475 -1.2160875685118399e-05 -0.11996076360608902 -0.2834448069881617 0.19134126734036389 4.701958803867084e-07 1.3816207796064657e-07 0.13368491319874978 -1.6609502657015992e-36 -0.3344586955868096 -9.292125236488945e-23 1.1669537570986305e-24 -0.12958737270412235 -0.06245159089201543 -0.01913962782340464 -0.3242288876017777 1.049830156512306e-05 -0.24120996289056237
2 3 -1.3604775286901718e-24 -0.03566052982058036 -1.6336139195836255e-06 -0.017476575539580857 -2.1869626240367278e-10 -3.035386729036091e-10 -0.04356570565616231 -0.07970966707175688 -9.980950311126463e-15 0.019341866868413177 0.036660381129729205 -0.021007885805209178 -0.01688970173400772 1.1345719193324637e-07 -1.92932472516139e-32 -2.0992769695625694e-06 -0.06446037288091698 -0.051924917371882914 1.813541808228425e-17 -1.0536176327167183e-16 0.004086980486843056
2 3 2.0116037329196527e-12 0.1695293975001488 0.47234077908163163 0.1973177080742598 0.26085804160079956 -0.20774183819511094 -0.5880036310590246 -0.07425839083310608 -0.2914590236349162 -0.024176462455925973 0.48479351698828155 -0.08315934527515496 0.11613419052202668 -0.038198807900027984 -0.6025131105949042 -0.34804129683845175 0.3822729300515244 -0.008981432975214022 -0.41945831009462514 0.0101105918033502 -0.04131347743527823
2 3 -8.821807215789603e-22 -1.4937634838616248e-06 -3.415227105438113e-21 -3.453947445981031e-37 -2.1060697996456287e-15 2.6996241627765528e-08 3.114387788863562e-08 7.691391589015014e-36 -1.7838504425634998e-36 6.621028864694906e-08 -3.4189069782089705e-32 -2.0521894566802577e-05 2.0566687523271674e-08 -2.156945528557868e-16 -3.42042125023963e-11 -2.8033330532600797e-16 -2.0469441346636826e-06 -8.766237795062507e-39 -1.932662905030059e-12 6.490341244244809e-33 -0.2949120253684522
2 3 -2.1306191067425853e-22 -2.9405472300326827e-07 -0.002609720128938858 -0.011035924507058753 -9.972845133469615e-10 2.0751769836118862e-07 -6.785702148365818e-36 -0.0027189883200205195 1.3578712013332137e-20 -2.8568362900385785e-30 -0.006050563397092474 -0.0068215882211682495 6.725869595144506e-28 -3.1656308721966874e-36 0.003727248555384863 4.300206121328276e-12 -0.0028821907630558266 -2.150320123859618e-09 -2.694881045411919e-09 2.547159523155078e-07 -0.016997951663941198
2 3 1.6877289373985105e-07 -0.14338391030933087 0.4528824620485155 0.23830201303728166 0.7668471413770652 -0.8620916634990254 -0.39529642099861073 0.15705438696947324 -0.12744732984678064 0.3679658184192293 -0.03429461968715338 0.31859106693150274 -0.36066921138603464 -0.3756349496140522 -0.2674746746040921 -0.10486956339493285 -0.25265400327547816 0.16773583908555778 -0.04925778146979236 -0.5252928176010847 0.16938695278022056
2 3 1.0252000497126985e-16 0.024627539972522088 -0.34361450673067667 0.17246100504786988 -0.4142529232220498 -0.28951076459795955 0.1458668009761122 0.3096105061280639 0.6026552461417338 0.024712176867777356 -0.4940131629827347 0.2017402432476153 0.29091265265068184 0.4594739304515614 0.4136637765285349 0.22462854396927306 0.12544308997054515 0.2888637579239776 0.04720272768970002 0.21284690277717003 0.0657447984889484
2 3 1.0761710192988248e-07 0.0883412224679566 0.16829386405741484 0.10745153701946891 0.2109408712315387 0.10413026702445141 -0.18016188878545714 0.2534042325848041 -0.311043469086911 -0.7637954553824495 -0.5835448467830381 0.32676415958726385 0.1280301820067407 -0.3466859155273822 -0.1551886738024627 0.0073789550475467335 0.0044578757200090064 -0.18021412257928981 0.4999657934601962 0.141107807427128 -0.3705837536621261
2 3 3.327735078200494e-35 0.22095622988905775 -0.28456320326885004 0.3889418968269054 -0.07933596103429466 0.0820698327689511 0.04952570602956953 0.33011226077997197 0.55515159359971 0.4780143236931227 -0.3064130842356052 0.024626618379987943 0.34106577249468034 0.4244154574930801 -0.10079760135732257 -0.42412925363650694 -0.09014801174868978 0.18053339381830683 0.31124047784394937 0.0630615594049004 -0.1929336232606794
2 3 -2.806664232808631e-31 0.4414966260103434 0.3411228333565326 -0.0562209639936652 -0.08037655988702491 -0.4509216360158928 0.23554091962953427 -0.33494518485270475 -0.5925432167540263 0.3211562164598574 -0.17031441458441193 -0.38562066409098367 -0.33454355231780136 -0.41662506176518727 -0.04679618609500941 0.13972305360871878 -0.15575672354596878 0.408198327172297 -0.20711450598949555 -0.09887041982315345 0.2651982800100539
2 3 3.5258748535465915e-07 0.10070319235903091 -0.27149329157388585 -0.2751439079226105 0.7807400221598765 -0.7783853524024755 -0.24645750367399988 0.28367807212005436 0.06912777609107419 -0.2667489564075439 0.3077760839590004 0.3229119829105277 0.024675842363137336 -2.0721464823016144e-05 -0.6526409339065952 -0.42990621231693354 -0.4223784556960662 -0.2815256702925801 -0.542574443888573 -0.5102012511294612 0.40660301743057614
2 3 1.2691293070917398e-29 0.005779899928597544 0.029455788253085726 -0.2535007337160155 -0.29326558986563667 -0.028970143877352358 0.004626700897485462 0.24500977161351856 0.4750845810230913 -0.11920102135736484 -0.37662749335971235 -0.36524035795124105 0.035082607843541974 -0.4662598467175484 0.6266119477827728 -0.27754735262807173 0.2754261735005975 -0.26819581566539114 -0.453092285773208 0.2838691309354911 0.178537845892773
2 3 2.7863749667443185e-35 0.32568302915162717 0.051543789696450876 0.06890787400591043 -0.47082421392211943 -0.049637128301415756 -0.05284827377781704 0.010206900306253177 0.046408609745723556 0.4425861772362773 -0.0945454162757442 0.2799290070316748 -0.11928122089953339 0.2681512716406132 0.4726721919870594 -0.10079794728215866 -0.20432220569769025 0.1733902506285063 0.024589471781959006 0.3956633050547301 0.09073183716162768
2 3 2.2191524203672123e-05 -0.2864279102861048 -0.07724476405355168 -0.5505260300387355 0.16703444558161817 0.14381095047251471 0.1527969252795306 -0.4694783120582339 -0.3254806785461442 0.23338485936745815 0.10550514831989095 -0.17190343620937615 0.3310364515752875 -0.00878416147965066 0.2539881250824216 0.12997917847877408 0.15779596589890849 0.3130186110093485 0.32613459537566425 -0.09637385480737269 -0.22022855624525686
2 3 -4.9066896235271655e-06 -0.6445465372308798 0.23707670862466348 -0.4246148096914112 0.3403825802479718 -0.11218064184314733 -0.022230276823464075 0.2705125091812783 -0.11245208501770085 -0.4468679946440595 0.45902749326723075 0.3973192234082404 -0.4296823042070066 -5.755628702741039e-07 0.5714427078776356 0.46109686986485976 -0.13271379379359521 -0.37624478346851264 0.08074962591796701 0.16412620165898484 -0.2181386161380321
2 3 4.670152892349992e-06 0.01932357466711229 -0.861548380223151 -0.047813970974133285 0.27166341042110076 0.24761070900836568 -0.09120247619258634 0.427487286054328 0.43606086922243537 -0.6279856295509484 -0.2700568674902366 0.3031251433991139 0.4449234681669737 -0.222860262778101 -0.12249070409590933 0.20177035352049888 -0.39207765041169096 0.2917638227808441 -0.6940043602867773 0.35230491494592564 -0.33577712838047186
2 3 -2.3902198924909567e-05 -0.20193282119095507 0.4931706659719664 0.00784109233946195 1.0553100647653508 -0.24162583823252226 -0.3587965102384818 0.35486791780788457 -0.2838342789097835 0.17294308614211204 0.35462232775068625 0.038730330055870635 0.29288224180556777 -0.1010310067848766 -0.666529383157267 -0.3907420965670736 0.29743782416283077 0.23434899362590347 -0.6737185677590751 -0.15231041716345756 -0.11906981130744335
2 4 -0.09553947614800645 0.10068151143167542 0.39061135336919095 -0.14241350947740433 0.001215184426920476 0.4100143170646598 3.62687422096558e-38 2.0920865452451985e-08 0.6243846332816864 -0.06042331285371622 -1.056897711813935 -0.11578218808536594 0.47567615157980714 0.4882026139671087 -0.862348653439751 -0.38808779772045976 -0.4541820800955564 -0.7324137234278654 0.7700902240412425 0.4718546166708683 -0.06182980779602574
3 2 0.2747706307111056 0.2705009202468292 0.33867119710410976 -0.09397961494175262 0.03100186547267516 0.2864593206842232 -0.3492414445972256 -0.4231863431048457 0.365570642405303 0.050786363017278575 0.19466743008652496 0.34333973950506497
3 2 0.08811513209307345 -0.25975184056440664 0.012253689196544338 0.2778198764348676 -0.42823371531593213 -0.2834777213372275 -0.1277352163381007 0.31842993536308156 0.5133465544053283 0.1948570735907956 -0.1655431935051919 0.41579586803381735
3 2 -0.21480580205061994 0.1870096617673364 -0.0300308890462677 -0.3813377762661429 0.13811455710911083 -0.12409309086105078 0.26607246487145636 0.11686372260624789 -0.07977158832006054 -0.05055603520519553 0.010852908009144827 0.09845805538434202
3 2 0.22330405558753114 -0.20007160451272035 0.03273561963028138 0.1200374957826946 0.2832675826260009 0.06221385525524248 -0.025859326924405276 -0.3928912025608182 0.3551766424979624 -0.29155757968011176 0.02074135056708579 -0.2455450970751957
3 2 0.33701069630758346 -0.5076740824049311 -0.2967993942022148 0.2500228187452336 -0.22608677617341905 0.07622115580204637 0.15037697351189072 -0.3459501217771518 0.01926322615856966 0.04323523933297816 -0.11253614923988317 0.03638703081305388
3 2 -0.2249701901154537 -0.3479849514042796 -0.0031742572911045157 -0.3252675485738539 -0.39045112826475387 -0.15338065209691432 0.4380194875979883 0.27379156097525126 0.4225781752985563 0.2963081115629699 -0.309450250869471 0.20507615537515464
3 2 -0.3002827092225399 -0.4173267436422625 0.04583865207114467 0.17528259823773384 -0.4081982210491102 -0.07170845931779936 0.30556151984434626 -0.09664562426924132 -0.020372784824893013 -0.1417241861979644 -0.23994754313517727 -0.37055283215496504
3 2 -0.4547975038640821 -0.39820724142555763 -0.2673136409393223 -0.15979619802160824 -0.13304881460359436 0.07125905122614334 -0.44518926128825403 -0.1309016052478051 -0.14061419879865164 0.3426910636893672 -0.008171027101309196 0.16039797474808118
3 2 -0.41051986315340194 0.5646962404903477 -0.40131593054920756 0.35401130010301823 -0.09089912730006112 -0.45347705557569445 -0.3429189478383166 0.22019137729010274 0.03199991998990356 0.08416266597763648 0.453913094247651 -0.32151980434460553
3 2 0.471855738109424 -0.15913718787203007 -0.33497864104406877 0.38422217020354377 -0.10574754909875102 -0.05940547503130963 -0.1913240474666529 0.2628498706510982 -0.1864588990279234 -0.3466144540905592 0.06711670390354282 0.39816131802525284
3 2 0.16736677248499315 -0.3275958642885199 -0.16710533858471216 0.3133812507697044 -0.11324897437305852 0.38317612761709663 -0.33013791557172445 0.14861826342732296 0.08567628561782291 0.4756538053440589 -0.28789488263255486 -0.18165034680059977
3 2 0.4075368949474572 0.14993837631491133 -0.08387934356052056 -0.36295194209938697 0.3322899507375525 -0.1477621735795837 -0.25813155396222615 0.4315388588321031 -0.25360121663870056 0.24267293277131774 -0.03801392516872839 -0.4113130863590267
3 2 -0.10697742494417727 0.0035572191491822875 -0.15068722971799212 0.21469962079413993 -0.22847771449296003 0.4173396293152021 0.28051870975521603 0.0055884628522183495 -0.1871912768741928 -0.04975357982674326 0.02260258943174043 0.2885961051461289
3 2 0.24812607993563474 -0.14838293422870308 0.050498235283986614 -0.1659464441225347 -0.06209914285672154 0.3391999080281103 -0.051402107211346276 -0.05240030679580842 -0.40359037801380443 0.42924507720274774 -0.45882665633941866 0.057058656954550965
3 2 -0.01501464728764804 -0.2973343888500804 0.35526121977005376 -0.156979308251759 -0.0823530170856375 0.37085205463464027 0.25869481443105163 0.011773945266287021 0.3630587776129715 -0.25191550334361057 -0.05842799083892257 0.2585563027863554
3 2 -0.4098179292340618 -0.4905636826215794 -0.05656867907656568 0.22022011583935935 -0.15378984692591732 0.035156345668041135 -0.01143678938147878 0.08035042558557096 -0.15586123714621972 -0.1462808951166937 0.4445399864378432 0.020531730007195974
3 2 -0.07900328114922386 -0.38080886549871307 -0.226018341663563 -0.23008064046704108 0.28622891937537037 0.366104323574236 -0.4020230562779495 -0.293440416296982 0.26888295886471303 -0.46648774402559107 -0.3630037676350202 0.1090947756517938
3 2 0.04525462757805575 0.39796177518759096 0.06880477730064298 0.3721311316804611 -0.14311993616080432 -0.15554656257521596 -0.163144244520167 -0.21114928374127248 0.30876335377347514 0.41303450309695644 -0.05175895459143174 -0.15926710318489665
3 2 0.027338986953251015 0.04078300433958846 -0.1184933436819133 -0.035283126902370565 -0.10814392095677357 -0.27336977975765514 -0.2199718457741016 -0.2600119880963298 0.4633475361023454 -0.4946771035583296 0.10669987034999832 0.009801125876322666
3 2 0.16372256943959057 -0.051756000384663575 -0.14651615686226527 -0.2012792089831543 0.019111532974046865 -0.2624400169142676 -0.05476930420760896 0.3693750693719542 -0.09857805129231577 0.09459712539343879 0.25116243623948115 -0.16175793954865716
3 3 0.45289489737668376 0.0871823375041629 -0.4310167936445701 -0.3115629026020227 0.25220569836923046 -0.03358991702383626 -0.37754597693507835 -0.07607364563957111 -0.19698376064552328 0.020914845668924802 0.2581888632115718 0.12756668920914277 0.24327947011901052 -0.12566329876538448 0.07797112327649737 0.37907020859027035 -0.398619524730268 0.19244725003880128 -0.025607190171501704 0.167914868617649 0.20163999496881674
3 3 0.15797394366761003 -0.21916129046062785 0.11873428241952247 0.09080557520291223 -0.3861185836730638 0.3390912145356592 0.2803938240113556 0.1209261654086747 -0.14562813410705866 -0.3264868666250769 0.3464310620578202 0.2873390721160996 0.11912929882435559 -0.028022467313006175 -0.2351202554553199 -0.2013542298931313 -0.03814096818705174 1.6492874415961135e-07 -0.13161811027009604 -0.20544945059029504 0.1076135721427182
3 3 -0.29533455905800593 0.09416086125194083 0.16495674022290524 0.0019266178973145521 0.07042885427034774 0.21429550560766653 -0.22379626093839955 -0.28061605213189633 -0.25712053294759346 0.26259566980692156 0.10618474345313667 -0.19761257866124982 -0.453274401086109 0.24753712630426586 -0.27856809340295535 -0.17659183163441952 -0.1364073590922937 -2.834329608781467e-13 -0.42520684921264834 0.25753306811061755 -0.14025917980164754
3 3 0.47768072673955514 0.15160716548012196 0.33824133110268884 0.15937243873595272 0.2851116233457789 0.022218031439396366 -0.16470641119327248 0.017554313070507782 -0.5188838484926994 0.04458329233472665 -0.06955981035498575 0.3511654392991889 -0.10087042279357 0.011225887765856533 -0.1999551220093616 0.34969813260209165 -0.31019215800224353 -3.1211872537172418e-06 -0.16897748357191378 -0.21423726970288914 -0.233283345960766
3 3 -0.1050208066583422 0.1602543388485953 0.17564965904409735 0.37053060955096784 0.18115297504021052 0.1559621626038063 -0.3652145567619115 0.11845740846839278 -0.13763784359351933 -0.19731842345832984 0.0737919677101069 -0.13381200629534304 -0.2928200113755101 0.20560360132099573 0.2832689068210271 0.26354429430914533 0.23744368950538333 0.3009931959644702 -0.16545086577931273 -0.26420756624996633 0.3397766963115333
3 3 0.20843195242006446 -0.026608377956326087 -0.00034501954561742967 0.15539217562812577 -0.38885092692635564 -0.23236262857153556 0.27887852368414745 0.17449913383903445 0.2866815268215179 -0.03985633407941563 0.12127244965620872 0.43569884550564864 0.006707844973585013 0.02138706998458369 -0.15964750222133292 -0.3614484764899188 0.27047725482886925 0.1585127585929985 0.10108933645764621 0.02778768637831767 -0.11103231913907466
3 3 0.14878347014035717 -0.06937813953978 0.35724520705374174 0.3269250451214482 -0.3919276186463202 0.0571341819741236 0.0028338889323690298 -0.2620289996873846 0.23818485740104176 0.1498184693081582 0.19315009498960137 0.28410983342268714 0.23226930866894832 -0.31691194515596033 -0.2325401114404001 -0.18565140415906076 -0.04360236145286724 -0.08729483625882968 0.30939792868737753 -0.017992203242877047 0.34356972636444777
3 3 0.3271699599879899 -0.25357105176792244 -0.3802850344175289 -1.1463265534246462e-06 -0.04100733621599998 0.28448744706188 0.025083913371915102 -0.18990754256198672 -0.039484319856367044 -0.2188304240006491 -0.01504554834529485 -0.11908715904649543 0.4626581934720693 0.12183773674451708 0.17427605999870824 0.3159373897954229 -0.297635738508372 -1.86787841985374e-09 -0.10401961845169184 -0.1895563096741042 -0.007403907103619512
3 3 -0.47899461266463905 0.39230969542093813 -0.2670106821329074 0.17982145219391427 -0.01885150084673541 0.009043550443593468 0.3316755397048086 0.3734651522077183 0.37056935297744614 0.18375160564152043 -0.18069695838435487 -0.0011865427153354377 -0.16606391192723505 -0.35972239777211573 0.2672028271000638 -0.08971742569296304 -0.25802899769097515 0.06697946851410755 0.08582006296912119 -0.2376064393437708 0.09679409301789378
3 3 -0.11321573212792276 0.022978941516065415 0.28343734964129536 -0.2322708553423451 -0.2246393219882566 0.3260055169565301 -0.22568666645627986 -0.2881868986154491 0.07499799900491977 0.008925992317258546 0.31977563036292844 0.26985942038591637 0.0026159501931236283 0.21285370929452269 0.018204804717181645 0.15816692933148616 -0.031749854996933134 -0.026714103485749607 0.32379833840842553 -0.27766906253617485 -0.08258066401368827
3 3 -0.0064334512108796685 0.20157278121414357 0.08050564025409124 0.16915894140719004 0.04065829767915774 -0.06593911557197059 -0.3212495213794847 0.2965137282320824 0.2926897149087101 -0.22076450547763643 -0.319406895140707 -0.06871639541191403 0.1748666559988794 -0.3927890320274397 0.2996551407802791 0.4281724638468452 -0.23133803730652872 0.19862264093392865 0.3584137544528116 0.2057298021577058 -0.17278766908363538
3 3 0.3027609473022688 -0.23805893354242877 -0.19274430165017903 0.0002752677193009548 0.44243404253940005 -0.30989758755240765 0.2733053995670209 -0.12437534230521176 -0.24558289750502224 0.19567722431633933 -0.15818026405667016 0.0500002196354949 -0.1524651481126778 -0.3247905023981506 -0.12277317428386693 -0.28605886898288374 0.13211622910654838 0.14037989252945163 0.19645837340744066 0.12918072713140058 0.1209929111952849
3 3 -0.40875407971144123 -0.15660361100297693 0.05171850864461451 0.007501214263858876 0.11771052210276783 -0.05206316093514762 0.17072434624092903 0.30869129592576977 -0.4085769183059406 -0.24022853139504194 0.2600035665793968 0.38993698605741817 0.28444551588070677 0.26321162992552655 0.155262172524409 -0.14620932332681907 -0.2717998024967826 -0.02328504788091366 -0.14394146526666568 -0.16297632195092818 0.1600814145206022
3 3 -0.13987686941539285 -0.20905561680135448 -0.055087491111403056 0.26469520596338453 -0.3677600524970675 0.11716531714330188 -0.07663163274976441 -0.1622786041720731 -0.3685704957281102 0.08402241011698157 -0.16831220391820803 -0.3283967425593953 0.05841098202992127 0.2097482479939358 0.04245465430368442 0.18245626599208625 -0.0036904303603376176 0.0018791843363323828 -0.19972383784792563 0.10660593221237818 0.4142487996040442
3 3 -0.05027223837233217 0.12133416777735169 0.22127377332643466 0.014203326696552079 0.18387875497889547 0.17337163826329957 -0.3318381954501864 -0.07676448228707276 0.1744999095502892 0.16859108623524843 -0.19339883185820864 0.30063983527983235 0.32281548351631767 -0.03753243671854538 -0.23944679466424448 0.006668473889676129 0.17835096280811205 0.06726473466243454 0.24930361461885459 -0.272931332813679 -0.11331279765053932
3 3 -0.5126645719244347 0.2757255880346747 0.2025554797692589 0.03885279697305452 -0.49084089644530715 -0.2580593817494256 0.33505666368248577 -0.09165350340169282 0.12558376417830716 -0.0352868481256699 -0.21219363406152417 0.09829772580531981 0.1281354866001443 0.06035964440920337 0.2345893264122104 -0.2694147348848408 0.23398562224007427 0.0243577142107383 -0.16404981002530405 -0.014751939307275693 0.114010187058266
3 3 0.2415786234398191 0.3701056655345209 -0.3177113822354026 -0.1697116204036028 0.2327594919471856 0.3231587407053368 -0.22497401441894305 0.09552857895153663 0.3266998644003971 -0.047635913114045574 -0.20477074117471827 0.050906257471734995 0.050868759375675345 -0.13229497644191937 0.12262533304749748 -0.04170402038237459 -0.32597044883246057 -0.07388902413380558 -0.24801956144314394 0.35552496699375175 0.2516224784730642
3 3 0.20927162570517516 -0.22704680452598694 0.25088823115737957 0.2896957948075307 -0.36035415951052735 0.15350123790063291 0.11651796625727044 -0.0711956914222135 0.05786139424393054 0.23572864532301976 -0.15440207824265528 -0.40800857143897384 0.09519630275117805 0.004440463258017671 -0.015535991472998176 0.1956571463421122 -0.23298888823233235 0.36022915634720254 -0.2692357039958742 0.12475964029531893 0.17053111628202042
3 3 0.23508978614114617 0.04317309269121836 0.2106859554126955 -0.04524123587284072 -0.1903751461959738 0.08835427996465076 0.255737208490519 -0.09680401499704684 -0.08346520757883018 -0.0918786844612603 -0.12394016166854561 -0.3754347096549311 0.25692741277596604 0.24382684762161008 0.3287862786368483 0.24693193883447373 0.24198492594723328 0.3104516994236305 0.3109395072467303 -0.24302778563738497 -0.2939275876091539
3 3 0.16726852462421696 -0.19282844782725206 0.41891471606855635 0.0013985243020067538 -0.1595789943604742 0.1949130145002672 0.07930701509777015 0.34162527770917583 -0.015632100593995592 -0.16523754759693735 0.28757719524632125 0.319846399623048 -0.09536299080822151 -0.21028028767985488 0.18549502081763083 -0.08395081412939903 0.22429602469754192 0.1467817966445076 -0.33669749439215874 0.3519577733049587 0.18276865214920743
3 4 0.5074230914485192 -0.23148252316225576 0.4110063947163722 -0.3622223371455117 0.36241687162568004 -0.44346048335004595 -0.194008794223517 0.516074403368769 -0.2557929600368453 -0.35076915318555707 0.4269209827658447 -0.6843913629584666 -0.3365706594574602 -0.30948174111843946 -0.14446873306392377 -0.5440885536441046 0.008255862823561487 0.26160770796422705 -0.5299898753107268 -0.0186952756880833 0.2619260131036907
