Number of NNs: 1
NN configuration 1: 11 50 50 1
NN Layer Weights Bias
1 2 -0.20874832060271764 -0.03491249459573435 0.25859523769996556 0.10793540991866979 -0.05226105987046769 -0.1480570864640465 -0.02622821179940845 -0.07176731423956244 0.021394199339756836 0.030331130321773214 0.13416999515191322 0.25716673736522094
1 2 -0.04442990214137473 -0.27679581183122964 0.1071210362867699 -0.21397976872477162 0.015388657632781445 -0.24128223955061776 -0.2747082028547919 -0.1039293076830823 -0.27489197075390076 0.043604715896801705 -0.2747925123960104 -0.26445729974419924
1 2 0.23998466455794087 -0.10558248229309049 0.10371923391791078 0.1888956717397499 0.13539533850183888 0.117914556530372 -0.0372378750395164 -0.00551939945422432 -0.18176252896790232 -0.2059725731210819 0.273767321382095 -0.22693486810092053
1 2 -0.0697987467057858 0.046270165947382126 0.2983731027204457 -0.17620830186208247 0.04323808142912739 -0.08701639812864877 0.07799848688243452 0.25003980982864804 0.2735459283320408 0.2352367633384543 0.2920859300004032 0.10377872958123113
1 2 0.2566172713762069 -0.03337724057734535 0.13027136478862048 0.12662178669498628 -0.27319812300306967 0.2774869668838879 -0.1428680980554434 -0.008941095881367161 0.11320005634365535 -0.23479966262121044 -0.0777129856817661 0.2998315012541455
1 2 -0.07005349398443307 0.06937402095019382 0.09578362842889238 0.2399556535419222 0.29444736669154814 0.20161103804280894 0.13577699792254772 0.024717210480428145 0.033862430335299086 0.16971562018494563 -0.18611707130286517 0.2820491291941734
1 2 0.29088976199482497 0.22270581244398896 0.24142797692119483 -0.1107214209386751 -0.23690281979787636 -0.24224553687527278 0.07600969809950958 0.012241796653123527 -0.03316530978020068 0.15156757864200493 -0.013730139108741084 -0.06384530481705664
1 2 0.06895480723841091 -0.011021304564265326 -0.07014846689781351 -0.18195559806551084 -0.19466161078153404 0.06302982087462371 0.27168124663679616 -0.19178490304240628 -0.07079060123897779 0.20327303250346257 -0.29000968202607336 -0.1008290102165845
1 2 -0.12361934620825035 0.17145138607794355 -0.2509727860188945 -0.06540407687641227 -0.29055290835946446 -0.20905036574262253 -0.06413695925355933 -0.05038772862544997 0.05977159530588925 0.18536087890035538 -0.05740567636830264 0.1806365209841426
1 2 -0.31482507399103676 -0.08524699873835173 0.33057803709382244 0.07718029439343711 -0.1500147390231921 -0.16670008047973947 0.1537368233940992 -0.05252900628925233 0.22139710984338734 -0.06693640126586975 -0.2289568020233905 -0.15123818578774312
1 2 0.28449147428864796 -0.15354328204782514 -0.20623742333098088 0.05553234568672988 -0.1580385028064396 0.24772194972519218 0.18934239403561218 -0.1976316462820971 0.14845897645826128 -0.042995842644359114 -0.18757297531993794 -0.19825097762348956
1 2 0.0036379127851086314 0.18642059583382797 -0.21007807300138903 -0.16618667249477875 -0.1495115689478229 -0.12006078234911723 -0.24689778565786422 0.1604921028130073 0.2351562262935689 -0.17119150426743568 0.2822064491683863 0.08923958209689332
1 2 0.219448874694636 0.03574382192919972 -0.20799150854606463 -0.16934789669277694 -0.19631469287227563 -0.26999984838498964 0.10807890401155842 -0.17916315530673152 -0.09660945383520661 -0.04691338385698869 -0.16388031274786172 -0.23536235066010228
1 2 0.22201612937403084 -0.14486386329350623 0.27734084433033723 -0.22034438010736954 -0.06271710310064137 -0.17656309608681325 -0.14159198965648237 0.03762615351477561 0.04890418408100841 -0.003838847462161347 0.08388209722170167 -0.29523876077758276
1 2 0.14955865602769292 0.014177478120979848 0.11738039860968681 -0.07869722478658506 0.05858144191641558 -0.34630999748568286 0.13532726004571796 0.1363862328378343 0.30656390814729284 -0.3464124087645708 -0.2280741809367481 0.17726164025574004
1 2 0.13008284809847737 -0.24555603005977544 0.17043923489718826 -0.1590549483557234 -0.23178352004894096 0.10012489398530129 0.20663839365831374 0.12259913325429939 0.06908668471121085 -0.30031271463183273 0.2146772731804634 -0.09121512225733887
1 2 -0.0406647321654955 0.3015043029825471 0.20202334447124407 -0.01471160898398759 0.09113960725523995 -0.09072129568964864 0.2747288102977348 -0.2729089784816811 0.13956676141267416 -0.22091586733776145 0.2464137943935582 0.09261373910737818
1 2 0.09796987096292144 -0.16622774050846736 -0.08738252564943841 0.13993213889701198 0.2969069871206694 0.012019921255619974 -0.21131019191295275 -0.33499993725959076 -0.22135051351761664 -0.11960114210708386 -0.24676860377665172 -0.1622883773965595
1 2 -0.023621157251710954 0.23128667835485267 0.022709658131592304 -0.3163624954863775 -0.19483817570049394 0.23673379258581356 -0.12436680867929668 -0.18529005596296555 -0.06733387370233378 0.005594494180181602 0.2748779899845233 0.02739962303426378
1 2 -0.10158348229754613 0.1284448898390099 -0.2001752002454311 -0.09792510808610821 -0.05626686441769341 -0.24357128426367242 -0.21363362157063304 -0.21421617143371333 -0.04950488083009301 0.2296612578407248 -0.04132618325199887 -0.08942815596574949
1 2 0.3009012248429099 -0.21656060850689018 -0.24660092679141432 -0.23836487685852137 0.003092536508661801 -0.2251431616871165 0.28490997087078873 0.05159863973991597 -0.21455302696041642 -0.28959601843137545 -0.2705329649493907 0.22618683725891225
1 2 -0.03919360596759469 0.19733637317986397 -0.044517800681238444 -0.0901277061193982 0.18257748300591498 0.2702752448144018 0.08079220510656601 0.27064062212476425 -0.05594847040671565 -0.1841069960554995 0.2467666108881509 -0.06989836239269294
1 2 0.27786792941378446 -0.0733683316889448 0.17170846672955858 0.08559630190084684 0.1909183494215129 -0.22473274125915366 0.07808090989597673 -0.16849049319643697 -0.1805727921748061 -0.047024931585554125 0.11156429419684542 -0.029552373067605917
1 2 -0.3285950709373322 0.10785537517546684 -0.09859006161391624 0.033015618579267415 0.1763616899313952 0.2232393830398856 -0.0959392983433611 -0.31437724189608884 0.0212370850007857 -0.022963845152716614 0.2997345147057254 -0.2519585847445711
1 2 -0.15578765894135735 -0.07374127240655552 -0.16100023806260094 -0.054077686685768143 0.28366747523729247 0.0008403059819928715 -0.17832921089587647 0.12910371144932534 -0.30002867345708745 0.09530899168315099 -0.009237427463880224 0.21064627938346112
1 2 -0.04059624424981281 -0.06667520702544678 -0.09265757014147574 -0.25103652904640944 -0.2876830730736696 0.14884149922817355 -0.2042699535118836 -0.10442104779855985 0.2832258964753739 0.22643581229069246 0.024741424880737006 -0.2382449256316854
1 2 -0.1720932946907425 -0.07870114569831839 -0.0679510883831551 -0.2567925645458856 -0.08383106909693411 -0.14296278461649606 -0.07587119315249255 -0.11003845937002595 0.2660057750761532 -0.285027801332267 -0.16872817513953814 0.060108993173707
1 2 0.032330005519756747 0.11170866464185708 -0.18998688715736348 -0.19977882650411274 0.00940976986049149 -0.20076990456249036 -0.20226781629067295 0.10844714862242379 0.2927655687549845 -0.22893337900648508 0.19553109306939703 0.18531927804560736
1 2 -0.28974614786245917 -0.11198217775587592 0.25509149949692844 0.04935551235850079 -0.1542958569231754 -0.08731034296751743 0.11393621170210748 -0.24733438383822526 -0.24291817879361596 -0.1920168630085875 -0.2288975587568627 -0.3140840051059643
1 2 -0.2734947620661066 0.24139655422779496 -0.017835949343510103 -0.06777985605649783 -0.10846446480788624 -0.27258857203448555 0.10347571005410507 -0.22260432993533236 -0.04661172613649316 0.05633952496787929 0.30143736590920145 -0.0218607188132545
1 2 0.29268458681075915 0.1542992636430531 0.13661550444565465 -0.2327916021604123 -0.31470876444460444 -0.2280919034409021 -0.020377316700760203 -0.11945975053171903 -0.3221518866494219 -0.13283828761943023 -0.10117637528425595 -0.17971251522295714
1 2 0.2038946276805636 -0.20431871326509093 -0.19052194383457305 -0.002059174153132269 -0.0007122919025448227 -0.1205131244652474 -0.06967056983108244 0.0891688540045576 0.1804370633103199 -0.02136727915963708 0.19804325822585372 -0.25081575438643194
1 2 0.2153328078708534 -0.32406177727261837 0.09934212406605243 0.1798632402609112 0.13555104415181668 -0.17539858402929828 -0.07096966584788679 -0.10346382643441127 -0.2905946344800054 0.11580148297142599 -0.17207289126410022 0.17159206774993055
1 2 -0.2435108933446373 0.3185560120426106 0.16298926889224297 -0.05623955242425026 -0.22997603038270586 0.04824549194333222 -0.0352305432927416 0.16905000051121152 -0.0950513758622582 0.015384428985038617 -0.2571241291141683 0.0788299155336016
1 2 -0.11630684992277068 0.27399285992642486 0.23504073721091628 -0.27208450519569716 -0.11776724870928082 -0.19203803190741542 -0.09094560933959843 0.16956585764411472 0.20584615390359043 0.31391038909158664 -0.09744228215937048 -0.18637786861200795
1 2 0.12338836789573601 -0.23271613571512767 -0.10220761200234241 -0.011382516188826278 0.16630748708449708 -0.2527391161663025 -0.32740952644017385 -0.19928815311604772 0.05516398331371432 0.2110758971409941 0.054576275658004256 -0.12990568803167396
1 2 -0.028280266165441863 0.23502669987862337 -0.07152645466669573 -0.0939957736719609 0.15817222349807206 0.30651212064013955 0.30447665168667926 -0.156987156538951 -0.32458937687424616 -0.16671759569327718 0.1718099782799752 -0.0819050868272618
1 2 0.06705772818818619 -0.2810697900974897 0.18509127768667483 0.23551794142737015 0.2069873769285253 0.10271615123236813 -0.256753954537397 -0.007802598355729577 0.0348355807477362 -0.20168462072332216 -0.02903151956955862 -0.25580823970245886
1 2 -0.2135162491451041 -0.12013981586023663 -0.04483588128301958 0.25807024618226876 0.007310244161509299 -0.06705660833386311 0.1002893159351656 -0.2179618472136824 0.2159570413147289 -0.2530122737759921 0.16989796760939843 0.06505571181280916
1 2 -0.3066399516028686 -0.15665065013783108 0.31796214636595815 -0.16507349396139073 -0.03737592678867395 -0.22284303653328102 0.26709896366994024 -0.020433402617140217 0.042691828615472494 0.058761843481913614 -0.28017907576686274 -0.2792232867065501
1 2 -0.18447290719646459 -0.13605125480739855 0.20292408108096704 0.00837485663369102 -0.04242020745061435 -0.10549128489683776 -0.21269940138499452 0.01245534313228244 0.0188532930199167 -0.14302344864580366 0.2619593969316924 0.11688195816406867
1 2 -0.027991728569683717 -0.06742364692260637 0.08221066148018442 -0.14663633542762838 -0.23645549469480337 0.16347646638126687 -0.2510002641832943 0.30752177269967584 -0.12966396733587543 0.21807182283414703 0.3103312001464208 -0.19419598537940047
1 2 -0.2318274709830327 0.2985415685150961 -0.28557066338052217 -0.186816522258892 -0.015204239461772009 -0.31747696640129713 -0.1564857495760557 -0.09839827666611359 0.28050711739274403 -0.19330374156885116 0.28032064743727625 -0.14318016665865016
1 2 0.046992427828906155 0.06577199638979267 0.010336765546883895 -0.1929872988170681 -0.2006761852801387 0.24615463042541955 0.26384554335396004 0.03132685537891373 -0.2708192784914967 -0.23336665968928766 0.07732771031669503 0.13693156770870665
1 2 0.07981502529240792 -0.12209493306385502 0.2749537591200085 0.20080486592984234 0.20698462173587057 -0.21240956358651109 0.10085891134104194 -0.2598185220263902 0.004272375862858172 -0.17632200763783806 0.24539808991849626 0.19015285543143332
1 2 -0.1573255050120568 -0.00733401056484295 0.14403300185824686 0.23845957520910563 -0.27166739445415106 -0.020534056577618223 0.17839131874764683 0.23747373630293406 -0.24807719160937397 -0.37068014414292216 -0.1379534961624401 -0.15723444287022179
1 2 -0.07380746458982453 -0.10640241442579158 0.1669695913308708 0.0011372666314152585 -0.3137973901022139 -0.2842454802545364 0.07852540754277483 -0.08441959756589655 0.3051887320746585 0.15586480415219894 0.22292454982531776 0.14162766232454801
1 2 0.18069109480883308 0.1839442019263461 0.31357635883958135 0.13388052156227434 -0.09863902385666787 -0.07522043942250643 -0.2343253854012688 -0.10553010786620494 0.16417668453193926 0.0964321102369808 -0.31728988674486786 -0.11126638274840124
1 2 0.1091446199181875 -0.1562562495354008 0.13602736138349777 -0.284536233542417 -0.21571671505612797 0.2735496635538656 0.10435090788912736 0.0959157286517092 0.03911189438151347 0.14240269412422496 -0.28009845696812996 -0.18551798075380502
1 2 -0.17560386891336627 0.09019322389648433 -0.07990109458618333 0.1596512892696279 0.060565649335871156 0.01023068400251381 -0.26006155728300195 -0.061662733362852475 -0.24770108581760608 -0.18527962133728815 0.3438953491491776 -0.034962812371437245
1 3 -0.21608584349826432 0.23128177363037813 0.14154025371582168 -0.10910034321930948 -0.22340841632703168 0.19096540491046218 -0.12647301468152866 -0.07635372215215014 0.04114988408589531 0.04389089573640999 -0.10367134668467552 0.007682648214261262 -0.19622623011449705 0.11212219992014591 0.19623028971442633 0.13787482691996136 -0.044230802349966764 0.02672973058971539 0.050048340393016005 -0.016755824246602807 0.0008751912028680641 0.043082130635122444 0.2505659889262586 -0.1005289138408138 -0.14309051427137873 0.13393705857494778 0.05872088131635739 0.07779316814194588 0.16839058204602853 0.09262763287330737 -0.09470445602643077 -0.2403692007212533 -0.23295648788072912 0.10052783519060268 0.07451547564263131 0.06267160981516436 -0.11805206230227423 -0.02750809331168348 -0.07974891661336661 0.010405486773022589 -0.05199157160895655 0.24482689402682536 0.14227997350214003 0.054768195391993076 0.10003076673698548 -0.13121097832189724 -0.09626863825923536 -0.06926133330774051 0.1728280143504918 -0.15458077423183605 -0.12136508109775246
1 3 -0.0484810930854752 0.13458398856756587 -0.15816577348592742 0.1170896297267494 -0.028554573796497538 -0.1553596339598525 0.16357737913042739 0.21520983489223428 -0.03676883034626983 -0.19868269910837072 0.1354591880961294 0.22594708656682289 0.22655942457483766 -0.08785086128237993 -0.06115558940440519 -0.1891791749369449 -0.048577262593294236 0.07732025832779361 -0.0941970250542589 0.15763648400818212 -0.1274421988266141 -0.017035626921146307 0.1296317787242956 -0.12405830013695239 0.09681827798911942 0.06413336375744585 -0.1047025206589044 0.07823446975993463 0.2156555946331692 -0.01058745209768339 0.07379486718018989 0.1440021121257283 -0.03705068359497968 0.050643551538568275 0.133182617437394 -0.13019184372387324 0.06414594251114492 0.0524444090367129 -0.1229665289997278 -0.07672793495286807 -0.24960542568446578 -0.220464126566351 0.10981305904989351 0.01830226817367927 -0.010075935532294503 0.058309657993146406 -0.26508322484824964 -0.24186486304634494 -0.17939812671211103 0.058815118966099374 0.1882027042305205
1 3 -0.02892327213295499 -0.17105780901564743 0.22317188108927866 0.14768353139237964 0.20417271493023478 -0.15006724608316635 0.2069759703335061 0.1986197700613083 0.04389383010795521 0.09196051348934803 -0.10766737856867659 -0.034240070094900314 0.14165601004326628 0.20575177655965757 0.2687388762881886 -0.15143728898523295 -0.13724393310040342 -0.012724711741077777 -0.215764640952214 -0.21254659692217617 0.1290953190675172 0.1224644011181789 0.07687741014256455 -0.03605595746496313 0.20354560745072106 -0.3194730837399259 0.040061946547667544 0.2024579137381003 -0.19683636859965506 0.05916291679468486 -0.1929180771080783 -0.06768737824309677 -0.11270497318425599 -0.08898233693341326 0.07610701069242763 0.14602234248361534 0.07619001318832165 -0.04284761622291129 -0.07072565573649986 0.20428808631289697 0.14172523117115463 0.11742360977448689 0.2568327358547868 0.08099196699590352 -0.23892613848880007 -0.06887249777689534 -0.14381798160711096 0.10171307475287766 0.22710062754313795 -0.1903525092637425 0.21031516256175556
1 3 0.1528416556467221 0.05872684502451999 0.13058661054898277 -0.10466179461148478 -0.2479310243397002 -0.20479329939940275 -0.17101625367974352 -0.09188612061494837 -0.23504870566300343 0.10659343434776208 -0.1589837840824247 -0.010110371996260208 0.09472088158324611 -0.16973866711248087 0.1863136834934187 -0.04895781949780257 -0.1729416415139063 0.11405269968242822 -0.05316951510093413 -0.026328029221933412 0.017364175718806295 0.06768753357694204 0.11303474164146753 -0.1632463412529057 -0.24059305759131655 0.11509507153719659 0.1963255286277141 0.1153244326356256 0.08551943665263413 -0.03468549505669818 -0.043333085191611144 -0.017094005435251376 0.16361459932015882 -0.0820796253897308 0.050803094915892286 0.23224577010347516 -0.18556486615251824 -0.20973916953014202 0.21602352534819777 -0.20414615397796892 -0.1691384501520744 0.021190890688007495 -0.12919981129940394 -0.049238810742829174 -0.23172200264330275 -0.22746507011741757 0.2593036137100274 -0.04244447211160816 -0.06877438759829069 -0.24625752819495098 0.144466142043446
1 3 -0.0869413094529397 0.07196162617213282 0.10804306183111113 -0.20074867815997172 0.09844540258399286 -0.14846763987994727 -0.25365526549314416 0.024461965274365508 -0.15145449092205032 0.24834111382294397 -0.06066050911215042 -0.1985751015693214 0.21249965796536535 0.06920244245062104 -0.04094231744064017 -0.07213470891282331 0.017868798198024984 0.12255530263492792 -0.1890792954190016 -0.13335576559197745 0.11750655394438989 0.09915308213110623 -0.004751706376727699 -0.13913044369970812 0.051714172122051434 -0.2664662969822279 -0.00336333487247822 -0.1825950944590241 0.1508370481898965 -0.046111242053370395 0.24799821805244615 -0.19833276917988044 -0.10844317101973171 0.23017786684987446 0.16005272769027523 -0.03129761138253977 -0.09378340255391643 -0.08935860431628075 -0.17118304480942145 -0.1266934229948382 0.07267779887012137 0.038268977123865115 0.1567580662004814 -0.09097457873910735 -0.10364817686585236 -0.07173514820474479 -0.09363974110951778 -0.1743163104851768 0.14787358539603415 -0.09791093707694175 0.23564004991883047
1 3 -0.10508751223890835 0.21888611780398043 -0.2259358919817243 -0.039247533056000476 -0.20306172196529418 0.020036306561035284 -0.2334168336172397 0.02597191782620359 0.22129372515851153 0.1132247337447205 0.20177814972590832 0.029843999644396862 0.2441219059205909 0.06437570352687903 0.13729119842287887 -0.15611434426902074 0.06617777278108315 -0.07459837782794276 0.07138536250083863 -0.12477626194586543 0.21332935212883666 0.13585734003644606 -0.1544604747227057 -0.2119086959439407 0.09149236158472325 0.06361817752199819 -0.17313488693626616 -0.08948129781813416 -0.051279323303367104 0.21569176480891544 -0.13627182417773337 0.1705075715480387 -0.19012865259354284 -0.10887078345483464 -0.1638238364648904 -0.03726448219885498 0.12164996155034735 0.13211021614473337 -0.05706412403014989 0.14975056364949715 0.1289061835034324 0.1560203196691678 0.1888738034299993 -0.006966234031488352 -0.10167274409518003 0.19331647087248152 -0.2325411335010761 -0.06619691717404452 0.22652441379828855 -0.012039037122983397 0.22593799552116725
1 3 -0.019526103356008042 -0.0630033245761456 -0.011647934568435835 -0.19735728911339834 0.144118877764538 -0.16800206605882503 -0.0020974791314118495 -0.03741694888494968 0.1857568755590408 0.10415326104819105 0.1452571735531766 -0.019324406627737097 -0.015774257395164748 -0.24320732190942107 0.03604752876108688 -0.09719251017132974 -0.18485725561403696 0.005941260058875228 0.06681258574436373 0.07552519837518902 -0.1179099847707141 0.03886334359907219 -0.08756411634782955 0.089563871860606 -0.19030397601268834 -0.17003710293002783 0.13351434091276063 0.20357036882326035 -0.0031673401854773213 -0.20862098170254287 -0.13851628872658367 0.229587253340956 0.08820355093973752 0.0006602798342177332 -0.07730630692006053 0.05256422077888842 -0.1458279189245204 0.2546164635858451 0.2135868615966312 -0.02300219233082158 0.09893286776715045 -0.18485148302243637 0.17942507614143502 0.15860461629270767 -0.11026850107094853 0.011018776824752018 0.14717233636413463 0.06752569052308412 0.08898343653379352 -0.024059484098718054 -0.12556039684608333
1 3 0.22878680276786625 0.005132838737020105 -0.22001993843341994 -0.0965974291160407 0.15941960918767054 -0.049114512099785075 -0.09971362990613704 0.05023803249455727 -0.05223809570990962 -0.0525548556420679 -0.1439326629149849 -0.04239203112895508 -0.06813206227338796 -0.13148471501075198 -0.03498192395570728 -0.04596577895220134 -0.1524077121207697 -0.0009854987460449624 0.240609223419388 -0.17275619001082354 0.15804479734312887 -0.010803056368869707 0.0456611960097288 0.11743894408420964 -0.23045579054560783 0.2684228084134371 0.16019061456021633 -0.04940815513521685 0.15695948807413002 -0.09438667473584741 0.21207302783668733 0.1957000369921328 -0.042158930171557606 -0.21344382653161767 0.03589935971274265 0.10514007899488385 0.2626606773843897 0.22768633691948192 0.1188780972098872 0.18430048520264566 0.24999080500914816 0.20328758980063763 0.026115648261727204 0.14933957792973662 -0.015444699403407442 -0.15714522966623173 0.08528954346623883 -0.04672253299511392 0.2196208365274287 0.12609907325612787 0.12701649381627242
1 3 -0.01841573266286643 -0.02056250712098105 -0.2574370223858193 -0.10289468326161472 -0.17462142706615905 0.21152393231697633 -0.14051246821680247 -0.17895646845167804 0.07710464489741813 -0.12503694640205595 -0.07326875484387395 -0.07631509556889918 0.21497416002522332 0.015823169965936527 -0.0968207473006172 0.19743862533940315 -0.12232289919681341 0.21214476878932012 -0.13325514558932386 0.014259434381890267 0.04090805972167374 0.13821861494737767 0.13029543992853448 0.0858496450144774 -0.026618395268946108 0.02128803669760636 0.03827549942203061 0.13345199789970238 -0.12354071129770042 0.07648610117873465 0.2100398696223855 -0.025986186738392012 -0.1134135283809598 0.11528152844290418 -0.07836613722796286 0.08075437256534139 -0.24893496806795165 0.19134693797326005 -0.033445527633702725 -0.1342027836467083 0.14148888318107872 0.11301130566682095 0.0776064907522488 0.19133763272384705 0.10389876472443663 -0.19190289742290328 -0.00046489331979244477 0.04828584031720352 -0.1236349359375833 -0.19012082945345968 0.08931971128945436
1 3 0.09280004647989933 -0.07776628794700889 0.047122579855756 -0.15476185046971946 0.013175519315451148 -0.07733312418771755 -0.1628015094608819 -0.18087790183346486 0.15276814534882044 -0.19351175478899033 0.111873809994545 -0.14096677177491015 -0.2259333031569268 0.07983293285272233 0.1644681381412062 -0.04384402315091012 -0.12706506427351702 -0.24314011881969336 -0.020494292718916007 -0.138648030286757 0.13622945220533403 -0.18636385608226536 -0.22960823171425374 0.1770344382794796 0.16765719000052381 0.13073192662799452 -0.19561248725505773 -0.19281093011882153 -0.05737612129342445 0.21552926329647418 -0.19256325527531487 0.24985727508634373 0.08531720282806429 -0.14706782420938472 0.1727428495342996 0.2823266292853954 -0.09792269416056393 0.08670683221939862 -0.10823404443145684 0.006484934994057462 0.08565992059743283 0.22554690131747626 0.1490015435349203 0.2067821170491561 -0.08743699560410706 -0.04679257269638887 -0.1018372411649504 0.16120302034781478 -0.226154619172338 -0.016121201063640074 0.18810966369824766
1 3 0.2551248170686744 -0.20006880439238567 -0.16295447174327435 0.07864377225880385 -0.24084556712386251 0.1342971140177867 -0.06591720977833372 0.12243284647056141 0.1147094329895233 -0.07908178424887581 0.10902908490745768 -0.1966748536689333 -0.06792922364825321 -0.18662558510574495 0.27304839518843466 -0.17311325170325806 -0.11228602526567617 0.27306586122550236 -0.20690303853673084 0.15458853375542703 -0.1349823687600378 -0.06302195345042462 -0.02267273513514018 -0.17338012420662727 0.1951858003690474 -0.1040117493085205 0.1696708422382412 -0.18240297185906362 -0.09250846013800398 0.14031151287815052 -0.0016288581375726427 -0.08521807098568787 0.2539900787646045 -0.11059034389733899 -0.19507107001558902 0.18209139999826426 -0.00605473727102828 0.030055300514532885 -0.10245926547266321 -0.1512020853619403 0.0946136582713381 0.09347884966616071 0.02117015431356881 -0.1176446361994855 -0.1696326283891057 -0.1567486847654008 -0.21688555244725197 0.12815580251553382 0.1160063746954528 0.18762743623976424 0.096499491836269
1 3 0.009871824903611699 -0.0035938680612134146 0.1290413326967018 0.1348895269511708 -0.17998517306497192 0.015966153638248645 0.14551960124638086 -0.15070679302993567 -0.09271511998296007 -0.1446940847512113 0.1695531526378097 -0.12693914727318817 0.08826537720126534 0.049985370132384736 0.22364200832300657 -0.16529135703875888 -0.16920051182594126 -0.26049547440100446 -0.0014123909473029584 0.12311358836094252 0.1632900049546295 0.19001954750400837 -0.10070599221387223 0.052126367557941714 -0.23411655405876328 0.14790625228072596 -0.23752267104880473 -0.23387515864921998 0.11460748996618751 0.042687689134665086 -0.23997734846435628 0.013474998733606343 -0.2523247193301097 0.21983756633599202 0.0754009994927457 -0.09529127577425167 0.16212131064476115 -0.05324958327801115 -0.028260749785523204 0.21213619077374954 -0.2250666707670618 -0.0004508212610721831 -0.17657683606230434 -0.21921031763324375 -0.12769955925244367 0.08618115254126289 -0.07430303141473267 0.15705461605619125 0.016004382643806096 -0.2348565191545283 0.1997511115284875
1 3 0.038044143814385846 -0.11512763377578362 0.10789134711627409 -0.16742068149262673 0.1889447979008396 0.22485352242276718 0.1370458090060467 -0.15560849737073498 -0.07871556914705152 0.2643767042435895 0.062218430785265316 0.23256658349794673 0.11444567063196154 0.042022089737666454 0.0948388078447595 0.1941979197693201 0.17618549665191346 -0.15913995251661653 0.09945277196004582 -0.18947786592796392 -0.013893849457164605 0.012279545941394866 -0.2281424515445483 0.0035919502534362646 -0.1426768471875424 -0.03219570209778093 -0.08003381763339715 0.22822197690048895 0.0340396019885618 -0.13144269902229616 -0.17954086122806878 -0.05619519201720653 0.0894285598931402 0.17326197917666725 0.027959628415606737 0.07401368316723281 -0.26937548904096936 0.17787146553779698 0.11930308854756692 0.00264892200921951 -0.07991243553573238 0.10436377927965712 0.01829197306433595 -0.13108643792315036 0.04586488630685346 0.02865719923703813 0.19955113662824878 -0.11678527993880676 0.20663429736397254 -0.10187055043156867 -0.12036395681307757
1 3 0.14891264795248918 -0.24805498884038302 -0.04356305176822791 -0.004648700035251232 -0.24892094157748051 -0.04959473775965114 0.23009412663459175 -0.15760823182628428 0.11515422560753197 -0.11408311353803773 -0.011196108086759788 -0.0134613499880883 -0.08573412073928452 -0.11246233258256867 -0.16665633685325068 0.09781899773964381 0.06342982653224546 -0.12392934914712216 0.07616213172024049 -0.12269617466239405 -0.17178323250388913 -0.002549703267593329 -0.012969922015640945 0.0019732284016384057 0.16356302929723554 0.03438532280635362 0.1929869262056699 -0.15259574886809388 -0.18531811570257786 -0.0672361607734188 0.16856173039129116 -0.03005100432396539 -0.11976538890866065 0.18074437382679107 -0.07653553688383916 0.09894985988539096 -0.055529915314342794 0.06709422965330727 0.028970822489250567 0.15295556051865178 -0.039184951426829415 0.09629148500519169 0.059679044062263834 0.11551458418572579 -0.16310360717375155 0.06666858171622718 0.035873631563974925 0.07702494479013025 -0.062041877902387445 -0.18268077359498 -0.20973340362283846
1 3 -0.05961513618742346 -0.04287385639283904 0.06526007199802214 0.0006223661700824225 -0.07161375312873891 -0.12868524102470624 0.16041894424566294 0.08271008716647989 0.0033439130288058197 -0.04788530094805825 -0.005875129597727398 0.03381136151332842 -0.12128052436420317 -0.10893479682901103 1.996198891116e-05 0.11507958895594791 -0.0009512112822939841 0.12167073282654557 -0.010049091051784855 -0.07781683495180408 -0.14278428358263387 0.08126980983558922 -0.038754876463214204 -0.03749041818295258 0.0703480636273735 -0.0351237993271811 -0.07380081440806159 -0.027219484090323556 -0.11433312856052168 -0.03145071231115552 0.13652895394959796 -0.12489968765687906 0.12996885794438046 -0.08270176058689357 -0.05405346428532244 -0.07198052381341342 -0.1412098789599052 -0.03602968574052428 -0.08021946101904504 0.11141775294869352 -0.1254264817900246 0.031058165033899743 -0.06637202275701257 -0.1032220136166489 -0.11728099646005335 0.034770737946320025 0.11388647966017791 0.08656218113451603 0.11666431092423313 -0.14507023688683263 -0.17140950527081739
1 3 -0.0248110984403799 -0.09180816199302823 0.04076526210107795 0.04651351786321337 -0.1359240002527486 -0.08765902421410902 0.12054113750285515 0.035108834619852584 -0.09450210867155491 0.03947397960342913 -0.09291190345730006 0.06885132266954937 -0.07859037771598204 -0.08431919181129792 -0.022082688022680028 0.11035288367165129 -0.022219435669046526 0.0331865462006392 -0.04333278391835631 -0.07827005564112971 0.09184876385588853 0.05405328403278048 -0.006863625465612989 -0.11342749110315058 0.016271475003359525 0.13080968652843336 -0.073472128574 -0.1591937456590111 0.008893018096562125 0.07465119283126397 -0.004717225213420441 -0.033873281212702756 0.006476130372255086 -0.02927791887656289 -0.12029922282640278 0.14505957587897234 -0.07322126578799311 0.019429379410079446 0.011208848314465267 0.14044423090362465 -0.1641741088269925 -0.06783977958391244 -0.007689374148567051 -0.10917884655720055 0.0058174648866575005 0.10720544812012933 -0.011474906500185067 -0.12376177379332856 -0.036183132581638966 0.02836257766647098 -0.1708810955816777
1 3 -0.0385035936211033 -0.11135916122012732 0.06532237783757118 -0.1690468769374244 0.017662077805312967 0.24256760636167643 0.23120500708145197 -0.021669652629714754 -0.06615748016388188 -0.04872256532893681 -0.0642552207451964 -0.05332296921874544 0.2032554583032182 0.20790670971054526 -0.19259895434187008 -0.1921425614217815 -0.05737734133095825 0.024794028171882594 0.1035308808807588 -0.0552856375667731 -0.08194090816726268 -0.13556648083833311 0.057632012738340996 0.1150247351409457 0.003348582674227721 0.020803128176354938 -0.1782407554470758 -0.08747016925769797 0.25049430829142355 -0.11600699346772675 -0.0022612738990013944 -0.013243776635958139 0.1393170973861208 0.06311017791236535 -0.022820724626137278 -0.00038919940469226376 -0.16902936433175653 -0.07624029946028348 -0.024313031433487307 -0.15008677264835693 0.18693850168868625 0.055274703916027124 -0.01843041840121456 -0.24429336740539806 -0.10233285196902923 0.17073149916531308 -0.19387787564154566 0.14951301221141364 -0.0094830127617052 0.06819716137288474 -0.18807069534830848
1 3 0.11138290660087975 -0.12937157560486495 -0.1337323538238396 -0.0979374780276615 -0.13502333770094674 0.022388832304933735 -0.020989723653761713 0.18576815805718172 -0.09742821182288007 -0.1234521564035437 -0.009677633574072978 -0.02698277912882554 0.08870253640897915 -0.03164701652072612 -0.009291096356261576 -0.2226092523676782 0.04708006278186193 -0.02656346489454271 0.06055907633138725 0.035029283213980904 -0.2200985387730403 -0.12041196461055943 -0.037186084772598 -0.1217120842814584 -0.08037976369319147 -0.08688097613300765 0.12640340090077382 0.06558310597747129 0.1588362760993112 0.21668562685053888 0.14660693589807883 -0.16179505728690868 -0.1868735913548379 -0.07078637718119483 0.15043901997343406 -0.0494195034198287 0.1134714159794494 -0.09523303932688769 -0.11817307438571634 0.10888622360284059 -0.07481732326282937 0.055587343450445595 -0.14648311435939035 -0.15133180556074727 0.2420166179785497 -0.14982902786084867 -0.11348146286546948 0.11039591418329152 -0.018340931949643872 0.18572922075653625 -0.02436823806798121
1 3 0.13625650372959444 -0.05385174868957733 -0.04426233807224812 -0.030507040352434633 -0.20391898620072862 0.21432655349401838 0.15307680163156617 -0.03947163648423269 0.07463977457062468 0.0025701944728808218 0.17025609276599746 0.24591529458267333 -0.21436465980459868 -0.20340147576545575 0.15930576780943065 0.15937117623195404 0.18840243228909703 -0.1920206507317988 0.1407569109535631 -0.1766745711630211 -0.15146368667959753 0.09399680763324626 0.19164732200773082 0.050597567063366725 -0.11759879243874251 0.08946316359413695 -0.15954638521722983 0.02559021553903923 -0.12990371878278767 0.1222217104066742 -0.18383809447043045 0.2035508329131023 -0.062205628841642005 0.08419129831881661 -0.01536502226993656 -0.2821581810060148 0.14073172978949036 0.17442394241327253 -0.038315243038996596 -0.2277742911301085 -0.1507553701822912 -0.038817984968027956 0.1895251165722223 0.09364042860489911 -0.14167830776096102 0.020755365821337947 0.07237690333197014 0.004593090774930448 0.14567387440967555 -0.013447125044051362 0.19456553675484614
1 3 -0.1480103004700813 -0.15819852815008045 0.1221541258799674 -0.1572931024089818 -0.010733280739101635 -0.035354310744478444 -0.09655141049782953 -0.13611149335248196 -0.042410730459803425 0.05165140292470121 0.10012492799451767 -0.08091674348074102 0.13962779106957474 -0.051614547017447776 0.050250966249625065 0.11424033012205465 -0.005935478982099659 -0.040222984488752375 -0.03457621061308233 -0.011201618151532805 -0.04304673183067614 0.1424239308698835 -0.15978966891894364 0.0793108039841422 -0.04867227845174903 -0.03796594886063754 -0.023947790244094234 -0.08841590655366192 0.12898814658552113 0.0013730060482983412 0.10521368429197314 0.046193293137949225 -0.11924202555360124 -0.04889662520222905 0.14465363436455944 -0.0364315901865019 -0.13515966972203947 -0.01025195898384089 -0.009539746088138235 0.13622580294611036 0.01347143725529208 -0.034447999953612196 -0.07475648639183864 0.05464827164321302 0.05475387103167546 -0.014786292150819422 0.024880940702755136 0.0010340421504854284 -0.0333218510626892 -0.02959141901129472 -0.22695911311496353
1 3 0.08803894980873872 -0.034091560482560825 0.10983170097961191 -0.116190636617872 -0.07144284739152065 -0.24776376819573898 0.03281408991817482 0.06899254264050288 -0.14096248170918493 -0.18514327351329576 0.21933197404912683 0.1941538785378353 -0.02456464943541203 -0.054952283500383205 -0.10127577672878967 0.08921294799291236 0.1653777997853266 -0.13888869311266394 -0.175396637254097 -0.07923922038535133 0.15211661058383674 0.01953068554528375 0.04309419217337246 0.015718898570658807 -0.1567317141197962 -0.13445996444059485 -0.17383024626186042 -0.11011698868995756 0.1577493350865233 -0.07794437605671937 -0.07045669419576606 0.2095587983713082 -0.026755857730826095 0.02956187468247683 0.2036154872736323 0.0215024562883357 0.04957502517375338 -0.12121013077861711 -0.0969577907771505 0.19740442122389434 -0.1463528633965422 0.09763390027315594 -0.2133799266436681 0.18632816363376592 0.07794681016350806 -0.04837643473263516 -0.13673801898694005 -0.22952305988201374 0.047661184178233264 0.10449682158211089 -0.021255096756651007
1 3 0.13868100801045238 0.058174809539505185 0.09462983337086711 0.1305528545420045 -0.1302168703071464 -0.11367032369741477 -0.09622284508714786 0.1573799996725548 -0.04836703231351575 -0.06494350551629317 0.1210589577458189 0.06968336752769239 -0.16864372434615726 -0.15242706169255058 0.0018789110163631919 -0.023439554159494568 -0.11327348856946072 -0.10900408597404751 -0.06672696025496684 0.15812341113251208 -0.18801468837130603 -0.11289878926655583 0.006926921725002456 -0.040223237333525085 -0.06674886001567025 0.16485447622123947 -0.011445020696739175 -0.033670704488107266 -0.13781838477421393 -0.1640402436226041 0.04804985852874624 -0.048297749222317464 -0.1321886542261319 -0.017943792335829756 -0.055548469322001796 0.11126663728607412 -0.03730200225757249 -0.01761444377070191 -0.015399064266659651 -0.15384366319577647 -0.035941589004463245 -0.004386190804320161 0.017799606310517663 -0.06750308618094243 -0.00969121024791314 -0.0527421584199598 -0.10037505364404019 0.14268024741423085 -0.018337490461654678 -0.05334183881126461 0.03890982512824433
1 3 0.00619180710190495 -0.14690668064170426 -0.08316542096506263 0.23927290777851562 0.10628659999559248 -0.0018500767435090334 -0.02020649399875892 -0.1326340566096369 -0.14081932909831998 -0.14776468912007265 0.1089572980068793 -0.06620284231511336 -0.05523307567692578 0.06765914593505498 0.1758191473815682 -0.08701933843249234 0.11437074559058792 0.1998533946359846 0.14805966059554293 0.16182423757778303 0.06456800660767442 -0.13399359164930505 0.1904051840961694 0.001909708265047728 -0.171230239353177 -0.10244041056242832 0.01709078590285461 -0.2122848689226858 -0.1642461928669242 -0.20731915933562464 0.06281296324560355 -0.10711001984534801 -0.15376458911697513 0.018415745336565724 0.04228390986568692 -0.03449801076773631 -0.03462974576867756 -0.0035608253973211535 0.19392854345763896 -0.10407398831092858 -0.24150362618313231 0.18790339087859942 0.009625162629638178 -0.04426434457123927 -0.16363046805480666 0.09009519245188653 -0.005594149779462907 0.25438648257568053 -0.07620214395120911 -0.0839991236886545 0.14217814313885954
1 3 -0.14673785585905882 -0.22468685051180487 0.1198709608879254 -0.1412364396800919 -0.1559856526356051 -0.07612729631574236 0.07714243510297683 -0.031075052595906115 -0.09738528109814401 0.14310534723542437 -0.2110797674173412 0.0409760247659003 0.22398124999063382 -0.23341818176014845 0.008387736497295909 -0.0168939618438773 0.22132620264558717 -0.014399614365064036 0.12499153441201788 0.07337293956772707 -0.027250767499737164 0.0022489498995924154 0.08095567000834823 -0.050641838817611695 0.2204050991002435 0.11595580428089147 0.11273624934951115 -0.048287049838183486 -0.00822540781444209 0.19459083687063033 0.09115878758402035 -0.20647745829277173 -0.2105727997651844 -0.2283304609534339 0.11187429523341662 0.117218518269389 0.19289639512257703 0.0972657396505725 0.10686937393181896 0.16038262252756552 -0.178282515857998 0.1422224426651256 -0.25730622493579447 0.09893001338867798 -0.22339918324037983 0.12548303770224054 0.20166620595648896 0.15476047122425424 -0.0644858695191182 0.2184275297986116 0.036193715015259253
1 3 0.01721163522836482 -0.1655919444269299 -0.22729819225192993 0.21842960945051232 -0.17195454399953825 0.08828759077587223 -0.017313730253977515 -0.17374813148722199 0.20774716043525032 -0.24520113876170452 0.12537167951621916 0.08278888766704036 0.07088853015999272 0.07842219609327603 0.01178207808408238 0.028173784205333525 0.11011585587434472 -0.03201262990746663 0.2051041191098419 0.14022743605832605 -0.11444943030458407 0.03300968808464678 -0.07608264075845375 0.25918726650374363 -0.18400473152308414 -0.15861325231620566 -0.18739339270310906 0.1995853969389764 -0.16555198286810266 0.03648529839540703 0.07690057948769055 0.23161148406128498 0.1541747091910018 -0.0830638546918254 -0.06575589199970426 -0.21328546602445095 0.12271005181501153 0.11410608193665851 0.17052298009432204 0.0942481457064103 0.14045545669687248 0.15843595072132832 -0.0779610819624057 -0.24589828897662838 0.07578215529414281 0.13649769749998852 -0.07448900376000038 -0.10983159234843654 0.1322849551788648 -0.048587236385245064 -0.245167288391304
1 3 0.1338458959476965 0.08238609329917865 0.11008056981044345 0.19289065766083252 0.01163799415611912 -0.28482268462090093 0.19983415033210009 0.04825565451251789 -0.09936086746317112 0.09958769585424138 -0.07146476770125917 0.14419163682900193 -0.1448622996454615 0.18472043855577697 0.2141148988091874 0.008528659116859082 -0.2118530299176132 0.067946259037009 -0.1129872733835761 0.16174398299683293 -0.04772341981057565 0.10973783956665989 -0.22455617533662353 -0.15584387447898332 0.1420610472477741 0.017746155889778 -0.054973569418586575 -0.15546780526589313 -0.08940957524106136 -0.14738556856210122 -0.1464973501953841 -0.09746622439525972 -0.16371205495786528 0.2215513159565722 0.03577553380161853 0.126302095553042 0.08676568944398969 -0.08919512957127164 -0.031126597801272193 0.029631539643818476 0.26220682829918074 0.11847354336533628 -0.09030265263821842 -0.03597251541312446 -0.1574443593891694 0.030064286596891462 0.13468773095238284 0.05016145118055066 0.0433552753637984 0.045033503921939756 -0.06063716415043126
1 3 0.04307988700043845 -0.07059247249752411 0.15198238579025622 -0.1087975053554581 -0.10616609694259171 -0.04178419348481013 0.08543171015510376 0.1836398214096899 0.013825720783568732 -0.09448973419619609 0.026870971116111742 0.21312119736366444 0.062385863051713945 0.19954944271753924 0.16688992187290866 -0.03726498922199332 0.14466323630689598 -0.015597845297190525 -0.024394459789689977 -0.12295179136890345 -0.2215966789313764 0.008028903287974861 0.21862173958970513 0.06463378809466816 -0.09193547354596038 -0.15052457322885598 -0.13058167047056107 -0.12818114274848008 0.07984662405913025 -0.04749495345755211 0.04572329922873378 -0.23810752906497096 0.025046956437611605 -0.09879322867656316 -0.23582751765005933 -0.006865836554438534 0.03707301961471076 -0.1453740354328777 -0.18326301753518479 0.07467225492967916 0.05383708732040623 0.17325003325132393 -0.25870989166966385 -0.21127400041803596 -0.02025698478700739 -0.1061644033631043 0.03211169160861987 -0.04515123384996152 0.12197494032742077 -0.049131574152904506 -0.025031930295377643
1 3 -0.12066920203697189 -0.1798927791386835 0.1484202163469949 -0.17116402578038983 0.08492018529982387 -0.04837156348159328 0.23908188587177368 0.2546837495099212 -0.061880795980410144 0.23720106909028055 0.12960969484236537 0.0739935974837383 -0.12653560554981022 -0.2132811268381856 0.14858108792120034 0.0024384246221641247 -0.13109259779797078 0.06606871900376905 0.1875361028360484 -0.01211824300397101 0.02575964039721951 0.18373896007416726 -0.10596658380814018 0.11080182568366248 0.013822169563578816 -0.16530759680924495 -0.02029299762327369 0.27255303108551043 -0.12186199045363542 0.003922774123297294 0.19683738399337294 0.18625791311161147 0.13427773642608087 0.21733283192898784 0.25140766732360165 0.04013664790780694 0.09658119824240828 0.15351932624298817 -0.023388410746940425 0.21404540368209118 -0.10822475667923208 0.07191468607757774 -0.1416813737923566 0.12289457843282327 -0.022984680971728004 -0.04492348604418218 0.16443499980902063 -0.052035293734095746 0.03519438329067873 0.28913688478904415 -0.19705939964057811
1 3 -0.1602350609884028 0.05238519405775236 -0.10342988166672881 -0.04653096544283607 0.22348208824999197 -0.0007945735314050884 0.028701944643676158 -0.25772922471478066 -0.007250380386769262 0.1949240098168474 -0.051969861764605246 0.2160539280055182 0.06035764400487895 0.05316016009776736 0.1292307794226826 0.027969525144395126 0.22801521084429469 -0.13582232877228215 -0.03896186891305892 -0.08103822514745952 -0.13900210583794087 0.028315787334454806 0.1133689899760285 -0.040602501375843134 -0.04385214311567717 -0.09592474995988619 0.1822649743593956 -0.0005798295248642787 0.03522883506248573 0.19580387275838737 -0.14460685964309364 0.1645473234957036 -0.2223541923294507 0.07062436430319116 -0.0846704174818094 0.11912171225034875 -0.0175821012136947 0.07628811748441183 0.1174469948559391 0.106693705199601 -0.1913092156140789 -0.084200521650772 0.08681428480056634 -0.23466442670772272 -0.03546261367870617 -0.07548389765002365 0.06552690041863536 0.14307435999379356 0.159415582319356 0.17583270084222505 0.04827524482843255
1 3 0.10090143414570195 0.042006880653067444 0.10170906819760632 0.24928474884960075 0.12378685185610522 -0.10135765519193407 0.08063317008483616 0.08446570934619707 0.19534564087743217 -0.1245351933209128 -0.23107128582064476 0.095971033392464 -0.08577857984819423 0.12427810454938995 -0.2425841661340628 0.13267821783624228 -0.15945243839238685 0.08619116045797953 -0.16443009519038915 0.03947442226214314 0.10451529983464249 -0.009170078340317947 0.19241598459816647 0.04977138040525123 0.1685121343736094 -0.07790480467056114 0.013688027076730173 0.1966529039583029 -0.21447491904545554 0.018670261295326576 -0.15277525868502637 -0.12302085411799354 0.06172328759322114 -0.1051069822256682 -0.21608298480184257 0.018090178890790412 -0.06873942476836631 -0.06568593433878618 0.18041335098741626 -0.07008592135296947 0.10570722767104865 -0.080429598499904 -0.22716143343831705 -0.18202930482145172 0.1567134791095515 0.12720100447607904 -0.07634774616319619 0.19917646659862615 -0.07465476389222728 0.20979618003279904 -0.03589319811584118
1 3 0.11603113863085034 -0.008559096391791634 0.09163036821025793 0.10238002995622192 -0.2149519200682785 0.1409779541919074 0.09319864466726475 -0.2526945083288147 0.14899288985184223 -0.16841233944669878 -0.14023621617567256 0.19223210668509955 0.11425340915111289 0.07022094127229574 -0.16070006833633405 0.08977560708580302 -0.25010574341275177 0.1557007679804894 0.01351388444802069 -0.1393653263021771 -0.08928255502084853 -0.17761931029868608 -0.03060360525371 0.1774990038761164 0.1337464402194603 -0.15657790304483027 -0.08409618797760225 0.16789802183532088 -0.14304362061949366 0.2227564152380972 -0.16060512828206122 -0.17980557349149962 0.03218569153700089 0.12090174943561911 0.21742658120079086 0.1735737391462264 -0.28803095529882883 0.09863259176316502 -0.14583870076400232 -0.25574686480214925 0.1437911293887973 0.18759748118388953 0.19885352136975312 0.1579648517450649 -0.1479546804814455 -0.12127900457350829 -0.059996963572761984 -0.12149333645123057 0.053558388100988216 0.20724067694566192 0.18977203346799995
1 3 0.14434800915334026 -0.17051099740331302 -0.1395603814366869 0.07757797950675112 -0.15016777989613606 0.09725338632111027 -0.027784535999502227 -0.2491876693084677 0.1511269301450537 -0.13387531649570902 0.09255116642511635 0.08434520474682883 -0.23797054121407984 0.12977319958064654 0.20468087777000923 -0.0832896648704671 0.1478129113696749 0.1158509530366076 -0.17224865217381843 -0.15547948203704345 0.032072414801841795 -0.18570844220402372 -0.12470942190352201 0.13464850782536525 0.10558303503025726 0.017732307743882327 -0.14266038876157505 0.23410903571637362 -0.23640485526791996 0.1904675880984007 0.21174581230862882 0.1614660405537657 0.16370712827700537 0.19419119664036838 -0.019472018883647312 -0.06595492028248366 0.07423359771739654 0.15100072228076017 0.17136620687966372 -0.04600762189739518 -0.05683427933344693 0.21223524823919998 -0.05391515746758826 -0.23969023409848592 0.20522382209281506 0.1801780138716443 -0.17863304358540577 0.07305011651305678 -0.060142198420440524 -0.05528853656702502 0.21965970402035642
1 3 -0.040684018932873184 -0.04492998813950418 0.1706981824215477 -0.026080487538578803 0.13872436043823502 -0.10389664421382863 0.2011499648572298 -0.09988747229362352 0.1518065729865066 -0.16285784132398587 -0.1846325770290739 -0.19837570268969468 0.17303402559634315 0.10702715040435042 -0.22318734424737846 -0.17431594019618302 -0.001351352240686574 -0.05854608505766055 0.17181863035711353 0.20633315511056627 -0.2008111962165641 0.0585716720120823 -0.1629850999487229 0.15642901193918113 -0.02569445084126796 -0.12315022438291597 -0.005199801298025713 -0.10670904675923093 -0.18468393632622734 -0.01574763592751338 0.0866756110731118 -0.09756469714358702 0.2516289392566926 -0.12375799351701376 0.18804213660114924 -0.040367198442183255 -0.1579425589629096 0.10499370050512598 0.055834899071584516 -0.15699388209735315 0.18831463702925286 0.06787997814580368 0.2168220456748455 -0.12522859805810035 -0.1105069522902674 -0.09708312867669366 -0.06672012673012179 0.012257421746690011 0.12363682337611877 -0.0727365855881823 0.1507460769732966
1 3 -0.0929414679275486 0.13338325885430777 0.09343876674629838 -0.06492499616985688 -0.24699659744036834 -0.19230598137770732 -0.04954714514431871 -0.17026296169974994 0.14787171847765032 -0.1783617446384197 -0.13988103235035995 -0.1914037551677987 0.03411860543072553 0.2025841084641693 0.20028787433874706 -0.1692408224222568 -0.2390944434330932 0.21771579843363445 -0.13784443320252454 -0.030301576620451135 0.2545700235774971 0.2240423482639389 -0.004604500328242763 -0.09984322279516816 -0.0629758144927181 -0.1038542694993004 0.13724653523621305 -0.10237178847993228 0.14936331165864022 0.013682086703480627 0.24044879452367626 0.11708093410246846 -0.12789565571320685 0.264475212272295 0.07368010227375892 -0.02390047231089272 0.033126278140975005 0.1539737165542232 -0.15685784720366897 -0.1489201906568903 0.21336333016513542 -0.12257359428945742 0.16135883038864268 0.14852691546984872 0.07912325170315639 -0.08414062838381632 0.03641562895556013 -0.08995265412318997 -0.16020017967312666 0.039697599517854225 0.22209246884592443
1 3 -0.09624434972511221 0.015591787932323943 0.10069848995136106 -0.11109306940323845 0.011388930140574132 -0.04127620721606915 -0.10038296062607889 -0.07806231995918171 -0.027019599191461723 0.16907476539520133 0.007427423519804665 -0.11745632547416217 0.004477432195841071 0.030116524507024775 -0.1561602367184485 -0.03347113377402696 0.026554385977095463 -0.0847495551058635 -0.07171962841343148 0.009345135223975377 -0.12583104575560194 0.007697598854152235 -0.11977674997095823 0.011320189736638711 -0.016389450582435485 0.120174387428376 0.13213126187119326 -0.0013455814072045828 -0.1047546033831612 0.011842171331472926 -0.06771555052077159 0.0818098677611654 0.14068586516837756 0.023499810546568068 -0.09596871150094219 -0.013257473935761703 -0.07551488736173621 0.10967342079046576 -0.15806074528930456 -0.002836393048817605 -0.13423071156551 -0.08779561015766803 -0.06323328862072333 0.027977618010141505 -0.15349874813709835 0.0652278786796438 0.09524232265224544 -0.019846929392180225 0.14531762794983116 -0.01519555083801401 -0.17213669512163976
1 3 0.14769815080448861 -0.24983737876642553 -0.01658428188939341 -0.1759201401101853 0.20157992257867308 -0.09418067082386347 -0.25482234343770843 0.1328869851549851 0.10553442427282343 0.18877798731106765 0.022177217064517547 -0.10366427407424411 0.031101229828504235 0.1752224308910223 -0.02002167595153599 0.046069978377775885 -0.006534422498071173 0.1544823794910547 0.00956228111705984 -0.25059165314715565 -0.015132510458186288 -0.05674093703642063 -0.1814416075609565 -0.0963044978695189 -0.004960397227061828 0.00843323892925346 -0.06470063513342929 -0.14409320328830544 0.06002900049152563 -0.17660860137094184 0.21183576987872443 -0.1646521342523344 -0.15932108250092775 0.039742474758590746 -0.13158833169084866 -0.2070678712098799 0.2220086331630665 -0.23904149992282564 0.0792883143285725 0.04391268068166474 0.18608667711917518 0.013845833545520117 -0.14319177046727943 0.05216473232142639 0.059802042812937224 0.23314498566839573 0.1681206509126546 0.21600833298897643 0.035999566923467625 -0.07092892991353002 0.00209283385042894
1 3 -0.021776560052891636 -0.232130136652181 -0.04806162643980549 0.16543190744072975 -0.01626914566944087 -0.050086444452805294 -0.00044273978239219204 0.0330272032033851 -0.06280639277505434 -0.16283618197661323 -0.15125418564205811 -0.049249305130449096 -0.16063705148071059 -0.2066398903304512 -0.0348164617393601 -0.001730265518051634 -0.02171167674665371 -0.12328346351408011 0.13260393705674886 -0.19156091023361282 -0.08563126750390204 0.005913598549109201 0.16813089835467165 -0.1263726186453772 -0.20386178065612304 -0.11839341131892575 -0.14569041444573796 0.23264620444997994 0.09354101213103101 0.15145463519587324 -0.11346135428470779 0.03499512089456232 -0.03451569709917648 -0.029472676680892096 -0.012362562804046318 -0.07655409233629237 -0.09960099404069249 -0.07912615034246773 0.0671287027345196 0.09577906409885135 0.017014008922168384 -0.09883795437989819 0.010316130938027383 -0.11629250161533405 -0.19820416482861133 0.010980544513141382 -0.06006877343881695 -0.03601749880283103 -0.033078654682574406 0.06056890839634451 -0.07629087262225905
1 3 0.2073683222626258 0.12680555371949587 0.16079536679184012 -0.008055951398241874 0.20703664122756557 0.14868729204442002 -0.24022457208655174 0.18634744689945118 -0.19150691743092513 0.20199984010450137 -0.10574641370561862 -0.25569789187013015 0.1437718198648502 0.18416324093758593 -0.12537182402522207 0.1729885489042553 0.217112373925545 0.08366535537894687 -0.17474538245655533 -0.23285166311050573 -0.10146909550448026 -0.0971813050495814 -0.026707227018426174 0.07192580868159044 -0.2538197143312399 0.015983472047943977 -0.07768598684177963 0.04197322265112983 0.13970411943366964 0.09668488977115486 -0.02245805823817173 -0.01742212858157417 -0.24312716088683028 0.2097173668530572 0.04804764289766906 -0.2605867571291192 -0.022073556824006198 0.05746434971775322 0.12894370637563085 0.19621507563658827 -0.19351523164457798 0.039827437761309425 0.08831301906631589 -0.1915608114979714 -0.06842606669123397 0.05245681795000272 0.22199107604699697 0.18474575914829533 0.23641890092542667 0.09059053476404956 -0.12559221148481822
1 3 0.05831191890672491 0.23607831053679987 0.24285906765100312 -0.07662170665637387 -0.01609725238573309 -0.22822023322652824 -0.01990763146851736 -0.11212397328552656 0.23691832993329096 -0.07559325698598537 -0.0799720356839226 -0.04092958747819786 -0.22680059318286555 0.2683362981490045 -0.10584735605087842 0.0879799250506232 0.005254433201196218 0.06814253731273798 0.12335941165981286 -0.060457162434974426 -0.03839369586123407 -0.1697394936922134 -0.185190635852674 -0.13475928133184747 0.18020307685310702 -0.024889323518024156 -0.06997214698053514 -0.010057914663482277 0.1708017539116891 0.013040577201992082 0.05251044938429021 0.016825012141388984 -0.12902148425074098 0.17407711823175506 -0.11684816318561808 0.24969046234262618 0.21119586598417392 -0.06563743474035086 0.014822262408105922 -0.24967155730086185 -0.18641230909694148 -0.12565042382802122 0.10919840960285937 -0.18872249187916096 -0.21084677634879065 -0.01858410607493852 0.23360502746547568 -0.09918698747934804 -0.015135518575950677 -0.03707414512422125 0.20249558463724665
1 3 -0.17072058548652078 -0.14529542569434722 -0.055146723790267166 0.12044695481078213 -0.1327632354275644 0.03229824038691693 0.10012791924274005 0.22198605209186228 0.16612834033316085 0.016064164356807232 0.20360373358718983 -0.14073185611341832 0.21666151700281067 0.09127455062602204 0.1424919618871572 -0.2536327838433678 -0.04765104226335398 0.047424620419054875 -0.2481847441358378 -0.06337332010811056 -0.11915410546185798 0.18392570333100397 -0.02901031515362758 0.0645867684592588 0.08094146581414331 -0.2067417204008839 0.044808695308058026 0.12930426244947946 -0.23862466088871323 -0.17371139013915857 -0.0871476412145507 0.20277168059593728 0.07738396379656638 0.16741602839938288 -0.1523097806767167 0.2512223893423608 0.07283390680337817 -0.07909137479386379 0.06324081160404658 0.08045011006142523 0.08506753448673887 -0.15633607412723843 0.09622658891780632 0.1991055068275654 0.042883564064290135 -0.011621365908094717 0.004526663599900939 0.07497027075392906 0.1381906092462508 -0.03327055087189041 -0.20634875990124396
1 3 -0.028203391149652462 0.06709294850991482 -0.014673663660201234 0.2013126744862041 0.09548169762574017 -0.018356950491822652 -0.20542418743263105 0.027936291261879388 0.242459101848866 -0.09167358080723173 -0.2620004795473953 -0.2042986115837381 0.21963418065296106 0.050749539951437224 0.10274214299923118 0.12942269154041228 -0.10327171133120579 -0.05338102689902001 0.01308689990396088 -0.22560307707261643 0.15929379691737908 -0.09924897689414583 0.04917493512620178 -0.22977936675843483 -0.09781372056478303 0.27408910301519185 0.16047480564984587 -0.12278653732273513 -0.0159981167554234 -0.13617909108561163 0.11550329823129629 -0.21421364364260093 -0.0323852491006675 0.08438615165818471 -0.07244496284534213 -0.06575454009319938 -0.07990208078748239 -0.13836946147834017 -0.24437114243905145 -0.2687531921958749 0.20665340742171873 0.1925092290593595 -0.09840176897544434 -0.059160486530784116 0.09307099727294275 -0.2516660303765914 0.06655267312354383 0.1301540220184973 0.16183472433292959 0.003492935536372807 -0.06631798269901013
1 3 -0.006952181970480748 0.030666316926128343 0.12360788259789031 0.12199795898061806 0.045340959236832436 -0.1529996096396183 0.19793410358215227 0.09371875687038708 -0.21921915839682687 0.06277489823164072 0.13163392646492528 -0.1669740881448399 -0.010821958686610964 0.05090932601111815 -0.12495530976738618 0.10990770642116086 0.2240668790219639 -0.22312261060981398 0.004671099543262517 0.19273803842742018 0.12082406717211504 -0.17360537356873854 -0.04086243566378904 -0.1339254399278994 -0.08705226246900957 -0.08513352859571348 -0.03782278548568193 -0.24276467122652529 0.12354335461965789 -0.09015245479979662 -0.13551719035996787 -0.16147698332480578 0.21297359825092432 0.12261987569453985 0.07813851160922257 -0.19471155863608336 0.2354734121364925 0.022327854238425544 0.007344280915271126 -0.18933037758633517 0.0006640086718650119 0.23084127420477157 -0.19287265217700933 0.0027637098896640634 -0.01859190179823523 0.23468490590975408 -0.12287579786213404 -0.03318504927380069 0.15176379333531465 -0.08393984111084889 0.018023833567149063
1 3 -0.07573867336069827 0.15493024893456867 0.08660223341236412 -0.1667224870907952 0.17659588046748723 0.1340450729328759 0.07622101463063834 -0.015223376100184836 -0.08110493934795501 0.11619423885288183 -0.1573595862115488 0.10378690303733594 -0.15287507721600951 -0.2405022998761088 -0.074011624882802 -0.09422658458000518 0.12464581741320892 -0.22722773843053296 -0.19639516064797913 0.17402591282891935 -0.0813977708459043 -0.09440844355093067 0.05890891740967009 0.11845914334793144 -0.06509699927626161 -0.004202577596848241 0.17465226529387398 -0.0370345059647699 0.10474331031192792 -0.12196494807705897 -0.11949511866804706 -0.19575859453013852 -0.06684450801911603 -0.13513724931849572 -0.10414007990457128 -0.012769724030496716 -0.05677420051696858 0.028991841873760808 -0.0042987217700856655 -0.02918564098867926 -0.1347446935613218 0.1390381160174681 0.04022414471622313 -0.11534584499802149 -0.25118792857077543 -0.1532279554927104 -0.06282863289775822 -0.08008309223817177 -0.016429625653007134 0.20266785743907884 -0.0853565728873417
1 3 0.0026254678645747306 -0.012394975751581773 0.014499137909809954 0.09374449691741642 0.09041462347391764 -0.11032248590551902 -0.1500790645378406 0.06699235918441229 0.04731751456787174 0.006227916506709064 0.014439962722137743 -0.030121408760998423 0.06396188213487507 -0.10886614379560652 -0.09059689914465167 0.04335932758997872 -0.08689070287745002 0.018891290416261544 0.07943249626166843 0.16405064032584146 -0.03073968856323556 0.1428337901248112 -0.015817224699836548 -0.07218843570242224 -0.15992932431491405 -0.11668615114256888 -0.055135845874141075 -0.04639815628811431 -0.0033435940403543835 0.018756062477796705 -0.01033305322656352 -0.06125704519267291 0.008010990864925136 -0.11797158794597641 0.025593242841740988 -0.16556079955674088 0.11840193216766805 0.024026425539071663 0.010384800645229784 0.09476677062186685 -0.08737337732216147 0.09635616401684993 -0.10731041495015044 0.09394694913494375 -0.0132895391145184 0.00414585764965309 -0.013416220662073729 0.12708129397959797 0.10798295582544043 0.15339238347468537 -0.20377185341646836
1 3 -0.11936858459702357 0.11622060997522227 0.028826813399397067 0.0037922478964715995 -0.1348405333033172 0.08060003445290821 -0.20802582681185097 0.1490221198229067 0.11494680561844563 -0.04781255733053517 0.08425905712118954 -0.0842964870048846 -0.13656671328015924 -0.12158204770742645 -0.03986392310253345 0.053472782714050704 -0.06426053826308226 0.10358812663429601 0.20993741639389446 0.09162451597915264 0.19434414396438807 0.1362008072093448 -0.04697437930185975 0.04119090067165919 -0.23666864663542256 -0.09918721648739155 -0.1592606846676424 -0.016005223662392785 0.029927682509627025 -0.08164316630890743 0.19328507042297946 -0.12141105261222318 -0.23438293710276753 0.17965050877558975 -0.14254367344156307 0.01870868736640909 0.003750771752244395 0.1484793680256057 0.035008077170726126 -0.005955452523509006 -0.16862962091822525 0.1485975644194592 -0.1450283131952209 -0.21192726145584684 -0.13006622245841254 -0.015704134622949308 -0.1149541365591907 0.007424558261864314 -0.009284339172988577 -0.17713999844754635 -0.12036785425911414
1 3 -0.17502223092127342 0.10973824949992454 0.16108815564660448 -0.24465268379481894 0.1306375780621 -0.12404974902952073 -0.0316635774656185 0.01622461675641692 0.23728473850560566 0.20702231685354328 -0.026050620051149137 -0.15175857269092874 -0.1489215216507215 0.1402002989109291 -0.03286007560857627 -0.25186611331837255 0.13040280083924535 0.30272956427513203 0.0069514820398043015 -0.22229730101215392 0.029721522958648747 0.25787383845127654 -0.013088523265676917 -0.2437632849053067 -0.06960314030563872 -0.14844805924799517 0.05000300129295605 -0.16150715051566256 -0.02502927420423309 0.15951411543199234 -0.20134845786097516 -0.08712586160983418 0.034923357416044805 0.20020927861377677 -0.14849964181877823 -0.10398651639619451 0.0974415789192988 0.14227945877186027 -0.09021890545463027 -0.035009498110910135 0.21936405916342913 0.004224436984505868 0.17651843118946722 0.0939203684009474 -0.2405214409721346 0.009285478871608835 -0.25076610347872347 0.23229559303285827 -0.06917236244875576 -0.13947717449564473 0.16240529627696007
1 3 -0.05548763251884376 -0.0063373117665412905 0.07990480558407531 -0.061089566135312176 0.09059497476757611 -0.16617141770692193 0.012559312972195954 -0.01076465839110928 0.10374423428802848 -0.07123357152497953 0.03851196151566281 -0.0016827522594667335 0.08005294214995083 -0.16777870694555383 0.08574231507325801 -0.09825693945830803 -0.14856685587876023 0.06453311569171066 0.02351533265387387 0.041883037024674746 0.0787808627891564 0.022318925854355628 -0.01823226520363973 0.04253650232110963 -0.09799400494656525 0.11575058951356981 -0.1583104511658959 -0.15812326400341575 -0.0022040929298213097 0.12191072719251778 -0.037778792877399624 0.014630874382684577 0.004522854834197118 -0.1501668734265371 0.1640288572156849 -0.07867143194669614 -0.02059274594218253 0.09795600536783967 -0.027405364032244618 -0.027970869371741296 0.054732022176596534 0.03943395666207445 0.01184435380857907 0.006326026668010958 -0.023673664656772717 0.05195252718875893 -0.1383492230064454 0.009618569938315833 -0.1549646730327381 -0.15635431238228625 -0.11605536239590036
1 3 0.1830654096406593 -0.20229999828867398 0.16342418425097863 0.1466196392701381 0.16847780146442895 -0.21193755338300482 0.1415436753688903 0.2636960157921084 0.16064677609119585 -0.12046578780665695 -0.0369162029165363 -0.1711009720164625 -0.0020509446769343066 0.10735227780752085 0.01626405595357505 0.03805764828631921 -0.05196967784150409 0.15973098871246788 -0.021711042899452245 -0.1520492365351481 -0.01207954469343281 -0.027205236681384047 -0.17121375660538832 -0.21857584287070403 -0.0075455904918034 -0.129401485111435 0.1499150938253666 -0.057722544747576446 0.24806941194265106 0.12411815184662559 0.21079717101533132 0.011879874562016196 0.035493239635698184 -0.13941658379479954 -0.09081731159817626 -0.27683177607969034 0.0769344064192249 -0.14841587358385433 0.17957436489858777 0.04367698729833674 0.15107274820756988 0.1813727680767055 -0.0035979851189278014 -0.2232681164373027 0.010414190627601069 -0.14661528399717638 -0.1850501211901989 0.08692951062290458 0.1794957645042963 0.11223787139397594 0.051705011327467236
1 3 0.04424253722134691 -0.19678820201003813 0.1646292181443481 -0.22442407504482104 -0.051384788566847014 0.02248474699867131 -0.13487164297282478 0.11542277511891619 0.1437542034735386 0.007531222432889646 -0.14842978595267353 0.15729913257768507 0.0019478948254067863 0.18268135411987932 -0.1621118576034958 0.0917941635874155 0.039453822211380954 -0.09726194379441575 0.2169487914207802 -0.13778617356418657 -0.07939524416085708 -0.04164040983109334 -0.07825883453626938 -0.11005937785443645 -0.1339160615115507 -0.10955980509850263 -0.05028703979837296 0.20257479339286724 -0.01572470236124497 0.12227225810416203 -0.08197907240486307 -0.06662473470596025 0.028980426404583117 -0.004062912518538039 -0.11294627109480972 0.27218016213768403 -0.15077067171127362 -0.20160588084522044 -0.23991887186593924 -0.18380074573573407 0.22859163982856423 0.19979840322211553 0.03590584621761706 -0.06777768945959782 0.21131599322399705 -0.1579467278600556 0.13698115758355575 -0.23436750485363517 0.03425396341739264 -0.12801676612556712 -0.20907840187832935
1 3 0.13577469579508533 -0.12616881813390704 0.12143715532802782 0.2440274320784387 -0.04116901226560398 -0.2217221676353796 0.1476738967481169 0.1900031211958726 -0.0008322513598418106 -0.09694822388168094 0.007803379049445379 -0.049333699912864425 0.04409329133868225 -0.2201877989455617 0.1310414868415796 -0.07684653129346533 0.21532792137836043 0.08970685550776537 -0.11594699550219735 0.09706400454353908 0.171190889384432 -0.21334092228806797 -0.0465603887174623 -0.09423416051011432 -0.09998537962477218 -0.1950842378935217 -0.05636609067405491 0.02778578439849154 -0.22167405157488881 -0.15195231085430147 0.0767203103327522 0.1769193112725232 0.2314336436806302 -0.18038600629978194 -0.22678578600962201 -0.07982845438327597 -0.05124124865290902 -0.1545755042802904 0.13217561106249245 -0.012908007014631852 0.1989098817049153 0.2126519621734657 0.00946640824061712 -0.0037753121024511923 -0.048555002982996864 -0.06033566994922346 0.019033933346904838 -0.1826162381483684 -0.06117095241385702 -0.18257676325801603 -0.0031658670875368946
1 4 0.006788489163171678 -0.022532326441188993 -0.2674127944909339 0.11598973997283205 -0.18828049216302148 -0.10460257157760076 -0.19974830528754234 0.2778655910672468 -0.244660891436361 0.2275563658860421 -0.3062929636516977 0.22643752922449994 -0.2376622006462968 -0.2689368771209218 0.08171813246629821 0.13489221804917825 -0.3188617156257505 0.037767906837246755 -0.2981292689355008 0.04600676235373652 0.17864963574364912 -0.0066993714261161606 0.0954438904370862 0.183856073091074 0.1181075247839409 0.07801989377980874 -0.1033649476545147 -0.28100141237647824 0.009252600390948967 0.05987735352704936 0.3143410665733995 0.13994448388908615 0.06750561360295919 -0.2927638311502544 0.161561169017693 -0.2441881275082545 -0.10200485599477306 0.25786256029028126 0.07689587146676095 0.16443812749537468 0.3425269568619076 0.2076961857507717 0.32183990791852934 -0.08798713094143833 0.20314936564677527 -0.25093222813814664 -0.23131006004844273 -0.04345393558824214 0.06948329125267066 0.22521064114142395 0.1811868861296083
