Number of NNs: 5
NN configuration 1: 11 20 20 1
NN configuration 2: 11 20 20 1
NN configuration 3: 11 20 20 1
NN configuration 4: 11 20 20 1
NN configuration 5: 11 20 20 1
NN Layer Weights Bias
1 2 0.2832127913482639 0.0619432661523539 0.6000621310239133 0.49387178717741437 0.031984884573148395 -0.08772960012080289 -0.38752150880620057 -0.1361934651362273 -0.12622612133095765 -0.22511148787298285 0.21538079613085825 -0.0326138732650296
1 2 -0.26663529040264083 0.03363246111434588 0.24479624461920296 0.10980903047769161 0.11918054895975078 -0.4286410221186927 0.24272244185932876 -0.8273585604681127 -0.48875294518642187 -0.006745265544000501 -0.189525137092554 0.1687158418301428
1 2 -0.1381970865662476 0.1166992779920317 -0.3861197465527712 0.210860160235944 0.027969667148199772 0.10780966480154192 -0.16170084010838612 0.07308193492418384 0.2367386172480188 -0.5791798268200947 0.2839430292592929 -0.3711919984917949
1 2 0.5288477873153078 0.3340687212954528 -0.3383358032371158 -0.4635075303179179 0.29053355438921935 0.41386037622354543 -0.3481342195466997 -0.1133290722689951 -0.08733366645771397 -0.44779547504998474 -0.09532365083719174 0.42826199352774375
1 2 0.29993527264982417 -0.2588077239459339 0.29436887301584863 -0.3626369144738036 -0.2786344618256467 -0.13622092445752107 0.3086093756115626 0.12587625669743366 0.0351299305101882 0.287645894470989 -0.055348277748651156 0.3275474361974417
1 2 0.3446313232770928 0.5368203827917869 -0.42261432057274806 -0.017573862193856434 0.20450778056471938 -0.3930400828246589 0.20025551987206758 0.007209258502942272 -0.24756048595121952 -0.4413993030717786 -0.23482367758998204 -0.06315711321170955
1 2 -0.24070132325934843 0.27287715283253067 0.07597971391138969 0.09211000329669371 0.32261792693760594 0.3411481655179228 -0.21348778964638124 0.07599395448285903 -0.18711156570831083 -0.27663941973236306 -0.3634389785586648 0.4726626797546963
1 2 0.07838887114041457 -0.27165244007825284 -0.23562250219436556 -0.29974587622750437 -0.23617299106359413 0.31403152657114297 -0.09714223988733144 -0.2945671346165098 0.13988462560279352 -0.41914711009723987 0.5187104695722936 -0.04146804170150613
1 2 -0.5320274522693434 0.30332438324069927 -0.06461714524541448 0.43441443376696476 0.3721330248319153 -0.2937553599773423 -0.22914739117285107 -0.07817718445379791 -0.0031231057094602338 -0.4545214469435819 -0.10930075651933827 0.15020615507353408
1 2 -0.350642270760226 -0.12429767979887717 0.020580048539884332 0.6011156796644446 -0.2728689315797475 0.5769486422092732 0.2245563682571873 0.37816566707097404 0.2513005155224116 -0.15159253343225876 0.20586507870721094 -0.16413634852004627
1 2 -0.28893172187107763 -0.32316022674836237 -0.4003090576049155 -0.11658035834231495 0.13589457495803903 0.31072963283782584 0.20464852013664772 0.26358835773487405 -0.578078032515853 0.426365359383096 -0.35638899609675145 -0.25375720211697966
1 2 0.09345347797451431 -0.17387442242318182 0.3118381581776527 0.3559644237186992 -0.2748258509173009 0.2575079622316306 -0.5173347482728609 -0.1779311269234756 -0.0032673971877884623 0.23481435216181512 -0.09567383891936364 0.2656826247221994
1 2 -0.09262103634970652 0.10203960041234217 -0.02825869972669828 0.1434276996950671 -0.20994062285163245 0.07164997383189144 -0.356208389488225 -0.15387497665163608 0.042597435564189594 0.1536789131457716 0.3420294022461708 -0.04845632844656544
1 2 0.01005258465140017 -0.28783174362374353 0.33555164258239173 -0.05983606923802132 -0.37334782922653625 0.3157478145690143 0.19153010694843262 -0.4556149839059083 0.2587131297815033 0.717003156807063 0.1256866895847955 0.1963490978954892
1 2 -0.09934906364152458 0.5868217985101974 -0.2500890524397807 0.03242175771058146 0.34535405502253835 0.19624270984657718 -0.5412698732236995 -0.24113342803578033 0.08437429409812136 0.2339805058523876 0.37249041842462666 -0.023697662503798785
1 2 -0.2897945644665234 -0.46060996660222 -0.45762925475252303 -0.06935921141620581 0.2990046501196849 0.14017378142828257 -0.36446030768697857 -0.35543295490847254 -0.5442462236712248 0.20224707278799756 -0.12570952442005556 -0.14222890347538825
1 2 -0.194779782377768 -0.41400760075510545 -0.30960218157132197 -0.49700267595397746 -0.14703894347119392 0.20642925660462094 0.4708084542510312 -0.5198951857893891 0.35276806233862595 -0.386546070476387 0.10920545521753425 -0.20072611002206045
1 2 1.0428029100133291e-26 0.0003123944115915016 1.7737959801495805e-13 1.4749173892295901e-06 1.7233941659807007e-12 -3.0068251379567564e-11 2.4681747055763018e-25 1.1005756220036574e-18 1.5572998244348608e-05 0.00024959765663977045 -2.1222681913273557e-05 -0.4029138568701517
1 2 -0.10060212478966346 -0.35721764471572337 -0.20119091983743417 0.10373590598456453 -0.052348844539611396 0.45342289634562366 0.33054169757977914 0.31169932999970157 -0.11212531055384271 0.3772937181140797 0.4538596828153614 -0.2670399606714258
1 2 -0.4569268222025358 -0.3313327429914157 0.2813489203015396 -0.2744798139420942 0.518279808438469 0.42913421410226227 0.0373356877463001 0.13202858919357255 -0.06934711706205407 0.03347115311880665 0.14900026217177245 -0.3480827547487161
1 3 0.24620041548412314 -0.19370484634225796 0.2641851569015194 -0.11882728150679946 0.14011962602571748 -0.2527991567543297 -0.019446140947124994 -0.19327693773343385 0.21448098396522286 -0.2109348327460176 0.3995769434760884 0.2616259361636496 0.04752503788930583 0.1526293688759701 -0.12951157080775955 -0.03885198634527187 0.027057698654855418 -6.722413205923525e-25 -0.1152211192611577 0.2163042672215834 0.24148012365942428
1 3 -0.0989671612275886 0.2868679441897512 0.19851958822743332 0.3079139742355774 0.2930360483192013 -0.2937027445109403 -0.11356471780152406 0.2580315938399728 -0.30927962511537044 -0.40584626665113266 0.19825970885445976 -0.010388187463253479 -0.0032289384335244553 -0.36826011992568525 -0.4339161458460317 -0.5423563481022398 0.06715722082028838 7.628152594557034e-36 0.04656048422589105 -0.04193476872738162 0.18835849765518953
1 3 0.18262761839117886 -0.2027077410097153 0.29311730964689336 -0.041778610856153295 0.29264558597652024 0.3109223999402369 -0.02098543616301993 0.08331883935359587 -0.1816855978192463 -0.15157182765325608 0.08959294753237967 0.06821600215909053 -0.26733456234951725 0.23448848604596478 -0.27023619739846405 -0.4667198243327676 0.38153929375034523 1.00355680963821e-11 0.19820574284632467 -0.10299624682620571 -0.011572889657843791
1 3 0.16234716096229432 -0.24861323635610832 -0.41194555063662314 -0.21651194628000894 -0.15283450874250548 0.36704549942157144 -0.2916878503828982 0.1268815248797518 0.05649651935273622 0.0800212737535242 0.16532658099285708 0.1416903590371581 0.18115382200448898 0.45073388721398405 -0.23054292063306212 -0.3067042322851981 -0.009883114080425132 3.152459773987112e-08 -0.0965335272883141 -3.516203030718701e-05 0.08179055469045236
1 3 -0.08568911230312261 -0.1702501203910642 -0.6127239497430726 0.11771529885685096 0.10831804209947322 -0.019682301309459187 0.33353712809593117 -0.4712668853509045 0.3161217004920231 0.07024218885785533 -0.047445242016256016 -0.1244099458643416 0.3547310332454533 0.42621730515811723 0.6838801513558539 -0.08320389226571041 -0.1375069322841078 2.1569918239421858e-26 0.13462988902881276 0.17913076443822773 -0.07752524456773507
1 3 -0.21907031582084793 0.32698162485433624 0.6657853253990682 0.20069528751528923 0.21278032357825186 0.3707302616387724 0.06696246880344517 0.06358023757566474 0.012579194249894886 -0.2588237100972474 0.08224722609464027 0.42961505910135783 -0.1224708151971254 -0.45075356198875927 0.4562273265920787 -0.3261838964365622 -0.37508351420669245 7.888103592086538e-30 0.005468903120587705 0.18074428686904065 -0.1856408652671378
1 3 0.026755026362020012 0.21974215393786733 0.10599599280194932 0.09064317722798775 -0.17464914560496675 0.42483700902743615 0.23527071113051423 0.11981064156852186 -0.3304211429750558 -0.018625439262711648 -0.2559583334234389 -0.020736350797670815 0.37680997366199315 0.18327760882289354 0.5999166738768558 0.23449668615793695 -0.17976345101915422 -1.4462227894418465e-05 -0.16512682501942766 -0.4086981985878955 0.17410835466428407
1 3 -0.0006831082146664386 -7.22598344854828e-24 0.19796428154545467 0.16507422144515396 -0.11398407180374692 -0.002449829640211918 0.10774910412268673 -0.1188386308327926 -0.15847609060836457 0.3037039279197186 -0.1181850890430575 -0.12234172268282635 0.07326566656294053 0.15860255554271632 0.2198091885774457 -0.272721086669149 -0.019570545227908517 2.983320722770596e-10 0.05803352288110368 -1.7374646823847694e-07 -0.3441271655452794
1 3 -0.207708888014522 -0.4022272990093503 0.12584605453330175 0.17955809031753048 -0.08318058767874674 0.053647709758632 0.12637694735885668 -0.49543608035343834 -0.5414078615077504 -0.06371130533937255 0.010824567798251 0.27204523820576515 -0.0067402333493718205 0.4461240051613318 0.04476668886132149 -0.38650821433359744 0.18485580584234648 -2.6349182287427133e-07 0.16827831648339905 -1.7300579171964416e-08 -0.09914306876979725
1 3 0.14657590903350484 -0.007915829165306832 0.35717477209255766 0.10125422251437421 -0.0883579867942141 0.18671154161072792 0.34103969916250015 0.011285251349068236 0.10774261052597656 -0.02488545428187996 0.12431940275739264 0.28088228667489284 -0.10240574568314877 -0.3835090868319392 -0.34713854239240566 -0.056992565854944485 0.28144015672420447 -6.134813427872945e-09 -0.026968090955538107 0.1896851772422269 -0.1124862629280749
1 3 -0.04069821115919544 -0.28149254519974404 -0.14370018512823557 0.2136115553696707 -0.10417125678833528 0.1962403105903013 0.14865325663718149 -0.08761878478517517 0.254893364787265 0.14766766476517718 0.7018413101860161 -0.2519334415603963 -0.05872375683535476 0.057804476853402544 -0.64191937614079 0.03243372124184067 0.18542422165660616 -7.425237424929827e-10 0.22857592638960023 0.048792083721324785 0.18286953744284593
1 3 -0.2982610054156336 0.3775569553585152 0.3975986962425191 -0.17065056194841435 0.0003734186770009663 -0.30274424773549213 0.4135095619742179 0.22061525774089705 -0.14521923142989288 -0.29903136369449196 0.6138628868319643 -0.030121568765321263 0.14927498523308314 -0.5456281324993478 -0.46627340469987505 -0.1428558474922482 -0.26150823910385085 -2.3786926561689596e-06 0.4234076286692774 0.3805468195302654 0.20625504164880726
1 3 -0.585850229336124 0.4531645862312258 0.5564038372585673 -0.36119326424872433 -0.13615917131974425 0.07178037005949696 0.16015785050528977 -0.20146838301509717 0.5100480215752975 0.4653813359873775 -0.2290888029036779 0.014270175332185787 0.003120937241242382 0.49527848374144395 -0.43469173647380405 0.3709941801575664 -0.3557335056918105 -1.4736185522556965e-08 -0.29912864774310555 -0.15710056194702485 -0.17685762539153496
1 3 0.6312620089292663 0.32270264205084764 0.6416506827163031 -0.07239856937084999 0.030662191317787663 0.4315744821844111 0.20901943175767668 -0.14888594730199445 0.31064347218008154 -0.3368918361352963 0.07540292970257712 0.26451957909681506 -0.06224353310067587 0.6045742142651277 0.0760539601356195 0.1890409070261558 -0.2077768087015315 4.3447550991973445e-13 0.21351038040754167 0.4308053647244781 -0.306902783728334
1 3 0.12132278432351105 -0.5511110983507138 0.13824859328000869 -0.13152904991164646 0.04703829411961406 0.15748090036977241 -0.357282594687404 -0.0066917944401807825 -0.3622595063840253 -0.03488200313924773 -0.7455002509139291 0.20959913959478524 0.10494618284655688 0.038712449165493545 0.39668694666624843 0.3368965671015627 -0.0829501736345061 -2.235331441180899e-12 -0.20371336682807797 0.0586330572906625 0.34101687484511034
1 3 0.248793016988958 -0.182708095211908 -0.022868800601131754 0.01659371818908165 -0.17938162177969688 -0.3205527958487312 -0.1817946455112682 0.04699359878726302 -0.042111599840885916 -0.07531077829104488 -0.3211367939163499 0.3429982193422372 0.1973157841457279 0.05919929317897141 0.3853433819536945 0.3115178887478637 -0.19280200911429854 -8.741921697667699e-06 -0.19967683680173454 -0.31879807430541457 0.19254074926945805
1 3 2.0212944000194488e-06 6.528839083271849e-11 -1.0981931848013273e-10 -9.171805943610908e-05 -5.718149828058023e-10 -3.667401586654747e-14 7.0930568377497826e-12 7.180859303776094e-09 1.915220353000883e-05 8.654753791812561e-07 1.6231583132705078e-05 -1.0130194762582894e-07 -3.578975834411229e-06 -2.8648806288324095e-16 -2.0522657442344078e-16 -3.4914286641719304e-08 -1.0645767465869585e-25 3.8276251052741005e-05 -2.6309758892621663e-11 2.004844436127844e-06 -0.3606851568551863
1 3 0.13744952813382247 -0.17340910492708334 0.3572584879262736 -0.34293479069574134 -0.08673381860144938 -0.16461521233668067 -0.26623824713505545 0.02007566433945647 0.3192738930753047 0.153023151481121 0.4005436922583436 -0.013797450364735647 -0.4730880118609466 0.3883948198444155 0.11630953570438078 0.2957675420433992 -0.26438886995767796 1.0383598371352591e-09 -0.15235267633942334 -0.21931136024573478 0.2811194605944992
1 3 2.272141167481351e-09 -0.31982500729581476 -0.11119214015859967 -0.11847658783230404 -0.06230721517916264 0.04538692628461245 -0.1531516581847466 -0.057231594271565725 -0.3277547584715469 0.3501205430648523 0.1073197943828286 0.07128962446271118 -0.17185566127277307 0.315189970136685 -0.2971267605559822 0.101467149698724 0.30435116067077356 1.721543818871065e-14 0.19999780532428715 -6.202589021001276e-25 -0.3310317109622024
1 3 0.46087505558533004 0.42887905716092056 0.175832716980771 -0.11683865116524887 0.4238368347995622 -0.7752773389966368 -0.13580690898645417 0.013328811394784533 -0.12367993615955801 -0.07640423218802102 0.10524848495952453 0.3581116878594297 0.37102271173419654 0.6346892550870771 -0.11917559329827833 0.22371595210375264 -0.35805738062198633 5.640392936093417e-08 0.22967537451590464 0.24691913549983316 -0.2590960110156669
1 4 -0.04224715448644012 -0.08338352900573956 -0.40084904154301476 1.4659976363335498 0.6267337253512244 -0.4704830224258546 0.3589526152311255 -0.3251122812440069 0.7805195985800276 -0.15020186670336852 -0.14340753369401038 -0.3792032569530711 1.2733891875422143 -0.8838722081535667 0.5484882311887489 0.3916544902902826 -0.0013289572912132805 -0.5839179989630501 -0.2571361237252194 0.7425494892227938 0.10431379542993478
2 2 -0.20175896142667207 0.36429714477964176 0.11366842318260931 -0.28749090903311936 0.2026587430685777 0.1977091262054683 -0.3772601642495592 0.3314626676428455 0.2246973686531822 0.2959022298378688 0.1384264198171146 -0.28103711590146513
2 2 -0.09287786329382917 -0.26682314738752455 0.032196869963766035 0.16099240422645072 -0.43397023419675246 -0.384978241248035 -0.04862356622791511 0.17731697381457104 0.3194294099887807 0.13657344734422058 0.23885622309069462 0.22233162632005482
2 2 0.35523629784562694 -0.14033579431783488 0.3114166255735286 0.049833610491607186 -0.04734748959319709 0.43825925204396354 0.08513317015372392 0.06983278925818981 -0.3156875036904742 -0.26010159960829504 0.42541284175994737 -0.11450224481107957
2 2 0.13710114430060644 -0.3430392712619475 -0.6250619318230792 -0.19920805811540712 -0.5259965261622392 0.1256289855611146 0.1089582860313547 -0.46326988998777996 0.10034623345702241 0.23005303815725112 -0.1529903512565962 -0.23218381326369358
2 2 -0.4130466048195311 0.07949331114537024 0.023262390583114922 0.032885906049026095 -0.44328975622029165 -0.2773624260645499 0.05535149357793217 0.33753495564760194 -0.03737526232012799 0.028962845997862405 -0.1662541371038232 -0.010348110062109613
2 2 -0.05985066618824702 0.3614397078470153 0.2200997149831964 0.19314816838804566 0.30085737841447224 -0.331283154099304 0.20017650142208632 -0.02841158090734731 0.008408359275217391 -0.2740812281320581 -0.17488111110360238 -0.222723788084389
2 2 0.37176716016844225 -0.3127546103018416 0.21909513507028 -0.36019433242880877 -0.4547153075841343 -0.35622833496433665 -0.10840558258522501 -0.24161611684470902 -0.1343168344876576 0.11743169568273688 0.48517174384073114 0.07517957335653053
2 2 0.22160815269528011 -0.2370431437463496 0.10200914552535725 -0.35540255930458203 0.3135446440640018 0.4263309899643214 -0.1186574888488599 -0.03987904827205517 -0.1217942546452327 0.2255864584561206 -0.3722388481516006 0.3567167496533946
2 2 0.4399232762761952 0.0791124153268775 0.0647505632441565 0.44927252672233475 -0.2803611798608753 0.16545997894303904 0.24650077162918493 0.2324459600539121 -0.046707234500689344 -0.17896983488267107 0.053311894971919425 0.08743469042775702
2 2 0.12841471041292354 0.08722357047375913 -0.004909684579359029 8.767749707550138e-06 -0.00014409391577083203 0.00021872867562426575 0.06352941236860077 1.9463324855761018e-05 -0.04643584473721402 0.011621253721358577 -0.04482280674860492 -0.3338155601950265
2 2 0.16760662090307318 0.22756456017993124 -0.3584644410627762 -0.4779012425279536 -0.07966725573411394 -0.33000352131373295 0.18138599339590644 -0.014210398391167991 0.31209180333376463 -0.34494528943391034 -0.08532739961285858 -0.40325806921868296
2 2 0.10554798891843274 -0.37625270723518844 0.14169311499723466 0.1082241456618252 0.33136686799720966 0.3559941122674239 -0.2180967283255682 -0.202268762620579 -0.27906894716493696 0.21207968117924444 -0.3099214222235785 -0.3447307961513464
2 2 0.07968676824290401 -0.2552721374334117 -0.11625948041571349 -0.32691711630734016 -0.11323742147951509 -0.257927282539403 0.22739574088179332 0.039740625309291545 0.14518784345827102 -0.34461943298147074 -0.3813377045354409 -0.37161022467943255
2 2 0.22722718424923471 -0.2610942249364765 -0.23930914591866845 0.16717378508915073 -0.26423701823836554 -0.16183298788833356 0.25449880895476745 -0.09544308791006927 0.2327255719151396 -0.4499278008601367 -0.5219838619481177 -0.029355891878258385
2 2 -0.2576249279951301 0.25815632074300465 0.4365608476732698 -0.13575191507171164 -0.029872624047933782 -0.35556715670768957 0.14241601789146724 -0.12390565190322175 -0.3498608847053632 0.05606148167201926 -0.17880934040689223 -0.008213291669156002
2 2 -0.01921753007158102 -0.30995306339749856 0.09756357023037689 0.4490289427847796 0.2312359574741952 0.05187687541587872 -0.025786326600123748 0.24882321498516782 -0.31603271179212417 0.052427631246794774 -0.09654234430896623 -0.14814488504499898
2 2 0.22895506120376402 -0.15612566010401593 -0.4062333299997972 -0.20317919032408638 -0.2213352907392249 -0.18071185629964923 -0.451839845352417 -0.24308858782305867 0.009691400708205572 0.2275279502121068 -0.2569912609142298 0.45725404868730346
2 2 -0.3301656266399766 0.1917198830310877 0.02186392299113335 -0.4194814469754759 0.36420017346933453 -0.4426656110768563 0.2262227898673593 0.5787704713606465 -0.39090981947310655 0.35748101281331107 -0.5194696223729132 -0.21863932796569985
2 2 0.006893848045808835 0.20101000649980272 -0.3009375265601364 -0.16534775395893575 0.0557342321452661 -0.17193267978660523 0.218849477836408 -0.24837237924863123 -0.631991533914166 0.33468186960394053 -0.18222616597935362 -0.14440914767162208
2 2 -0.05535715215629718 0.41681168304309085 0.2350666915320397 -0.19243739550182895 -0.1133771647539632 0.013494087730513452 -0.04817159999701201 -0.0416681809601094 0.2587898510466545 -0.4168722211603334 0.13700455486513344 -0.034576251109868
2 3 0.22032225488289153 0.0029028240205094162 0.4300757146247965 0.22303819726227286 0.14481958839200476 0.019150639357396828 0.31704638460424245 0.13343490750258777 0.07284283262794107 0.0014421476908670636 -0.2714340604023291 0.33031879046483353 -0.11408159012975404 0.25936992717581325 0.08289044504570107 -0.44816483428626674 0.190154226711602 0.2727867958080009 0.06795385360775616 -0.19827468555220812 0.13092374953464975
2 3 0.202100926861069 -0.29021456103560245 0.19909273801808605 -0.3891861079088953 -0.39463812290814665 0.011315618606674155 -0.35843941774922067 0.1402503576263895 0.08997690032861472 -0.0782974217558626 -0.08151719539670753 0.2594705945275984 0.13537557193120384 -0.1257577014538453 0.34340960959828104 0.2074788343232571 0.22750886921942529 -0.3004590674307347 -0.057014184067494096 0.17721089341613946 0.05260257375647114
2 3 0.11867708258746401 -0.3998855012724097 -0.24211751435024853 -0.2979268085803531 -0.08657505552297279 0.030162980415942845 0.1001476217094342 -0.3022266582471822 0.3452818685594165 -0.06700855430550993 0.3068459078778176 0.04026901887188261 0.14405980730783344 -0.05638610243447432 0.04991349824191777 0.24347276981295096 -0.004244139340242053 0.13890498091898865 -0.08364307972912462 -0.2938657211309847 0.09410700208869562
2 3 0.02375652647810668 -0.05801516243084879 0.07541586228210756 0.10862264738111996 -0.17537716516209964 0.0670862170614958 0.23789697949129363 -0.4032049300576132 0.38983224094037194 0.013046123902360337 0.25898150012814924 -0.0031781928362996604 -0.002517252599665015 0.23351549975913052 0.4617504225811633 0.24416803512328683 -0.34014628343887937 -0.09819287946829093 -0.08894570010582843 0.3149574488319134 -0.10135083406816527
2 3 7.084072160450005e-07 -0.009672233719095319 -2.9886911905742635e-07 -0.029945157008907188 -0.010884233574832763 0.06535209074693135 -0.20370791829365498 -0.05687300029229712 -0.024819499729130893 0.04845781822839535 -0.003190679991150123 0.09031923572489947 0.02078740489411458 -0.19990339502235524 -0.046550703339409784 -0.01809117372249843 -0.2458856754127454 0.02986017184833225 1.706546962525831e-06 0.0021764494364490284 0.21043277250619635
2 3 0.0484297097977433 -0.019837669934269428 0.001048456789153967 0.027621608977418537 0.01397819560721967 0.05923345689510414 -0.008588036052904913 -0.0004234204597599157 7.715383426840522e-05 0.05484415429616543 1.8092392022887726e-05 0.030093146675747966 -0.06601301131038512 -0.012064810636221043 0.019453892072811254 -1.2007182506281814e-06 -0.000385512575715186 -0.007253215941798356 -0.00013564729206914269 0.024251241766718338 -0.23425660984700103
2 3 0.18210704995317026 0.27646642397417337 -0.07569677099968877 0.16217858541851593 -0.09777272910453784 -0.11970578669740162 0.15634273062546636 0.2527826656325196 0.3495911543034428 3.3079550373990425e-10 -0.02438829276835567 -0.03971512561754238 0.27655516575771 -0.4112136981325393 0.19247332425831817 -0.3437412095432265 0.12685421865331387 -0.4163848578129572 -0.12527574279951875 -0.04467770344798425 0.0462185063530892
2 3 5.358423320698273e-05 0.11141608874842732 -0.4371263897083107 -0.11442779583498482 0.3489415352449318 -0.07828399031811155 0.043574735957819494 -0.31871136638716274 -0.20895335998078288 0.0018078129506634963 0.09528318185329757 -0.2928117158265436 0.0009316434734854469 0.1175046071025875 -0.07553063034177543 0.4480558409834694 -0.24761148698707516 -0.42047985345662564 -0.38729929772524657 0.5396472260741467 0.09264292748802466
2 3 -0.058757534331759065 -0.1076256334618867 -0.55948748743672 0.07413872007058667 0.3688747077368261 0.010655274236540288 -0.21183009277917964 0.025375531968704148 -0.06221494714411408 -0.07516485528029787 0.1861504639824974 0.14994231624101895 0.16556769769439988 0.3655580703383018 -0.06134963398513028 0.10029536544575697 -0.016930261102629206 -0.30200019955308566 0.14614295578301786 0.36165005067939526 0.12914266035563912
2 3 0.09177393702605603 -0.02000692637889197 -0.0916443973680006 -0.0409039678480686 -0.16756007220517874 0.005922596523028612 -0.2576895421668134 0.10805463479534048 -0.06196543862629769 0.03354199344210827 -0.00038812615062448937 0.1436677169165095 -0.07860862490115347 -0.006308655683012379 0.09867123977540643 -0.18704386428049333 0.026515688591401274 -0.10328667961961109 -0.04089778153154911 -0.03139819052573943 -0.14588576696977187
2 3 -0.135137835267721 0.21664172525092618 0.03137299203841052 0.2628648094640844 -0.10101363243421062 0.08876827422744947 0.12610497651214608 0.008502506411588348 0.210354771181442 -0.006637612543757446 -0.12045365021591349 0.05247551861951715 -0.29659926106739515 -0.1645880780666686 -0.1410602698650522 -0.28753590717978667 0.3830853964781616 0.0910707154128397 -0.5954007161988555 -0.5669245025246757 -0.24435835995646069
2 3 0.24904884723403573 -0.2741149784257531 0.11126843531193216 0.011761023013151623 -0.20838996875480084 -0.0005304019981197937 -0.12671778372661538 0.3139173992219119 -0.18490459408045778 -0.03208930342949581 0.1645824451581454 0.2236386924238935 0.29101544940961266 -0.07237991186709676 0.3194824063768671 0.31070945906640896 0.424157172484495 0.1326787832877828 0.6023951745775219 -0.1764066796378873 0.056174269591620245
2 3 0.06605354078115258 0.04059254532460487 0.10769998253141971 0.13794122740824497 -0.08206600240917448 -0.04236791141951939 0.1966212500849837 0.34525577299425286 -0.04519316500438815 0.04784505930793346 0.23649227131757125 0.2688473851925788 -0.002797066174097452 0.3199948868053657 0.26269657684955705 -0.22158122222946494 -0.3050219921520731 -0.0767020569536524 -0.3530839937331556 -0.2534096185946703 0.16117188486560954
2 3 0.211741310159548 -0.15875574718854046 -0.04401134621731459 0.012074505459863459 -0.3132289452311071 -4.949677691166686e-06 -0.25364595817772584 -0.1383566944019821 -0.17661382913946896 0.058617630417631385 -0.2615145326911618 0.017466298714506355 -0.07979667474904498 -0.24928856909371686 0.19980395578768365 -0.13272073488108693 0.0420204604162882 -0.21728548151817345 -0.24275471799215317 -0.22364619222948168 0.18384278692679515
2 3 -0.005940748958579722 -0.010121026309893375 -0.02011020622522217 -0.06608466047874281 1.534032339466929e-10 -0.08534784729631499 3.830736327965171e-09 -0.001209475384314294 -0.033618524933454456 0.08779952319830839 0.0007253283150447724 7.194805995109021e-06 0.007436155578433458 -0.04566327773679694 -0.016292040366983576 0.0835959161023944 -7.454534229855926e-07 0.0034164269586488757 -0.008851055823788142 0.024851493993440863 -0.19436141501734083
2 3 0.014767163432021972 -0.08653388994488527 -0.425406288277592 -0.15095941001313617 -0.22017267190087475 6.24471352106106e-07 -0.1190754711870325 0.35897712273087024 -0.07719902924884245 0.00589876952937078 0.21482967414143567 0.13286926271811572 0.2105268455252347 0.09824995502498476 0.14946932401052523 -0.21998782390016372 0.31821182279482496 -0.28964126326166173 0.06589720986359095 -0.07662968264057643 0.1496841946731525
2 3 0.0004803621888523451 0.43652067887498636 -0.4049997408102386 0.026861066710026617 -0.23925450875981952 0.08740542391905891 0.14589996842400568 -0.3409131212536165 0.49880911893656116 0.0055944704722859845 0.40240280644534837 -0.25858598546044426 -0.3210104676389916 -0.18490062418848754 0.36199161744794917 -0.08537329941692584 0.030662036731757186 0.18178253100069652 -0.2177086859939756 0.2169080083168793 0.1647059838234297
2 3 -1.4857765281469738e-10 0.3025849778287701 0.16375654969454376 -0.041306190050143576 -0.09119554644878942 0.0004919952270722982 -0.0578671452090357 -0.02565295637568185 0.000371448524348884 0.00137436328388921 -0.08087543539069803 -0.026883400621644928 0.26411979507767225 -0.10796187594991938 -0.23733748213335223 -0.04955751319855148 -0.2299177083530908 0.0016440741222371442 -0.03577592999207207 -0.09878354651611165 -0.02511428615349804
2 3 0.008383348912605969 0.12612696831254294 0.3144878142762869 -0.3495919750883832 0.04650059011305157 0.043039102307310735 -0.0407063093935603 -0.2376710188687763 -0.44413199015749505 -0.07334888004139983 -0.18428882469619726 -0.07335724718042035 0.01545788096383419 -0.01193967381894439 0.39547757666826644 -0.09937762881664952 0.07748074828233123 -0.08287727916094055 -0.023999005307601254 -0.07168048190848227 -0.13792263825806975
2 3 0.05650280389297691 -0.20969848026252288 0.11860807533875849 -0.33446110007562796 0.15134547290570102 -0.06826831171436207 0.3221947592679749 -0.09970568284401723 -0.4809310730116727 0.039070726721406025 -0.0595054832749302 -0.17512149645462868 0.19795753427526874 0.2045664263196355 0.12251484476919541 0.04794574717813858 0.36129147432826175 -0.2058008511342871 0.1323767869390748 0.06265989107155404 0.1173407797005406
2 4 0.10639421063372932 0.3652713110672484 0.13524260014337625 0.6522881732241347 -0.21899348011264555 0.012525849299591952 0.08198926112963603 -0.33513984636907856 -0.23794790336231053 0.5060283432555663 0.5608956259793453 -0.24356572025061723 0.014938088413584103 0.28394055674774 -0.13279032373739252 -0.14774379244160538 0.05141369675297474 -0.3642795005805638 -0.7983151593513687 -0.03359116762922927 0.15800981052384355
3 2 0.0120881572063512 0.02286412459915379 -0.2094950798749377 0.28097336727240624 -0.09603731184368394 -0.21250369041681053 0.040006071820603784 -0.05496736035546859 0.2015416061336756 -0.09450139020251865 0.06878812130807962 -0.011383239683521494
3 2 0.004382315512456136 -0.19745460782297658 -0.2635023496963539 0.09804111416177384 -0.2428678724061611 0.19988583966059756 -0.14962112494807991 -0.04351208461675503 0.04406371323196585 0.36146295621214874 0.1310353022506895 0.13690586780478903
3 2 -0.04830661633030704 0.3926496801794876 0.33108584335370644 -0.24657620404649594 0.14343756553794718 0.07410235058392156 -0.32326176168930704 0.16303263646022262 -0.15300953831795727 0.018228225871143117 0.06338544742941075 -0.37824838040299347
3 2 0.3229802941223279 0.12047038832854515 -0.2127071534698088 -0.4018638118676244 -0.02300167184378402 -0.10770623793743099 0.40350699593603817 0.08896327291692724 -0.32691457421185355 0.07078120011545644 -0.17744765115975963 0.2822196288635198
3 2 -0.36398571175671207 -0.3178973496965865 -0.3028826051682564 -0.4026738166445926 0.25628551807746025 -0.15840857399126881 0.16576218673378124 -0.13219858166888532 0.1690927591914031 -0.43195210600893136 0.04148182441987515 -0.4212969047761639
3 2 0.21888155628296882 -0.450570290251911 -0.1359528078108594 0.36942112993850035 -0.129275049919194 -0.27872346797014713 -0.4099567777869685 0.3485403785608258 -0.4444692148576979 -0.06488375019039057 -0.06978621263853757 0.031930118143144434
3 2 0.3124783324290023 -0.08019245037381 -0.2963386362800686 -0.12545980719522895 -0.3859655045388506 -0.10153114764298347 -0.4092346778367035 -0.08457800328135384 -0.08258735260628187 -0.3537673378581976 0.05898293451348129 -0.031483389252809246
3 2 0.33037350714150304 -0.09644868688074926 0.13684536156988672 -0.37682807838773935 -0.4045386290688557 0.09686544059457604 -0.22337394739250654 -0.3615138080797717 -0.34542603209234485 -0.23088448439387627 0.10797046082671588 -0.1393673290981498
3 2 0.41642554591039904 0.20356641684153828 0.14076689598521147 0.3007957184526038 -0.3459214181927426 0.06452243975634438 -0.18528223104706876 -0.015402605515756984 -0.3268778961293476 0.00012468163449770472 0.40684678605486524 -0.13776533727536108
3 2 0.1675535242249795 -0.03166257912144099 -0.20910079877936547 0.405865177571996 0.2058842861674636 -0.020624523765718647 0.256980474857134 0.05989014604776842 -0.18996181548813212 0.058716600441628304 -0.043445138965559814 -0.014865948268776834
3 2 0.2026403630188266 0.05725609006845218 -0.013684803454655387 -0.13883106146910992 0.3938618200807064 -0.04218971591132457 0.23241503855352572 -0.346622897581956 0.37033919923924713 -0.35694390466319054 -0.4277255230827837 -0.3471755136243466
3 2 -0.27333183249082943 0.038106221891113325 -0.10757146728926789 0.3039773393667554 -0.16268759647860553 -0.06799792364566239 -0.24456397668208785 0.18377287688546004 -0.27906903305308345 -0.38740563110752446 -0.44156984381393016 -0.11875553171722741
3 2 -0.2824661230457459 -0.17584059691018106 0.38230889886311725 -0.13581671187242456 0.08048345425512653 0.10719836195416438 0.27347222697323736 -0.16178648922655944 0.3082625769897946 0.4644919035065593 -0.3606772861152338 0.026241907266419676
3 2 -0.2520012386482588 -0.4725309056023389 0.034119865770275176 0.11175915069287347 -0.2938684425608677 -0.15948160939780714 0.27179261942988264 0.3680839288303726 -0.44664818826188357 0.03876021561977201 0.015028805668572016 -0.10462695920000374
3 2 0.45997943944324493 0.32373218742242504 -0.34212497637350175 0.41486921811606314 -0.07771004706890554 -0.2358979563228635 -0.31673510097152296 -0.3969257266233188 0.1692720152998618 0.3535990844102438 0.3054001584824339 0.069059292878432
3 2 -0.2839663841730306 -0.2564546249002277 -0.3547073152732388 0.014452292611988153 0.05445210399595624 -0.24638316549986225 -0.024518489870333834 -0.18439888586083783 -0.3112649503922468 -0.28550682991629994 0.15918760666626847 -0.07679838038523751
3 2 0.17191275511792956 -0.38968637381764293 0.1319469202989768 -0.05870996069634352 -0.15521107881588134 0.05783633923573122 -0.22365106823164133 -0.209966694376072 -0.1376098540987948 -0.38723544683637895 0.24686606004166667 0.402784622895231
3 2 -0.4167444163881 -0.1758976073417302 -0.21626775301932794 -0.06562035250254973 -0.42945730114817177 -0.29569354270445186 0.2676083356812287 0.34381384719980196 -0.0336108541580297 -0.154508635969216 0.02361600515462915 -0.2697960819942798
3 2 0.051703306736500115 -0.011579996202990932 -0.4011825560428088 0.12463501958042894 0.18664817054239474 0.30966337837582264 -0.3324311100498545 -0.32809139647038976 0.34257177031298097 0.09129484486394493 -0.14277231869738818 -0.13444715522671605
3 2 -0.29270988937321 -0.45417478774734077 -0.059595480882282115 0.08572237104349376 -0.0807126067689207 -0.3142970770269775 -0.12986817708878196 0.25361576410728986 0.25180702833310065 -0.1679213673543684 0.2291899766031035 -0.26960631939070145
3 3 0.15352105942902905 0.37154903791166777 0.238913864354068 -0.09718443848036627 -0.22445907301188608 0.2969732663179322 -0.10321137786004135 0.1284468899109531 -0.27940223529558067 -0.08543986431656948 -0.23940257061350437 -0.3160653137093618 -0.14247496757965436 0.2857918403028909 -0.272818263844817 0.36496572740011374 0.10150139108031579 0.06407549183908116 -0.3808866179113727 0.03185675441346644 0.2563846441545067
3 3 -0.18389496956929002 -0.15540683277714404 0.05009953272539191 0.08480607934220269 0.04327538669005899 0.11784316821357517 -0.18468421808539204 -0.08062395420099887 0.043465356291652726 -0.0024228291317138053 -0.021539210238136604 -0.28197113012101843 0.21390163556354946 0.11448117210847429 0.04792759980051318 -0.2368816812625806 -0.24488166551083837 0.1037391300969595 -0.19181780244864788 -0.07844426327015265 -0.19706684264483024
3 3 0.2619401309030291 0.27626840313224693 -0.16084411432954895 -0.01263112248485746 -0.1055213183406142 -0.11427916920023869 -0.2424760774341231 0.1884098159019043 0.14718497840239392 -0.18986161425382134 0.08851848747090355 -0.00947809611737838 0.17809204184772134 0.3233321944915659 0.019745233426154554 0.031146480076596404 -0.30658825236639287 0.32144413381269 -0.3194326215583466 -0.23776318801869836 -0.305997935354843
3 3 -0.04213745394186459 -0.31229234972128994 0.11657332016549866 -0.25051504052034174 -0.1636329206177598 -0.18035253101836293 -0.17480006471110587 -0.008042048039847467 0.16955888402553979 0.015366946174583479 0.2094385199352245 0.04439638108185454 -0.27604545705565753 0.06184630990750306 -0.18971438560513434 -0.21174873641574826 0.050454235297339015 -0.2607564524191804 0.1294437491176856 0.13677063537760256 -0.37241555614315985
3 3 0.26777970636114723 0.013185399616135322 0.40594745972297425 0.22364378567703133 -0.18594024649182023 -0.31964079491010594 -0.22812041435286384 0.2550593682537061 0.11918817709735335 -0.32320908226864314 0.21191372484119503 -0.10344319110481293 0.03342607640113351 0.3442166694353808 -0.13135327232308108 0.11369121586154728 0.15718199664371504 -0.18441255555891917 -0.2085825087127605 0.1862019418752473 0.27213706336315635
3 3 -0.32519634010668524 0.11441032066618183 0.33205915664536306 -0.3220417122924711 -0.29999236238663984 -0.016764500980136775 -0.0505409022105359 -0.22266366061742277 0.2919327434307244 0.22139298717558403 0.20294461202941252 0.33986807850275164 0.26648385061698027 -0.10159502353883985 -0.27226075921818205 0.36753919005986707 -0.307510416852263 -0.25037613053917457 -0.11347005895231115 0.11036517595146247 0.25250152274328785
3 3 -0.08362498857080804 -0.09671004498897497 0.38403001574329243 -0.09758740961988747 -0.28461799817843564 0.34868495944434125 -0.3498288143156757 -0.05311349170206825 0.3119713474147328 0.024384114455330848 0.19923035293982758 0.000581425388471251 0.2543840442782468 -0.12696085206490085 0.09460339921798502 0.2450217551862067 -0.2839227416983636 -0.3123981995588581 -0.1285474596153419 0.09004801537158297 0.11416247122228464
3 3 -0.17265039918466057 0.1686496918190438 -0.17672285168012364 -0.23135214308297863 -0.23436195537048216 -0.0021847422470286514 -0.3147731237910868 -0.2213033542428919 -0.08944717189519402 -0.14300783881216275 -0.2887091514933648 -0.28549707428420634 -0.15269793929415065 0.31088647616714143 0.20866898676537238 0.1621124863534151 -0.31805521063016806 -0.01624068054646099 -0.3133305525634583 -0.07463953270472763 -0.2549109253315472
3 3 -0.38109396237149495 -0.071411868166105 -0.18160523514583773 -0.02921891895672037 -0.03221054503977332 0.09778934393253542 -0.08136038079321403 -0.22675401173341944 0.015186696275731099 0.02297020100348277 -0.0998440057985208 -0.12988285435531557 0.23511943558687137 0.08995470892270271 -0.34288236732624044 -0.2300736465954188 0.2579551926585963 -0.2595313437468569 -0.22434926061835692 0.405149469593409 0.18692602904456349
3 3 -0.32026837472680864 -0.10403733232545691 0.2730394055724311 0.15512451730402474 0.17905334001944215 -0.23673496048775552 -0.13064981420667282 0.21142501125240326 -0.2115627347012378 -0.09435302067580209 0.33379086648732065 0.16888610091826525 0.1612095704037694 0.39597475132355475 0.015880201232599724 0.30738645418541716 -0.025775547958828634 0.2666712258066117 -0.08626472818392976 0.2942008528493309 -0.26015004773344846
3 3 0.33394517214148567 0.2060173207899976 -0.3147310378954413 -0.41461518336399705 -0.027156501283403665 0.16570516611359887 0.056894147926362576 -0.2138325742755215 -0.22310666065900317 0.03373000586744113 -0.24185795841325275 0.2643022287905919 0.07860412408741099 -0.31670862415608764 0.04559185460206992 -0.27882592869157247 -0.18842639186716015 -0.12464472336712355 0.007463764315006851 -0.0809571168814151 0.09165607805570007
3 3 -0.3057250910225567 0.4362196264589808 0.12045726563140209 -0.06883282772126241 -0.06849405083495338 0.13171781018013184 -0.10787763392705828 0.05876977885926625 -0.12460995853953175 0.2672570447690591 0.06404253947930699 0.32253082492673957 0.3078757983660478 0.3375157259860481 -0.1736336151756915 -0.2777679217475681 0.0907456111062797 -0.038014819002082756 -0.19788909016461262 -0.1565441284186163 0.25269697712952555
3 3 0.2357095838322556 0.1963770447018358 0.21089004190660615 -0.1934483020996294 -0.17641528105353108 -0.24984787535975403 -0.23443903204879663 0.23921351512204292 0.024540036666996876 0.2533244676247228 0.17989875546662332 0.15618203320527926 -0.08968165037599617 -0.09323579643831849 0.08510244538258539 0.27678369179289986 -0.1912575100472651 0.04763391855255936 -0.13120167408594605 0.3075807331598023 -0.2979941855687447
3 3 -0.002391063842616517 0.007162972600638309 -0.34648810899761195 -0.25094627437420786 0.023168263917389187 0.2950500456310136 -0.3914443410202644 -0.28922465070681286 -0.1731217800773257 -0.1688133912182513 -0.16131937202225916 0.19096028227038486 0.32444848015212213 -0.0363937679007577 0.20725740775240842 0.2849480916979536 -0.18738229228210293 -0.32796498473271085 -0.05963079172349124 0.3377866837125497 0.10043404768533613
3 3 0.3321449457804378 0.12224898446916588 0.00579646835351314 -0.19468319485089333 0.08401276515605391 0.036250157048152674 0.20029453675734873 0.3622401822088321 -0.41103803402214056 -0.0850167950649188 -0.054783852843616226 -0.09472948148235816 -0.31255431530123184 -0.20351521741192008 0.0704008998013749 0.2677417763244799 0.306559403829891 0.07985151162053175 0.2916761136952385 0.23314632893485193 -0.020516779686636732
3 3 -0.2768294590766041 0.058427506483609414 -0.19983407298160952 0.075997775529304 -0.36787151202023816 0.08712529170526076 0.3322356941229382 0.18266190104868565 -0.07694806665389106 -0.30773366185450973 -0.3484671090191386 0.27061623859879874 0.1801747113844297 0.29053307001730555 -0.25021352189253676 0.058283241618556116 0.29532215530450856 0.1797606407757068 -0.33174409003061067 0.4022284579102829 0.05538951663619145
3 3 0.19487160650221297 -0.09205003686346892 0.23001871947024977 -0.060741802071836916 0.2859213221222555 -0.32764044577934204 0.30083958912916975 0.26566955812633325 -0.15068871095726646 -0.1301933333668502 -0.2787485392649105 0.35000419201607486 0.2627285988843441 -0.023836295176165544 0.2914329853109253 0.3250021670707413 -0.25686054114276446 -0.18741311153797727 0.2442932027128287 0.3509178874821485 0.21104750559189886
3 3 -0.0561067371754996 0.03757199221159158 -0.24253412642745825 -0.0821344325572464 0.1808786471459795 -0.07879690681588519 -0.21716867054692565 -0.24507857701009556 0.0956769998385627 0.21244206442257965 -0.13887793729471876 -0.3093349003227455 -0.0598336943432278 0.1688770602924871 0.06873003120691493 0.23578105924851978 -0.05695949457757559 -0.03997044815347104 0.27390995971821824 -0.08036503862737257 -0.036730188455488755
3 3 0.1664696731792498 0.12120578507819389 0.16981843239439606 -0.31769594119343264 0.15889081262297697 -0.3017927008339109 -0.27682026466548787 0.16900117044260565 0.03541131610681135 -0.22922256322909335 -0.06679794230757985 0.08705687001120482 0.15263506802730517 0.022975370935112063 -0.21175512654039177 -0.29013380848220177 0.04910216865555387 -0.2695055739834558 -0.035661275086127514 0.14124322679575754 -0.1674011631334778
3 3 0.2202623843281752 0.011902425354750626 0.3446208585553592 0.1522912824879841 -0.23274601903398925 0.07964666225485084 0.26180242473486703 -0.3186480256612241 0.07064038883100114 -0.3612058541103609 0.18748551414092782 -0.37304186364749353 0.38508983248246664 -0.020875249967219355 -0.01855711881722837 0.010433543686852887 0.39027152023909184 0.1284900077860895 0.3476975666220124 0.3471473602323179 -0.22341564423186536
3 4 0.4541395699023528 0.24526982553335394 -0.48076177470483233 -0.25513310351533863 0.16121703177786706 0.03306654039405688 0.1053246202521207 0.3093082111506491 0.11724788213489144 0.06779734045573102 0.4587166647338463 0.10036238913587242 -0.02518432655822785 -0.22236264774394146 0.2967959791483142 -0.2649433733743093 -0.19631110682183892 0.44992625561234967 -0.030834232483967924 0.447281116746257 -0.23598019417023844
4 2 -0.2809017461481977 0.34138201536077445 0.40752835881194654 -0.033957687844528864 -0.20982674928890344 -0.04674758148152454 0.17005463605542692 -0.4794228346671679 -0.2858294262415035 0.05238240927787338 0.380963239433457 -0.29621885642903706
4 2 -0.01960346390004003 -0.06863261088489474 0.6672159823189059 0.23773702886710427 0.15307333904304027 0.26552789229894 -0.213654586426463 -0.35152387403181296 0.34696935596169404 -0.19573956232030168 -0.4114164079417305 0.19676272243031875
4 2 -0.3173597090762787 -0.27456487933208856 0.23598726546069748 -0.09459291464055339 0.33864320386129376 -0.20238144903793642 -0.05881486281592674 -0.40989742766398823 0.06099219426991989 -0.09257694190543506 -0.2908377773304419 0.32713209447253006
4 2 0.1112739578202857 0.7613223635873322 -0.3541142775241793 -0.37271937399826827 0.06947984546553174 -0.29028684881708766 0.21443417973999268 -0.34284729501448574 0.3506890639240832 0.2520388569431567 0.054011614621542234 -0.33286207115551514
4 2 0.25202129672547635 -0.1285764927255557 0.5818184583438405 0.31547237469324074 -0.15085436816274833 0.3980663954934023 0.1262989107555061 0.39187491424212806 0.10683649070116177 -0.13442772102365982 0.5343868408530392 0.3642193744309342
4 2 -0.14363041644647928 -0.22431265998656966 -0.20034612914907862 -0.2478734314959706 -0.2848416690285642 -0.27419959403868766 -0.45587212503440594 -0.026382034176585342 0.06612060637121595 0.06352062042164933 0.46277228445127205 0.25984259734804815
4 2 -0.3342309636785702 0.36929518008636864 0.03534839157828551 0.5214209007935219 -0.014140831561531689 -0.02772700219005861 0.08261444307667641 0.4532934845382409 -0.4003693421093486 -0.24890843131651127 -0.3199474927747323 -0.12403605540178925
4 2 -0.3386666387472311 -0.3533288568581442 -0.43252140851299326 -0.08093875360101775 -0.2345828298566442 -0.40524309094514066 0.36601826487223116 0.12338181241781866 0.06372136519991191 -0.20568238140804435 -0.16832991976175482 -0.15139299684299232
4 2 -0.10188959520401042 0.45523107016856296 0.23912114625284814 -0.40668369974667823 -0.40997780061198774 -0.197408655003376 -0.29367399576941744 -0.00012844781962579628 0.07063409734171411 -0.16331093074222808 0.3999884663169138 -0.41871756759280704
4 2 0.3593526236452982 -0.14613557546488384 0.5803326637338002 0.08377528098430662 -0.2695440897671095 -0.21848671255154808 -0.291375674560225 -0.012767542227695022 -0.38894642715855493 -0.14847197622129962 0.3381300337102261 -0.2866558116908684
4 2 -0.009652517246098944 0.1436657587347611 -0.037551313563148364 0.4754944279969068 0.26849165698510186 -0.4014850375235273 -0.4609559045967379 -0.09361328678998215 0.4432371488764844 -0.3210709700447278 -0.043421076940753416 -0.32845168899683663
4 2 0.03082160335403758 -0.20434907536761882 0.05186462987441164 -0.44466871352581994 0.21829119298202043 0.23251898474681126 -0.3125658205812527 0.2960149145620819 -0.10571212299277602 -0.015320594551509626 0.3006177259063512 0.34036100962464216
4 2 0.20786366744273052 0.3653120356178039 -0.2258798953696881 -0.3184519624723949 0.12254798420742227 0.07427278195871116 0.01714424569982468 0.07786748832656258 -0.17130432639578674 -0.17870585163705713 -0.008001834586853017 0.3552456338967107
4 2 -0.12504649282013144 0.052309782269545274 -0.06056497345908072 -0.289846028715839 0.35322840710875986 0.2985189452257344 0.039456341108174996 0.035284080596065644 0.07135250229972599 -0.5897503434496159 -0.4273010417650717 0.3191865821661868
4 2 -0.48865572460538054 0.08221251507639037 -0.19933755717438606 -0.43207618087602406 -0.39682631382999306 0.2554263169593975 0.156102083339984 0.08352778870454976 -0.1856061019393073 -0.37684591233762876 0.01363092906599537 -0.049016005319540215
4 2 -0.39358831728386007 -0.32326097682507565 0.06222397992329597 0.019324813916912143 0.20736177569500802 0.44747624184359935 0.4378299163656329 -0.3814180575183972 -0.025211645062392284 0.03744101110359113 0.10963627193926988 -0.34103304679164825
4 2 -0.03271943570851028 -0.24370718762210922 -0.04213819069026782 -0.2954596110414629 -0.26689549042704114 0.4641604166902513 -0.060248598854678204 -0.06195512446911828 0.04807076352416178 -0.0732165382104864 -0.08436916327630768 0.16307017750499675
4 2 0.6449827066609501 -0.3038840924594611 -0.3317739197005456 -0.3912010028241373 0.27604797764115496 0.010245254318415994 -0.14354047730083472 0.28756056058694934 0.10326019761683843 0.1156458944324888 0.6360959688771092 -0.207212308706933
4 2 -0.3498554276620065 0.6121704588314115 0.23977338836521433 -0.004432224823978307 0.17554678007060248 -0.059356911742390106 0.01872266291546018 0.0010843440118625766 0.015471331629130754 -0.08503835847218282 -0.5180060087750571 -0.13783838928160402
4 2 -0.15623194698066545 -0.28273376948021856 -0.1431118905805993 0.3587471423673155 0.3567187904797439 -0.3517101351956386 0.45412796363490554 0.40884292900198144 0.15182457065553345 0.31992903237263964 -0.4300454147453376 0.05472350110395613
4 3 0.4937079670503571 -0.3254195428808868 0.18935224757440752 -0.14790715997055168 0.3632516142879386 -0.028678979851326808 0.2401374932964502 0.21253641839675452 -0.10175014803909103 -0.03941911954649114 -0.28401517607185933 0.36880047857349735 0.31541571136521823 -0.31005609721694966 0.32668575781982767 -0.23061737436122873 -0.21360590020585712 -0.06608615802312746 -0.16678448838193377 -0.6754117352683963 -0.11123113418038533
4 3 -0.2875865180256029 0.21058749648967573 -0.0059515902462809805 8.278350813617573e-10 0.029593611748667873 -0.2512804060627344 -0.337573697944217 -0.020961059954466118 -0.026050095121264286 0.19677014403764193 0.006066986271422215 0.05510951217958124 0.0536714618265812 0.1874028953613513 -0.3792062922327447 2.592559073123945e-26 -0.26036973035263566 -0.0010337754845548158 0.2975919605327774 -0.019230972824404557 -0.05245941541680033
4 3 0.1668811789448709 0.33189257504208064 0.05387769345855235 0.26990104529482334 0.021102049648184674 0.27908128454591385 0.33737638711395646 -0.13818747491104727 -0.4978966724341219 -0.16511989806232866 -0.34479159934257386 0.17052189787621996 -0.052299293591072736 0.24243123192026086 0.20426329781251998 -0.11062701269382472 0.17784577389144227 -0.3543659785932402 0.16567666088355443 -0.40474627070028496 -0.27302315802539584
4 3 -0.3966899641882506 0.20167526027537036 -0.08989031624396407 -0.12357672447892527 0.003340228961122168 0.1665357808151747 -0.8811710935083312 -0.2374068950099453 -0.32694686427140796 0.15557320148308043 0.5322511359160519 0.08206338155007753 -0.0673177218410068 -0.10532056082346244 -0.09641936305035963 -0.17966330291034063 -0.02166394049880451 -0.08942356615146412 0.20567736661732214 0.4846866705259531 0.2828107191384743
4 3 0.8527031217335512 0.3959798664327518 -0.26068046769565295 0.6674422527903189 0.5044765935453049 0.45795242766237937 0.5123651213462649 0.09218472988120417 -0.17897382948113116 0.01927376067419778 -0.6824573254514721 0.3518342793096924 -0.1777250493804563 -0.24607482861280516 0.015049137237470209 -0.2143840761072237 -0.19688157744748566 -0.22555721916713764 -0.1048622357346018 -0.5692839253830895 -0.183756358971348
4 3 -0.16288480775805753 0.13980219813547298 0.04807921527787199 0.3281240693453786 -0.44666756680517855 -0.027650908984798 -0.22541519171999383 -0.1769742135294364 0.26736791121326364 0.4269770067008942 -0.6709158085364167 -0.09742522275759595 0.04575464305115375 -0.32609918512793346 0.09264586250483975 2.2135310885591902e-36 0.3103735669071702 0.07847895753064119 0.304782924102931 1.5945260445395347e-11 -0.329478336064851
4 3 -0.032830768280168614 0.18786787140484498 -0.2196602416061732 -0.6231005941705469 0.2059626552715564 -0.04178063945725892 0.10281891878589358 0.2335108240916351 0.18376218742936498 -0.2532859398320028 -0.27642468918160057 0.24697202157874742 -0.1598620448302982 -0.283285751039604 -0.17696529103135158 -0.32879840349786643 0.17682546356653883 0.2114170006101033 -0.03106590361607337 0.40300498428136483 0.3439183455311582
4 3 -2.1622501881585746e-38 -0.009938535304040305 0.13113282629349343 0.3559970887862262 -0.10534257580418735 -0.2643291158740863 0.0042851257562605514 -0.5740226654630212 0.003791918860983576 -0.3169292532106687 1.111955188900989e-34 0.28189404843288196 0.09748792902738099 -0.2429772707982646 -0.16165202744622048 -3.3001017301980773e-07 -0.05958451557695076 -0.20208896058856798 -0.07432623136166962 -0.2044188716749151 0.2754616967096337
4 3 -0.40678780101743106 -0.21387342558184733 -0.20450097341598644 0.04535510515556061 -0.15625472820271308 -0.027188571439275985 -0.7395433748525428 -0.1442915139821854 0.18474918383942598 0.2158122812059205 0.5226307150659223 0.07057830099997196 0.37553231640018925 -0.17102547116690647 0.13916212242450868 -5.079794820082936e-19 0.017523201500583025 0.5236068490536527 0.3687260458629678 0.026846557917486857 -0.20410682961741985
4 3 0.6142637519684472 0.7712121317944334 0.3421754140801889 -0.015654061228582164 0.4322329199867387 -0.344991834087442 -0.0729557697509715 -0.3750907675505837 -0.03037160195829463 0.09162568595410205 -0.04956466238238749 0.18140310374198818 -0.5183787959388585 0.3370793044561191 0.38988626813980753 -0.0948186573721481 0.2551580234118521 -0.1345524999443945 -0.030462617696316408 -0.6848653712503605 -0.48080010844216786
4 3 -3.985179503184123e-29 -0.03039757963985292 0.3212733038417363 1.1521369154727983e-08 -0.017541516072668177 0.03774142398110714 -0.00874744670874179 0.12878094367628323 -7.37442775932609e-16 -0.049050189540811064 -0.04197436758534843 -0.17993582450463871 0.013291941034681173 -0.09846529659077183 -0.1445919281975043 -3.5318929250514144e-08 0.08443964852605 -0.12244211157245155 -0.01647608512914573 0.006569437017704794 -0.2950480601690942
4 3 -1.386779059889681e-19 -6.06174989494794e-15 -7.602140304843474e-33 5.600566642791182e-11 8.811168088765453e-11 -4.0293029375328215e-11 1.5597243874569455e-07 5.742662552473934e-09 1.5177677803300068e-12 -8.963023194431939e-17 2.259659044917693e-07 -1.00447203221726e-12 -8.814755738402328e-08 1.9178762960816515e-26 -1.1593268402909982e-06 1.992650197398129e-06 -5.976201095871886e-13 -5.101115473305766e-19 3.085162005454669e-13 -1.361721340319562e-12 -0.2331334107361806
4 3 0.35432600252795704 -0.18658988634543133 -0.3511488590981929 -1.3106604085915938e-09 0.3747093053598895 -0.21309218696575688 -0.18220119802694723 -0.3349497848584541 -0.023213084961024245 0.29644480588251465 -0.3212497785454954 -0.35818669966809186 -0.07344708042101053 0.15392408375054092 -0.5055419469908837 -0.021002324034326923 0.013425590819685532 0.5329370745818294 0.015176398326950183 -0.11711631371625446 0.09817508754426028
4 3 -0.05268697250692457 -0.44624710292719894 -0.04191461702450054 -0.3171245252873185 0.05450864741550736 -0.05301770830172636 0.14757898279854256 -0.2398470582798873 0.0032548337900051953 -0.12919552465049494 -0.2735503708164743 0.35253908391138966 0.14123361034912316 -0.07820059116398702 0.03988662855308865 0.14529250341580793 -0.05653827754299117 -0.31430041258515856 0.3355860685274565 -0.15054637920952896 0.35511167068065985
4 3 0.5979192684740006 -0.495345872154417 0.08010702208846056 0.52658874992651 -0.16598158470674002 0.27164372302482814 0.3328136535253889 -0.37624819098809215 0.22427865585756476 0.2236684786457788 -0.2570028900259828 -0.016059133858438907 0.2555841296008854 -0.21409568783349886 -0.1287615418371949 0.010603934036937449 -0.003528037989269654 -0.1300220970023609 0.20500392105019702 -0.3351703403190466 -0.028840801869687935
4 3 -0.7438347542143599 0.14036095017878855 0.3131570735311365 0.07526013426250733 -0.4481515228320893 -0.20788004925367287 -0.18454650917865992 0.1795527131330301 0.3243558553062267 0.1812735068062396 -0.12362694466540555 0.21447337813455297 0.3420080831914608 0.05797026418224692 0.40437552537563554 0.2272712371803818 -0.29332441452202396 0.11731029466102985 -0.5472953523629507 0.863198086073375 -0.15742587032762906
4 3 -0.09487009768731307 -0.45358673713389785 0.14996951998550148 0.13825885702279506 0.13791166761161772 0.3348748949476337 0.022542876642925386 -0.02196346723122749 -0.11603132418356392 0.19605105831078312 -0.43790266988330845 0.08633914955470795 0.03880142611307136 -0.30171487496193666 0.09352810177064529 -0.19426749614167096 0.2458037008030878 -0.5016774622896226 0.269979525445364 -0.5213946210097152 -0.03722040118916418
4 3 -0.21280700084900894 0.5497369345667402 -0.06684743069578468 0.24759368945946056 0.21257629252270666 -0.10532637490816789 -0.2210701714988669 -0.13630005853362298 -0.19759157830358884 0.09737107861346234 0.13565841190979816 -0.2794669874595051 -0.019390839222178213 0.10235440322712706 0.31788349092510343 0.04929174911417555 0.24793426265133803 -0.48428746089060676 0.7400418125179483 -0.5009462648611146 -0.31182316811192473
4 3 -0.13679681499093155 -0.48326534192431536 0.3724759207480136 -0.5683022811751262 0.14353616130835883 -0.14409490606203462 0.388469652833618 0.15563782492620512 -0.30363158101665877 -0.023247634769198982 0.07346686809249536 -0.2813654977550369 0.3038419253638484 -0.058380861458046274 -0.23250167351173234 0.2840187990746588 -0.13660614931799725 0.16664669142201527 0.9631936114537237 -0.16282157893022045 0.24916735748517196
4 3 0.795053292897472 0.035694215828351 0.2239778029437499 -0.05075730398941325 0.45020239790997535 0.37936672470074106 0.8267829617000549 0.2268916826133119 0.12522798943895955 0.06896171413191125 0.05448222555448429 0.2639317599152593 -0.3352174433182401 -0.40241707745304023 -0.4896500995973094 -0.007220334446064989 0.31651113814851856 -0.10231773049516449 -0.12544990125595407 -0.07039480744812095 -0.17395388175242274
4 4 0.3658506635133162 -0.371223873542114 0.41505917903346157 -0.18883906979208656 0.48672606691176373 -0.7475370675462742 -0.10413218007651555 0.8071104063275452 -0.779053138679113 0.64541132755297 0.07033902828865171 4.120288160470997e-08 -0.5306125540167025 0.3969800969552098 0.7498486112404057 -0.6791975537135824 0.5859122908302453 -1.226529973915028 0.5328062911789355 0.08635698016338386 -0.4371914112711532
5 2 0.31022267754770927 -0.42998504639380203 -0.35651962421123984 0.3940353582465991 -0.2290775328122869 -0.18015958244738128 0.39902782565818185 0.608996920899729 -0.052382136670190975 0.25719936773501473 -0.32430945748916506 0.2183583152310894
5 2 -0.20273118151761113 0.0032810872869581953 0.2961693521196416 -0.2965368412628687 -0.24978259639534292 0.1968281323605331 -0.17804991410298693 -0.22908994454641643 0.1541472838852188 0.3549755139739725 -0.05305528832394967 0.33217679971064573
5 2 -0.33905168198081187 0.31438300586542656 -0.2645992000150014 -0.25231033894965244 0.21725249955819478 -0.146804801943376 0.1394351492381194 -0.2284335309690848 -0.7468406361071354 -0.1948835143577778 -0.6405779599249026 -0.2639686384695884
5 2 -0.40748331238374585 -0.1319887612730528 -0.31718215561377233 0.22257287512009377 0.09361152169429456 0.36286085754298375 -0.052568793596749555 0.5469033000551217 -0.3431200258932348 0.067446324521454 0.2633972064381114 0.3330505048509523
5 2 0.2111136709219726 0.09046530849852476 -0.4002277591338527 -0.009282448434851794 -0.27064694205351325 -0.44007009909050454 -0.4531002148081954 -0.36836196347708927 0.004394110149886347 0.4517228296478902 0.0580173142382061 -0.08530309454929975
5 2 1.017305881935223e-05 1.872298353932769e-07 -2.0209664412169055e-15 -2.0851558040485637e-36 6.76449666025637e-08 -3.4735680204959227e-15 6.758570157372693e-16 -4.7649721545282586e-06 -7.174689697725419e-39 2.8780551751106035e-14 -2.7263441833934174e-09 -0.3784417375510476
5 2 -0.058755359686799576 0.6186345059547462 0.05617052045542917 -0.1807855286046616 0.2653360430001099 0.04421559374479552 -0.14255688898674318 0.37226825078292153 -0.39611046740174344 -0.2866535051215977 -0.29571275921220685 0.014532846829838462
5 2 -0.2437576861997783 -0.3363562059033218 -0.03935094138495528 0.04117821827337882 0.12769443369958053 -0.47826143911609476 0.0329356074212919 0.33192299754590093 0.23233139020392796 -0.38834129205776796 -0.1470525646459563 -0.007716634663969238
5 2 -0.36980247647654474 0.24093993894794127 -0.06935519783371752 -0.24684769448685281 -0.42618277699393636 -0.09106580891169495 0.35594967314356674 0.27137483145574776 0.043892872527743355 -0.19362776197249193 0.3386219148126301 -0.007786856394987422
5 2 0.40702847660806196 -0.43249591138248217 -0.4390096648431298 -0.32242639118326827 -0.36633111285709685 -0.14864806754441556 -0.45712363665703776 0.32641092363523516 -0.22162810180975878 0.22112160490488605 0.05243272618964996 -0.27382849399424364
5 2 0.35086833825312114 -0.06819515682712382 -0.2372048115705957 -0.3780788374585487 0.020340188516120353 0.30312286485735235 -0.016931359404974495 -0.024970527751950657 0.35189783744497233 -0.5475649692443862 0.1435082068047153 -0.2552730812695006
5 2 0.2339516223404939 0.13379184118566875 -0.4031701210457403 0.2551083362471146 0.22932945359201304 0.08759150702539364 0.22993250216768354 0.5132546911357275 -0.06694795339185075 -0.27030487445545176 0.19762776254451464 0.09014572870173114
5 2 -0.06946758841519328 0.2263080437231414 0.29863049505545575 0.416447712489098 -0.1714503455421168 -0.2735055431753648 -0.385214191926754 0.5083827921992867 0.6692232911062885 0.0970956026761272 0.12847971870075744 -0.11548474347956382
5 2 -0.24614985635665412 -0.2629965140024358 -0.1030462111922751 -0.3944332194660488 0.10622599900854059 -0.15843231098676777 0.4516397425189575 0.2771210226294811 0.04133196017001139 0.4211082904036332 0.3126787615263585 0.277670589668298
5 2 0.07019092398908029 -0.2030272273970238 0.7563969386207858 0.1672265160473931 0.17444461071739348 0.709710221399585 0.032491946242680605 -0.42913326987350864 0.2108739988994265 -0.4660095220451766 -0.2879354487782567 -0.0073442003473426975
5 2 0.09049834313923513 -0.2987189577906996 -0.30460927464396736 0.7581789629913762 -0.045013931122828664 0.23898334565500035 -0.07166412571576596 0.4271956313795771 0.01798574369580028 0.05719144701405578 -0.14637062113476587 -0.3812908086597085
5 2 -0.190915468358329 0.0774868243065123 0.010637217222457675 0.22034877330870983 -0.4810247397068671 -0.3478240107879566 0.27107623089778227 0.45106901176177944 -0.24414454097103375 -0.32835537066941184 0.2215631598335289 -0.141705228471182
5 2 0.6216216832072401 -0.024078126533649817 -0.0236959613361474 -0.27989007774345515 0.041382841298135145 -0.18201205108544732 -0.12077720169305549 0.4104766737456735 -0.3275176084043366 0.07559525624147552 -0.14989739603484292 0.14200997575558125
5 2 -0.25516134726783696 0.13246929456613196 -0.06350713714867841 0.3996631895698016 -0.3964902800147919 -0.2633251752350877 -0.3884652341222695 0.12095120164482191 0.09003822768256654 0.5169704927830033 -0.6294269154296347 -0.2692548047243812
5 2 0.055823671896198 -0.002190063312564808 -0.14263261089527832 0.06272371779605902 0.3199382081957859 -0.07919901750704555 -0.38091137180638757 -0.0011491079376783494 0.5312834762481418 -0.15474056889117363 -0.48982280444759535 0.19385215242942516
5 3 0.16833229822496115 -0.07525260392891067 -0.03307093010103216 -0.09899958005332277 -0.20118945740007707 -1.2921656656750614e-39 -0.17526449525422463 0.2901245941590502 0.3005229635916903 0.24926176619604207 0.4188079455713667 -0.012550907660788339 -0.43941198539169796 0.0856314151745013 -0.48769829409045823 0.25600047924127867 -0.015053734922908448 0.35528116048703445 0.3154573257088381 0.11336865566858552 0.3322640762075585
5 3 -1.6488647270194848e-11 -4.60457278030819e-11 -1.3082176980522727e-35 -4.4242089782630576e-09 7.201281969682495e-38 -1.4759645469182674e-11 9.60158917590421e-11 1.2463616356789418e-23 -7.35914365716239e-08 -7.255678226945149e-20 4.3636619978649924e-41 1.3205639597209446e-35 -9.681487007148394e-09 -1.6724339851249575e-07 6.653176802894287e-32 3.705593168389693e-18 1.3063115966741929e-21 -2.310740199839931e-38 -1.8244734503995458e-20 5.30754084991011e-35 -0.3767877981523507
5 3 -0.05245398023135057 0.3423795160599209 -0.1608753638855976 0.23271940096089533 -0.1275537955897949 -9.87611803971126e-31 -0.3163294685603916 0.03615611805462978 -0.08208034281541855 -0.04758862165658051 -0.10821848345411307 0.10392127747218323 0.13582420566761774 -0.11507155683180258 -0.14596432970510015 0.06500047615851869 0.06415294745767056 0.318352439873273 -0.22460181870499826 0.02223792057644619 -0.3196477852715358
5 3 -0.25957220243244783 -0.34651602344676613 0.20069221902107826 -0.3626743039727798 0.0076468882266150775 1.9704929886883494e-16 -0.17389880839128194 0.020511922110369413 -0.27724297248225477 0.1325139488254908 0.21014982448938963 0.2368167530359519 -0.02679630626833254 0.19153545546036607 -0.31318590598673546 0.31005353232129423 0.11984091136011732 0.4193312391024443 0.26254843958399154 -0.0071102352839474735 0.34202786264218926
5 3 0.2865002914115495 0.20646795528650821 0.17449580875307266 0.03426976297733406 -0.3331529881865415 4.475897708469168e-06 0.4448200570695697 -0.11374303271174262 -0.41451426904664707 -0.3360954558382078 -0.21607067407247757 -0.15962873763664504 0.12588289990129883 -0.2747498773675004 -0.4181903090449341 0.17779863793727335 0.11593932321960121 0.19636005764508443 0.5696535839556165 0.39505624045883775 -0.29992630975109097
5 3 -0.4582637537668477 0.05765772955458162 0.6215984056592594 0.41136985898339823 -0.23480141507959654 -1.8580208226889774e-08 0.13294675066155706 -0.01824497070394214 -0.032107433218874784 -0.47706259046999827 -0.05641226438828952 -0.1511710478836207 -0.3635606654337007 0.033649826145142135 0.17620148921946543 0.07132009326941975 -0.10997595816876085 -0.6418358305147972 0.03928984431925708 0.16895914922492117 0.10615873184704235
5 3 -0.41339085849929186 -0.09255366694770208 -0.31913881123369015 -0.4576021017024958 -0.10708703681819352 -1.4479050343908722e-11 0.1811019105236725 0.4581264685297401 0.01672010791609869 -0.16544220841629806 0.3197770383801649 0.4418849527069665 0.8319966279747845 -0.3961067760614538 0.16927034720455011 0.2136321844527589 0.30804886789678604 -0.4046759907987982 -0.29714381020624087 0.32920944818561226 0.07094785626634621
5 3 0.13266748568457568 -0.4164368926907172 -0.1915630309841232 0.35956368437373143 0.07590790341397853 3.3010417221846177e-09 -0.18662928795863618 0.1773968590209752 0.3685270357095567 0.21800830114505204 -0.46264582007682675 -0.21500424601799906 0.26232601970580793 -0.01063906539087275 0.734927893711866 -0.017096901403096124 -0.03213113057099357 -0.11710267631611322 -0.19714058985330712 0.21964739948985268 0.22048395253537284
5 3 -0.3237720441584298 0.31249001156805745 -0.0930920249061859 0.13511224442456538 0.12988124282022603 6.74075344982989e-32 0.05111636463586479 0.04855123958987472 0.26147235810401276 0.40760169751763886 -0.17196953686116484 -0.8636106615414497 0.5152153221160081 -0.07956339486076325 0.3058729127772124 -0.3024443145252355 -0.03465905692867158 0.2765349396018376 -0.017538486694162136 -0.14926018360292254 0.04799930771630935
5 3 -0.3467437589888284 0.3700153765710141 -0.6596812709759324 0.013315057754381845 0.2425304764394039 -1.6634313596297314e-11 -0.1264865312721821 -0.11821968200189097 0.000687820686487309 0.07615535974368925 0.04393408628157028 -0.23357804977090035 0.2230285100190294 -0.03918942139115877 0.7913942280416694 -0.3242571794677764 0.21129825980263503 -0.14411873504796363 -1.0978075135481435 -0.22621824464523002 0.019966070297152506
5 3 0.3226985952514458 -0.13136150072226008 -0.23106801329507318 0.20869435198590436 0.14519470430309248 -1.054185243456044e-07 -0.6099879852168046 -0.21374645414971016 -0.14603094260125232 0.45006859126501286 -0.6792983342639798 -0.27396658226108306 0.4461702477991758 -0.42731121306322345 0.6848709247062121 -0.8216453076897031 0.05771600831481609 0.044247400420701945 -0.06107120507217976 -0.14671896601450776 0.031687386267580414
5 3 0.2130013797389607 -0.0469364871944633 -0.2907866139976139 0.39778532015860135 0.23091131277873053 -2.2957616377713912e-07 -0.43602417284528566 -0.23603294439557798 -0.409096636365228 0.23637081402809115 0.5710095426195074 0.6230788420653671 -0.6558255302661954 -0.14546442225129305 -0.6312675357190616 0.26970481558999315 0.3513315174545569 0.1851145874215013 0.7894820285585168 -0.2924796328977263 0.12608652853620828
5 3 0.3012322067258399 0.3680968603773075 -0.014387205591941557 -0.032043855262417736 0.04202489329000517 -1.5707777923212925e-15 -0.6515681140639281 -0.4051080596332814 0.11582668517319107 -0.04974024771425506 -0.024295786562136715 0.08659915492204896 0.09258907949268909 -0.34797630531930396 0.6427178140429479 0.040415556368714876 0.1294647511214048 -0.08841529676330322 -0.48553433120358663 0.20590190088730553 0.3070846425253876
5 3 0.4503427530607606 -0.3388261780122937 0.2608892077374444 0.3601549240363566 0.004022218249330061 1.2939816525318646e-35 -0.0007430472147033601 0.3962971245203037 -0.08883771108586361 -0.13280351679150104 0.19111149832794302 -0.13911435264767258 -0.10715644586740473 -0.14874959243806546 0.2904783309341629 -0.6542353384046061 -0.11878786938380766 -0.11837788659729134 -0.12866280234009533 0.18992235550780878 -0.03897373717231122
5 3 -0.1179816567754047 0.04441471630129971 -0.31971345074728874 0.36545266260899745 0.1353459545098602 -2.538205975690671e-07 -0.39910097568285524 0.30425830059813463 0.3496632264761035 0.09154099321768572 -0.3768553414529847 -0.4552524681929394 0.2679063721896956 0.10444011902100368 0.06803511488520969 -0.20648160774341504 -0.3937343532156304 0.15517722228241862 0.20136501951118488 0.08926119552237194 0.06355114612545201
5 3 0.41251489162331123 0.11808973629116877 0.03332549919439762 0.20205572211838946 -0.30784444555610746 3.3682970410271033e-15 -0.35339405146274033 -0.13898792693012915 0.07666304654392492 0.027285010404234904 -0.4462245304035304 0.6450220256088844 -0.524249639565773 0.37731993022246824 -0.532150471158224 -0.5370465753045763 0.31494348314174764 -0.0987416202581769 -0.38801193488020264 0.04334130833037363 -0.05481512211600753
5 3 -0.18661344376889336 -0.2176876942380418 0.08686880668600953 0.14393263026726147 1.159324456190855e-32 1.2702701871007509e-08 0.23116219919308567 -0.21298366952989853 -0.12306638557277311 -0.20349184534724574 0.2557548246966937 0.053648997996186554 3.871821692997064e-06 -5.186856437178016e-11 -0.044498543255069196 8.582503967483666e-06 -0.1561754166711323 -0.17748208252309217 -3.5783438722845247e-10 -0.29266726009115324 0.08808296696850064
5 3 -0.49309895534487 -0.35404053057185175 0.1920650267930233 -0.08945803336464837 0.29287670753670114 -4.741840451306246e-10 0.3190227573192768 -0.047366651349272294 -0.555399063193041 0.18036613615856698 0.1957875353954701 0.6966958078316691 0.18622728936877966 -0.4742347319479867 0.18113528434454748 -0.32093957242540355 -0.3868522997457524 0.19004234005816453 0.3400424506311284 0.41216250553196854 0.0803123936894398
5 3 -0.12639915140702224 0.08327426705400026 0.2300873449723701 -0.2676706458074577 -0.09452996243554361 4.6856156813049045e-40 -0.5238061553638241 0.26324786101892766 -0.3055629937839832 0.22701215721588863 -0.48295246075123743 0.06139533892741737 0.39293412673127476 -0.35389478707483557 0.37677558055913524 -1.9689089134015167e-09 -0.28751036745395875 0.38452102120926035 -0.39732230962612436 -0.44465444119145653 -0.24654535808470457
5 3 0.11346662627933814 0.40641122431335003 -0.3021660572175414 0.23362257158231997 -0.31781705762386525 -1.4217566249087557e-06 -0.039391096315928464 -0.30090192425780005 0.15525406447453427 -0.40015708621547985 0.10915006545848598 0.07408053000630958 -0.6118873180249496 0.1128778448411146 0.25871998906497884 0.26103218817371254 0.3220129092887043 -0.09431048222877701 -0.3697610327397497 -0.46623847582490036 -0.14999856833938624
5 4 -0.2253019393629188 9.521545585125476e-06 -0.17790906642659338 -0.169340456202279 0.8176811177368885 -0.6186039223495121 -1.060839079185235 0.13409706248601438 0.4313151807706603 0.5205923994407315 0.7140984199168348 -0.34749139446081406 0.3357222242693827 0.29930294282552317 0.2849188277755318 -0.9486236851162666 0.13494368712057525 -0.15047082798586878 0.9603471384619019 -0.36972013223600453 -0.07551392417159003
