Number of NNs: 3
NN configuration 1: 11 20 20 1
NN configuration 2: 11 20 20 1
NN configuration 3: 11 20 20 1
NN Layer Weights Bias
1 2 -0.21675781577142023 -0.17841116744018198 -0.38623891843358416 0.17839551822912791 -0.15412084914961705 0.4236787843092576 -0.22733023429139748 0.005662712049531806 -0.36610288411318626 -0.35877310254704115 -0.41664607016005595 0.31227482798130385
1 2 -0.04068383075783819 -0.3616174414302458 0.29267682013973334 0.011034803386709792 0.21465466590544544 0.4762414930507836 -0.29743417932824784 0.3877133600799751 -0.13171174167842012 -0.3158466029715664 -0.18497685915902934 0.024664430626693643
1 2 0.3336855986310988 0.5198280100220745 -0.1965409344280906 0.10538420075636624 0.33286759253229564 -0.18033504530544284 -0.43738931535017017 -0.3312091007988324 0.12346354044667157 -0.32082226072279785 -0.3455080028318886 0.31115860481259
1 2 -0.18873342072324242 0.07817012979083032 -0.047569179065316776 -0.04444246528849866 0.6577710679910127 -0.10631207190950373 0.11808803064926046 0.11762735778853814 0.19949659142327225 0.6041937117892197 -0.19097233586846823 -0.1798139413682969
1 2 0.0651649823585086 -0.005015445801172579 0.13110555098180854 -0.268244048426393 0.13449195697906077 0.04480618737566011 -0.46810774140721645 0.1558642860629411 -0.06575323315027132 0.37898519610596687 0.46176660475640646 0.2078146690868476
1 2 0.36195813447260783 -0.23851514420123768 0.21312581596679525 0.3523662923403477 -0.21080713858719663 -0.3663826585090962 -0.16442987377942664 -0.3254878581961967 -0.3205995810849735 0.32173824882488533 0.3360688086239301 -0.4022959387731512
1 2 0.3119306820312073 -0.200109453173108 0.4554038788286613 -0.2674098366191187 0.18380353985301306 -0.07209207148778665 0.17298173367282613 0.055450784091931736 0.1427334896508687 0.0016120677902650205 0.6312908870168603 -0.20629500460840858
1 2 0.4216064918112731 -0.06791307828856823 0.1851635458994763 -0.36666731367236194 -0.25716471586309647 0.33934930814416214 -0.30841139705107373 -0.26676524921843914 0.1863868597882891 -0.14551412634466784 0.02736642489055587 0.28828355337168304
1 2 0.06138781819805511 0.3334542393117977 -0.046692772801530474 0.41338035009353685 0.09482256901721763 -0.24643443837350326 -0.04205573913740587 -0.3965120951153861 -0.3513388408509675 -0.05680364746353451 0.053822184384913936 -0.35634449095056425
1 2 -0.06493162597461441 -0.39943529577553044 0.24202367640351646 -0.09773078972601258 0.1898922676099812 0.0906283670946628 -0.3676589460220034 -0.16526811576578404 0.0715540977520404 -0.2797014184171206 -0.36691932417444634 0.35963372593184323
1 2 0.36771512894877123 0.2382455282583369 -0.3462327577892059 0.31730148718835716 -0.026607375560870006 0.30360548024246165 -0.3999425359505387 -0.1631983973694207 0.2851485884813666 -0.3367967510108101 -0.2514605123035639 -0.3428068906364014
1 2 -0.2327007306535685 0.17720494358363922 -0.30303134522631886 -0.10984058798753818 0.20369648053389794 -0.008649036335339953 -0.3405305591791623 0.2324302988883771 -0.271005705077033 0.3313492617394909 -0.2903956678291734 0.11577244825272472
1 2 -0.17809085012534184 -0.1624979152365935 0.24104722217261731 -0.5398356878439312 0.2502927066250384 -0.37723966604700915 -0.04970855470766534 0.3318846120432723 0.07566324244954092 -0.04571984043059068 -0.3437453639515352 0.023209915402076075
1 2 -0.3788286503875672 -0.3342856773064363 0.26730064000724385 0.23342438600689958 -0.3841322050775008 -0.06032864904827242 0.42420388519370394 0.42298620511906504 -0.22702293699878473 0.46417286877411496 -0.24065965641146264 -0.0008084923739314115
1 2 -0.22235773218388133 -0.2924596326722176 -0.1839369612944526 0.19290383712820344 -0.19067922883467073 0.5392846642120116 0.11427561293355214 -0.27739920346011043 -0.10268799295858172 -0.08050260421520457 -0.4242731590632035 -0.06878257799913252
1 2 -0.1316173960174089 -0.3901734974715843 0.07047381835486581 0.06172472954717699 -0.1661778304497466 -0.013537845094805276 -0.4690485978437382 0.337122718601552 -0.29947756031217887 0.3303681520897164 -0.1168767034935315 -0.33007343855392685
1 2 -0.01843623808152555 0.2973542466550751 0.05264848770508512 -0.4082323393517694 0.14673818691925652 -0.29630659369375406 -0.18917195048892277 0.009710808554874417 0.10067054768030777 -0.4140016554120099 -0.26109736645849646 -0.3282223854398011
1 2 0.056980360700057575 0.09865391599761916 0.3082719720758811 -0.14905990115418846 -0.28845374638815974 -0.20799107721897608 0.04990642916711733 0.16382603195229015 -0.08375488853943173 -0.335176090451348 -0.044335964478202254 -0.06732798625792792
1 2 0.3049693751244806 -0.334293112402626 0.42153389405397473 0.046814043896525506 0.017763737938360703 0.25215488416239584 -0.0734537958443568 -0.351070208218895 -0.36478253519852566 -0.13850902043837335 -0.04508286377099004 -0.10174137373928716
1 2 -0.1804262976026836 -0.07948671798461507 -0.4438911745794596 -0.2923300603462972 -0.4228448326283257 -0.3998724985067636 -0.1970273669114086 -0.5259204523011597 0.21681542957151181 -0.07806102043522696 0.059795362761059234 0.40972215807853235
1 3 -0.30754906641784574 0.11367946242208356 0.4263753349358729 -0.13971031566507114 -0.1248395920699699 -0.18045723893021737 -0.2254175426980486 -0.11870139341371537 0.0014373983885192395 -0.012938791745245651 0.1733738575295503 -0.14285890250192487 0.16025029967112428 0.07119469012254498 0.41698619094337325 0.03517555470788007 0.21711158228115837 0.5334699206698604 -0.4692212014497862 0.10600828060116436 0.09976419184387003
1 3 0.4095170345649862 0.009569553095619538 0.21194954206790956 0.00023488120874938555 -0.3024536453786747 0.14675892761989529 -0.17219473266062732 -0.26052469876238754 -0.02520421403782539 -0.04891351016405497 0.0021485902064475 -0.11626344296067814 -0.2061385709356569 -0.1504353432320772 -0.3000906965847972 0.38518835298925275 -0.022627674493586068 0.4403417184023376 0.2556989265578815 -0.3060384076348274 0.23445110427825314
1 3 -0.174327760776124 -0.2827686005110729 -0.031552155526136764 0.021966443298118674 -0.2195867524462703 0.22744044578942121 0.2692735654500579 0.1542437267346656 0.0005406805789633976 -0.13395630622394988 -0.00025493541842089035 -1.1958954808381863e-05 -0.07676315623096398 -1.465053498938124e-05 -0.0005243887740227159 -0.060860034900418754 0.002369642394037142 -0.33307311645872 -0.11675272046827781 -0.18772654571896344 0.06254027279024814
1 3 0.04864322753336884 -0.1645182735946821 -0.17517990454433108 -0.3685911946087884 0.1946089642348032 -0.20901519878857716 -0.12893778248165663 0.2536486605608483 0.01257767082655675 -0.06751240818088354 -0.012784563669494537 0.103589775518728 0.20101727243131473 0.0005358625930882319 0.3463339756234293 -0.09609109707031552 -0.1120216454295698 -0.27353789410073603 0.14622492415482868 0.10306584930218307 -0.2611598276869368
1 3 -0.3203533606038094 0.052494709495842264 0.04616429085099153 -0.6278659955019773 0.2132440899698254 -0.24224544190831168 -0.2603028104683996 0.063252079561189 -0.09603274294936825 0.28407358997538257 -0.10534745817518419 0.09502783909395277 0.1257170645331008 0.16564624765879088 0.2565401921131487 0.036799073797953726 -0.256062192032006 -0.22907051061726658 0.20238980212773014 0.22933274041738463 -0.23538716524373143
1 3 -0.3408370216969199 0.03429323130153904 0.2665576299902132 0.1957706455509112 -0.3161084556864842 -0.17510313431639743 -0.39309435474597076 0.20809646996422818 0.05193892743423432 -0.31005871224432 0.48825795480838263 -0.03393969621375335 0.08310735448177463 -0.13607294412585788 0.10134604158256501 -0.06411029966538472 0.15733577586681452 0.3765358675449841 -0.011721534329264913 0.23930803138843168 -0.18797379323454153
1 3 0.2827627974726422 0.29052955811256265 0.012814960305181795 0.046620512705854746 0.08081032843775499 0.11591757263046551 -0.07177747748211684 -0.16497327721328794 -0.05757436477792588 0.012215535999285336 0.18162193364909637 -0.03858064244849923 -0.011105239092789399 0.4321622993378803 0.23169606019455036 -0.08275753691807765 0.21758999677168833 -0.03173392697664727 -0.008348886777850617 0.20069545003126982 0.18256260765198792
1 3 0.23980906993380033 -0.4122435712062616 0.13821224650421074 -0.2545504771889835 0.35574964730879444 0.1499174357561172 -0.5058988280153798 -0.047612614971206446 0.055787267637269274 -0.16068661024400266 -0.07087533787074637 -0.05853042815462785 -0.19208130661538209 0.19475195226735853 -0.1974576042632417 0.30157122653119917 -0.35083508671561053 0.27472765758206075 -0.2143335214170212 0.08818865372077479 -0.004037431085067095
1 3 -0.1334598304932032 0.28950603341407893 0.32213819469795124 -0.3563337725762394 0.07114660655933948 0.24094190389001272 0.12183775551921837 0.3183003140883886 -0.00240204218412859 0.17268541224196715 -0.08952245863030593 0.17346834899088653 -0.3774279526204662 -0.46898644100340725 0.16137501132844528 -0.18053615597142378 -0.36053039143916554 -0.06535748543077294 0.5424166240295853 0.39721930024683305 0.3103843070178782
1 3 0.009025916509728938 -0.009822638211981247 0.048763778470287136 0.011741709396298329 -0.01901694712321366 -0.0036659184293785082 0.028550637027592866 -0.003421234046928215 -5.219212052655166e-06 -0.0010667829760233546 -1.8891094001456134e-05 -2.0131751929848425e-08 -0.022985321127655053 -0.07812318901298254 0.003896657488755346 0.0058157240606941645 -0.005426134362666473 2.608674061263875e-09 0.00889517548312454 -0.049841175079169624 -0.19682919187381503
1 3 7.567204711389726e-05 -0.04310235186979707 0.041670963843374334 0.024276694596017046 -0.04492720432722546 0.041178019724761025 -0.004051362017824415 0.000252207673780373 -0.00012426045707262623 1.0983816508179014e-06 0.0009008948277259807 -0.06551592792328709 -0.03778783826016285 -0.07388610019492416 -6.1157888003224925e-06 0.03896416919019268 0.008056553934357837 0.007931055045736886 -0.030467919636357046 -0.09272776346460687 -0.26790205925753646
1 3 -0.10219623846879691 -0.319588454444831 -0.11461251927361321 -0.519401078548383 0.23371572092817383 -0.19614881616822577 -0.4243705192289165 0.33506312920852366 -0.002372311245212293 0.38858042951067473 -0.3044222360062137 -0.20392531037959402 -0.19134810748916042 -0.35137442818656833 -0.05839475015147479 0.3285888452779148 0.09249903799474778 0.19860335036329335 0.016349338967224132 0.25794051278016367 0.39437042128463506
1 3 -0.04033878884984118 0.02875526003905117 -3.7749494406626595e-05 2.3020310669870293e-10 -0.07151969417138315 -0.015023448392505198 -0.06520293458524296 -0.0054070209366126575 0.051343113684375316 -0.0009126888711475735 0.03314015967382118 1.1628467254633146e-06 -0.013128297342228023 -0.02616653208640881 0.0039185067633281355 0.08795208758236761 -0.013076289551852756 -0.0805034616786924 -0.08801620903617814 -0.07475369565906635 -0.2491046546049066
1 3 -0.0452847849244778 0.05369477834308752 -0.14763494269338198 1.380149299044766e-05 7.808339296785336e-06 -0.0030697362080017374 0.07388871708800485 -0.09889543860622013 0.016413589867192206 0.08118210270771949 0.14157083070228055 0.35603252654548617 -0.3118633245140486 0.11590112335301395 0.32962959908553624 -0.3162462914610825 -0.16162491808894874 0.0002735006263523976 -0.024115623164913984 -0.2549149673182464 -0.3188358725925671
1 3 -0.2742585076350583 -0.3097728668889628 0.3138875058193605 0.10916329654571244 -0.14098725938933326 0.0002467676027287933 -0.030170079072811183 -0.3829536211054117 1.8702264161986915e-06 0.11281051433339705 -3.567732116113314e-08 0.2619482138344216 0.22346233275422697 0.15490520397692456 0.0002841986851417529 -0.25911033419159385 0.010944672505108083 0.16318323605716537 -0.01608889388792935 -0.3550185721923916 -0.3005506708531143
1 3 0.2940185404133945 0.026259092300578022 0.2714020319826135 0.03796138283136784 -0.29961140240583894 0.07016468500674707 0.3021985821069774 0.27138630239791217 -0.0029360308643248284 0.18257551444661127 0.055185764534185035 0.15445898562568902 -0.2929914444775166 0.3965912840029853 -0.3904580979618054 -0.22352914626792833 0.08525691190959081 0.2905471040601579 -0.457353705090533 -0.0204891722300428 0.16160913258266146
1 3 0.14979314088461423 -0.09429030480421546 -0.14511909572994425 -0.3487577820708142 -0.105351883395044 -0.32112860475430605 -0.10205488887200226 0.09081903028131576 -0.07519265498169878 -0.24685163772561283 0.3913767452341293 0.170336803511469 -0.014755041571082953 0.16262594548191395 -0.38612146723838575 0.027115681382195327 -0.19606637632491536 -0.11441330794436212 0.29808582317474797 0.1749728863683383 -0.1289558034198246
1 3 -0.009478228516987746 -0.021698637948511516 -0.20948194245136173 -0.055892902130871315 -0.11352830719739193 -0.16396774906127778 -0.40833182680576313 0.07037030820570989 0.004395645983414667 -0.011395185851395958 0.10352629548701947 -0.17076812013510959 -0.10987707974705258 -0.011383870665649711 0.17154407941111313 0.03197879727321432 -0.09586925888402076 0.0436791903988134 0.44480064734024904 -0.18782671682124244 0.2649812014710888
1 3 0.34785694877899315 -0.24199170264479264 -0.29066155508662245 0.06752150476199772 -0.10659437601638468 0.1007552101997061 0.00035940201054488017 0.3435952099623722 0.04194660433687753 0.33788188441486816 0.08212486456119233 -0.29134471560996117 0.09641316614492718 -0.11170479252500944 -0.15639755126715332 -0.24310894324040494 -0.07543575186201797 0.1385287276890743 0.1062860425205636 -0.028682863643056344 -0.25736400659198283
1 3 -0.01611880822038668 0.016340484617933415 0.006066668609115624 -0.009434979907735449 0.07874873903859039 -0.05832235411329644 8.513629144366668e-08 -0.01096640397689126 9.79706326515826e-07 -0.0843679551715908 3.443055264649088e-06 -0.042022909669218664 0.018030742479996448 -0.06727023575506515 0.05891354261732484 1.9655615009842716e-10 0.054408391334105896 -0.0500728889421699 -0.007368320098240156 -0.038015561547817586 -0.1815544796777295
1 4 -0.4372550718574887 0.4024483331918662 0.016047424655916364 0.08989519530956555 0.1879653587876802 -0.2588231221279547 -0.1490762319557356 0.4856606599267717 0.037941042655475314 0.08771391159383843 -0.06834409951789594 0.5117094991652141 -1.9010847821976084e-10 -0.1674551573558923 0.03862773771905421 -0.06999879577742399 -0.31648918425659844 0.38062145846145407 -0.18318535644058462 -0.024849499072268244 -0.26193323182581735
2 2 0.12163507736455541 -0.40458380912124164 0.07730289107212901 -0.31938242675042605 -0.07982875564456565 0.2579984175287335 0.4114088109282173 0.11264111613482229 0.5232330666664379 -0.06329828990286154 -0.11093751008340855 0.03417938363700297
2 2 -0.10966900425402495 0.07820186893045647 -0.19444585629691147 -0.3641018967306925 0.4861169971395302 -0.36541290324872794 -0.07413746294976332 -0.18563475551991812 0.583043428668483 0.16644260631727334 0.07288264599982527 -0.04662556516323661
2 2 0.36339961325491354 -0.28245011756862787 0.3957389195196393 0.22979585150663967 0.03271304250147271 -0.1257024306516941 0.09959014182091054 0.05290681657191785 0.2600559006473162 0.2632278758955474 0.32542361885232846 0.29011821264781323
2 2 0.22928918039839954 -0.07162406783129818 -0.3368802193037634 -0.20311891498300486 -0.4140748692309614 0.10316038048527226 -0.3432628091271764 0.29941144320749563 -0.28817204924507867 0.350837222199436 0.2848650745896008 -0.3870667388679027
2 2 -0.22928056752470424 -0.24348246508119767 -0.39940637529278616 -0.31353772823052145 -0.1937192286687252 -0.3757616159923546 0.23125918430138623 -0.05435442235300405 -0.07401676086033815 0.1528698510757002 -0.5352827318551503 0.386079987656764
2 2 -0.30757970402788937 0.1139399812289479 0.21919644661824988 0.23290786642474307 0.2808247429677161 -0.2114384755319069 0.16640206867322244 -0.06624744219473107 0.18309042469612857 0.5022018964979948 -0.3422509866346767 0.009919487283618689
2 2 0.2969867005713073 0.002136439118681671 -0.2340069125404207 -0.08726781653803528 -0.1318572327210681 -0.43443464289423334 0.038168980177882963 -0.027013975009025998 -0.3094993534829818 -0.5135363749796525 0.40917908339879505 -0.03565619399945812
2 2 0.3553966651686564 0.02422305482750906 -0.05640477465966511 -0.04087729672264654 0.03154389340156131 0.05132238758054136 -0.01927000258326341 0.33248104942919243 -0.06477934795785967 0.14452676941350925 -0.35367025966224724 0.25386190635256345
2 2 -0.07990738313079176 -0.23322644613189703 -0.3058736202815433 -0.3060477224662076 0.4642856676554495 -0.03843048766224803 0.20413748874768714 0.2373706170969506 -0.22364787578717576 0.4324782715176031 -0.31157790008179576 -0.34090249038857573
2 2 -0.05171819003729805 0.10193143389138412 0.14004456922730954 0.00879080278011144 0.22955702543380607 0.2511190611456667 -0.46893923757980693 -0.15616411231509464 0.22826122924188122 -0.14381336275869397 -0.32948516119002175 -0.04064363513377886
2 2 -0.08967844337592981 0.14085409877064248 0.38370580660228415 -0.2597181305102066 -0.12439582228731066 -0.4239289668882127 -0.25091213555321934 0.09833902066304692 0.1920817630724105 -0.42168012981263553 0.46439741141208224 -0.2950328416520222
2 2 0.10696953820366915 -0.2912288857228611 -0.17984329152139877 -0.3841499368846333 -0.2302418500613886 0.00042295835134915796 -0.05290612066213038 0.09906403659814829 -0.4000461386564169 -0.2125382547806363 0.37436983424136766 -0.039172999794987964
2 2 0.4274871525624401 -0.0794648953915277 0.060224594266518695 -0.06360679045158547 0.041560288628945515 0.32938254901968655 0.41517881481078606 0.523237023635443 -0.4779191261796791 -0.11901962240560975 0.06971833945427416 -0.31038489895831023
2 2 -6.92773762770373e-08 0.0041897337930722495 -5.218862245057903e-09 0.019229345905902643 6.810746441207957e-05 -1.160114427368527e-08 -2.992677711309405e-14 -0.03891621781795382 0.025591026957405318 1.419676395238597e-05 -0.014420883190139148 -0.13045584502161656
2 2 -0.4642499179715111 -0.28980376051200574 0.5218640768945316 0.2156838497452125 0.38550539714968557 0.14440646357391007 0.20685788441733144 -0.2560973448369783 0.10387972396070948 0.35605863908984964 -0.21384265590580698 0.11900819283883364
2 2 0.14740296795538854 -0.48095940492778505 -0.25213230447785573 -0.191137907972774 -0.17004194824037355 0.07281436963653416 -0.026751588918155825 -0.4761348589384437 0.04108340324953788 0.01877071380490701 0.2611221971691861 -0.2112597601528017
2 2 -0.3518714083723589 0.0824417065097277 0.24014208151460542 0.22619849393680494 -0.2806552117391116 0.22224464970162758 0.2934277554637405 -0.0030752494888046373 -0.36292081259920794 0.47419436188330144 -0.3563578823926188 0.2200839499612976
2 2 -0.1488107687353354 -0.20442700636612013 -0.1829791275658511 0.05731381663817487 0.4377635558798195 -0.4136420301692319 -0.30216675076781996 0.3462104170634316 0.26358014050945655 0.43218377156742516 0.37426052569671475 -0.35356970219643585
2 2 -0.020284516588153875 0.1478082139149068 -0.10304298441868828 -0.3505282312143919 -0.12648058129152245 -0.21985688063563139 -0.40098720339156907 0.36709244028486576 -0.2045922522506848 0.2938998729482226 -0.16984817172733024 -0.17235971814944578
2 2 -0.11490218300268602 0.37159349795779867 -0.18559200382100915 -0.4829579774275154 -0.13776343534563482 0.0022120720192008556 0.21865215241470173 -9.747112869141168e-05 -0.25657931107148124 -0.23888047666858397 -0.2368031006213651 -0.1589858954687754
2 3 0.48942838526332894 0.010021216529035053 0.0031144021821133505 0.23717990512873374 0.08742142127440443 0.04953196526643107 -0.34599418179655267 0.3318756139789526 -0.09181926951141008 0.09012968060337395 -0.09008013651926715 -0.2298544379722724 -0.24142571537105453 7.832061870307749e-07 0.10236027072782256 0.3384547544478379 -0.5270031233199783 -0.08561011636588539 -0.45587559384564724 -0.06573611569345483 -0.17338543566815
2 3 -0.1898127284820797 0.13989406904525253 0.21435439616421495 0.2841125939614487 0.23281359162517548 0.04456544195729028 -0.3226875428777048 0.2561396600711863 -0.21991907813860959 -0.08554472551102182 -0.09300405736293368 0.11225772414011834 -0.4711831023541206 4.124706788136753e-08 0.30799204862975693 0.1441804238342814 0.005430849591144806 0.2894303244550729 0.2608649206829116 0.14863705470840372 -0.05206325625882931
2 3 -0.32169884565146334 -0.3672412425449507 -0.4385247772367077 0.34058452383806104 0.12686694601854506 -0.05563068198407602 -0.4467433370216689 0.22313522217147794 0.027182713442501054 0.07917785067854895 -0.5081693707210538 0.1658369910884072 -0.336766116679561 0.02757041660936769 -0.07928180034086348 0.00361752627782058 -0.1412559009212097 -0.17220968773160547 0.11923135521652536 0.23536432030489612 -0.27749577383536045
2 3 0.16549298430143786 -0.015024671381557305 -0.23612606152344076 -0.07921652710150126 0.1941197714887184 -0.26706702600841264 0.349433597151991 0.08162905606307802 -0.017806976362805312 -0.035311052773106165 0.058476710107258675 -0.0730840376559434 -0.1954655769907315 -0.0023527254097975504 0.3797059977574851 0.20197612408358506 -0.15463151041886883 0.41563360677566336 0.2792216014493429 0.2150580754896202 -0.16911446062712002
2 3 0.3386925394591736 0.22166558579123827 -0.29769327818188435 0.14640931298958393 0.13163768470265122 0.03232481476588345 0.41322146912733954 -0.23594851411202308 0.19902689314114394 -0.18544033916076202 0.12697235717279354 -0.26813500413185737 0.3486631161260542 2.956899954083071e-05 -0.14801298564649462 0.2993009287873099 -0.053831102269485835 0.022063567410317144 -0.231394118515279 0.12453079897571155 0.19194271552877196
2 3 -0.29349818215352586 -0.2965444430706904 0.14026700403474673 -0.1057290271917509 0.3655060690233739 0.25463247434562425 0.07798570429036511 0.11841655186457763 0.1317417010771345 0.34274864458780285 0.2937212916771669 0.33370078854529345 0.28057429859218197 0.0020174721044331455 0.26239675716917804 0.11142978106219305 -0.16068790840863276 -0.33553341130059944 -0.14969795030534147 0.378044663555379 0.14090572238166352
2 3 0.14361388584288173 0.3527843523013148 0.2513001044056429 0.2691988740970221 -0.26115739637781205 0.4146061053000226 0.0722133151548796 0.009656362109348733 0.4791704457347397 0.19302943839735667 0.2080862325858065 -0.11214623310035003 0.6760176422871806 0.014351900128418481 0.4491545028326805 0.14876793275593686 0.03229292656879574 -0.33834920810222824 -0.21905209514978147 -0.3165402482619251 -0.03816713629063241
2 3 0.1731268248919218 -0.2641848548625927 0.08978693911335581 -0.031306169296426066 -0.1113384661259097 -0.11062112770100367 0.21136266844867072 -0.015794047977644936 0.02242199989167841 0.23098682014832123 0.29645069566062393 0.10744428662944035 0.3845243333504214 0.004338963395571306 -0.4430060771432457 -0.33571591197095624 0.10667908571449762 -0.4882753882939474 -0.22830012074142794 0.11517213230042443 0.3425907728438417
2 3 0.018162885334251453 0.033690385100932925 0.2404678908880695 0.027112959872074235 -0.11077309205901943 -7.571463094711876e-06 -0.07496676436443249 -0.2539543767082038 0.2995457895997155 -0.33632880034011087 -0.09198514974248495 0.2221212340709635 -0.4196480356888241 -0.020740419531994826 -0.3594143735041349 0.44010986624019305 -0.5356726896142049 0.11204177528154717 -0.028960528016428615 -0.11561272203008563 0.1899091313083813
2 3 -0.13840680079534917 0.3014330021304246 -0.34158363525781693 0.0583036456400189 0.0182179896414519 0.21275280628214574 -0.1880208916645702 0.2907505872834893 0.5015023765843915 0.31420753949772956 -0.2013566121139041 -0.042146846042488396 0.21254113839906458 -4.904912384262494e-13 0.07052020894190587 -0.20145522818969058 0.02509474219498646 -0.3902380798496808 0.27372719768018566 0.18943305350841638 0.2653285505266692
2 3 0.043837238564323894 -0.1464790370758525 -0.5610535167389709 -0.23892950630179474 0.06105541975277426 0.03194027286907927 -0.05922729704753291 -0.42674082841166344 -0.27947241885820584 0.48935800667952795 0.2100431138354725 -0.3164633019704444 0.10317182380581139 0.021243192806829646 0.3690647742978801 0.017013572092866414 0.04483831325310457 0.14473410272888967 -0.07314318393870003 -0.23137758674852293 0.10658998310023801
2 3 0.3604531316118182 -0.1283521570944464 -0.22403406735848222 -0.2666479267664554 0.2126826084705819 -0.029466421691814203 0.350597707415233 0.3441163550324874 0.24453968391015676 0.4156337569895392 -0.014101025659152062 0.005301597671655647 0.15321576296757458 0.0009181635275710965 -0.38044305198866185 -0.18053508953383554 0.32579938452344204 -0.4868450507110405 0.14929750947889417 0.19468078890061652 -0.2692109056009868
2 3 0.18472246853260121 -0.09433046606851972 0.05425520415944706 -0.04846200218828646 0.07596174840171505 -0.15201943986922595 0.39657436371773597 -0.25161941275877786 0.19595203828569593 -0.03848862284648916 0.337838967935923 0.30287205623688745 0.09900957764367647 -8.134531675644108e-07 0.3351938055124466 0.2026814726099702 0.43933694139209756 -0.47764757146054604 0.06936346205291606 0.36434958088685165 -0.271169518691272
2 3 0.09442056913289111 0.1933529272313608 0.36558476640972204 -0.46322754444400477 0.3396275526252323 -0.11218011009324325 -0.18134254330331664 -0.33890953216999825 -0.12135309880783109 -0.17485213163170918 -0.013317080602497275 0.009325991214417583 0.3534101265724333 0.009023023100666976 -0.39832810230027793 0.052595595460021974 0.1530056732952792 -0.23569052910928404 -0.09871052730326683 0.3928969869234814 0.2156976295826756
2 3 -6.450422087736671e-05 -2.3229229848828815e-08 -0.01675569848509107 1.4681433692927222e-14 0.002572188485908112 7.068647912473313e-10 -0.00028148199482141127 -0.00046585782145564577 -0.01817814029304924 1.4833288907037909e-10 0.00029411065786512743 -0.017710277222452223 -1.4597598126202354e-05 -1.1047640728896051e-12 -2.955018432212575e-09 2.9612988354029647e-09 -0.03391582952312989 -0.026620332349433402 -1.3704296485116468e-05 -5.4265668032185344e-14 -0.3224416900853989
2 3 -0.30667805961689587 0.14999977392199745 0.39940212660502655 0.2689540827325556 -0.04377105694448526 -0.016634656530966407 0.34146572881941134 0.28281471585041595 0.19050067037013846 -0.2534548531010739 -0.2788749411276151 0.06823662430206649 0.5029913046983021 -4.695510579509532e-07 -0.20425772008630447 -0.18870073099527954 -0.09334642861902781 -0.16333241275623553 -0.24674017625559028 0.11565421357209693 0.3570298505545796
2 3 1.1563667575996376e-14 -0.034216671150665436 -0.01714164417740512 -0.012742127338312923 -0.09030953473841304 0.06367245823523443 3.334653818521221e-09 -0.061634249448172425 -0.03728283239438609 -0.01163101564567475 -0.001192778913924745 -0.026248950079967512 -0.009551042340897448 -0.016361841082323372 -0.014884441182520487 -0.022567651507162292 -0.06229495136206848 0.05759931115160568 0.049831784233137146 2.889756260162296e-12 0.023645376778932817
2 3 0.3549266195561165 -0.18487395473965945 -0.3716554173340343 0.0033972568724868223 -0.3137536053530642 5.226181987712072e-08 0.19859060181315397 0.19644181480290415 -0.015493878188553628 -0.273333553877468 0.17388560941948117 -0.22198230865165428 -0.038153225976516186 -1.4747785840043028e-09 6.6059066325717126e-06 -0.23837200468352618 0.08432396859568615 0.009649872841394189 0.2498285143006494 -0.36072555666600203 -0.12604961538810955
2 3 -0.38900387763552646 -0.1605975473054238 0.22867193699689956 0.0016491325583141158 -0.0678044209095986 0.4186922734703877 0.21219987978587937 0.018294297604296926 -0.1561067810458835 -0.12181364722216095 -0.0003034680676953594 0.1897334138148204 -0.34474235141533804 -0.01847432621795126 0.14047478354296256 0.01825290280634445 -0.07744631618103681 0.5165089128418792 0.21601970677175905 -0.15608252274251516 0.0809392468205952
2 3 -0.28882634476504676 -0.2188838567219642 -0.27672701806824246 -0.17032621769511155 -0.20048659386109186 2.4024176550052842e-05 0.33423946095985707 -0.2646040036006113 0.002809486662246442 0.118910922171857 0.19113322326296117 0.26090086817767516 0.09418030254024215 -0.0030270951057412006 -7.611844906426695e-14 -0.26883004832526414 -0.06653843040740497 0.18755471341812363 -0.13539218992573304 0.14220428161202342 -0.29587095138780467
2 4 0.704971783517552 0.5624953720653942 -0.4848191370220588 0.04989191996696787 -0.27867412336148195 -0.06392245709899802 -0.7144987646561531 -0.28515672194612407 0.5728929069612744 -0.4854762435686817 0.33749999561490035 -0.4572753342236548 -0.17125875935860557 -0.016293189572978716 -0.014029977824477515 -0.015339522807934105 -0.04605830312105527 0.12204239532577674 0.4285219484099436 0.4531463371928046 0.38539980217147624
3 2 -0.5013771874437105 0.1621600926706271 -0.16025265899410784 0.00913343126958584 0.0955676187446083 0.5462195904159524 0.1918675246698852 -0.12586303586657704 -0.4088969655806924 0.3996361268373392 -0.4165882830956884 0.1651999712918687
3 2 -0.3776375147995492 0.15322831409920215 0.5236720595102851 -0.31003267362168424 -0.17230913100105866 -0.3142029797402494 0.05253002474189655 -0.1639637509730674 -0.3915267667615143 0.21157839951116808 0.36908525565658323 -0.2930441085404965
3 2 -0.0626196901471981 -0.38585041223679173 -0.2625461041448653 -0.20209725441700166 0.2832822974312202 0.23303799151636692 -0.3280841870138383 0.04086467327184842 0.020235346363006 0.00834025111279894 0.24064354829810522 -0.057105059129411745
3 2 0.3953971423813166 0.14678318171609217 -0.025298085500102076 -0.3712773547573671 0.4178810745937385 -0.45476038807434965 -0.44942793263223174 -0.23938265694328478 -0.35006537135244686 -0.2805503694059587 0.22089721019317726 -0.18439627813878315
3 2 -0.10892676742315388 0.3953427763419044 0.1436683982565376 0.07814255256483958 -0.12361928590161408 -0.40479765452562744 0.6207423268450499 0.21311059307545147 -0.45861852280811705 -0.03948683157244638 0.3775126985960917 0.26360346845503907
3 2 0.3324324410598667 -0.3951609114040118 0.5488141592804223 0.24111747347047757 0.4304149424776918 -0.19625534694215888 0.15411552358336347 0.39374038575315673 0.07848105708350424 -0.021921821192828386 -0.4633563093912959 -0.37473890752059313
3 2 -0.2183054980018097 -0.336047386429622 -0.33807854626641404 0.07614811913855475 -0.18041085936311158 -0.3470516195247717 -0.33374362528919194 0.20816500062022458 0.2765979856432295 0.03117001149033499 -0.05596982381294662 -0.10991321912053827
3 2 0.04231325730365098 -0.4553928806132618 -0.08401112823047309 0.05341958924085735 -0.206635638463656 0.2600965136534895 -0.029877805343950646 -0.12712428127956144 0.17391878752509102 0.17763320832900553 0.5380659810003457 0.29347336139973035
3 2 -0.3286689912787903 0.1314794055940841 -0.05789584773767712 0.38980682842505754 -0.45155872665563845 -0.3662648416058255 -0.2592503130784249 0.3474365032514271 0.27851593654019435 -0.6954273593196978 -0.04926977876868951 0.20621060537468383
3 2 -0.4744361237849322 -0.4566743340718307 -0.31046052982030065 -0.06463917261925571 0.21271316374960442 0.21710040577017123 -0.19654183105676246 -0.36882477229447524 -0.4456013306845911 0.2912039241750379 -0.5111734428740264 -0.015152652570149989
3 2 -9.826176786995091e-48 -2.995165000505588e-58 -1.1356354809148303e-57 8.259908980294712e-30 3.3219909243201287e-49 -1.7587218314859388e-12 5.137172464123632e-16 1.989849880905418e-15 1.3816050994478365e-12 3.460533321972026e-20 8.204231249445501e-15 -0.32459891379835387
3 2 -0.07696379286306346 0.26322343138917176 0.1774581401583425 -0.007786284424442253 -0.31542415409656116 0.19104557050510917 -0.13623420403608152 -0.43373655276727546 -0.2097319837983729 -0.25873565119639597 0.29612328236592284 -0.04177841889472247
3 2 0.477121385274559 -0.3802414776338482 -0.06133306810526007 0.12587871710092952 -0.4044836418137182 0.31454298417666854 -0.11520348036040726 0.014572425670671725 0.24575360333617052 0.043221353632029176 -0.1946963775714407 0.35488673998493886
3 2 0.015017930005468718 0.46410066258898725 -0.1764660932240247 0.03370968519997453 0.324654081470911 -0.21945326853913405 0.23865105322006835 -0.4814162286817067 -0.38384157644707184 -0.23477020417612202 -0.35801916696806646 0.3259984115901782
3 2 -0.023759767884706358 -0.022351797482240175 0.15102984346527867 0.18441874056295246 -0.3955400915933478 0.3306188980431079 -0.3657448821373357 0.14165406234488453 -0.3933951246624347 0.06868270285718073 -0.49918579554071585 0.27529566728741733
3 2 0.0706157402890697 -0.2241234831162667 -0.3281017388196443 0.1689639549030307 -0.33851261719716935 -0.2235798366140085 0.374187129603264 0.3816818777420468 -0.044404594342702136 0.48715485391027025 0.1323538032301349 0.3291737107087328
3 2 0.11662913962371095 0.19342763636592625 0.05384520568282058 0.16287076634890557 -0.37359368933687004 0.30401931949170335 -0.3005680814664897 -0.0017339987035660063 -0.43578347207675394 -0.34768967599830003 0.16283873218162034 0.1210510196882167
3 2 -0.3174035221034514 -0.37303883747889194 0.05969857202055527 -0.36251341523629443 0.19179858390002646 0.33559596007092 -0.4042497255357305 -0.1268538818330038 -0.015785754062657927 -0.0002707375203236824 -0.3276988991864192 -0.180231358580885
3 2 -0.22025046977915777 -0.19866365104008554 -0.16137958970796662 0.2594931156268289 -0.19522855622280366 -0.037678674004183045 -0.2706243471366865 -0.005515085509164541 0.10142020482695212 -0.4435704144480562 0.39602720636485905 -0.38074784742828544
3 2 -0.4314489608870624 0.20522946127801384 0.14841626277958334 0.30886129272113405 -0.010845256967198869 -0.23122971522821323 -0.4618062375556062 0.4114392017322413 -0.2506040823508441 -0.19639270121070523 0.1829014185397476 0.5085150459076667
3 3 0.5227066104807628 -0.07576091738120039 0.12519217701558424 -0.12665494639421915 0.2469205798039927 0.6942698700367551 -0.08248674999880039 -0.5961742433181882 -0.3247515567108421 0.19027473786934346 5.079014885980229e-31 0.12678191562954755 -0.27287893787750245 -0.3660417518285315 -0.18776791362743073 -0.007889422401445223 0.2731079449139347 0.11933642512629952 0.004807031491350356 0.12677771181451122 -0.1543544334255064
3 3 -0.2973375198633059 0.33652441276100775 0.5252733086422451 0.20513243920111768 0.4618755950998627 -0.029432698166479032 0.21155980805401697 -0.12975502105990078 0.12924044978275312 0.3982772133482675 -6.235773511656745e-57 0.15136803068548255 -0.013192312684378621 0.2687350075994477 0.04302970893536928 0.5957158797551717 -0.0002570263642032596 -0.1658105508300542 0.024810580886621886 0.14037846113041602 -0.16331955225936237
3 3 0.2046403589335064 0.2232156982043642 0.3386696562718507 0.0004814063835995425 0.39525620269371164 0.05693397324870067 -0.2756122184001306 0.18512181712506073 0.07138566198377434 0.38966830155817384 -6.25239223169482e-23 0.02625449684839353 -0.26144886289677927 0.06861895600096048 0.04748530830076847 0.08894736281507461 0.11959310871956667 0.3200823576483817 0.023102420440980227 0.16332038339743854 0.14709763226601602
3 3 0.3692019660269935 0.105411216948551 -0.44000517565124175 0.3380887519024022 0.0170404526910062 -0.2437816521577586 0.22102846950032098 -0.2442111281474849 0.30386597366534057 0.02518556616474292 -3.647725591840635e-20 0.04736763075842295 -0.1378347734862533 0.20232682548230244 -0.19618720774300824 -0.41486830134931474 0.277762911348981 0.12941116483653115 0.26920028806185575 -0.10841911389015615 0.3223658495255895
3 3 0.10101348249357722 0.09181569494301525 -0.5711910228322392 0.5282215868105197 0.16390325323618332 0.24400165663400963 0.049301711077109386 -0.9331955241200948 -0.32834955355488016 -0.30573005912308565 -1.4413790809469741e-33 -0.09143121245880557 -0.06585664478386706 -0.0794858098897977 0.030544032625810107 -0.25678421867742496 0.21036276398623283 -0.22893418200314722 -0.13152627784003987 -0.01854931978079986 0.04125506256289999
3 3 -0.6074544508018724 1.1795297018264157 -0.33467521854238624 -0.060035624822649916 0.7073084435593145 -1.219423383772441 -0.09731658579803595 -0.07754005808832722 -0.40306070078696654 0.4776267619898897 1.2202779567559052e-27 -0.21076633707465045 0.2509871118974898 0.05254480148895023 0.004279323124100554 0.9505374276934985 -0.35346626916943225 -0.1954223002280832 -0.15820382008804962 -0.041191723457815764 0.26146136546422494
3 3 0.5087792572018613 0.3556250699058899 -0.3996335354655729 -0.29832651516097825 -0.7234171236003285 0.0649022411687864 0.13320836090536853 -0.41389414612336595 0.09480768164901998 -0.3676045232916163 -3.8960149622028125e-17 -0.318362186709711 -0.10171003996823644 0.17184759222654317 0.05135989011210409 -0.22738204988870817 -0.08704919213274066 -0.1692959781929596 0.25350086983384706 0.29528385766544374 0.30896604407693634
3 3 -8.556336924949397e-47 -2.4186767109174995e-67 -1.029820393201844e-30 -1.5988431022038085e-38 -1.1614907705293558e-23 -3.1240440208388696e-38 -1.0827394096274299e-18 3.4823099975755673e-48 3.6533034686725556e-33 -9.64511993253133e-55 6.386749791480122e-17 5.6600266883347475e-65 1.9651020363811139e-35 1.4108875755371946e-52 -4.393241484973227e-28 -1.0616081214906309e-21 4.664715892536725e-62 1.3971829607071792e-64 -2.9877559442351154e-24 5.401285392182704e-60 -0.21676224603259003
3 3 -0.33811147881472015 -0.27023235374969384 0.3347026833003966 -0.01190772925754235 0.005944426026520758 -0.3484085164792903 -0.2828265490874578 0.3656390850699972 0.33782480071832083 -0.15139316287800395 -4.023082826351761e-38 -0.24458375300211393 -0.027403055423525516 0.2049165668784866 0.2355761140901019 0.3435676535702743 -0.22177264255029588 0.30233045325733165 -0.09181628680572525 -0.20244939118065328 0.4563036731563923
3 3 -1.052585224294046e-13 -2.399254325782633e-22 -1.7427774116476375e-13 3.116708879538135e-24 1.667813311494274e-13 -7.640804719782796e-17 -2.7572344333666715e-16 2.146894272238901e-38 -1.1687195342602215e-25 7.593544985695082e-36 1.855559301599112e-43 1.986221755492531e-65 5.495049434909504e-59 5.6848857501206234e-39 1.2350902077378383e-23 1.885529911197373e-52 1.4204941346400358e-28 1.7576761084673174e-42 -4.2529193695967816e-67 -1.975127215565963e-43 -0.2234399043366053
3 3 0.14988987581011362 -0.05439014499075907 -0.26824736425226603 0.26931392335872767 -0.28451371151347 0.12891541910782447 -0.059486908513417425 0.467700914818984 0.12909443138018822 0.3112367141260982 -2.215001759097099e-56 0.33917285204355646 0.12458920293312534 0.20563624973577127 0.07838294857516984 0.23940904454665848 -0.12795259340757975 0.14894438404647825 0.2960912575317212 0.17604294176507795 -0.3169482606786437
3 3 -0.15197711426829272 -0.006059242622707502 -0.23144988894197063 0.11696485092542032 -0.18908992736045416 1.5431893771020632e-18 0.3147715575080866 0.10402054220369027 -0.15353389062798978 0.023879788545373485 -5.023092986977138e-64 0.1790202280221248 -0.429598377887446 -0.06483922023881589 -0.7891547878752058 -1.0054841989306553 0.5395113676950279 -0.1863225831577963 0.05471258954950732 0.1854522662449504 -0.20151691691576035
3 3 -0.015010207255613145 -0.5723011365806344 0.003988184148719178 -0.10674769919405132 0.6579318175718908 -1.1583664525600332 0.2665686334108849 0.2745134217125882 -0.378956036836761 0.3113533463621159 -2.974381682368852e-14 -0.016614051727990683 0.2768754529289013 -0.02925681364114363 -0.019087578230134503 0.5911427786570849 0.30151847608026516 -0.24248227540972386 0.01178531032180038 -0.4025821971318953 0.1630788589904147
3 3 -0.22894888083040332 -0.23314834455866615 0.1823925060166746 -0.4469629932658419 -0.8400960957089028 -1.0587933660789428 -0.042078884826343914 0.3191041589061835 -0.12366821395318119 0.09708279491715899 5.929421727681584e-62 0.35824917973967296 0.36263802014034663 0.15591388594299974 -0.07567447383508301 0.2237633247109872 0.30479385676205617 -0.1151176944304728 -0.11811078930728218 0.02066056161252064 0.09227702961782765
3 3 -0.46795631124541043 0.11613761889982747 0.11574822295470101 -0.31811670737163916 0.2306064898946991 0.20181007494020145 0.15177532500203975 0.4026233589129358 -0.14310647207635865 -0.21520173964951814 2.6186484601310816e-58 0.0926516443296753 -0.2388591233312812 0.25605301043920903 0.2068879182736317 0.6054266307731013 0.01549094959643812 -0.14889576585415537 -0.6568618813459719 0.4066612851982429 0.11813005619460178
3 3 -9.10905138321515e-63 -2.8070823907139e-17 -1.861514646894885e-18 -1.3867256527959309e-14 -8.19992003353831e-49 -1.741344888484241e-67 -1.2468647602644784e-13 -1.8517964614310407e-14 -9.593809444188068e-15 1.7539066971353467e-62 -7.610429245586908e-30 3.360634969360762e-45 -1.4758916074042675e-14 -8.72676603565189e-34 -1.1423880717387562e-44 2.113059785593154e-15 -1.527162593425195e-25 2.4913397106924907e-14 4.018343428978153e-24 -4.7867369043138755e-15 -0.13384907438223015
3 3 -0.0992816817250849 0.5258948428395402 0.28143340418164137 0.46567549085576315 -1.0701092039170614 0.4164978900312645 0.08820468324865956 0.2597469253820061 -0.1604781094750748 0.03157695947025277 6.386513433840359e-65 0.22316640713442823 0.11687954770203923 -0.39294198048705326 0.3109442167396046 0.00481517851931423 -0.14930312866945122 0.02765202139866553 -0.1438418462920482 -0.4463471067258446 -0.0238637048097463
3 3 1.2700331829179259 0.8099965758069202 -0.13338084479960574 -0.1719281389672324 0.30110599124006815 -0.7759312296333568 -0.027440428494699545 0.17205899905079983 -0.2056407549878509 -0.26715224442438207 -1.1693236560042735e-52 0.28072484935968217 -0.1803750824709661 0.21124226513934743 -0.21408182440103996 0.12884235421726867 -0.385924256143067 -0.4723081102432708 0.27552982347751515 -0.15005522749526037 0.2435244545438421
3 3 -0.6535958021577228 0.2677127785931769 0.001744813787560008 0.38928803567684217 0.30805512072023317 0.11994464689837024 0.2605644144188419 -0.21048182581323446 -0.17784296819528225 -0.14704631370866317 -5.9179466537262745e-59 0.13429340396591313 -0.12438276918482424 -0.21802111580185268 -0.09471839930001896 0.017962089842846623 0.14738530732086103 0.13388306600438163 0.15724429765844464 0.38877908334292455 -0.02893680070650658
3 3 -0.05411783263069858 -0.014971899319388669 0.03401534878534014 0.008624209067952743 -0.2431203667805248 -0.03893931791724736 -0.30624982855498295 -7.043161130655798e-38 -0.07564391117731928 0.271521076068925 7.587678174294669e-17 -1.4066949710816574e-15 -0.2268379845375691 -0.2938277747747667 -0.24521533867907205 -0.0028340318985800566 5.99127052962972e-33 0.10257043853332312 -1.783204888351542e-21 0.208322573669045 -0.17134414251311897
3 4 -0.9438034434046214 0.164979956517872 0.2537325447506478 -0.31256080985077994 -0.7921134959625843 -0.4852251327723138 -0.4020028306608865 4.228573019915389e-09 0.12791746379263633 -2.4339234542726928e-32 0.00452017176808283 -0.4340533128510732 -0.376221699470142 0.21460644853101096 0.6250472449847946 -5.124063272585674e-09 0.6524190099334201 0.9567660149774262 0.39030296652366153 0.4499606552711787 -0.3249247724973328
