Number of NNs: 3
NN configuration 1: 11 20 20 1
NN configuration 2: 11 20 20 1
NN configuration 3: 11 20 20 1
NN Layer Weights Bias
1 2 0.28580802825724627 0.382386349368213 -0.28129553839881916 0.1396415270558332 0.34146109755639825 -0.10724652450136579 0.4273215149583287 0.19531195908254378 -0.13988194419873318 0.18864646522764894 -0.2873176841770298 -0.10674303724871252
1 2 0.34733340508000365 0.3786025415816878 0.20661158434564691 -0.1410501186142504 -0.08722802354032193 0.26155920538801 0.09279111897662509 0.17108196073018336 -0.2729965948826636 -0.13203640456242585 -0.4590679202513106 0.48640023679005684
1 2 -0.4518285832324426 0.013053999625792949 -0.47157681222257275 0.07972343176030035 -0.03090378600985301 0.3219968803987658 -0.13276548285501288 -0.3209756313915519 0.3723706990967581 -0.06392110796895326 -0.2818199900539171 -0.03594858284678996
1 2 -0.20731431317034213 0.5079041643446872 -0.024547149018601697 0.16276851845955492 0.14426121660602595 -0.2719217299009532 -0.1844800727724605 0.14272040692794696 0.16374873449153823 -0.06369058596239945 0.10597492032995438 -0.2846017603450086
1 2 -0.27720267593993636 -0.2418815247463014 -0.07459121782446558 -0.015011873258325939 -0.49779588623650556 -0.2317294216046211 -0.21348519149049788 0.4180279393348279 0.018462436484126016 0.3278538726814052 -0.35703628062221454 0.2248694334174567
1 2 0.09459218379787658 0.2058894492754975 0.06423920147757006 -0.11457160871049178 0.05196385203475095 0.35414035676672057 0.11415108292062023 -0.2635805607663247 0.40166046501151725 -0.032174188381984735 0.230098615071836 -0.29503799967501737
1 2 0.2165016411012599 -0.4020432492371985 0.3441177107830928 0.07192189521804862 0.3235661713007128 0.45668246926828104 -0.14655633572025822 0.0840745883613674 0.3551900137018941 0.20826301543391626 -0.4710746240223426 -0.22621670135663038
1 2 -0.11018042386306746 -0.5325115468689509 0.17525502787786684 0.16697948254919412 -0.20184524280400537 0.3799434193339738 0.04499189771694314 -0.33215785829575123 0.44383160460114957 0.04632176979501437 -0.19840334619619712 -0.24640357802161228
1 2 0.39714285572595126 -0.02677795297626132 -0.0897908628127954 -0.2306158102424723 -0.2816986986589111 -0.006797501501336344 -0.34383568142419374 -0.09996356530541699 -0.021095048214189765 0.10952977805320947 -0.3512926642814648 0.06540698570414909
1 2 -0.11059388956031055 0.41557017972529836 -0.09840692043725324 -0.009656692982818012 -0.30084674579454374 -0.4220591959035075 0.2076141257374455 0.43129607512118007 -0.4084528498933322 0.0006138293068138633 -0.15266836406630005 0.2116162133331874
1 2 0.011458732587807044 0.04940099291792597 -0.0018895017416340856 0.030384237081934922 0.11342128401664414 0.017404389320660758 0.12248209494184586 -0.07536492189587612 0.007876889517318663 0.11455930208102469 0.011302574390285517 -0.06023179562786163
1 2 -0.34048914466568025 0.3087844978425644 -0.35932466828264964 -0.3693220872469037 -0.22746364452991624 0.14300005223060147 -0.35279227167234173 0.452643881295386 -0.03582809527019833 -0.3310967765299937 0.37829084489057496 0.010563186605832412
1 2 -0.07636349730229304 -0.1172492957639299 0.38143188294899466 0.04989539345584081 -0.22539987921432367 -0.0802493705779996 0.2581901573471315 0.4476425149753142 0.09264075830399758 0.233748779920805 -0.4451582369277406 0.42082261030290713
1 2 -0.09315697080746407 -0.37410828261826296 -0.4366623990252457 -0.21906752757823472 0.3802022266121552 0.056425551751795415 -0.10695099533340965 0.22869608983454232 -0.00774326664675033 0.3770274019026081 -0.2924454029733366 0.03551873137722694
1 2 -0.4516252502483037 -0.03689957051631156 0.23616066100550104 0.1177964251429625 -0.15937241097043983 -0.34349974483532897 0.2989274211165541 -0.16340685640102348 0.1980858899531868 -0.3460696751626786 -0.4845174351972521 -0.15836842877735466
1 2 -0.3614610656244184 -0.4232994674876202 0.11991324976165571 -0.39425776034582366 -0.4005458785650481 0.3797213207125389 0.28335808478847757 -0.035355644348763766 -0.12861681810566014 -0.020040673624832535 -0.21328189944918055 0.026613346938870817
1 2 -0.2199744684204871 -0.20923873100082488 0.21695035520290862 -0.24262509033087024 0.19279875941073774 0.35669306069682305 0.5013697617750544 0.2936563183134351 0.3048726310778154 0.25136374535766354 -0.5554907025512604 -0.19650343451877225
1 2 0.30053753631499086 -0.4504093535678304 0.3704507064517494 -0.2979812238686415 0.28745742656323914 -0.17861001932808498 0.18964346034490318 -0.2077000349840924 0.4231647006023 -0.338597052415482 -0.043972356903774136 -0.3173144863039768
1 2 0.051178972723227724 -0.05814492442079396 -0.21958338475458875 0.42377537893567074 0.0015169866369377698 -0.3221093389228401 -0.20191837268752727 0.18458241784441276 0.1018438293761958 -0.2452887259310512 -0.09718453412900367 -0.011554839905477038
1 2 -0.41060558821228216 -0.20555848209639171 -0.30606235216290384 -0.005769966759915352 -0.3421053748988815 -0.15157659328883347 -0.18542255111893322 0.008559044825307813 -0.18519844484248243 0.13725356126939275 0.4278691903435126 -0.3404548924868948
1 3 0.061964543775654975 -0.1322109409625382 0.08942598288094132 -0.08730093417643393 0.26483293253686785 0.004200652314660042 -0.3000856780396329 0.19191937797345596 -0.053515429876008956 -0.0016654948078025395 0.023737616893429764 -0.17038794331645268 -0.3481341223935402 -0.001370269805163122 -0.07811408264370949 0.14150411646513947 -0.07624332726866997 0.0493085441891007 -0.21477033187543365 -0.13515622544718328 -0.2175279333892738
1 3 -0.1508495555742921 0.39249123078134207 -0.21100794012226307 0.4163006534475627 0.029092500528546717 0.0779119508795727 0.33238186877794146 0.1337203984374462 0.14656077249239152 0.17320171495211628 -0.0006450652009757215 0.3579415517763349 -0.22696668770509254 0.2736634460335537 0.330994264805331 -0.040024543116347865 0.6276909179671623 0.10884594721543292 -0.19932869697935165 0.2561873795998501 -0.29953883640658713
1 3 0.20600159165242998 -0.29705352406167196 -0.36711471100195825 -0.055314403389035996 0.2290488081412847 0.040628206760506234 -0.15463837643854267 -0.2638804890284539 -0.3636186726069984 0.15599041618799048 0.06986416214307882 0.21170635378949818 -0.26544927854157463 0.29757080365295724 -0.24107304323873885 -0.043325077708536365 -0.03114771809154827 -0.004104857909061534 0.3499582396448087 -0.22819191518060128 0.008620578878036928
1 3 0.13756135759216875 0.3307105128941363 0.3121913052839883 -0.05138512026076521 0.062400946412970094 -0.008081051846417355 0.059877172788185024 -0.21001438419017535 -0.08873536819235635 -0.3146656880148388 -0.00698715961528562 -0.2412293445191797 0.40800680639405423 -0.5234558290773969 -0.42614406194952636 -0.08072753646129792 -0.16224689448759613 0.07423307701857791 0.07604740378470365 0.09346250618655313 0.03854191920935839
1 3 0.20021817989416643 -0.3712162170021441 0.4073785765125257 0.2882953073214433 0.27204921956408384 -0.1497870518941814 -0.3388723731188698 0.13965797253703416 -0.23460694836524765 -0.04326572132851672 0.04156761040882554 0.06083355383136093 -0.12846525530594857 -0.4150862365447098 0.029159591456238282 0.2945795563664018 -0.18625641133954707 0.38883934705169754 0.36240186663511437 -0.23801607272295783 -0.24195413990503717
1 3 0.15820462218176692 0.4542221952569605 0.18106055416696218 -0.036642503089824856 -0.19877070422888551 -0.005218024401472095 -0.15496761952183788 -0.460342444075591 0.17628329134371318 0.07423242586206268 0.014132581326504537 0.2456331287676642 0.05896343361962821 -0.4251396114347021 0.11345090668943805 -0.0633381084896493 0.5350977584716777 -0.2316592175747402 0.30476033133663677 -0.11560582145464038 -0.029018085393887835
1 3 0.020563702485467326 0.3317455971573654 -0.3861957133233449 0.26711268000151384 -0.24576680588788755 0.3124323276449282 -0.08962237437353145 -0.06118715808128514 0.045914948003706116 -0.23200952116465878 -0.0049078427611550105 0.24788757030479208 -0.18761792111434097 0.16581521242632902 -0.2132569772345529 -0.2543547211037835 0.03328337435197656 -0.09948164260936083 0.05858519945416086 0.07929319008335851 0.2512458844387675
1 3 -0.07914948294064852 0.08842819734696791 0.27306400832202116 -0.13645284287984563 -0.07729283410449234 -0.1927106698369312 -0.21236300571442318 -0.13473561096344044 0.14481921629409208 -0.27859628120551033 -0.016597475434019494 -0.0738660876961995 0.36985670743606897 -0.15439326416438046 0.0927672089882083 0.1346439155979064 -0.496028356361798 -0.2079680508241311 -0.12228806342928797 -0.3749408776033868 0.18186272433612227
1 3 0.11075584512174808 -0.3092237007373344 0.11795547653863589 -0.28959955740731536 0.06859823849357488 -0.05598142151648357 0.005131986162855501 0.06601474658003224 0.07837187132691194 -0.319216496968671 -0.0002765465390260127 -0.08574526844208849 -0.10607115179641821 0.3474734493334086 0.23119955383503812 -0.24295476196143007 -0.13066655167872157 0.25217581522013915 0.28321470370175816 -0.2758596713478866 -0.05679795938841033
1 3 -0.326860699706825 -0.29765016809198364 -0.20747818758394487 -0.4741508144155768 -0.04947296649638926 0.08405613520063293 -0.2688021695299946 -0.1248085769941046 0.09371457498122175 0.13191137429021924 -0.0021923437265648827 0.1907810230409727 0.19890534630333098 0.08732325070669121 0.12299760561917172 0.3893110164862857 -0.18497053726736354 0.07594932797376405 0.29774493452180684 0.02907156255829918 -0.07857910529965965
1 3 -0.1595025008022113 0.04250932076784566 0.13788597393578417 -0.22889227069592427 -0.18107476222210223 0.26878607457569575 -0.25645865353810104 -0.16191493876486934 -0.28903521625009104 0.0780119926433608 -3.8564755656362747e-08 -0.21250866201373533 0.4195370809656206 0.17226677774922425 0.2270567448188673 0.19378920027623192 0.05396998046928034 0.02846293176464799 0.08349335824727572 -0.2623751417776514 0.0692519520182234
1 3 0.028789002635362458 0.03810985213779856 -0.4032701778948992 -0.1758392393865097 -0.17897262200644085 -0.14842458115641893 0.18425075416575717 -0.094346974576042 -0.03873840118519122 -0.12611772283701042 -6.621622009908192e-05 0.12139554809237879 -0.1604508040047429 0.047628735579720936 0.3386860300345841 -0.18284963059201984 -0.014843767562077873 -0.4052635304226722 -0.46074782070887865 0.18910972092588602 0.4255880005779949
1 3 0.3436345782327147 -0.20865628261792316 0.037419857733736905 0.17677960475931012 0.2814489335203323 0.30577533677868796 0.11597080204187017 0.1449792109777247 0.19518918717538877 -0.12204862035182837 0.0004949504330120409 0.1463978736080067 -0.47713435459139564 -0.3088597944983618 -0.01502319338478662 0.1583848803751062 -0.20337214160337386 0.04745048659175964 0.21213551588497825 -0.2325694041728334 -0.15824627894502366
1 3 0.2817243735539611 0.2638894205438242 -0.3527150745429212 0.14766239146313367 -0.04553392671706303 -0.0011301795525349083 0.08374273013691803 0.10262504159360668 0.2667551768995883 -0.3484608099263926 -0.07753731988500631 0.1571099470323586 0.0704674843854787 -0.16124492319198833 -0.5766664148278798 -0.22567769017954697 -0.22254789329760205 -0.06728504825753909 -0.060723203710878124 0.386276732707425 0.18607228480692772
1 3 -0.15453451486431125 -0.20799400868729523 -0.12087788930904195 0.3032796308819308 -0.3500424483449062 -0.06540891101927461 0.38467509206542977 -0.42243360097228033 0.283970617131445 0.3483349138083988 -0.049042329534359594 0.17672825729714745 0.04010168059305997 0.196552569703387 0.43029879576759567 -0.3217575453699669 0.3781678838398278 0.011214732793361664 -0.25323316858718115 0.030642965287387244 0.1475569547515243
1 3 -0.032670267954228525 -0.004870197795844262 -0.004259834929141085 0.1977882307002172 0.08449673090587483 -0.2678344387195959 -0.28090791729065395 0.3830751183418293 0.23475494904393174 -0.1825710241590579 -0.0050959875834714 0.10616253502578808 0.11281018931051019 -0.2496552019967754 -0.443739143159617 0.14087117023376403 -0.3929072669632367 -0.09289599818817823 -0.1518259302481685 0.36176850944703537 -0.15003479228341
1 3 0.1374359558964332 0.20582054360218316 -0.23373711042567652 0.31516804447050595 -0.3641590960769844 -0.06948586843357511 0.0448934867950448 0.46291200507132335 -0.1990623005705856 0.1357990167445231 -2.558746206106713e-07 -0.2898279181145645 -0.018863781808351174 -0.09075944979324627 -0.1287707319337758 0.3494661028039814 -0.5462562151293798 0.3974552667590346 0.1308722640875375 -0.2832761579397822 0.26831694101903947
1 3 0.07197503110740006 -0.26821875684248786 -0.0659525768309534 0.078634382084079 0.006902682161942822 -0.1714668029590863 0.021751947001546278 0.0088210382661113 -0.11824122622964554 -0.2390451581667998 0.016497918494580883 0.1816382600992275 0.06293026165956005 -0.33516847661144866 0.096416086394595 -0.03669502653223746 0.0010224994736610052 0.28931586985979957 -0.3083689293840732 0.4233526351707869 -0.16866230531432896
1 3 0.004937927470566632 0.03176983621102861 -0.08034963114869768 6.488399312770913e-05 -0.0001007872704522946 -0.04747680704047854 0.04374236456039279 -0.03191463271921874 -0.000291171902974446 -0.019884934921899328 0.076417322078136 3.5741256746699615e-06 -0.00111184746938568 0.03484064352613239 -4.81754370692304e-07 -0.0679616491541766 -0.0056116422982094155 -0.00019847056114875625 -0.00015075201148577103 -0.06959079403519479 -0.34358367484427743
1 3 -0.13843861810108435 -0.4119947911450043 -0.12843930628015188 0.06166160439091439 0.33565776042079953 -0.05321322758589211 0.2800771322135343 -0.3635739005164623 0.13313322392688914 0.34665420988534107 -0.0009921931800564664 0.1270529407050522 -0.28025079127233893 -0.15198589872514742 -0.27816567553181293 -0.14000229086892582 -0.4139743591794044 0.21575907670812736 -0.004437746831153425 0.16451692906638615 0.2250268892725793
1 4 -0.21440985893611525 -0.18229152754728942 0.09133371466115058 0.5847090613442579 -0.38702862693492485 -0.3341958072198679 -0.2833503457610564 0.1540102185919503 -0.07950450171619826 0.09235251412248296 -0.21995353812828047 0.23245793525820407 -0.1675801940235854 0.10757568728908837 -0.4266506734241889 0.6521572564145302 0.4344092691479332 0.43024833100828463 0.004312353813575679 0.3998834814304723 0.000827087890441843
2 2 -0.3844619748863958 -0.31319313291351975 0.30651821691721676 -0.32455571926322263 -0.0801283311686135 0.3380220628320749 -0.31627764099938876 0.11331854157850593 -0.04657871854601226 -0.46104533654638763 0.07965244709586453 0.3097409544926101
2 2 -0.2359796784327714 0.042860600742359145 0.3776982494707451 -0.2592304340044931 -0.17903196082064732 0.17065334688177664 0.1607049914547466 0.11811740541393292 -0.13959137671192257 0.3968809589706339 0.4507094045303953 0.3432407980453608
2 2 -0.41973051680661144 0.09218568261177583 -0.2459355299049861 -0.19907233639676014 -0.055871400316872225 0.09401205681583823 -0.2285698922429528 -0.3342412108520179 -0.4735739896804116 0.29418055550216415 0.19225473411842128 -0.33146005538360573
2 2 0.12127106241061893 -0.06350892908510355 0.06957297847605395 0.1580125772078164 -0.042090379968975945 0.22294214763776107 0.2277742771114461 0.022793723298297507 0.0069094178963573965 0.37299395327613544 0.3202137720312276 -0.1819910829394044
2 2 -0.08907091077579443 0.1044177382859981 -0.3010216769065605 0.06912183504861182 0.05407163580705195 -0.09329170705342929 -0.3454851633682265 0.3604237074821551 0.2440864304099283 0.4189863397087508 0.03176617586676141 -0.050843347309037744
2 2 0.12704638216253464 -0.15163703619822938 0.31511265585996906 -0.01909764064521976 0.06773752219250687 -0.2131737601826478 -0.14081464874033153 0.3021275061487928 -0.1401775922984736 -0.34706739065825015 0.4336361593401283 -0.06524683436648021
2 2 -0.43173607692375643 0.21242047359412336 -0.1659195611348382 0.025440069708594193 0.011266294418620459 -0.08150993398861929 0.1390830542324512 -0.06688690530317985 0.6121687046202859 -0.15334240505357968 0.36688637118407 -0.2039840373139231
2 2 -0.01334533493472511 -0.354539283163927 0.06833148200597756 -0.203915399966206 0.3727057578998969 -0.00456659287352727 -0.23753753143544967 -0.185905158658664 -0.2619513731755613 -0.0330438724255625 0.22370792294486708 -0.18506299467676907
2 2 -0.049639492110932236 0.22829291820927802 -0.3889840109305983 0.026736520730349135 0.23226281297432821 -0.27587622842879705 0.1620270058936591 -0.028550100933466615 -0.5127821057136746 -0.4625316164033193 0.5251757520884371 -0.02552633395428848
2 2 0.3102527371384379 -0.4277783875505514 -0.22335492157598036 -0.23745277791611577 -0.33183007920884616 -0.03371082297924277 -0.1552375043925733 0.06385656652716376 0.30179676375261344 0.32223582368991766 0.37823992748369056 -0.19953257890787562
2 2 0.2623959757765334 -0.353215230508153 0.061158097025313905 0.42698933638216724 -0.16379490848160827 0.08336739278017866 -0.15841620220600908 -0.3081355093544125 0.2950382797851458 -0.25944956556856597 0.6172362054889705 -0.33696956242716036
2 2 -0.38131316337937193 -0.19990601233583274 0.0506947467310363 0.3400374744119306 -0.25605347514198007 -0.23923790458213676 -0.08926601784629697 0.034603206727486256 0.053220325769078695 0.2747662454350764 0.39603554751227865 0.34493026889509887
2 2 0.029704316625208154 0.49546866201119333 -0.1645884946337362 -0.23651242778057752 0.2483907023749877 -0.23984378415590912 0.0380657751781311 -0.26614709134530096 0.3398955677912806 0.24578528300109959 -0.14622655911331822 0.134568191214636
2 2 0.5430477329278537 -0.15606664434094358 0.3954897312451692 -0.28150782904395205 -0.28234424849004375 0.1700583722823363 -0.03382494128065395 -0.021907001042522672 -0.6207680597271247 0.30320773003800944 0.46041572024034255 -0.263279190326543
2 2 0.004907750160639607 -0.1813971809200947 0.7028700405683774 0.12774417849066136 0.5066138155162465 0.14066297925039056 0.09299888068980885 0.34676856246577226 -0.43187842274931354 -0.016366047584376122 0.1975168530274623 0.24606931513935015
2 2 -0.003064367676547601 -0.2805694463429431 0.32507860952298373 -0.30804525163226965 -0.08806534235036124 -0.22086710518050306 0.05909865430000017 -0.28251569539029336 -0.07750526957439521 -0.3410014307971369 0.24935229118200938 0.13800107552302895
2 2 -0.18712551111708375 0.2251755401801857 0.3349000003031108 -0.2787638220493959 0.22847252075223626 -0.2824128957452298 0.20369852476277128 0.07803591385537265 0.4303645627367468 0.10433915162711158 0.0927478128834559 0.4253361211611521
2 2 0.29627063539471654 0.34250663674836945 -0.09119295242119187 -0.0884953707081398 -0.1470190451608178 0.08759781943065129 0.19827178689015817 -0.24455383205059159 0.24417761740905006 0.4920612633307677 0.2690833967150331 0.34201762446639483
2 2 -0.034287721436431606 0.058024870398361676 -0.12864375616657758 -0.3800969448210094 0.22101718309816773 -0.35624583450502867 0.23045038211384866 0.3698058779102035 -0.2808996124061321 -0.4127165345565198 0.347451842328944 0.30570922778146287
2 2 -0.24298615951800454 0.19268148851124856 -0.36849135380948345 0.1364167756804704 0.07483487115590909 0.18369389901270317 -0.08031565402907312 0.1656064380407619 -0.3027711605563733 0.07769934248267164 0.5532558010077144 0.17263707421990462
2 3 0.21576808102178693 0.0011969800000520368 0.4451718969130244 0.0004702770840898048 -0.35000201837191736 -0.499552001997427 0.3040519197222066 0.25763524228360385 0.0513880647584815 0.32982938109430554 0.32979713845044145 -0.3265144704254885 0.08315361570525247 0.2992004278082784 0.2195082055721615 0.05494935040913582 -0.3930482438535074 -0.2735370477773931 -0.032878191730685714 0.1671775465975145 -0.33064241396306265
2 3 -0.2297578241535093 0.20287324480767538 -0.4931133962559691 -0.09402213334391427 0.4180924114729214 0.16916558290251027 0.1731233800711462 0.0005960727281889288 0.22628904888443624 -0.14202858716573954 0.3006907147880743 0.1854439930836305 0.06569511839469597 0.48100306092424144 0.3080522171593092 -0.48861465913571867 0.372817091570057 -0.13518531103091241 0.21189073779994846 0.2931014015313311 -0.1535382792934229
2 3 -0.12847271502257382 -0.21566885582551118 -0.05137786254273541 -0.05884338123224846 0.0978962751285582 0.034985327453475684 0.03596221915454113 -0.2094976301422865 0.22159724033567738 0.2861114683866059 -0.22445863679242695 0.14104866994090892 0.19559240638479194 0.29438340829389675 -0.08945668981009237 0.3513614222470575 0.2994262434747365 -0.0222051439187368 0.05690349534430789 -0.23027959901996747 0.1292529772387691
2 3 0.1986244425710924 0.18655145981096438 -0.09460811891414227 0.11841067080642706 -0.3565165978280313 0.3480356545753281 0.2372461264208607 0.3034418277611443 -0.017544553458368018 -0.21556285822559543 -0.08212003872670154 -0.16321269370044447 0.17219031054848496 -0.358504522404078 -0.17873736083593975 0.19873426932211874 0.2780365234264906 -0.4781910009522009 -0.060518823291876245 -0.03605949166396064 -0.12048893159487499
2 3 -0.0003145262141571398 -0.004130200887661866 -1.247028834431496e-10 -1.203957809400995e-13 7.398366741992843e-10 3.617738330715306e-14 4.304650366874817e-06 -3.6232785190994595e-05 -1.7104846483525985e-07 0.0004902455660716381 -0.014833256489486076 -5.831932923948825e-13 0.001363228398862052 -0.00024087185615845566 0.0002335321691195513 -2.102160066512801e-06 -0.0022233935767988224 -5.367982472137521e-06 -0.009753521120114695 0.00060065473379242 -0.13238571821997358
2 3 -0.2820625374695658 0.38160422139923306 0.43868752096414476 0.26782734814600556 -0.35052082289215314 0.4071393501028278 -0.2481035859558589 -0.18342252348625582 0.07905024116103569 0.08906958377031506 -0.20217528504065568 0.03496052119586463 -0.22975877677125003 -0.27185905577500635 0.5615327358209916 0.06359557552544493 0.15321238542424312 0.49410474650499553 0.11647193606836606 -0.016037806924738034 -0.06679109939040483
2 3 0.28413718382837466 -0.2366921857414497 0.22819257825897515 0.01740827355881379 0.2912446227632666 -0.2316773529893998 0.4425624689598232 -0.3076590809733312 0.2971316014125496 -0.47136030671936807 -0.4351195566875287 -0.4069759452361828 -0.09046974844088568 0.1398951298589193 -0.18402305023435603 0.28623856602261893 0.09578159894033073 -0.6802168772373246 0.17463027547816068 -0.25468698851429933 -0.15752735271890242
2 3 0.2803488397861282 0.31383689648287433 -0.11455322724016419 0.17730961412412571 -0.3506130895524285 -0.021861394210065607 0.0551664883077299 -0.26445301021352746 -0.5100774012011169 0.18334258737011913 0.025777178603037267 -0.33307874637348245 0.11870941142967406 -0.16130159906833183 0.07189348811026225 -0.2869331451410939 -0.11213919850709542 -0.22603223683510892 -0.19643813422519185 0.21642717760801652 0.13083262438640592
2 3 0.08634851258272144 0.1243530711369763 0.12160113534391485 -0.20914422215145645 0.46105038087811906 -0.18795009448219246 0.005137999834886724 0.440248913926238 0.29227140154524045 0.4696972244713938 0.13835690072083948 0.01071795367936369 -0.40494362839255804 -0.005908788452923786 0.18222766760724418 0.36823362906255686 -0.26877544546665094 0.6106238596313619 -0.28347431196136597 -0.08206998647821508 0.010436065411934366
2 3 -0.23701716674300755 -0.2356202094381392 -0.00014911383485171056 0.13798099340166867 -0.1833945730779708 0.11452177206628322 -3.014186273163212e-06 0.3190665240368643 -0.300902782498706 0.35776338228111154 0.35308756693768684 -0.10749320572170831 -0.00268992571679102 -0.13159324871753017 -0.009807311693308462 -0.3602105773289112 -0.015215633549994544 -0.18593583870483085 0.23559187224906647 -0.015102008946077203 -0.32246469926060106
2 3 0.24991307099290194 0.014346373424763118 0.17330271678009912 3.8789446832493553e-10 0.3421667829455562 -0.14053447069300432 0.14139214518948875 0.29893692534075134 0.32265303050376193 0.08021767470387971 -0.06140744373996975 -0.12717753457465225 0.022966463487638533 0.11272118179284435 -0.11560343842504396 0.28750867695043153 -0.15153100605630912 0.09937351235478711 -0.19169628874093542 0.17659990611157556 -0.13652724238152736
2 3 0.0004942503476732656 0.2902278943783807 0.24520023799409618 0.15932885571786595 -0.2285273558932733 0.11413466870471796 -0.41187757387396157 -0.13512078296109778 0.386509802367012 -0.20321852334878884 -0.19860863732191375 0.1049273588280624 -0.35861088522821094 0.36198289072032824 0.31028508110279324 0.21432037877463456 0.13455815040190783 0.4612229434386786 0.17282379505603027 0.24051726035010132 0.14388213404856592
2 3 -0.00542310294189269 -0.01047049420866952 -8.163396810321364e-11 7.101301802741468e-07 -2.8562143309853224e-05 -0.0010539924893544327 -0.00027166346093938817 -4.636143235290373e-05 -0.012504490406116228 -0.0062371033043024824 3.090407836935681e-06 -0.009830721893978088 -0.00018062111234195307 0.0031136358512221353 9.979012463444663e-18 -0.009715263841414194 1.265516907288146e-09 0.00012268246057152855 -0.017905046172433103 -0.0048908934867077985 -0.2847975906003
2 3 -0.3282575511361119 0.27788623164554305 -0.06430520628074417 -0.23847645103834014 0.2219966110399626 -0.15623269409640417 0.23225832244118172 0.2944519791660893 0.06666719519615734 0.13711876319598307 0.2362343229577535 -0.1279492809652326 -0.01809784602563846 0.014430437618763715 0.11743363499475513 -0.09302928001718856 -0.14956822406750703 -0.1016734081018647 0.1440315460933955 -0.15227319630598518 0.2834018174654331
2 3 -0.0017199796080626213 0.012107158643794505 0.014433507167068035 -8.724388572776529e-05 -0.011826896608002846 -0.0018748809377676812 0.00022165005155227647 -0.00017683125320255947 1.2471669485926335e-09 1.3940015969572273e-17 -1.3826564026114815e-08 -1.6200977032126755e-07 -0.0055137368368594775 0.018149846915340686 -1.1231881531438528e-10 -0.014215908014383794 0.01057798730885132 0.0035220364184793576 0.0015232852446211826 -5.690211273890303e-09 -0.3658014540886479
2 3 -0.0009106339832996333 -1.0683036299433926e-07 -0.002098801529628767 0.004924098508123793 -0.0011877780604995065 -0.0005038556202342205 -0.017018130701167127 8.943957278480645e-08 -1.9073044716212357e-08 3.3321386532916166e-07 -0.0007819852434201002 -1.4864178065149814e-11 0.011133823220644604 -0.007143485458397729 -0.015827614951758023 0.0025161418137540515 -8.725046228448844e-07 0.0033310209109381336 0.0006175504830153324 0.008534961847779838 -0.2125945604847934
2 3 0.0023572810598620894 -0.02987636907556437 -0.27352484914134767 -0.0407663877847624 -0.03313871940366343 0.35122508038044026 0.44871805093183825 -0.29850548396806126 0.20563300811005997 -0.24272430464461373 0.3410939570483844 0.06863186900426306 -0.06701419431428751 -0.2246012742823472 -0.3244757484445272 -0.17968936815301878 -0.1755255913676561 -0.30638150621832905 0.3619258371518203 -0.10690163485173561 0.14514086756745181
2 3 -6.610385947764781e-13 -1.3623715381222546e-05 1.6599649236424124e-08 0.011485174174026808 -0.00029207749718926254 -0.0005498888438776753 -1.2772860804109296e-08 -0.0031640021197644652 0.013802507117901548 -0.010297762447646037 -9.608649033367876e-05 -0.0030369982884305285 -1.8709018050356835e-14 0.012863496606655209 0.014363770285910437 -5.347999548004371e-10 -0.007167185356769786 7.608654385492428e-15 -0.00010101315833336004 0.00013714982772186616 -0.0792979369012678
2 3 -0.10357958384478227 0.19723887633410087 -0.36340560286336615 0.06859283880919426 0.5194073032058729 0.24096907287076835 -0.22737852008921008 -0.1099263758128166 -0.192809122278809 0.20836563780006123 -0.09090327463909118 -0.1023510452525436 0.08191612045465002 0.4429750966744098 -0.06713732535999495 0.1970344274728164 -0.39598866742547295 -0.17463080854477217 0.24057756942973377 0.1385114539813686 0.13591121867122416
2 3 0.18661428651714312 -0.30887814586011797 0.4344228513366287 -0.0010360146460725603 0.267184110459107 0.30188624038213807 -0.14490678121532308 0.0961039952245206 -0.46076446536300464 -0.3256675466590343 -0.36094826357978993 0.21603526288711714 0.30907678994597976 -0.24231640708469943 -0.09965826503897922 0.05519116229384532 0.18895276954551635 -0.16068331291370147 -0.07168556681675799 -0.21439197439868027 -0.3052648813166149
2 4 -0.757815335038861 -1.047224433189669 0.03543710948257528 -0.36710818575729764 1.0513739820217781e-19 0.21271335381224865 -0.5865584149870338 -0.432823243604997 0.4663039322212076 -0.18289231208714216 0.1905533684116579 0.2392149043553247 0.034895202513011876 -0.27418465653693896 -1.5317463694078877e-09 -0.02601489502450116 -0.21960475307689406 1.525187844607883e-15 0.051712367833916244 -0.22611009796463358 0.03364984688416318
3 2 -0.13382794573267584 -0.09878778630550875 0.7434933708575374 0.4920462807481781 0.16118512513935426 -0.19030568796146313 -0.3666397273821329 -0.046227461903759245 -0.6454398774133195 0.12665764788145165 0.08860776877302722 -0.2435352719763387
3 2 -0.23354427315421972 -0.0768049082620421 -0.18208207112920058 -0.43929560269636553 0.04321432589693914 -0.09506883791538566 0.3322035875188834 0.21569257876277131 0.35759453395325097 -0.09428263038290904 -0.3716283060850134 0.2967335725106589
3 2 -0.3824736288901132 -0.47172951109094624 0.019809024048734514 -0.0667725463903924 0.11391848477515468 0.2282057094978341 -0.41191993561830004 0.09451003523443709 -0.47810953582573096 -0.1467403581802371 0.1184506477447807 -0.4358071106005157
3 2 -0.5201441929018316 0.3117460592062138 0.08430502937540785 0.2865014372169166 -0.0061004005725191456 -0.09930522242772963 0.10731136166307052 -0.34733861287836965 0.258119485879988 0.46054429360942734 0.15151290066189105 -0.03229702192394987
3 2 -0.254994498632312 -0.3437853036336222 -0.061485260599574564 0.2896956589401593 0.201812923568311 0.35373190600717297 -0.35774327757386787 -0.47046108682683635 -0.12108320966795919 0.13879658014592064 -0.18859462818120096 0.06060768804427504
3 2 0.194556599923558 -0.04182948676327318 -0.5125526774778778 0.3599874040519297 -0.44213384780093634 -0.1407856860862797 0.062146970447986616 0.25171217544204244 -0.32238454928400967 0.48151583667415787 0.2522845687585931 0.4890894148115546
3 2 -0.4637969918774798 -0.2755243991501003 0.19769505593799575 0.11457217343705309 -0.29874156696866916 0.036084057972403466 0.4560138760037839 -0.2895540961300461 -0.14824349216525776 -0.24193660266425693 0.32310610275675355 0.3904085673595931
3 2 0.25612367511324585 0.16306403653572865 -0.058000761966048024 0.0008754973113132078 0.4626924440704706 -0.33687945240244577 -0.2607678859812298 0.5315419612355701 0.27556052424895194 0.3259300365724141 -0.21272137677536357 -0.34339188347267974
3 2 -0.3292683238039642 0.3773715767831291 0.3242907655383351 -0.06558444490690196 0.41407441278439866 -0.329642050427032 0.2276685321676314 -0.03368574412185518 0.02191308116387464 -0.27171572720967624 0.3326758672049487 -0.44077280019705994
3 2 0.17570235896286257 -0.24533349428024975 -0.3284763094604991 -0.33879024886642856 0.09869865776237485 -0.000816167370462402 0.13939634578496687 0.1919017005877017 -0.05102798729718999 -0.19845017099030116 -0.1525229605757259 -0.23898070880169875
3 2 0.21876274951747393 0.6931752682460877 -0.2799880263164182 0.15652860767649612 0.1363278492759319 -0.0892264314457578 -0.16102629374300878 0.15830738350932275 -0.39174431586279773 0.12913835140181493 -0.034747301227438084 0.18168948501557802
3 2 0.39222407273160453 -0.03235381598706011 0.21857756823130645 0.28312780310796964 0.17186650840293888 0.2811752472771161 -0.018699018697962522 0.3808105005326623 -0.3523979453292811 -0.29093549860953766 -0.5056901422755444 -0.13149651635969734
3 2 0.352696855011591 -0.1021525601181387 -0.14454621743426566 0.17628480567171712 -0.3305401883519649 0.18054939114579896 0.2988655597249685 0.19146345553891103 -0.1695436518219472 0.03569254621751097 0.23035055845313304 0.39637643045386894
3 2 -0.12143169124367076 0.15326234906255568 -0.2808266107556347 -0.3839629056268721 0.33305955164694834 -0.1586221050456448 0.4066957336013297 -0.351968968197335 -0.2315087046560152 -0.23555147841415977 0.15803658838698195 0.1392863994078162
3 2 0.21685813996633255 -0.12945715363362714 0.28466144023501183 0.09683770128515844 -0.14354425869922902 0.5213724982921952 -0.21436270979420616 -0.1385632151182397 -0.19433038177657952 -0.26425052231128193 -0.2793530053348659 0.15029071833322402
3 2 -0.21944037455715407 -0.008064953389551082 0.3176959564529489 -0.4186840683363412 0.13308875396034495 -0.4666626323561375 -0.3466798625514755 0.2268017399626933 -0.22866345928955334 -0.13224380455960186 0.10732662150122615 -0.22042662800091936
3 2 0.3388038051057243 -0.4649794123559454 -0.17447101602148432 -0.2595563072775255 0.24189965498707927 0.360754604838022 -0.20775855469896795 -0.037402933287170995 0.09833474231715064 0.1857447630767413 0.4762508253607257 0.34742024126926496
3 2 0.4044504309891958 -0.35287226042923886 -0.19112134539014988 -0.04523142236641433 0.12480768269829469 -0.40203928888362694 -0.38779019278026783 -0.17331069654893064 0.25844900443786206 -0.4932002888044646 0.35049132128493354 0.1288895609035703
3 2 -0.4063802910083168 -0.47189152135031964 -0.08428731769899486 0.06613439081594087 -0.2593221810637818 0.034491345186085196 -0.13744998337929057 0.2365956183725886 0.40276503600103086 0.28218302456305083 0.41629772901542733 0.14585538007998067
3 2 -0.26936714614071716 0.4176027985890502 -0.3255117686672069 0.30718843366334786 -0.3583319116557004 -0.2374299694558414 -0.20957117824718113 -0.01174051156136211 0.007454259906559962 0.22654350204059903 -0.14306370434414908 -0.4514715778830958
3 3 0.0013333640239857132 0.2772359970093342 0.1629336195490507 0.7726765460425652 -0.1850375906605724 -0.4071224140696999 0.2989560568503792 0.2799616265966419 0.15665969040727376 0.09900215742135712 -0.31686725035641633 0.09894226162632529 -0.01259940883354561 0.04922518805043379 0.4682303041235333 -0.03910142035110442 -0.010506952012864463 -0.2435472053793581 0.11747172324980729 0.056484393338119915 -0.27173616415504703
3 3 -0.0668282096987818 0.366288421276896 -0.11580500587377618 -0.6996677023803053 -0.24128476052057077 0.05034815098181156 0.22283712135856362 -0.0795619046502333 -0.13352948030511458 0.31789619340036096 0.062483407730410154 -0.04932985229147569 0.2109052367708737 0.2132720731150247 0.21655875286772613 0.19126986435260795 -0.2583760709385316 -0.2142998666777574 0.19968067977029239 -0.017378000858607672 0.19157801345750172
3 3 0.1628974226744366 0.3293809154524675 0.11017229382912494 -0.14587479037793297 -0.07618656075374813 0.1776491752156845 0.38862711718322535 0.3144101494716151 -0.1947254928482768 0.28800939002037995 -0.13133894019013484 -0.0074942672773989525 0.08282107606755888 0.08712438581805326 -0.20099700159142408 -0.25761567115137474 -0.29276137638312527 0.18729604170822667 0.07652069583736557 -0.3176093552724263 0.22894576984518678
3 3 0.14065401341481282 -0.37837183344788333 -0.34884518630330785 -0.31224826390897603 -0.005866841951471959 -0.20627762292159424 0.18544462693149985 0.3277925815493572 0.31661211275363055 -0.3549478767316821 0.4475314339432018 -0.05528182377875483 0.18364697647912262 0.22584943066597996 0.03443751114693064 0.09429458142274147 -0.0751548786074391 -0.4019045683274264 -0.04731257183395335 -0.32867732752045103 0.2831656132372057
3 3 0.02377583959273036 0.08207143577755897 0.41674006309074246 0.752666463758441 -0.14402566028663655 0.2884752230710759 0.12261238761895901 -0.02427604575614452 -0.13622726135209595 -0.07253779896557334 -1.0825520404477753 0.4378049351317211 -0.28852494720376204 -0.13338901303721817 -0.36141062420931425 0.23560536681111197 0.307822480667139 0.08370807489628732 -0.07548722504070252 0.05334706887831819 -0.14234351282740082
3 3 -0.08094974176804051 0.12209927473336876 0.1080515747798402 0.4517320568862599 0.2190513408804658 0.47252218613272834 0.254328859429398 -0.11629423454730067 0.2130217655587473 0.21627548250722245 -0.07927249522839583 0.41824552413691735 0.28834722065664603 -0.22215565754148994 -0.16088767125323325 0.31858521953817254 0.007258733487234444 -0.04208645077609437 0.08097355800218856 -0.039203667808053316 0.3374553748070982
3 3 0.8667317997223226 0.012621104628596917 0.4370646676145328 -0.22700817847172167 0.5700160134982507 -0.2051212716053079 0.279404445136713 0.6913631205091613 -1.8170859328586662e-06 0.4828821725003117 0.1922774762108303 0.20764315514657802 -0.04910662031625587 -0.1776069258733904 0.16476300901388266 0.26780323075261353 -0.6548969588093497 0.11061890137547874 -0.55140617965128 -0.02766916741054226 -0.2853798687253816
3 3 -0.0730035431864323 -0.02678401036537644 0.2917350606295366 -0.020542418645171125 -0.3597758703097258 0.003537994780130723 -0.012712994884163428 0.023020264595414154 -0.0273202067835364 -0.15158573536357484 4.9047538034897305e-20 -0.15420596905061842 -0.2666855850790828 -0.14612597882932526 -0.07815174911668936 0.007390873079659963 0.1766367674741805 -0.2832987991256898 -0.010583185890567401 -0.04763474388404116 0.09686031561689452
3 3 0.8698777099574858 0.34324076489259975 0.07104375603329378 0.23851093098495335 0.4415925521605744 -0.3807190929380287 -0.2161926390087327 0.08044380133885434 8.06653183062042e-20 -0.25038668494392613 0.35778427705220817 -0.2844436258422563 -0.25281748038905993 -0.09465209291821254 0.07656968998875632 0.2142697625257493 -0.18063869694898085 -0.26185889324787515 0.12478970982925329 -0.16136515468606866 -0.18234519816760747
3 3 -0.3442838318167433 -0.2614234858698402 -0.29442217869811943 0.5736778416357684 0.278970370908387 0.24738344704618612 0.1252007342191488 -0.18248753155307135 0.04590565633896356 -0.22024985469864172 -0.3841996969286401 0.18416799118743735 -0.07282885873832129 -0.47200208853875847 -0.04801332439328642 -0.012305998847273465 0.30839224482384026 0.10958560494770976 0.2772337228063925 -0.10060049486448801 0.21134128628404675
3 3 -0.046487930322356506 -0.06309630561719246 -0.1703225955203225 0.4424785853594874 0.06244712252269829 0.5044723070258806 0.016532720840251782 -0.4118846636646214 0.03311890596302542 -0.16694601756451605 -0.3181810270901889 -0.2833014660156321 0.2827991410906028 -0.10334047090222724 0.21768249467644302 -0.05300318054154728 -0.03677856121000785 0.26131297702973766 -0.1563174323774597 0.37439507401493305 0.26830182052136786
3 3 -0.21499744461665196 0.03665646634024009 -0.07813184840169672 -0.6637653079352185 0.02961019817178376 0.22739302452408464 0.062343287118204145 -0.07234274714531103 -0.07407764505394751 0.2519183003300705 0.23076591365287996 -0.3512865700146101 0.0011838494712142372 0.16092512201177353 -0.163725121974522 0.107181980587083 0.1407283703913455 0.23012981383616263 -0.09345481248419293 0.2129470020778436 0.10369257758422958
3 3 -0.11541830854713878 0.17860827360623968 -0.41643209126947417 -0.7831254083966659 0.05532188213809136 0.15220972246347977 0.30320990699073813 0.18102702666499562 0.14310550041050282 -0.11980263882826699 0.1673103309827418 0.1825816496832187 -0.41292701836266676 0.35939615620419807 0.24334598447229677 0.11190128293664235 -0.10973029766272878 -0.0785439947742488 0.37075782086148124 -0.343813509352799 0.28956236542477853
3 3 0.045615532572784695 -0.025459362483850397 -0.4076672824843163 -1.0014044036982483 -0.484163699050075 0.04884401786152017 -0.22633189066067708 0.010709971294884844 -8.16586232419778e-11 -0.20457715918332825 0.4541339852618362 -0.23239766494967765 0.315796444297123 -0.4044404373125285 0.38536481338028244 0.0674422777044045 -0.2987905296810908 0.35888907842458434 0.23862759513051698 0.3688340142649162 -0.03488401455897271
3 3 -0.6998084759331602 -0.38715197428260806 0.38954243069369526 0.18647579817954155 0.30639641078058505 0.22995589230928765 -0.06548656208022763 0.30419343616826333 3.4185673707935067e-09 -0.4453852384212798 -0.18274087943782655 0.286541491459156 0.08697413088702047 0.05139057662878621 0.4644032466254489 -0.847632426024059 0.2753940449658433 0.058109021412120085 0.057594670165305145 -0.0218717029656878 0.004529039248460662
3 3 0.7644860900560394 0.34981077342492867 0.11958310488122255 -0.5982825463430664 0.06328544681068907 0.4926438635007434 0.26722842236150174 0.1398133878153937 6.106822865221819e-11 -0.28709238202875426 -0.3111855746585627 0.1777775398442767 0.40312579406337357 -0.46571548771222343 0.23225478603958455 -0.16020343345549612 -0.11569878963749222 -0.3432385102454524 0.0481321271549492 -0.34479674195412435 -0.27552329080619153
3 3 0.6065640363626961 -0.21266045688671192 0.04105910524487458 0.4852343925045857 0.11360200684787944 -0.42578500888997756 0.3456741059141018 2.766362191822605e-21 0.17022122058613356 0.5360933345256195 5.395504229140225e-07 -0.46441922918267764 -0.33211710456217963 -0.5533991211564901 0.3624431153067208 -0.6065465982470972 0.08841733871719741 -0.03446334871096473 0.2307359883347593 -5.7558620313728985e-05 -0.21969699294545939
3 3 0.17611682032944942 0.26343348791200916 -0.028830591432504042 0.7048880459906932 0.2902396883937118 0.02830135742364703 0.00790811548112099 -0.4036422445609499 0.3218352109272155 0.015142670851438762 0.10313080987348323 -0.14917453296818287 0.05124012674495875 -0.3035496372937979 -0.41307221566096086 0.10623265526199556 -0.3837583433520357 0.14703781916850592 -0.33597521111398265 0.0809583511889302 0.27343475152093477
3 3 0.11776399829408325 0.15178374250009788 -0.367279677814091 -0.036173798162352604 0.018382269104245282 -0.4117750166709668 -0.008484018380993798 0.26475654021184947 0.0003859953759599487 -0.022747451926968292 -0.09528088241633381 -0.13813090368432496 0.05700260031080031 -0.02174351148880605 0.1671535844326315 -0.03231883007271788 0.11182381634349836 0.2776255929549368 0.0431597611292487 0.3484404458205892 0.39469687517136853
3 3 -0.03935436837041875 -0.3430781008392903 -0.1235254643427458 0.07424255622271884 0.3960835575061189 -0.2220397316262253 -0.47192305843899596 0.678451649520662 -3.991697730479742e-07 0.12825930023130927 0.17795945171816202 -0.6150036751341466 0.7093648620652344 0.4022283255799298 -0.37246580456859923 0.3299767581031253 0.39553204215598897 0.08996918503542407 -0.9757976477550404 -0.3235676863700822 -0.010197367260302544
3 4 0.5149539316739868 -0.46629278999813767 -0.12130394205929393 0.46260121075896643 0.22875534148889942 0.5237320553826512 -0.8154864124741817 0.18867911792604736 0.7951333376761817 0.3603589898634572 0.44120219645585257 -0.43916657653028146 -0.15255875548999032 -0.6539715074074411 0.34889460666120037 -1.0179955115620245 0.9344108606770049 0.24516135585431054 -0.42344205843703 -0.8013291085695428 0.3055953527567465
