Number of NNs: 5
NN configuration 1: 2 20 20 1
NN configuration 2: 2 20 20 1
NN configuration 3: 2 20 20 1
NN configuration 4: 2 20 20 1
NN configuration 5: 2 20 20 1
NN Layer Weights Bias
1 2 0.7294839574046443 0.01931481052308756 -0.47835338058307764
1 2 -0.1798307360231918 0.8696037129468718 0.31699144574212046
1 2 -0.3311988610387789 0.681684762973018 0.4677508909238856
1 2 0.42624707228260134 -0.4555227738433028 0.3279201211048455
1 2 1.495207601684467e-82 7.566875451324554e-50 -0.3637865671526534
1 2 0.2965255661372805 -0.052290954632540375 0.33262388174782354
1 2 0.23697105081946057 0.41073290539537627 -0.5671754391432043
1 2 0.6197199824899501 -0.39390349848091794 0.16365468822280377
1 2 -1.8085585861210276e-114 2.369402949407199e-82 -0.29820211674323616
1 2 -1.4092678138558976e-72 3.168998851530981e-64 -0.4907662008083178
1 2 -0.0355524777332564 0.5280370011357998 -0.3576891985235905
1 2 -0.29184239691317276 0.6244977757751152 0.15606459603670467
1 2 -0.022310372835246884 0.5372849016734135 -0.4875543354015021
1 2 1.5098229408843553e-39 -8.643180324088891e-114 -0.3743000110743413
1 2 -0.756619121275054 -1.3452579275925463 0.35635071665951984
1 2 -3.775714229077287e-108 -5.577098390332788e-120 -0.512271380581312
1 2 0.24607785430236928 0.9739667397556547 0.0996423013349047
1 2 -1.433276503731109e-60 1.653052322796305e-92 -0.40631257994496534
1 2 0.34201797565199615 -0.2445442522125152 0.3044057976865881
1 2 0.14942773370434262 0.7524872654873309 0.32606200009344893
1 3 0.8575355908447465 0.07507500238766102 0.292884633742473 -0.06156219224166132 1.2945909340611895e-92 -0.48346762978630897 1.6457155892825008 0.5257532110466328 2.6244648145864496e-84 -6.41095297726644e-101 0.47363268873895825 0.2505690653199258 1.0766995144374945 1.729747752525785e-111 -1.056080554269874e-68 -1.6188220532226378e-103 -0.043224311741492535 -3.0321271705046754e-64 -0.7433975055934593 0.09471993696700855 -0.3948072557202647
1 3 0.26092691494721276 0.2349324361089527 -0.03765002509632873 0.05882712645140188 8.288447639894775e-116 0.2438024274451948 1.0032190486703865 0.647282817301205 5.45970679174191e-95 1.0670578835781882e-123 0.10468254241525116 0.5385292397263467 0.4846641072938866 1.0187136464866072e-116 0.7727152519715841 -1.2119084108408024e-56 -0.2310650764019968 5.8130366564334765e-92 0.3819191563230243 0.1382284470604094 0.09700663452306608
1 3 -0.6461627208034543 0.2535341501093814 0.527514159220094 -0.5879596946584531 2.5191876785633687e-56 0.18983428917816578 -1.5181269669790334 0.003818603392596878 -1.0587431076831555e-59 -5.887159895082595e-95 0.2177074151731855 -0.4206805161363786 -0.6478701610114792 -7.770742304775311e-52 -0.7831026220982786 1.045851179151086e-59 -0.07927398247028189 -3.487419715067188e-52 0.3761351543834675 0.013540089686382725 0.14131174216285433
1 3 1.2889019749155643e-77 5.429293107626278e-83 -1.6648605835342154e-96 -4.135800502851789e-104 -8.18130792960541e-103 4.149036061265074e-50 -7.961118822398525e-106 -2.0546716117228824e-58 8.111242672993002e-50 -2.6241560800635244e-48 -1.1769554551723648e-115 1.0084026853530295e-62 1.8749610958751585e-47 -3.32733752966887e-47 6.994870748321866e-109 -1.1477261583940367e-108 -3.594894641322301e-64 8.462402085580919e-110 -4.069510471748235e-70 6.01455134344055e-88 -0.340798139870165
1 3 -0.7435330854431984 0.12846108889537286 0.10931645173473947 -0.22911367372228536 6.206576707382227e-51 0.2576449068087199 -1.203140106395301 -0.2106019173886203 -1.6111832221081563e-120 7.562894488085233e-45 0.10347931107406391 -0.8249528911225774 -0.5356501377902781 -3.0301511939954976e-121 -0.8720105301496339 1.5891189204460341e-114 0.3709656242369348 -3.4255911965915385e-52 -0.07310579796827398 -0.2849205360494863 0.3727183222582412
1 3 3.381005961598597e-05 -0.014696411875301052 -0.01598654610191933 -0.0016496589699792536 -2.5857906634679416e-76 -0.004335756533459424 6.5203116888429195e-12 0.0020670086487975373 9.61343619984531e-60 -1.0407574630448274e-84 4.3303033741888585e-14 -0.0017153559051776017 7.40744755502459e-17 4.454905455764987e-63 4.1284040202097416e-13 -5.059279376482827e-84 -0.009310666242692075 -1.2823742697772885e-50 -0.0035617467533661565 -0.015468925256127633 0.017556124797435648
1 3 2.7634680324050097e-101 -6.694734641766504e-95 -5.223202366458189e-90 1.4781294554396217e-44 9.96509554438947e-91 2.0731110260153923e-113 -2.8224479252018167e-121 -6.196406187197091e-81 -2.0258724869036132e-72 4.320636724000964e-94 -2.8905148605277146e-121 -6.443081179896707e-52 9.425017236855964e-114 8.372237010994183e-73 -1.3490503007227188e-44 2.704957135912647e-94 6.040832981861024e-70 1.4865604225453284e-110 2.328812650709481e-71 4.500753057044654e-121 -0.2773250427219321
1 3 6.227919253706215e-82 -8.260915076321361e-45 8.787902519391633e-54 -1.4645344120022152e-44 -2.4648942079284732e-114 -3.649585131729173e-115 1.2382124463896835e-64 -9.938128883815822e-52 4.066446747076046e-97 1.0953361800666525e-120 -1.2695304960618926e-52 -2.256508797888539e-97 -4.106336077404228e-104 -1.2133228533424045e-114 -4.850709972431151e-112 -5.648218981973986e-112 3.425240750853804e-64 1.832066314198986e-121 3.2791674998895844e-87 -7.145046383508206e-90 -0.2596894304225485
1 3 0.4044519079137388 -0.13521712235601552 -0.055261998019004104 0.06595678380342598 4.998713698268903e-49 0.17445845995187936 0.5364240414211456 0.0951333198789904 -2.113264883512744e-42 -1.1613242797742219e-109 -0.0579033443527097 0.782072616987698 0.19617548902541843 -7.615325817758749e-108 0.46716977676132265 -6.361163518923737e-106 0.06442699201591767 -1.2173988707457201e-52 -0.23165488715583596 -0.14478137930154614 0.2966478318932484
1 3 -0.5590521550777423 0.35025802376661214 0.1752056045975111 0.15416886538804564 1.657725036948959e-118 0.049382801850803654 0.9625176718369609 -0.4209672653391794 -1.9021382237010834e-74 9.101129953243655e-108 0.2508132452296797 0.7543005964915579 0.46040762724460843 1.1830791450350937e-57 -2.199936480486938 1.6732748493072804e-101 0.3140911036885332 1.3121275599595437e-123 -0.12341213156267002 0.3549993194937789 -0.13253819778419756
1 3 -1.4269657557739902e-57 3.5399437903599843e-84 -2.0204395489601618e-119 7.013699376509245e-89 4.65458827310369e-61 -1.498831700900018e-86 -1.2184582763174237e-92 -1.380467776504072e-44 9.28652793795359e-96 -1.6090941825848007e-101 3.394523494346311e-54 7.500144430423835e-113 8.827264710663392e-87 -1.84914889532277e-116 8.07395799201886e-105 -1.172900766465244e-56 -3.33871151008833e-120 4.246515275770202e-63 -1.7238521197080854e-101 -9.362270383575516e-107 -0.38124054145000125
1 3 -0.3306499299087852 0.45535977506670344 0.48433392938947467 -0.4642292058063046 -6.074897340771219e-97 0.23470540796542214 -1.2410486036923185 -0.41636605148347816 9.242116084904673e-66 1.3208238788922735e-62 -0.3398353428712997 -0.7882290427259858 0.032280134328080905 2.4137287385032053e-49 -0.7110376586389641 3.4319889943800775e-117 0.31845190831162135 -5.314055989936258e-83 0.0037497466656875593 0.33193054914135595 0.1867857602540806
1 3 2.1215095440992728e-117 -6.78927155006954e-111 3.485357457862288e-61 2.384069192010603e-84 1.5721183157330746e-42 5.0421350176358025e-110 -8.889182978947223e-78 -1.0272773220941318e-55 2.0093623329401846e-118 4.775809713493573e-120 2.1979323287664367e-107 1.5372374141106555e-49 -2.6639499146159173e-47 1.2843679140542368e-48 4.0805657700735044e-75 -2.674208397157123e-52 -6.25698499089118e-70 2.2829040122565255e-47 2.2880261906080925e-116 6.504325900741932e-111 -0.32256726344275866
1 3 -2.636268543677809e-119 5.714417316110859e-88 5.603343045763826e-98 9.947260383464392e-117 -6.131072648562932e-77 -5.4199491248977194e-108 5.278393114926623e-88 -3.7678593943887954e-115 1.3806919553570819e-119 9.561791054055873e-52 1.1189923442703032e-99 2.6019717854556603e-107 1.7526927669728004e-96 -8.225355880007533e-85 8.298280993757687e-118 7.230917359286565e-80 4.2539330861700593e-50 -2.1255066907149088e-78 5.736223829789072e-81 -1.2717942572002193e-61 -0.32984995076508217
1 3 -2.4593911387647225e-111 -3.873947255278386e-95 1.497617581518831e-59 1.284320018250711e-71 -3.2972855345174775e-48 1.3489837757193873e-100 4.442230896676793e-54 -1.4606234939145235e-59 -1.3214852862119092e-61 3.449425497090846e-64 -7.551190001031035e-110 6.83284704510648e-89 -8.637082512135606e-54 -1.9881847376061462e-120 -6.180404700705933e-107 3.46475814107348e-70 2.8073705898479206e-83 -2.461131461000354e-111 2.7393833401659354e-105 4.625990234948702e-54 -0.2834059938497902
1 3 1.1722498524361095e-107 -5.401186534709898e-83 9.108319164628992e-108 -4.0645932236537813e-109 -2.2317086635975303e-56 -3.515075939921029e-83 -2.9889521762839596e-98 1.2917068237866315e-113 4.817502985885671e-47 -1.2498620726902857e-72 -1.0566720685063712e-48 -1.920035926787909e-106 -1.6769929399584978e-96 3.110229348167726e-105 1.5002123816819226e-115 -7.434704161918307e-121 2.875072974808357e-70 -1.4603738508222622e-103 2.5977908724097532e-46 5.9619396091581995e-55 -0.382586690889814
1 3 -0.07610479816140805 0.1714542268931659 0.2805507346126776 -0.061891146995387794 7.596131582270254e-52 0.21856798160359933 0.8771205078676109 0.36609058210012735 -1.4887069911936974e-68 9.161101429175482e-105 0.013700622515985608 0.8257227066361027 0.18399446142857623 3.4978813665989006e-89 0.6456964751657593 1.354965965858577e-102 0.28410742175672227 4.444506891640809e-85 -0.181739828937342 -0.040409855232004625 0.16206087733620353
1 3 -0.22767555673135592 0.4493432130855462 -0.07803470126179103 -0.20994014060110194 -8.207024777364929e-56 0.17561256866135055 -0.9887635536665305 -0.08629633307025071 -7.422731381613724e-73 4.90096812232155e-88 -0.08981256020904659 -0.48892235023167757 -0.4718271275037258 -1.4345844469598717e-83 -1.161239415965798 -2.2580870977497836e-106 0.11350879582861599 -1.4841152541247227e-74 -0.04769878089426408 0.23129456765863154 0.21379447921665465
1 3 0.12422305275752889 0.04157118406284278 0.21769798736444587 0.05227396945338334 9.005669766602695e-72 -0.2470261652363736 -0.850561339858676 0.09807573430282748 -1.8498784037488016e-106 -8.049960276797902e-97 -0.6937387927811456 -1.314501628889024 -1.081462885653735 -1.3868197793504043e-68 -1.901525614090483e-99 -1.776767404178821e-77 0.3784039548512525 1.3518515530765135e-46 -0.14452776175947316 0.4036576620730848 -0.26463204005009733
1 3 -1.7847905280588264e-58 1.6231078505198796e-77 -9.74007374106358e-103 6.36099169324084e-97 1.7618948391261427e-99 5.767249172273722e-121 -1.7348730502357778e-70 -4.315595798331759e-58 1.857090634072631e-67 9.6694344360938e-58 9.925369489277108e-78 3.0499359131233777e-67 -4.9935428963973276e-70 4.846065433784321e-83 -1.6124286356124286e-47 -1.157111216615131e-44 8.037879766069801e-54 -1.916819918669523e-73 -1.97739627611305e-120 5.39364095816264e-87 -0.15600958571043783
1 4 1.6170971834807684 0.27066946929335406 -0.7783267047621018 3.554197129349856e-47 -0.5800799901366116 -0.008367756957950697 2.4425200252590135e-71 -1.1367251739707908e-29 0.27127642778896577 0.6900283789910188 3.5554574349750837e-112 -0.5840937233174859 1.993706644763664e-75 -2.0248279353542304e-38 -3.214351709681958e-35 -2.0000026402289904e-30 0.10127994034887054 -0.6770830998167444 -1.4527669071702274 -1.6116140148305612e-64 0.3985707692796759
2 2 0.6942782664872666 -0.023690977475513277 0.09207885064771829
2 2 -1.7087466367775717e-82 6.2291151363154466e-108 -0.28957983702065604
2 2 -8.94675709540028e-136 3.621862855654065e-92 -0.44624240275223215
2 2 -0.004796150745689436 0.436278088670271 -0.3877742540899548
2 2 0.10414682401146584 0.1501395409842876 0.030553968052344917
2 2 -6.318489227311504e-81 7.563970878894936e-79 -0.503390624731334
2 2 0.5438612743308877 0.6075482492499648 0.12800023633243188
2 2 0.10714946551902459 -0.07402241048935283 0.44344723023806687
2 2 0.2827196881718566 -0.32759091569373683 0.37624996016472184
2 2 0.7120891831140074 -1.5273884564377025 -0.3990880120613692
2 2 -0.18093039914329054 0.18076897028506775 -0.17495886894513624
2 2 -0.33116227012001237 0.3134067900194194 0.09025308383288666
2 2 0.27412445591072554 0.7269033906014756 0.2503514527006425
2 2 -4.576415050027373e-152 2.3818749371218864e-100 -0.5009150306121595
2 2 -0.49565210874880344 -0.35591473430839826 0.6282338479948779
2 2 -0.05599666590459093 0.5480734038045246 -0.40247254418603073
2 2 0.036672767775915494 -0.05566237053037648 0.14609998345230618
2 2 3.98797764572169e-152 -1.272219674281334e-111 -0.3402126823565764
2 2 0.30476172319787853 -0.007494080172331383 -0.3675944376667737
2 2 2.8143477242041686e-83 -2.0309405863438498e-70 -0.08794680942684568
2 3 -0.07175158905238378 -3.503769993207721e-160 -6.681093764291141e-144 -0.8281330618890687 0.1199193247537504 -3.698037091291978e-103 -0.4038763201192661 0.026535403498242387 -0.04845909746273499 -0.2835448539336959 -0.048165797273398536 -0.010323766110374739 0.23036282716489698 -8.070515884805005e-131 0.11246313297366241 -0.3932776848852522 -0.3382186490229733 -3.6901533740481784e-142 -0.013166447170103358 -2.296789930008859e-159 0.3673079573204882
2 3 0.24896213273381776 4.770666054623374e-146 -1.9836916160470296e-128 -0.3033303951324501 0.2595179140132622 -5.309642987002017e-93 0.29226096024459763 0.3277086416406766 -0.3401947621683728 -0.28834432650983555 -0.08906181982165468 0.20152390210280138 -0.40560811897870425 3.3573821249744833e-88 0.339841501128412 -0.18429106351092728 -0.3577728481820428 1.0976555644736604e-159 -0.046753280454044886 4.554561817153501e-120 -0.17434698292899178
2 3 0.39769557001297834 -2.2082849518716243e-101 7.023131422451766e-99 0.49164974387243743 0.2906912545822568 -2.1095224089890772e-95 0.16101842361829877 -0.35062375769174653 0.21853417265537906 0.5824767540999947 -0.17769666821478855 0.33735336386801024 -0.1895282760137455 -2.530309382845148e-89 0.6183843298416912 0.011338727290849634 0.1642179182946167 -2.5060296684777718e-85 0.009578375667615425 2.3452460823992862e-94 0.2430302531881042
2 3 -0.08323260679599431 1.2268238545299698e-83 1.3935460490906802e-86 -0.591907571865777 0.21622366290092318 -4.1187237281351195e-92 -0.30758984305883064 0.22349581875725102 0.003863646855410852 -0.28563326951069573 -0.09100567249507693 -0.22260456243090812 -0.2870296879272854 3.105096375986023e-102 0.33911634209126407 -0.04074273725169855 0.3094565984257336 -1.4615737580797401e-117 0.10499440461235351 -2.3387770447072727e-95 0.36966778332692096
2 3 0.0646916529065174 -2.265591532063228e-101 3.4249850608606735e-129 0.8438897209745938 0.07341682167797538 -1.8187876260177526e-102 0.3703227675845329 -0.2084673762881597 0.3343126532930932 0.4338886011762824 0.04588915013734337 -0.17062150961624514 -0.22120226643951954 3.7525968279137367e-104 0.4503451971179699 0.4866363686394963 0.1541883640852243 1.3044316061844891e-109 -0.00019701716653471358 2.1026777054023322e-157 0.16606836412137604
2 3 -0.09929546860920724 2.466012846706189e-117 2.2021451919818142e-103 -0.35152597445339034 0.16189739743776643 2.957483199069347e-98 0.05243186894982396 0.18938675608110417 -0.44251036735163485 -0.20332335862482764 -0.0907826132998993 -0.3563587489368727 -0.2684015102159095 3.3921220086644554e-163 0.15915372854132057 0.2751799762967807 0.15180720175687007 4.503723138776941e-154 -0.021598572029413482 2.3358086020672656e-159 0.06518861610185864
2 3 0.2699682504217689 6.476332386122316e-115 8.319654065262771e-143 0.019929783138580678 -0.08331847088650883 -6.779102396539222e-110 -0.29308048952978766 0.26079802759785825 -0.03222078801445372 0.13078174893324282 -2.9980104636861545e-102 -0.016135711851716538 -0.22796731489220776 1.2901443081675497e-155 0.15430873899360995 -0.311384702483689 -0.027957732602248594 -1.398524704980889e-160 -0.02497199079009116 6.926506699627895e-88 -0.11639678516764844
2 3 -0.34547466602136945 4.4648008187710715e-130 2.539572959472462e-163 -1.0535072239096603 0.09600207849677815 -2.955693806522154e-157 0.009995015636403856 -0.2887045702016241 0.41327308810858876 -0.11758994654248957 -0.14428732326328492 0.19593922686099466 0.03865185892229325 -9.420687383457357e-138 -0.5866795193931061 -0.298634215339562 -0.22394043715231501 6.658673108627323e-97 -0.014721918002059822 4.432499636351493e-91 0.3691948123156253
2 3 -0.007845197262254367 -2.65138967492978e-89 1.4304086630917322e-93 1.0064384190725923 -0.0231222011837933 1.8698423128010212e-152 0.18890838352843006 -0.12390789204415951 -0.33210177936800195 0.5086064130035047 -0.19879978363782438 0.24923840486056276 0.2840713612181933 1.3404605397379562e-83 0.087227613811802 0.06769571443095691 0.06506093748393145 3.450766120544492e-94 -0.046563542807500344 -1.2762782657904657e-138 0.2535877575842258
2 3 0.45951381613778464 -1.9929395404018653e-138 2.890223379870066e-159 1.0379659082368062 -0.0852119209415429 4.2712958626441737e-162 0.015488583841621687 -0.26525983634145717 -0.036231317358372345 0.3932659343255445 -0.14497534256789252 -0.0694349237946944 0.04485903787915839 -1.398541829938834e-160 0.743378086304914 0.3212935159805112 -0.11726264380871541 5.332125652855778e-126 -0.059974365885865404 -3.6334013630092846e-94 0.03623128808683978
2 3 0.36710594418562226 4.6078721290548443e-160 1.0359953927947968e-107 -0.17589036174251996 0.22504280937013527 -1.0459495939018471e-158 -0.1120996541097835 -0.39491455432052053 0.1113749561494145 -0.2730025784543328 -4.8813818824015324e-120 -0.9111144183580223 -0.202833122014328 -2.2937188602575946e-159 -0.20602431258273507 -0.6141293623614351 0.0882075070384139 1.5986114979746722e-106 -0.018949652743694496 1.834511019269097e-152 0.30912332451245234
2 3 0.31766617617431936 2.4995716750004626e-155 -5.9415788796725274e-148 -0.24811407045446307 -0.7226691909846152 1.6069823407015405e-145 -0.9076741705932437 0.16655758380880342 0.3402322961249565 2.2496970865437973 2.8575413423483035e-20 -0.20665217744253794 -1.030653785564698 7.055298720530277e-84 0.7834929801944697 -0.16795694906766756 -0.045110560474942586 -2.25703828560896e-124 0.016951082200334013 -1.3784359002316614e-107 0.06813871456953198
2 3 0.10381571871658928 4.2173676638233705e-147 -2.559908805983391e-127 -0.5639341544583636 0.26374739827301086 1.003621316229893e-117 0.24930774981173234 0.10133622890448929 -0.23524730013848347 -0.9828562580808636 -0.1360716577313691 -0.19506365790999058 -0.21488133369985005 1.929378430199959e-158 -0.532769190147188 -0.5678524583929547 -0.14931813942710073 -8.851287707376164e-159 -0.19795201085051783 -1.0173893213616527e-103 0.3982576082873502
2 3 1.8006814124584054e-90 1.0888325011607574e-136 1.0241144282661138e-130 1.1682900465470126e-122 -1.405190333078269e-147 3.013987463864494e-118 4.142313508121351e-87 5.003588447217225e-99 1.0272730965780369e-130 3.0813810065982927e-124 -6.5537973612964315e-155 7.323580302781136e-92 -1.2939575595941692e-151 -5.5341706686449244e-145 2.7323696292587417e-151 4.177142155310926e-91 6.463772200397322e-162 -4.595595505442705e-100 1.3766867724342342e-139 4.027119707483346e-137 -0.1624933427480125
2 3 0.40457387839706505 -3.201358666055801e-125 3.844861769353486e-130 0.4697312218407152 -0.015409189521520986 2.218008178089796e-137 -0.2706206499618969 -0.15795659071326815 -0.19225051393445497 0.3327280346687491 0.03749455584604495 0.14846346719372266 0.3405233389831721 -6.848360667827695e-113 0.3504407704538978 0.24964728940785028 -0.08657046203393776 -5.411662130585081e-114 -0.00025906040478032333 -1.1304988831629436e-113 0.3032265745762661
2 3 0.08174325887756327 -1.3588392415540345e-115 2.7961823282805213e-120 0.5917203900836723 0.0656874256236611 2.3856596444027935e-85 0.09515122503605376 0.003170217754704712 0.3475153173435716 0.49793848565386756 0.1218991058761449 -0.0258857951842529 -0.28573091362816067 -7.681235866496574e-148 0.3400696707000545 0.22926907225682713 0.12261809889265222 -1.4306047703808984e-159 -0.002186671991516365 -5.899632852980672e-115 0.2340279907146647
2 3 0.33943960730676626 -2.9854989429314985e-145 1.2008320487149782e-161 0.9445506411708842 0.2522116213291757 -4.821002739480309e-138 0.46131276120467146 -0.12153318579496754 -0.03635855202584378 0.48110505575991935 -0.000462785000216981 -0.12771953555153212 0.051283392149179985 4.9247066282697305e-140 0.5027913042539452 0.26840997336276595 -0.1564156165514027 -1.37650623157379e-160 -0.07877427887408076 -1.4895060279366549e-148 0.1626188342936122
2 3 -1.0749737527768477e-113 3.536007964942318e-94 1.5841440441540914e-123 -3.3068995180707283e-136 2.2196484170427108e-110 -9.770645689246982e-108 -3.1631971335123464e-139 -2.1747954722777567e-102 -3.3745353288252663e-137 -2.6888530572244823e-92 -1.8058735389672396e-131 1.200375987667652e-154 -7.638456568472222e-149 2.7399771752632956e-151 1.6834052713901303e-150 2.560941044109717e-155 -1.7826930771866226e-95 7.303585720564165e-161 -1.9066697392554201e-100 2.4747320355557242e-98 -0.14828269111985848
2 3 6.196741576723343e-155 -4.979253866509432e-106 -1.4361003349508277e-138 -1.8836984081566733e-94 1.64675751046963e-94 -7.655505965121945e-120 2.0692114214700366e-104 2.9639577922142657e-86 4.996628271177472e-149 -8.127175054863216e-160 3.0372980568406624e-125 1.4615013277832657e-94 -5.561821229221894e-88 2.1937119737545912e-162 -5.151287090648393e-132 -3.0967657495695704e-85 2.2626037815806902e-163 2.3701363141499675e-93 -1.0734618897303649e-104 -1.894563173086777e-87 -0.15619451268356485
2 3 -3.860482399725576e-154 4.845804775359652e-103 9.613299365632762e-110 1.0530663493436887e-111 5.716729448602219e-144 1.273050800437691e-158 5.106890575184389e-93 -4.621871668487039e-139 6.216650797292662e-143 -2.3959252750429835e-159 -3.8282848538089436e-85 2.493749775983287e-113 7.272512230455793e-108 -5.1046555995890824e-98 -2.3504320213778206e-147 3.0171906403180936e-144 4.180919495354029e-149 -1.6485649106810828e-118 -2.1007161598066074e-89 1.5166366482952486e-96 -0.10921768183991132
2 4 -0.49345774405561776 -0.49686512058184024 0.2799765954714756 -0.5317919040633601 0.1631633212498255 -0.2691980502124671 -0.14802438552307182 -0.567221037088169 0.3601489285358922 1.0097795663122826 -0.17081229871067025 2.0083813856713255 -0.5921726675884786 2.4196927936356485e-63 0.09138414449897127 0.12426214689526247 0.3401031968221084 -7.051042146498839e-96 -7.838482084043698e-66 4.0481669277030316e-163 -0.5095124177714225
3 2 0.4427171672385707 0.0039108157190024225 -0.07699462454315574
3 2 0.3071094656744157 -0.37877061876715784 0.20350231218220807
3 2 -0.23986761238778057 0.6673797026695975 0.09211457923458435
3 2 -1.193580532880615e-17 -3.1940188522999423e-20 -0.42699352675477237
3 2 -0.08724158933124739 -0.008292352061557224 0.4848438633025642
3 2 -2.1914892570484035e-83 -5.492397318942114e-67 -0.13421452079862534
3 2 -0.2620125911649333 0.4547595163125046 -0.37262994993241705
3 2 0.27983379503869155 0.1694189613033921 0.4090649828171298
3 2 0.004212562205105488 0.5306024951756463 -0.09456859366870436
3 2 0.49036600784594486 0.43382599732977833 0.03167160766838686
3 2 0.3782039475919199 0.03773664311372216 0.0002444211754731755
3 2 0.21347437779931555 0.4625057101353631 -0.6173098017123284
3 2 0.496031481130757 0.5395625690606147 -0.11341705324230196
3 2 0.009691328815990783 -0.49166290770034315 0.39332793557800866
3 2 0.25571467210640925 0.39761042330729907 -0.5365793060952393
3 2 0.3988281466708587 -1.319661849467248 -0.213821507080247
3 2 -0.6292383021729375 -0.998848246141447 0.33028109000625827
3 2 0.1539699427783323 0.49309964850254484 -0.3512261576050728
3 2 -0.17170592849439467 0.6710288030698293 0.3594602416812832
3 2 0.4232496872070452 -0.49883043782504644 0.3323785832669645
3 3 -0.07191505260075638 0.49416730775224693 0.39556581668441726 -3.3949333154158755e-30 0.17382715075583285 1.101759800463913e-72 1.240550552255079 0.13658954547979665 0.34411357221308103 -0.09170103792475266 0.03404335215372586 0.9846216592916186 0.07015680808546762 -0.2745799188619766 0.5603909788648426 0.7032018819249746 0.36274203394132565 -0.20043905025244224 0.1814260460877536 0.23970293288531153 -0.10537474682437167
3 3 0.25517453053443917 0.0955326318816783 0.5087845865755185 1.3616666669592262e-44 0.16075777188695733 -2.235927321867398e-66 0.6469638937535473 0.27754313545970893 0.1573333700505983 -0.24180078639284472 -0.11483595633436279 0.8608941446415492 0.49775681625558726 0.2713163953833316 0.3784709148739207 0.5201932800744027 0.4313471886280591 0.29564915513749196 -0.34753447777134566 0.3336593824378769 0.017508914180090228
3 3 0.016907239991867346 0.4054685705112148 0.4057130136959535 9.97908314368443e-37 0.252311674229624 2.8911059515596314e-26 1.0247468232928003 -0.3586328599847197 0.10844572352547666 0.061215386209525866 0.23758612381219615 0.358227203095847 -0.19841604071405652 0.2220911133993618 0.210915742283159 0.4895737689456567 0.2836283400951969 -0.07056635709815355 0.2878312268444264 0.078932686071871 0.2406089456295026
3 3 -4.548192611638044e-68 1.2545913648927913e-48 2.70859088368954e-83 -2.513289917738782e-86 3.6009565654287714e-65 -9.157966827296886e-85 -1.522886892297396e-89 3.523551120860182e-89 -1.1334034495243901e-56 1.1973031339826472e-94 -5.577981454873154e-72 3.9618267670114755e-42 1.429457762230463e-93 -5.237740420199724e-95 8.099253973718972e-96 2.9779877626922864e-65 5.3617294376110345e-67 4.509978461747259e-35 5.172561343884166e-35 -1.6916511974917566e-68 -0.1436158489419263
3 3 -0.19339370568664563 -0.4963358562127619 -0.14304582387194906 -2.359900825504668e-74 0.37348341359387394 1.1797347354168384e-36 -1.2074765133764076 0.2370436128952545 -0.3781558964482129 0.21607064459520406 0.3710718878336444 -1.0391569282457294 -0.47943081158561046 -0.2581431294343837 -0.6929894756001546 -0.23357967066821278 -0.5198004522588169 -0.0746363656692326 0.009221740330959773 -0.19797013584711656 0.3062735246721441
3 3 -0.0005065729764887787 -0.00040936506028583586 -0.00487480688907914 -1.5441055187762751e-35 -0.0056755294090224525 -5.527434523982147e-84 -8.066256007328823e-06 -0.010387720263770472 0.014223744960903957 -0.008407652710760983 -0.0007992759912138564 -6.681411699684455e-17 -0.02024619429447407 -0.0011148650595892051 -3.350142349456766e-17 -1.016391708303372e-08 0.0015806973255884503 -0.0009527012418768262 -0.022147371086112387 -0.002532821041970676 0.015100500200828487
3 3 -0.2751963395583391 -0.2940447714260397 -0.023156307580851455 -1.8344684063826538e-88 0.0748737898512771 3.686097323733084e-21 -0.7432142564947813 -0.25699353286300514 -0.14401119160714917 0.026080039584192694 -0.21360751601646052 0.04873703089094238 -0.3839248565679149 -0.5466339540943066 -0.009337243706450326 -0.001568619719089292 -0.0017373787864596452 0.1444735880478155 0.2626222550592336 -0.6583870836362853 0.13027248297536434
3 3 -0.03964836721654492 -0.1795458250076233 0.22855125619247266 1.658334689391434e-42 0.17617357017174579 -5.05441149789769e-39 0.7789672467346441 0.10900632589524759 0.3374344451516775 -0.2566497806112244 0.211874045727848 0.3785953481222333 0.219223503183898 0.3193862966836255 0.27938097128132194 0.7281777491804505 0.48388488892091397 -0.1736940360098728 -0.20505380369578766 0.16615123190826148 0.1992027950587575
3 3 -4.772295625555295e-56 -6.187090967697257e-76 -4.293437115082404e-21 1.1222313389534076e-63 1.679309184375232e-91 4.4816366686960815e-44 -5.345519017549483e-94 1.1794549073016709e-21 7.6613422059370805e-93 6.960942208795862e-65 2.749919540547996e-38 6.36081856603278e-30 -3.686686663105782e-21 -1.5575818088154144e-41 3.980869310527286e-50 -3.3220939594198604e-87 -5.009920413839604e-91 4.530037808622164e-60 -9.357365188800443e-52 9.883141091169925e-42 -0.2705464367196043
3 3 4.805622051918692e-32 8.498992531653683e-79 2.4764383895816276e-93 -1.281418952994029e-73 7.2548112202847264e-96 -5.266053232118275e-65 -4.369676140059503e-24 -1.7288883261823617e-67 -7.232954123377577e-35 -6.930482104734988e-96 -1.912399910166248e-48 3.8260221253619995e-69 -1.4028142937002715e-95 -4.012876257796796e-23 -1.1599566129810183e-26 9.639354249172583e-72 3.4757743197611826e-68 6.195110221528452e-32 -3.7469907559950566e-70 1.739951947049422e-44 -0.21291810076851822
3 3 -0.5538068681197911 0.11265531145248575 -0.10176374654980529 -6.620250891079506e-46 0.19746717019288365 -3.9426222909356505e-93 0.9771060189942323 0.21571040040794984 0.42817816688392946 -0.07239357949946892 -0.5247078077289413 0.6319923124556611 0.08934950720271573 0.06440616364347954 0.11501582867547071 -0.9084170682273429 -1.5401274773202518 -0.2386204785094654 0.4650400422680233 -0.36941659288536804 0.07446554048155832
3 3 0.32795407488885947 0.25702959569361106 0.20544724020325064 5.345520821965766e-56 0.2894603696401699 -1.6712020377736575e-67 -0.8660171585557709 0.2906993322758833 0.29303799325305774 -0.055346942774743585 -0.29271254862119 -0.853339772783514 -0.2601558836448434 -0.03520202930734436 -0.5117113436036211 -0.8153141526232679 -0.7954391005376289 0.20983226341720618 0.07191274188389517 -0.2858863408174093 0.02403330144117932
3 3 0.0665152827063758 0.1580323814538488 -1.4890754876450107 -6.81066156540553e-36 -0.0926583106899136 -1.0991683309240866e-82 -5.4530103723424654e-83 -0.11758334465782067 -3.2124662692278013e-16 -1.2725283287636853 -0.7129899112791488 1.5542289239815383e-32 -0.34970563171463115 0.5347744692286932 5.309713531633978e-69 0.5286172642093128 0.748291970599992 -2.3971423055245313e-33 -0.42311667334868225 -0.21290933099746698 0.35587261642234685
3 3 -0.1535081020477458 -0.2818683268773869 -0.25544986504821643 7.08556267610138e-54 -0.12226239236854174 -1.8936321738884319e-94 -0.5082492052830816 -0.22256950461784683 -0.05853480064516128 0.30154066497875215 0.16548494682901393 -0.5849690905138422 -0.12945685040142446 0.05265617644563824 -0.6055584978932214 -0.7889466813956104 -0.8032777888246213 -0.3384261911982284 0.01815842933959244 0.26390199509272777 0.37033357071483697
3 3 -0.014407045703042189 -0.7792508453164267 0.08067682919541051 9.87807007655175e-97 0.29394108096965704 -5.829375765154015e-67 -1.2977256401357002 0.19213512615567782 -0.04822643370579832 0.12045320650150466 -0.09607950140964833 -0.06937155479268363 0.32224382367472315 0.02926103648131384 -0.23835956455389623 2.8494344702014954e-62 2.6662913680206943e-21 -0.12193397250587043 -0.10204330958090099 -0.6673705253555434 -0.2950541901290956
3 3 0.019542669050506608 -0.6180380024995324 -0.2120985766809518 -9.668126892134306e-37 -0.12919980883501483 -4.57920486576033e-82 -1.4300927283201392 0.10965458948132663 -0.24664503000008373 0.4545497248383849 0.23429051133739714 -0.6120942117023446 0.31864517134682196 -0.2792414953031528 -0.5221632213138762 -0.4227667238484711 0.04898654644673753 0.254339081525346 0.26678624674032386 -0.1912369189827896 0.001038210829192532
3 3 -0.3500990060656697 0.21735262369150643 -0.031491038925423105 -4.044655421027829e-24 -0.02639969200508297 -4.6747913824592953e-82 0.8588226628153637 0.028753197653039287 0.20673146905011022 0.38202561265380564 -0.36714118504313104 0.704034375247495 -0.20980204879694758 0.24386398931560688 0.15532768062879254 0.4860280334501464 0.5355954914581638 0.31716999405880214 -0.2623120108670315 0.0934755238451522 0.25032191482474325
3 3 6.030266366644418e-57 4.2031403969157135e-65 -2.0121406091690756e-38 -7.741454699287277e-43 5.7957020318335594e-95 4.651225181719317e-71 -8.213274106691372e-27 4.291594462848122e-24 2.913441762182797e-25 -6.569248615368883e-97 2.359608127153132e-41 -2.657223762275045e-96 -5.029717494476383e-60 -1.1589737973924143e-63 8.342741018245974e-26 -1.3709613418796373e-92 1.3761126126613123e-92 3.7845229236489224e-94 -7.970667049838152e-25 -5.4550583483866585e-24 -0.08626178095131082
3 3 0.2680913250158344 -0.8834047493626914 -0.1993309461816689 -6.025959709646751e-71 -0.21290863578358077 4.490213499255987e-35 -0.07199685054165153 0.17193799167531748 0.5079410744868713 -0.23824600885594488 0.25626265070952486 1.141934461398075 0.33288510434048685 -0.4965506304437519 0.8083119178269679 -0.017611690673205182 3.0794592847302256e-29 0.6831176121332295 -0.023227639254996352 0.011454710073547734 -0.44611544971818407
3 3 -1.0692335189529106e-91 -2.0393347932530824e-29 -3.631161994630003e-83 -2.898523820671548e-25 2.1687075126387233e-37 -5.296280302114188e-23 1.3204639521245173e-21 1.9444617721315204e-94 1.9970024346619414e-74 -1.1521112784147014e-28 -3.0254849224737937e-28 -8.363018685300877e-70 4.1436498099164133e-35 3.066749107129177e-67 1.1276297352510657e-72 7.949348666758582e-46 -5.484814220164487e-71 -1.3307254622691395e-83 2.3370603713542722e-46 -4.537765741212352e-48 -0.20803810380367585
3 4 0.23802493293690824 0.645437303827403 0.2870130150286974 -8.221278498826383e-14 -0.8571738786345082 0.0057721565370155116 -0.7118966316895922 0.09999079699688643 1.4837302112799893e-87 -2.0272668453420365e-84 0.6213995249006233 -0.592356053089872 1.1103304794321316 -0.6966901631881417 -0.5548310571443025 -0.5711349496023816 0.31188523259789797 -1.1260666458905045e-82 1.048214816001181 1.2210775081964853e-41 -0.1463584308619528
4 2 0.5335739821499158 -0.6417360302458983 0.03343758751021667
4 2 -2.029641784880011e-99 -2.066648149204304e-149 -0.5168748230496423
4 2 -0.41039461451252723 -0.29741416524709946 0.31105038378664296
4 2 -0.39110560259304716 0.506608693453443 0.19333543229945224
4 2 -0.5989340046311975 -1.2588615919633814 0.2205988635260437
4 2 0.3423663970923449 -0.3461310053805811 0.48644975913611116
4 2 -0.010807572770076643 0.6820251002938551 -0.2418977293584283
4 2 1.5780912358692726e-97 2.0073782482031296e-146 -0.09862175863776174
4 2 0.1373999254051293 -0.0018607361427368874 -0.1700923494456217
4 2 -0.01645338894699191 0.18015088623114206 0.45920805037231227
4 2 0.4959194863712001 0.3368509970511836 0.1938625150315979
4 2 0.6893473967698696 0.5839535070460371 -0.10480367936737307
4 2 -0.9282110570941713 0.21854541249477558 0.2549611198013819
4 2 0.4071735698546061 0.14364048299432042 0.41619886029448516
4 2 0.2973797896176327 -0.2858220764522715 -0.011236038372246099
4 2 -2.493972609833553e-152 7.642417236437224e-63 -0.363269596259893
4 2 0.3450080450205261 -1.8076484484352966 -0.12326463723248779
4 2 -2.4291960891507553e-98 -1.2488651292169263e-64 -0.248344912518138
4 2 1.9293011631793397e-104 4.242530771910251e-57 -0.390877470528028
4 2 0.4860637611819291 0.2483372153847199 -0.2839735676143771
4 3 -0.23523774097071337 -1.6235481596570396e-89 -0.2926341123967845 0.23937115742894324 -0.24099949446886856 0.18789979738229626 -0.21833564906242225 1.5333199354217446e-147 1.7321275928906446e-09 0.08377146701113439 0.2984209534036911 0.3443444596137588 0.08573106979338257 0.22779578173457404 -0.23496883964389187 -6.118103003215909e-117 -1.122342360621365 3.8336109044979787e-87 7.917166097094036e-132 0.20542419727623001 0.17492126527970325
4 3 -0.2746102867987609 -2.1316203337248247e-139 0.1488765192092562 -0.27060900461879217 -0.04886270224707416 0.14008904872032313 0.02627102997907477 1.3604916905023893e-74 4.633684440617174e-59 -0.09083364318283235 -0.1729654640518564 0.1900827496403627 0.3251129622024004 0.09809734443396631 -0.13736589704680355 2.1054978062980294e-101 -0.14529268093479983 -1.4770159514056359e-148 3.9341336832706342e-140 0.0961285036644511 0.26933678687443496
4 3 -0.44101271513905077 2.2171284094628682e-74 -1.3212245034638788 -0.07939499032539422 -6.667845594761038e-83 -0.5825155413022476 0.6570627214602333 -4.483110460953521e-138 -1.0269697628407152e-129 -0.221671428321884 0.2628017536088374 0.5139032052884939 1.260872249691991 -0.02634891875206113 -1.6442088455845987 -1.0864206076187216e-141 2.2110501209211263e-77 4.5596911372466365e-126 -4.99401949859121e-79 0.5713886383336898 -0.713843770924662
4 3 -1.1344141222989304e-104 7.354233498204139e-138 8.289205055569613e-123 -5.303883749596416e-84 5.704175787559299e-149 -4.2506404558012e-136 -6.094398171463261e-117 -3.770597373559153e-73 2.0290365990630312e-104 5.847157181826753e-124 -1.9269474783513777e-151 5.401121823045456e-88 -4.33295128507808e-149 -6.302695805238348e-151 -1.6318803465347024e-118 7.249013431559146e-129 9.267801383807892e-138 -1.4406315641547805e-143 6.992174255124599e-143 1.40866278697714e-144 -0.38189967719471246
4 3 1.0212462480662357e-113 -1.4382480705371406e-99 1.1676361214905633e-147 -2.369937659925228e-133 2.6658566348390372e-95 -1.6917584281580292e-126 1.3820096928517742e-100 -1.405380211759392e-78 2.4807034599017385e-84 -3.700458841482423e-122 -3.3229922496577057e-77 -9.214498606206016e-148 3.200388078976978e-90 -1.556833328948802e-106 6.128637186182528e-125 -8.82602998514014e-78 1.9609206914434276e-103 5.246524762762983e-118 -9.429864861991073e-94 1.0696147494797353e-103 -0.2773193838233446
4 3 -0.6114532447420777 -2.2942892425690145e-80 0.02388698390513365 0.1170033219893468 -0.1977318929393301 -0.03701732187291168 -0.27045553049275534 -6.083310675294194e-80 3.2627730392130114e-144 0.024272951555183386 -0.14573837185464592 -0.32297534079708834 -0.5105748788782583 -0.07016557690831833 -0.4000008441054692 2.65813650522541e-85 -0.3780794587200152 2.63477754279294e-124 5.6558432936088456e-149 0.04962262233230764 0.2245316578847852
4 3 -0.3173610437718027 4.578519516513312e-117 1.124190485657745 0.37275857597060036 0.9440999265303633 -0.18001845731452282 -0.10852155942013171 -5.910178346893404e-138 1.4731217423352378e-143 0.07575331732530276 0.40510144642414486 0.3863376500957692 0.3968287595111743 -0.21050200322115759 -1.55328026056407 1.9308337349938448e-97 0.004059850694253745 2.1295396191708162e-148 -9.692928893044862e-79 -0.2753889410175437 0.20679008196359477
4 3 0.09005279089865409 1.1182058365298512e-146 0.8742852584083679 -0.3278402042134288 1.0828935901575034 0.3692057515143591 0.013706620877098234 1.648178889387444e-149 1.7511172210168114e-17 -0.08346339393064452 0.1415981400372226 0.26441433983149837 -0.025323749194278215 -0.1565797606659041 0.23355806840189375 -9.032216876843605e-146 1.2733887410575888 -1.8984835999392018e-143 1.9232570796431094e-125 0.47719976504057926 -0.023581429062076983
4 3 7.089409218881613e-114 3.081249346878805e-101 7.599917147164584e-76 -2.67398501565315e-81 -4.606005147566056e-84 -2.9039264636996094e-126 -6.87096830047816e-81 1.5479242056903345e-108 8.83912572738898e-130 -3.071767512229933e-146 7.308926145770356e-95 -3.2332625816308424e-144 -5.763167637602822e-84 -3.014483662786719e-150 -1.828240508348256e-141 -3.3795415810858864e-135 -7.897916358639497e-131 1.8209149994436122e-119 -1.7128998180532877e-126 1.5714060566416529e-114 -0.16340281260267964
4 3 0.0857316652004557 2.9803025363535925e-83 0.22862010039525726 -0.6661613550480426 0.778648704783007 0.06130331766568991 -0.3110473254688642 -1.435164137933969e-148 -4.5722428727712026e-08 -0.021159460823466522 0.27568685908921864 0.04344896500937398 -0.5804670427919224 0.2900446997026398 -0.3433807671469849 1.2522455484443166e-135 -0.5048677228073879 1.190830337496075e-130 1.3218576311946167e-102 -0.23376433355847095 -0.18770567647311473
4 3 -1.4911574383064372e-30 -2.1911550735731866e-115 -1.617637233685546e-54 -2.2921746768329486e-15 -1.3719743027437633e-49 -4.2720004231250614e-21 -3.316210894516797e-15 -4.0025777559543205e-148 2.9250745150506356e-99 -1.4447860671984698e-12 -2.2055205437092964e-11 -4.7891813968446603e-11 -4.178741324608449e-28 -2.584165795028238e-10 -2.2524550737093874e-77 -2.6171324761121352e-76 5.56123465473979e-57 9.440251353440983e-145 -1.1999592607308322e-78 4.870404534834865e-40 -0.023362055450452734
4 3 -0.43039602028915636 -1.0600937001980594e-115 -0.1546205236325604 0.19962433438984525 -0.1252177144828144 0.18306631217176542 -0.13765251308662801 4.5415917444737035e-117 6.15632576599818e-05 0.09759494985307454 0.24345392066098626 -0.011937439477492654 0.3418085053900826 -0.09518172726352797 0.23742694392435426 1.9196707868727967e-101 -0.8172108820063952 -1.0899796227153294e-101 1.2118794809274929e-150 -0.4240827289057383 0.20196894965417986
4 3 0.506476076788171 -9.360822194921399e-116 0.6747827441457286 0.12455072116716219 0.20394333242152327 0.22779923866425525 -0.2312094779560019 1.423148044073856e-136 1.4133973089441905e-06 0.3710587668554559 -0.33815635872934374 -0.2575162188286662 0.31626277727046626 0.3991624378457061 0.0002117118247857498 -2.3859581662174615e-146 0.7297991507649172 9.660955912492185e-103 -7.375531991532824e-141 -0.4746998256233624 -0.010481932185447929
4 3 -3.00821086415567e-76 8.2262872488384e-117 1.3599194513477269e-90 -3.3709577962963108e-77 2.9336676150967007e-123 -2.0384990831734927e-81 -4.2443338466581375e-110 -2.1439126328182617e-136 -1.35056589117139e-117 -3.808555943056853e-133 2.385509043460918e-81 -1.1199387315112812e-115 8.498760653097401e-131 3.2656666409138934e-74 -8.849307255758867e-103 3.4883108857667527e-130 7.104123267340219e-76 -9.505042116401915e-85 -4.196696933367843e-80 4.531575760376048e-146 -0.13741200681209362
4 3 0.23209796989736345 -1.2440439153494215e-78 -0.020097046611273133 -0.2453162777211303 -0.3640913891381881 -0.24037512493901128 -0.2276547784090263 -1.8271734725420845e-104 -1.213691121884498e-12 0.409561964748238 0.2970787858916523 0.04671255165406395 -0.24796727941915597 0.23728773304154746 0.24006637778237278 3.2725858327805373e-90 -0.8618864043980513 -2.708115307617913e-101 -1.0079051193082374e-93 0.1531222912384667 -0.0039884379555158505
4 3 -1.64625462252538e-121 -3.525527821221639e-141 -2.2346726240882575e-103 6.445682193492623e-127 1.6840536295089504e-81 -2.1826045408094764e-140 -1.6757636798576722e-124 3.609037814955603e-151 7.203130752598043e-113 1.1232587024406085e-105 1.5409661261052287e-106 6.71636957365518e-78 -3.221553921030982e-120 -1.8464260075476656e-127 1.4933255074369055e-78 2.6577808306804002e-126 -5.593513503037017e-87 9.756241703137834e-130 -2.4846124437438715e-81 2.287173675644675e-102 -0.3350981797322268
4 3 0.13419881649532125 7.092453035177084e-106 -0.5537850768777439 0.2864537748724846 -0.7703301359646115 -0.06661829260456457 -0.28409169087520086 1.132162448650986e-148 8.922662938149718e-130 -0.30405891230029425 -0.14459611216238022 -0.47525370093403463 0.09202823008939809 -0.06467581340621621 0.27030404066366576 2.1396925826878628e-98 0.6571516896401569 -3.0643591940109064e-123 -1.792206970112955e-151 -0.6718079246819209 0.47396074268225685
4 3 -0.2552408911909122 7.140063804500293e-150 -0.14486598261262693 0.04493743645984744 -0.37819854133844905 0.2574909147586078 -0.05187114699186461 4.305035902893026e-80 -1.1091661367792899e-23 0.24851599963425355 -0.14939636328257383 -0.2429849691656253 0.2962436969071009 0.152675337766358 -0.2674463721245558 1.102066019021442e-138 -0.47505103867500525 -1.5603243383853304e-142 5.825882409302227e-123 0.06825421071941858 0.12800453798235506
4 3 -0.27874735131932044 -3.5242619754258017e-93 0.39321957418414855 0.32034277339899725 -0.3703528435896512 -0.1348476785653868 0.10045839794234859 -5.2939842075436e-95 9.937850911513055e-151 0.34905892410462136 0.24647695298275185 0.03329530361118198 -0.11090142726958062 -0.3484017648369895 0.21594634898769532 -5.64212575912561e-116 -0.12466938580997405 -3.2320193837938567e-121 6.031835789774986e-144 -0.21479211232285383 -0.0544759903828437
4 3 0.36930505705095484 -1.0216561228042522e-138 0.029283873298945832 0.42116991898645917 0.37019503159743233 0.136855530917443 0.03966032864345988 5.195047418450444e-94 -0.00010146776942721475 -0.035705661686944216 -0.21635854430794899 0.03350533965851532 0.1134248757758585 0.16811562874605734 -0.03357270193269832 3.3184269805368773e-111 0.733952207266702 2.758471476266693e-74 7.091802245900883e-133 0.2546752549543391 0.2069438969297837
4 4 -0.20849633510962756 -0.036445062324282636 2.5182258027644417 8.347280434293567e-68 -2.0198043515528335e-54 -0.4248023580276022 0.4593143976989893 0.5045590950296706 1.1070861610355283e-55 -0.43863279099322633 -2.0172509714428194e-06 -0.5434531654060996 0.5992601634844953 -8.245838031708527e-89 -0.1895264238060097 -3.3661961177421744e-139 -1.913103334275737 -0.15355767652143007 -0.17607611188033034 0.501584219256776 -0.09875170667444672
5 2 6.560881986770135e-212 3.5862607879946464e-133 -0.11805384032770694
5 2 5.283974344414011e-121 -1.9915139765104237e-197 -0.23387019051733215
5 2 -2.8219807667778155e-132 1.8888391398170154e-155 -0.4530327785540458
5 2 0.47400366203738514 -0.5433464395230291 0.2924697933470314
5 2 -0.051831573520425264 -0.22840606056216073 0.4903595241280907
5 2 1.8515002693843294e-122 2.363693307759924e-193 -0.3131940973054975
5 2 0.6515435831702318 0.2668343400805001 0.07332273089735514
5 2 1.2467940226707326e-205 6.138339105993769e-177 -0.4199913175533895
5 2 0.39547931557815785 0.519680910301386 0.12165416528482695
5 2 0.20680496207995694 0.6065643193202598 -0.3372423664307585
5 2 0.04551003580368425 0.5299111663120682 0.018570522879154627
5 2 0.4794505295385926 -1.0450766864639347 -0.3197311652216578
5 2 0.2101184411625488 -0.2851985314377663 0.26945188577240403
5 2 -0.25137337136722454 0.5511698961255947 0.4071519415382644
5 2 -0.356495212025898 0.3476238081755619 0.1738544409880262
5 2 0.46422041135325504 -0.9940407177165439 -0.22602964816126017
5 2 -0.27624947373010594 -0.41916567927824044 0.6869379575169363
5 2 0.10918970721790841 -0.4725853863631935 0.48880546330199326
5 2 -0.352791816508149 0.6463049015365205 -0.5059407736226149
5 2 0.39853661945325525 0.5693848311627113 -0.22356550888846413
5 3 1.885265438104039e-155 -2.8584607397179906e-144 -5.5083126027393434e-195 0.8544736967410579 -0.13159677901864492 3.838953556274632e-210 0.026035167215529877 1.696947180274533e-177 0.372573443791597 0.29286101289727456 0.15065278176467783 -3.3341354820372493e-153 -0.5512482480109292 -0.10445408845537006 0.0839802276830694 9.588857387430218e-44 -0.33616702635548845 -1.4770985898974105 1.6897088829298936 -0.10570612994473406 -0.1989849835008518
5 3 -8.867403544203215e-174 7.762994950510437e-193 -2.661260721240138e-144 0.3032344093665336 0.12390868827558678 6.57197703716898e-205 -0.0404203616299826 7.918602466740388e-152 -0.008347461608037026 -0.28546348137859756 0.5882423756793761 -0.31335378149443194 -0.30552385967544216 -0.18552193330740335 -0.21739125357856584 -0.04959052330589777 -0.07350462600720806 -0.05270937239708801 -0.9938946902651672 0.11470239039916222 0.2795887836739239
5 3 -1.0559967684972669e-179 -7.179547009337915e-160 9.681626876310563e-202 4.378355918107674e-175 3.97393014793975e-184 1.7013531695967142e-194 -1.4600169573928235e-211 4.424763802718864e-197 -2.7988287533933263e-136 -3.5367494294945893e-211 -6.704307987216909e-193 -2.366981756502616e-138 6.118169261309609e-139 1.0651264622833532e-196 3.147663632811143e-188 1.1141730707525859e-201 -9.982441379846869e-184 -2.0884125127718315e-159 -4.0950337993132616e-167 -1.9645124141320875e-199 -0.35964421020684406
5 3 6.662102459745293e-170 -3.099979992446271e-209 2.5420541144457547e-171 0.11189050668579904 0.08050112555570844 6.864894895463333e-203 -0.19005424132454726 -3.4885108214265525e-152 -0.024677898513899496 1.316093980887687e-208 2.2896614762850383e-205 -2.648802084420614e-26 0.14850970224181617 -0.14995488997522177 0.02050996934820575 -0.02011567839194985 -0.12288616418892924 0.0744039095995164 8.782393584445829e-135 -2.4102392561806307e-08 -0.007416244771310774
5 3 -2.1833841455917158e-185 7.94934172123804e-189 9.95000745941824e-154 0.2016219641322928 0.32467497828619507 1.0411262622827624e-166 0.3770909249798647 3.601987080363043e-157 0.29601177971884113 -0.24654522640341928 -0.38493172899579836 -0.23242179203689642 -0.25926959992118365 0.3667598960217712 -0.0557315080991083 -0.1559455298253301 0.38847475436364315 0.2915664926379026 -0.20700223772654877 0.1429481323552145 -0.23274951395471735
5 3 -5.787031062207898e-152 -1.8440616774662257e-155 -1.0615278271300815e-153 0.33488618572353046 -0.21154734050307003 2.9201660427004565e-141 0.011394305713764484 2.5581771827930338e-138 -0.019195996918501677 0.3048339856876532 -0.11992071398137515 0.7952874265122589 0.16593018775028423 -0.020800384313987223 -0.3093111819951606 0.46459795715651775 0.08611177943575023 -0.2001341382581876 0.5552188872669936 0.5009157361504403 0.21770634402702776
5 3 -2.346771520069997e-208 -9.38439822976953e-202 -1.9149195153063072e-208 0.42294792514493806 -0.2844092168128381 -2.9196778116805513e-139 0.30207451882647285 6.197413998404118e-211 -0.08676450174422057 0.5098944709330083 0.006548304864630718 1.6173557584246436e-198 -0.3152275459353349 0.3737929313050305 -0.2607554542578847 -1.0203935776366171e-69 -0.6365581624526175 -1.0009553779975475 1.2120561373709677 -0.17561635423338207 -0.272675187702774
5 3 2.6506680910299794e-204 3.7692210508647414e-146 6.182332466218869e-150 -0.010525698289163488 0.08750455306358416 2.2933542579703914e-187 -0.016967329602077953 4.991668334448358e-181 -0.061382867748609696 -0.4851073098495212 -0.13991250328033336 0.03361842881265018 0.12268799792570795 -0.06577992375103893 -0.08880419936128253 0.14713639305458517 0.115561105788269 0.13885512918905232 -3.325259642548337e-24 0.13261802729501512 0.14161176412320053
5 3 2.0345807173166657e-184 -1.7478014484538717e-210 -2.6237896393160333e-146 -0.01035053357451702 0.25728305870417856 -2.8225645061428165e-175 0.05543141333662747 2.5230817403319096e-143 0.3450254094414727 -0.4117872317586874 0.03059555487865136 -0.7443291657537215 0.0818367692540286 0.07906894565019966 -0.07197571005833678 -0.4025938216551015 0.38289946443210726 -0.026046930784667008 -0.7815697720230865 -0.21041429132989337 -0.03220131059977832
5 3 1.4081735277994397e-204 -1.8110150059624276e-163 -5.073812775608699e-196 0.38908218639715836 0.08190025225283272 -2.5214305743493306e-148 -0.007338078810587859 -4.170191439946147e-192 0.39351118041817584 -0.14078996901971386 -0.24262283936125192 -0.34031910139226806 -0.011618316930669914 -0.3432075731176046 0.13329371623719863 -0.49071719041936496 0.19995983710729037 0.16474747557127237 -0.16767134139178907 -0.5165671382041606 0.2559250629492163
5 3 3.846558307727e-191 -6.745081750258616e-194 -2.8639053470653387e-205 -3.899500525390209e-66 -1.6766525936125929e-47 -7.427679485741605e-171 -9.532524623200844e-41 -2.187426820194837e-145 -7.897399902870816e-38 -9.414853986655882e-84 -2.4555716611085932e-80 3.714065208307976e-146 -5.560850811062755e-66 -7.301464766001952e-31 -9.686958659508399e-64 -1.3047671326965135e-132 -9.968060326089135e-53 -1.0047737912533022e-57 -2.91937781586213e-130 2.2823380806189513e-81 -0.02156460035160001
5 3 5.263624928563159e-146 2.5096942385197876e-138 3.328989344942733e-209 -0.1401751158579417 -0.00812314293977352 -2.8495807991214606e-141 0.31734882704048095 -1.0719228402938691e-163 0.08185034637248774 0.3943661235910526 -0.27130321289146725 0.4437502738851392 0.0031535685461937146 0.048886191136714156 0.15043304732814686 0.4784382772457495 0.16841615406782556 -0.013253308880569605 0.7785879863353159 -0.10097455394596509 -0.11675307037502533
5 3 9.571783739517084e-161 2.740158751509857e-138 3.893943506413961e-200 -2.3994087240498837e-156 -4.516988757332515e-183 2.8200443536094126e-160 8.165150833575128e-188 -3.620041007238652e-206 1.2509003137887047e-180 8.141408609063352e-189 -2.549922998540737e-178 2.376162209844132e-150 -1.2953463182323095e-205 -5.07714792513882e-181 -2.7852501417116606e-211 1.4679093518375524e-156 -5.556280119510011e-152 -1.1031066425575677e-153 -2.8981678158727997e-139 3.1038357910487376e-213 -0.3475757205189483
5 3 1.0854463225801646e-141 4.3341311626569565e-139 7.168553362495005e-193 0.3369420535289352 0.31441357569795714 -2.4660392780059732e-158 0.03847059463641876 1.5854048774632195e-210 -0.36521668882376956 -0.212312998605931 0.38799328024360924 0.7766949302397843 -0.035192665529573806 -0.03947469138991017 0.027924007539945693 0.06900431569980395 -0.10935732124563302 -0.16363647534162168 0.7005649107012203 0.3463696187596165 0.07424983428147146
5 3 1.9156376382995484e-208 -4.456793327570308e-177 8.584721547752759e-177 -0.13511706572694504 0.35186970960882574 3.891437413503041e-173 0.08070568879402344 -2.294295141924974e-156 0.3757612625098716 -0.15811959455611324 -0.11877721533410489 -0.36931864816107685 -0.11143233973145678 0.2979250001971973 -0.36597841124087527 -0.39459153596889907 0.25433612982320236 0.05870967813331125 -0.40541620484475005 -0.045560299707162716 0.036937824570695076
5 3 -5.169479397695409e-170 -5.870100689691872e-145 -3.743199227682216e-211 0.31611708372410824 0.17448406048286066 1.3352598667430245e-153 -0.22637959561861437 -3.204167438195231e-184 0.24055276350956994 0.1358877932962015 -0.0027291895589686152 -0.08230725157715005 -0.24165891330805445 -0.24401962936776087 0.19072376657746073 0.08756584754337901 0.2959085047924033 -0.1029385859037348 -0.16219410265268588 0.19601398697196193 -0.23326351632178943
5 3 1.5020771331228735e-139 3.322744762227669e-152 6.614359122317661e-166 0.3341353704109841 0.42533879051325807 4.900278461905671e-152 -0.1546155120413888 2.9202416378513674e-168 0.2750241295226539 -0.5295879160527612 0.008280395418174219 0.7949113657782897 -0.3318299880216196 0.2951591594567985 0.2087744855596478 0.40983747520980124 0.5258660104149975 0.38189255760786334 0.9129936622501073 -0.33532737744178054 -0.2602304885833733
5 3 6.16338355147729e-202 3.66910415138569e-207 1.2458526323394923e-183 -0.08793662580133019 0.5164454506627201 1.0099634755957948e-206 -0.8390252314797066 -6.811118098699552e-144 -1.2482620954614811 -8.760379734045118e-143 -2.5157053354246575 -1.173587616772544e-10 0.017347547632390735 -0.1909829514284151 -0.34743293872692055 -0.03899153481873832 0.6988956426654991 0.6641482586111441 -1.192084002165461e-201 -1.3742941324025766e-21 -0.13662371923660727
5 3 -2.9270764959689754e-156 -2.0024820848726085e-141 -3.1991376489408396e-164 0.020903657068846348 0.3033321354887102 4.2537213397659267e-190 0.2098921876413975 4.596112905589132e-185 -0.005146945163517686 0.15727120449644794 -0.2934246289768032 -0.8472288991953796 0.0701085307401443 0.31376212187533004 -0.07220044488286087 -0.29707779366703646 -0.19249480801518282 0.04334848809182481 -0.29266699858940015 -0.4780592349498622 0.22823091893709951
5 3 -3.016943170915032e-135 4.128683440092051e-185 3.9495317395174495e-147 0.322356476670493 -0.06993627460218854 -9.587623075491612e-183 0.11114938783787677 -3.501444205809609e-188 0.16445120364714313 -0.00787712871689876 0.11997134656168798 0.24094906014569298 0.2989069653681476 0.20085272105989413 -0.19239783861653384 0.3833479980351264 -0.07986217085966826 0.0037403705970023133 0.536193893015522 -0.0514689042778801 0.2960722333267052
5 4 1.7969047549976966 -0.45297776866369077 1.3533604604615163e-120 0.0016310036017606778 -0.23947787557083414 0.4597501804536338 2.719441787302336 0.1803985197147482 -0.429819309426821 -0.16455467224632142 -3.846402277944529e-09 0.2752455041010325 -2.971865800709791e-148 0.5261821159182436 -0.31069064235334776 -0.36723058118651436 0.6449341224598197 1.325204747546011 -0.5042728462837864 0.1490527709166109 0.2595525889751129
