Number of NNs: 1
NN configuration 1: 2 50 50 1
NN Layer Weights Bias
1 2 2.035231185750784e-61 -1.2110783539480313e-25 -0.0579804074612259
1 2 -2.1749859209985536e-52 -1.5554616310962987e-65 -0.0012615770107277102
1 2 -0.6063243537533464 -1.3005827127287946 0.22139342875581902
1 2 -0.352957871597216 0.21295343839550143 0.2986707034640748
1 2 -0.28145848335895335 0.2345298288194822 0.04415416818712207
1 2 -0.42254115995383157 0.250061766844835 -0.045631884868792896
1 2 0.22699493341250468 -0.19122345559918147 0.13753936275745637
1 2 0.04713471507471963 -0.29804849012810447 0.1520175866759036
1 2 -6.589937509241762e-17 -9.289684922962113e-60 -0.2405534278513251
1 2 0.31010255439973755 -0.3065268991630966 0.1880374830078596
1 2 -3.854632369395623e-66 -5.628535525708701e-54 -0.08423833813307041
1 2 9.012489989472639e-17 -8.895718360026153e-18 -0.33943734761871197
1 2 0.08808602190744909 0.08691568528744006 0.06295314112561333
1 2 -0.10204477924808726 0.22451923348856695 0.35189067553976955
1 2 0.06922189967800547 -0.7578299929961154 0.14849694861185678
1 2 0.0010002300082485483 -0.3726035384303699 0.31722318079371664
1 2 0.3978300674490763 0.06928618189594106 -0.30129221643760956
1 2 -0.012894604458996196 0.3756523221436755 -0.28260240018028066
1 2 1.4128768215599233e-54 -1.5365562120417572e-14 -0.0035578939565513723
1 2 -0.04739891721329031 0.15094787408875637 0.25660950296284496
1 2 0.427770896914636 0.008254131780079268 -0.22450616523402003
1 2 0.0965637489226684 0.38111635766579727 -0.03570581923336034
1 2 -0.3606436645274398 0.1733482668404769 -0.03737603768446263
1 2 -6.139918451868915e-14 4.969430758981266e-32 -0.27775925227979376
1 2 0.3067534266598411 -0.36693474722856845 0.36739857732783093
1 2 0.4224423251837726 -1.126691730348953 -0.19758852085894557
1 2 3.3357442813979636e-32 2.3419629975285403e-46 -0.32835375373713666
1 2 -0.33434892443928255 -0.4937105105355957 0.16246924320203018
1 2 0.32235988145079303 0.3029664943870261 -0.29506045080019
1 2 0.24593878771704944 -0.09446786086947193 0.2796174253022706
1 2 -0.13508138460532973 -0.10972467675225929 0.12264352614783763
1 2 3.1087626984077033e-20 4.905631525696194e-64 -0.29548675320721624
1 2 -0.013971770140063393 -0.7731261018207899 0.05195789345771926
1 2 0.22391287595522041 -0.2744125495720309 0.19724743707396875
1 2 -3.0631626826314843e-16 1.1500847292488812e-46 -0.04720890021247459
1 2 -5.0244714542518556e-23 -2.31189008946328e-22 -0.2967755595970058
1 2 0.01694436941451038 0.35964773461964544 -0.19764914751837573
1 2 -1.027855029210533e-18 1.7564822275899818e-38 -0.2748659245416744
1 2 -2.2874795142027064e-61 -5.607240912920034e-44 -0.23143219117204059
1 2 -6.758118755726289e-12 -7.555803763115947e-54 -0.1159777659278847
1 2 0.020594946454223394 -0.25081336182359454 0.158790201451991
1 2 -0.5329516275946746 0.09934433220663988 0.1482446155029483
1 2 -0.03772085227775445 0.050325694584029496 0.052843904523159575
1 2 0.06018065214897521 -0.42776656206616737 0.45763636472044245
1 2 -0.15737592005527246 -0.06275778715145663 0.41865729062832235
1 2 0.007824770505578426 -0.28296096788654007 0.47159373095497376
1 2 0.04806759594747246 0.20881602686118858 0.0340581466785
1 2 -1.9526573612493912e-63 -5.164655830349069e-53 -0.0014815748317447142
1 2 1.3899011101735131e-61 -2.391687373601214e-63 -0.12444011365867971
1 2 0.34961416728321926 0.17166638661193978 -0.3111264776168114
1 3 -8.54898244890742e-51 -1.5303071733760546e-34 -3.804429738397318e-55 -2.04884326281114e-36 5.346566782404179e-57 9.649355707110278e-60 1.2541020773094644e-59 -4.2764152400072506e-48 -1.195781298536982e-61 -7.097854611427108e-21 4.842168315895817e-49 8.6010642800878e-37 -2.227242688150349e-50 -8.986882231391279e-21 -7.210747949040865e-61 2.9847301598644696e-28 -3.754798303843513e-32 1.64384047470629e-62 7.24013688613245e-65 2.0304063829886897e-59 -2.869455479852249e-59 3.4500273620716255e-47 1.294928441098683e-26 -2.4686599930924873e-27 -2.463910621673943e-62 3.5189476161417317e-37 1.343484577665028e-57 1.6605620146058548e-42 4.705788032768094e-39 -5.000234728814108e-39 1.5750958144156291e-32 -4.498924967815108e-22 2.4392874379437648e-33 -2.110279424411512e-65 -5.519752286008053e-35 -2.375020060145498e-53 -6.1790092587362555e-24 1.7211514712760656e-47 2.5215228504446345e-35 9.725533752379002e-33 -1.925484942998995e-46 -5.912555829143703e-33 5.827217743564861e-49 1.156181101930109e-18 2.0045636638399272e-43 1.3749452418321857e-67 3.6404285123898524e-60 1.2082291624970694e-51 -4.356811730728081e-51 -1.3906842881080244e-53 -0.202282449985265
1 3 -9.429603044559547e-44 2.649271870713827e-55 -0.003845280161220622 -0.5124879453327614 -1.980076703154402e-30 6.830911783087976e-64 0.02200257851751401 0.10736369168928926 1.2642259952983024e-50 0.2820174254735408 1.3260772619197185e-51 7.293918840774746e-51 -0.06861950360934851 -0.3537613615815023 0.5149419357112639 0.21763613344621652 0.49140802623897256 -2.4015394244754026e-41 -8.765647852492604e-21 -0.18738313432755194 0.45659220394335465 -0.6553738352217889 1.808883904887967e-42 -2.638604050670269e-58 0.14711300411740122 0.754893990044594 6.643503629738084e-61 1.7857557757963522e-05 -0.8110182846114442 -0.1315340225351948 -0.7561624590158382 -1.1708651344670168e-34 0.42173645831601914 0.08006339653319465 3.7430373788685263e-29 8.514699835059466e-51 -0.005437467536852811 -1.2703865052410116e-64 -8.262118847261616e-51 1.3103544954627642e-35 0.17389863749182838 3.565578122450298e-12 -0.557457132336642 -0.037749065970766556 -0.23360270842393402 -0.1206771035059342 -0.4236116241797163 -7.493463763294135e-18 2.2817121665968826e-40 0.062080129337844084 -0.10486432442345997
1 3 2.3272011870332143e-64 5.20449910465974e-59 -1.7892835584560246e-18 -0.11292577146482179 6.46754105132506e-45 6.618503977850982e-62 0.1268431152493207 -0.16087315735769836 2.341584745265545e-46 -0.14366416056033954 -2.18804727944557e-40 -1.920996800989172e-64 -0.21616118496479672 -0.21645675843073012 -0.00449358112812259 -0.14362760506628375 0.007252370905112754 -2.89230268626864e-20 4.5474960189397407e-51 -0.1958535436537726 -0.059109768534652635 -0.06591453349277296 -2.452227624852612e-36 -3.039965125555381e-38 0.08987387256372437 0.10306763350897073 6.089463283115939e-18 -5.828759437396126e-24 -0.007244986184332727 0.15715027609463558 -0.0001754562393906546 9.849919440598114e-25 0.001412043934822903 -0.23603630606666312 -1.5379667879795547e-34 -2.3683657685671867e-21 4.7296504790630506e-18 -1.5089831504062203e-22 6.803637229070097e-61 -3.4019793855446374e-54 0.0863451592685514 6.330780588320108e-25 -3.1366955713518135e-06 0.04735750868639881 0.1378359947107606 0.1652418836842673 -0.0022112966250470985 -3.715796871735633e-25 -1.8344770279633526e-29 -0.028324327069814807 0.0017592918928406819
1 3 2.9898723433691355e-49 3.3629129750780657e-31 -0.4178076032376712 -0.14829794127842671 0.3471016788796314 -0.0026645576140214037 -0.0006439885957809294 0.08803284029169241 -3.799602440064305e-63 -0.0016226653488799127 4.9866427686941026e-55 8.251466522378914e-43 -0.01819236609973056 0.1765321130681363 -0.1150595532854448 -0.31265073326215487 -0.2549852045603527 -0.2264517802209247 6.07314943976294e-60 0.04055996198716255 -0.19538391242202896 -0.2615844799323753 -0.10488760288962386 -6.281148454952025e-45 0.07643632693973766 -0.5502810385777264 -1.6936031879651074e-56 -0.16233491234763414 0.18527948061698196 0.14047369770482887 -0.07806577367077369 7.961076253893743e-56 -0.04422391050815468 0.1304354483133373 -6.727048009383508e-19 -6.664750038202058e-66 -0.07644748666945339 -1.9155838451249799e-22 7.811555286844965e-65 4.4402524364529205e-46 -0.15473438564010886 0.14707472977386676 -0.17582175484778367 0.15928531291052017 0.18327773301087033 -0.1272763587647942 -0.09123965222373293 3.154870983996377e-65 4.847624441869981e-40 -0.15799812543027514 0.043033801860591164
1 3 -7.921746713301712e-24 -5.492411826084768e-43 0.22840190074091798 -0.09086509373390037 0.094335919338365 0.06733824580200519 -0.061578534477689795 0.01391784765163998 6.16667212415528e-64 0.1828060736653598 3.6329226558441174e-28 -2.408698095394719e-56 -0.08804875215527437 0.14004170912525288 0.0005364884892715776 0.20649287011530798 0.03487094220102403 0.17961373402482875 -4.015574017443071e-62 -0.12236306979761709 0.045118317513124236 0.16812222517004685 -0.06107269989089243 7.745442274994446e-61 0.09553461535399956 0.32880899400957264 5.511419100399881e-57 0.021029306961616586 -0.1676719257430491 0.23426535354372546 -0.011246693421644612 -5.434896994808852e-58 0.3279737049140159 0.08976446681108483 -6.636617599811326e-45 -3.28499029758409e-49 0.18358612042504077 -3.420793970726089e-63 1.8392608361931712e-56 1.1241894922201316e-51 -0.12868975276399527 -0.147313323399853 -0.1416422508971277 0.06442232567666037 -0.11062518103685536 -0.07021354881795924 -0.19583670215491877 -9.634370379100689e-56 -3.5926580297878653e-22 -0.028886554304994854 0.08232022472168588
1 3 -4.69308353642617e-22 4.508702569679208e-24 -0.03201407850329931 -0.11102620757661748 -0.031183392111545385 0.0040797980263272355 -0.11089505381136502 -0.11454829853871246 -2.6339944708062828e-39 -0.11634381658199633 -5.566053091943459e-54 5.262468890314265e-61 0.1332137680121332 -0.11997430106391409 0.011450629256404684 0.19775295110954733 -5.924331053460497e-41 1.0908867698610496e-51 -2.889373237948794e-65 0.1607706163464678 2.2803321445673403e-53 -8.735386833233696e-07 0.012908036485740678 -8.504967697393648e-51 0.19258095033984904 -1.2503060893905402e-19 -1.3695681189217975e-29 -0.19717530136497383 -1.0474110575356664e-17 -0.1991950424604325 0.07824433902298486 -7.894434076317942e-24 0.19773251872625228 0.0035114666703940562 8.762778185066273e-59 -3.262019713937307e-65 -2.227409877192363e-56 3.2059656276925927e-60 -3.460700579095996e-32 -6.874111651472589e-44 -0.13760178867002265 0.13380682315058412 -0.0008394076573891129 -0.12061455669087726 0.17458045956506058 0.2079592650790718 -0.18951852583761591 -5.545185217191805e-44 -1.858831508583001e-56 -9.83063029058031e-22 -0.1312692231915144
1 3 9.455636206081219e-56 2.699331730019909e-33 0.717575429711376 0.20182550240888303 -0.0368273452129656 0.530414505583071 0.018714897103577394 0.36220456522469374 1.2601559684506954e-45 0.03714802891695508 3.0150770333557086e-21 -1.4392201768605954e-34 -0.20199867042182934 -0.1771366625698374 0.6857609447653625 0.4417028808470539 0.5291477506270739 0.672200820919892 -6.821093465749611e-53 0.11455451265294926 0.24293740118306797 0.15437347965818715 0.3438814237683307 8.630187993319683e-66 -0.21020967019936138 0.8111881291807884 1.0750171796174601e-19 0.44219730794026524 0.3520823527330111 0.11624583685765937 0.03522692642719078 8.950344882823059e-66 0.6175033763583698 0.045927579954953154 -1.846804009057706e-19 -2.922172557272258e-19 0.11607369512326664 6.37011154235594e-40 -1.5575012189148785e-22 -5.329164458949544e-63 0.2026099419950398 0.3150654646240415 0.12800403996859605 -0.31135820667720937 0.11315683773207559 -0.2613560667493183 -0.18831494208637217 -1.5659794310463958e-30 -4.7657759235997585e-64 0.40421984753929885 -0.22126023472516473
1 3 -9.777677329260264e-60 -2.216928422821785e-52 -6.208436945784883e-21 5.804058141921937e-40 3.893184577644713e-29 -4.8740740988001245e-56 6.807356458756503e-61 -1.2626858341074526e-54 2.541954140337459e-34 8.44451119600757e-51 -2.7849621919670216e-47 -1.4114766783210246e-48 -7.579911175129573e-28 1.3155525072724825e-34 2.9274060709499493e-61 -2.2670706549881534e-56 4.84925769278627e-54 6.1090812413422295e-61 6.191441647211874e-28 -3.9660017189176293e-41 2.1318001395624757e-21 7.695720820014474e-42 -1.9533286201541518e-18 1.1639778764690896e-39 -3.801851197623429e-63 -7.08416082618449e-65 -3.0587397352713176e-19 2.4815096406064643e-44 8.064557614592334e-66 -2.3332193157241976e-61 -1.2537853727004416e-51 -1.393951144143319e-46 1.5624657649685659e-18 1.1869894238100576e-64 6.3236079082748595e-65 4.884660107081286e-51 -7.212617282627538e-53 7.250087702693015e-52 2.2798677462056003e-46 -5.430495568905756e-50 2.56105313815936e-54 5.805160416265966e-50 -1.0647740700989257e-18 8.380587739375264e-53 -3.1971627636504175e-59 1.1127069654590085e-32 -1.324582141744929e-60 -6.903500922202719e-48 -1.5975595919692111e-34 -4.2455266079479634e-49 -0.19647004582728497
1 3 -3.836684858820542e-41 -3.744449522060678e-64 -0.1800767543272586 -0.030948409746557312 0.1253558314932869 0.08804334571775445 -0.12580849167463948 -0.22289528583941218 -2.519122678761597e-18 0.09707648121955476 1.418779007506828e-38 -2.35849795198508e-18 0.13527320705619958 0.18533325345944662 0.1424844943420814 0.11773301399112951 0.003982055191976962 -0.13490118895921227 -1.1884800866692195e-59 -0.14583232451793476 -0.15921154153302733 0.08795651304602979 -0.01043141935195087 7.527892205455135e-22 -0.023751098233030715 -0.037225338777053356 2.7706536055442104e-60 -0.06290559533532872 -0.0861930648536854 0.07816891676585624 0.1320130583970697 -2.153157960362191e-17 0.1443717584630489 0.17700941483733895 6.48950291684283e-35 1.090845664584262e-56 -0.06906749733701771 3.225258184111499e-66 2.3854676622803818e-20 6.149363328656762e-50 -0.04186862266983381 0.03437712153108146 -0.08856660312045084 0.1278567572029171 -0.1720718979042027 -0.1358541165671589 0.14438422558732228 -9.207390950923948e-65 -2.8977069581545462e-61 0.064116637416858 -0.09867947231482463
1 3 -4.693413239942987e-20 -3.654327098151996e-64 -4.4314190819368933e-38 3.547377280586574e-46 8.186597988535717e-25 2.4067479784689505e-34 2.2591220713925036e-35 3.5617479729485454e-47 -3.8814365484891004e-48 -5.844175084201866e-57 3.7847463358699673e-47 6.798359752964537e-47 -2.4241582405695713e-19 -1.2411745473285556e-51 2.4436268126963467e-60 -3.309432786955279e-29 -1.528564852598285e-21 -8.758612254782328e-26 9.095919211804874e-21 -2.511763065803197e-56 2.448838838105508e-47 -7.81952903053813e-40 3.847080171603396e-66 2.090171520680287e-65 1.0861777910130004e-60 4.729804701981343e-24 -2.6265310851224086e-61 -1.5108631529263556e-62 -5.3236636128535766e-61 -3.1183884437171866e-32 -1.8001659271500417e-36 7.824042302225058e-18 -2.3021997451581938e-64 9.611682221887411e-24 2.1286117215294138e-64 -2.6524022247166032e-49 6.215369948599466e-48 -1.338672418155287e-60 -1.8766360149531814e-52 -2.5701916705664225e-17 -9.397322711513513e-65 1.7411459909207336e-29 1.572039484218951e-60 2.3012025148306534e-64 -4.9669125548989e-25 -4.881458411224795e-21 -5.099636162986469e-40 -2.8008694497528314e-24 9.713684960777729e-21 -3.545338948068983e-64 -0.08607299745545577
1 3 2.0075377013732238e-61 5.1628218756794305e-26 -4.274964044415039e-63 5.677690031351499e-63 -2.784930141851393e-55 7.168857079045023e-42 -5.811105415624918e-20 2.226636245773211e-52 1.025269394847342e-58 -5.859242212010233e-20 -1.6026213252994737e-48 -2.1909179701847434e-41 -5.985400679102457e-45 3.508490814454299e-64 -3.056599759480082e-47 2.786861771551197e-52 7.004827061320782e-49 -1.1188011699854751e-61 1.489792372047349e-19 3.647406275807158e-32 1.6815740846152595e-65 -7.590777869342758e-63 -3.8335741274647574e-29 9.187415734029145e-65 2.0993634271435603e-37 4.791900746963047e-67 -1.9549145928253445e-35 -1.442430612739467e-41 -5.265446977034836e-61 1.2744298304741861e-42 -3.432608270938259e-32 -2.5115650156402446e-37 -3.217621596581212e-57 6.382889762795646e-45 -1.3426180015323351e-61 9.626376242897984e-48 -2.9850790224258466e-20 -3.4423383032211403e-22 2.502267260045061e-36 -3.845798191076711e-30 -1.6104764098116085e-56 -1.9731724377421633e-32 -6.532983803595229e-54 -4.0752207695748544e-41 -1.8968489695191514e-58 7.105462304737592e-59 8.790479473824942e-22 9.207188434403012e-42 4.9531275436188704e-52 -8.286574731996994e-57 -0.21144431431916633
1 3 3.1033349183026616e-65 2.4366505206632184e-62 0.11045172467023452 0.02338006975395451 -0.23476037699256871 0.2354764961982644 -0.09546272820301976 -0.11790165431377117 2.0030476662190695e-61 -0.08646248139547731 9.582724031300216e-27 3.066723516774588e-17 -0.17839767194330258 -0.032615659268044155 0.07042365373512637 -0.07860658528205776 0.11483544036934865 0.34705947861187547 9.542743897131261e-35 0.08699201027124243 0.23908303844954173 -0.005084892767961383 -0.05090828642022303 2.736189219197719e-61 -0.11336476550371073 0.4708127545552758 2.0439662625078276e-19 -0.010022064869698753 0.07202353461872651 -0.020395675879126666 -0.2513262487752534 -6.314784125933704e-22 0.15659632438947294 0.02794545212777519 -9.420033086888756e-40 6.93043179291899e-47 -0.15618807617053027 1.4985591292221225e-38 1.2173349878853428e-29 4.933166577120085e-61 0.181499137162528 -0.013523495374568683 0.17501712080634932 0.2196973267361802 0.09666050118716057 0.23535627745238458 0.10808560173686277 -2.3514673190620737e-17 -1.2739438458401192e-64 0.03933616451505043 0.15375736658140643
1 3 3.990757339256594e-24 -6.365997165026693e-45 1.7766338763080413e-27 -1.233777365348429e-34 1.5293335572925575e-44 -2.9137300100963046e-61 1.4416647506059137e-40 2.0464452770057933e-57 -3.6457160056007125e-51 -1.065878485953843e-51 4.2381045197362166e-47 -9.214995783603846e-44 7.92156163516505e-61 3.868847724389472e-50 -1.1483518239965113e-61 5.152668987776353e-45 3.0901109539979133e-40 -5.676978270671854e-51 -7.282031082330753e-26 -2.440138294586102e-64 9.906037766858597e-44 -4.0596029432311756e-29 -2.0370144900432108e-21 -5.335655905965986e-59 -6.268381001968276e-51 -4.753442993197442e-57 1.5442320029975984e-59 -6.953858087433306e-57 -6.742852801102637e-63 -4.36546659023462e-61 -2.3618272076439855e-32 -3.0982853274405695e-45 -2.1204935972192103e-22 1.660503205619995e-32 -9.908891641516754e-52 3.506356971153784e-38 -5.736434201156004e-26 -2.3790031782504323e-19 -5.135079341342599e-65 3.903936443648952e-29 4.005153354027302e-47 -2.3647924723719514e-40 4.951105635880111e-25 -2.8897622616145606e-63 3.964080875686944e-53 -9.627835019618177e-56 -6.367410073988437e-20 1.4559706052582542e-23 -1.7581051125043176e-23 6.402563257527818e-45 -0.23692023616454727
1 3 5.526707869053928e-19 -8.140562702507765e-43 -7.027707024599459e-25 2.7694040317447593e-18 1.4521276420792507e-18 -1.1004818996866704e-65 1.3316918220951852e-21 -1.5571660885405903e-21 -1.7952527022255308e-37 2.4619096824223335e-45 7.9377944404105e-35 8.774185592520974e-55 -7.528765339905901e-54 4.655746675841114e-30 2.2466389457886246e-64 -6.244503366247338e-57 -2.0443724156303316e-36 -5.0134445854853086e-45 -2.0257158595534794e-50 2.3623538805781214e-17 3.462625861075635e-64 -5.3614286144190965e-45 -1.1524063703564194e-22 -1.9247879230926273e-47 -2.6920436112644123e-21 -1.9007891908060044e-23 2.4006086225488562e-60 -1.026504465955359e-47 5.810244782365149e-44 5.676220761643044e-19 2.6366925334626635e-38 1.1925447084443335e-63 -3.487001861582591e-41 1.3160287970204e-55 9.537641302113035e-26 -5.243606494594969e-54 -8.63430647724685e-61 -3.87323540186061e-41 5.620699452022181e-20 1.875778626339913e-18 2.945595380746244e-18 1.8712272276204918e-64 4.343058287966171e-30 -6.661128402590176e-57 2.16525766044064e-64 1.7157745744636406e-54 4.678177459712707e-38 4.905340757296676e-46 -3.701298055727832e-55 6.572880017683065e-55 -0.14595130366927953
1 3 1.7889788109517012e-66 2.585497549497699e-36 3.9981804112664286e-53 -1.6738069375885704e-57 6.374932495704462e-62 4.076815225240351e-41 3.498051737420312e-45 -8.476158550596773e-30 -8.165776934243709e-65 -9.109916146945953e-40 7.17899557865892e-24 -1.5235395675744148e-21 4.829852553156117e-32 -1.4342455838470846e-18 7.658787186112498e-57 8.611682285150012e-20 2.4680037100057607e-36 -4.0874399085540656e-33 -3.5695501172727276e-60 1.9132719385334933e-44 -8.690616441820428e-58 5.9201686795194355e-37 -6.672377376400943e-35 7.582097137483072e-19 1.5381840982315697e-54 -7.443018386590579e-20 1.663451958359463e-26 -1.7148460741701582e-24 3.0708165489088624e-20 2.8005892031464147e-34 7.431740821577416e-56 -1.0481107359790803e-23 -3.574480601102667e-18 -6.720198188301818e-57 -5.959761860073767e-33 -7.308821400607028e-18 -2.8098401740394726e-36 -1.4938833604663984e-21 2.9549209756847776e-49 -3.773622496841834e-48 -7.003195090111333e-37 -2.3162141522893306e-25 -1.9826513807326007e-47 2.0483484387311864e-21 -1.3423524285564453e-49 -1.6525268548867165e-32 7.319825247910087e-31 -4.322381653121873e-25 5.310602640182097e-64 -3.1969066091214627e-54 -0.002000553708564384
1 3 3.6753651690603215e-38 8.352760039163927e-18 -6.177370142462301e-55 -0.1522752925548186 -6.448817258170407e-45 -6.112950633716577e-20 0.022135140778046514 -0.01650534822993859 1.9291832039964436e-64 0.16472524925835025 3.5548325116238185e-22 5.9534908976860525e-62 -0.22266145042632451 -0.040367008083987056 0.12727129100824872 -0.07947819943422668 -0.013365386637670928 -2.003088877624752e-27 -2.952550664093498e-29 0.06973579070028954 -0.03221395951089546 0.14344619615130397 -3.861380257372201e-47 4.210556355184503e-18 0.06445449622728965 -0.17139782863066674 1.662885050712961e-22 -4.1630813725162843e-47 -0.15092311294302113 -0.04516621971163969 -0.027721091407303305 -6.575260624539825e-62 -0.09562662688353228 0.0040990425574792665 1.7324429525232132e-19 -6.94758622186106e-57 0.00046827432891057594 2.641341879396643e-65 7.266277297452833e-22 -4.0510193853101694e-29 0.03242241763998546 -1.532476808693922e-64 -8.025633550358963e-05 0.20204877316638112 -0.1599166198369904 0.055160150659769015 -0.22617664162244366 1.2908736956201143e-61 -3.506549684733144e-27 0.14008370777456358 -0.11876848240573538
1 3 -1.815189637431125e-42 -3.475164168824019e-54 -0.0017961057244823102 0.1607536615517212 9.632164701284742e-08 -1.8485639447319122e-14 -0.1110740342444764 -0.1446603550058205 8.343899680422576e-47 0.017181585031844637 1.1393219693849655e-64 -2.8146556471991724e-27 -0.19345306987337058 -0.14019808776187268 -0.10417545359774028 0.009523302764114009 -3.190439690467654e-18 -0.0007645873147807096 -2.2515759848790182e-30 -0.16479447789076254 -0.1513564380971355 -0.0161055593281945 -1.5451192231808783e-41 5.4386725993014714e-39 0.1812071169957802 0.12706139365083483 -3.019775403505546e-66 -0.0003955950296731318 0.05371372901999372 0.1669901580034406 0.02010921125372512 -8.150135103218912e-24 -0.019576177328858513 -0.05220660096007902 -2.073563457296819e-32 -2.90439786482458e-47 -0.02585465110755744 -3.658955100091733e-41 -5.383893011213553e-20 -1.3256306967594304e-52 0.0931923998333094 -1.849965628979206e-05 0.013338741406120735 -0.1546007103401364 -0.005160557061531266 0.06039784771066875 0.001305728455477268 4.874597395910828e-32 8.34844064314818e-65 -0.13743483557856492 -0.03445299316443857
1 3 4.000903268554028e-29 5.92676271047984e-61 -0.42122131837699633 0.18215925088552798 -0.14744982395415607 0.23420573776897277 -0.06949800348090784 0.04488335292840454 9.585765270040657e-60 0.2411702761571417 2.4088775720867387e-56 -1.0009808427388743e-17 -0.1911404483570781 0.004334706228818517 0.055150787114338296 -0.05146715961497342 0.15134993551934497 -0.3303398451387149 -5.837881490027801e-44 0.14445381758260914 0.08844206489153061 -0.26404008092258413 0.0409328839286807 -8.441020727903898e-40 0.09258151091652217 -0.33566400444563116 1.2297472363330105e-39 0.022652700340615957 0.019507030563377062 -0.01777333417912177 0.0687854553695535 -1.6728494725132708e-34 -0.11434018213312 0.13328489297726726 -1.593694030779569e-64 -3.5880041096205312e-65 -0.3302628926291409 5.516501356415673e-24 -4.494564536910295e-34 6.869972418871763e-43 -0.2465943924067368 0.08048203908910356 0.0375759107860174 -0.19900732835313872 0.16278632825042239 -0.033258366924043374 -0.12468169641548275 3.977379659993917e-35 2.4764488711922485e-38 0.19812173348838996 0.027084945013152863
1 3 2.662717739592416e-28 1.9173061797113495e-47 -0.2565167673910295 -0.25039294478367463 0.12119940384527231 0.1202443445107848 0.1635603397560779 -0.21790580705124402 -8.720668457870723e-20 0.29538852628392853 -1.7326640837450856e-44 -4.687596160712742e-50 -0.18886667098979043 -0.17794224064919106 -0.27912193702540716 -0.09436687223624299 -0.002681370540324163 -0.4126976810340266 1.2506030173070802e-32 -0.1937863438015111 0.04131090599139546 0.006477993155347281 0.14794402749797728 4.440995995714395e-50 0.15943905962256763 -0.6060602404283355 2.082105371205622e-63 -0.15040438601177566 -0.027600759902599335 0.08841971267536117 -0.17001408602027693 -1.3267277185493904e-24 0.05307483027512454 0.035767891258623015 3.1118641676450803e-60 1.636216846453396e-40 -0.19716582798357662 -1.540895470329466e-60 3.560852187212859e-35 -2.9797921126535288e-49 0.18675311117500473 -0.10528090046482899 0.149027049228919 0.1998645429037369 0.09434431987814927 0.16328816834501284 0.12254095518135102 -1.310955233977588e-18 5.469219200231926e-19 0.03988370099384186 0.02060117132168979
1 3 -2.3821163467087764e-23 2.6852998130590424e-18 0.5043195460458395 -0.06284768945140518 0.03863874937518706 0.21771232493026146 0.17916429800173392 0.16606645413651475 4.663831482386288e-50 0.002268277283400011 5.019312838818046e-59 2.338826091198678e-63 0.1180118701871522 -0.1864072678366465 0.16899696454689206 0.22747545387959817 -0.04362703590847326 0.22935285535727262 2.387765778753324e-53 -0.08826981441358296 0.27072733230054424 0.14909712033029798 0.06389466849515857 7.661447144935513e-29 0.15738782928646425 0.12144600436373937 1.470642904584241e-20 0.0318037088687801 -0.10556321794204698 0.06625829997199285 0.12049954309540217 1.4569243695814163e-63 -0.002421962950929685 0.16358022097120575 -2.1277561074658073e-64 6.574283983285114e-65 0.14144896530890722 -1.325595316662935e-51 2.9098326105750257e-61 -6.295262423684043e-52 0.17241499508498798 0.19122954054707858 0.13105679501544876 -0.03337452769346494 -0.00668598777535036 0.06351631506848482 -0.0988982412258937 4.9309859460309316e-30 -2.6242196292447182e-48 0.03861070595762788 0.08582689739860185
1 3 6.14701983916914e-53 -1.973530661566831e-57 3.8547171453387197e-48 -4.875799021012273e-19 -1.2245370606643796e-61 -4.901708987359079e-38 8.184892896092406e-50 -2.2775826332611465e-61 -3.97134774338456e-29 -1.453613014617093e-18 -3.615028701520472e-60 5.074167282157665e-24 1.2069705374550561e-64 2.65041598763218e-32 -2.4698894411973055e-49 -6.744934607660559e-31 1.9257041577202555e-22 1.4943501129702044e-30 3.565097600527449e-29 -1.8936955536169657e-52 3.303504866276325e-27 -6.968146594322846e-20 -9.923086786417023e-44 5.238474205660099e-59 -2.435499188285286e-63 -3.743625111715195e-63 3.9273003876077637e-54 -9.77676402858361e-62 -6.161583465515903e-44 4.320349415300801e-37 1.18078278072709e-39 1.6585572576330933e-32 -1.2629914704393927e-29 -1.9266789183684404e-22 3.9923115358377344e-63 -8.952872252008517e-61 -1.9647947983793113e-32 -9.176873506603954e-31 -4.3887570804840255e-27 1.0544179510446765e-38 -8.537543099314077e-54 -6.189853794500296e-45 -9.090260028573335e-21 -3.08284465411284e-55 -2.476206026212552e-17 -1.0425372475496041e-63 -7.799607206536669e-49 -2.319267599659648e-29 -3.2808504055356714e-45 2.5231836876815377e-21 -0.1781666037167765
1 3 2.2792281392256748e-61 4.287622514411208e-63 0.0257367099736593 -0.09378787039596828 -0.17338595158679804 0.47967715153036666 -0.3407416398305319 0.11286981989918152 -6.995537933591004e-19 -0.12098381806984126 4.27967742065479e-48 -1.5814767652875757e-20 0.12897848571807036 0.06244177272645935 -0.0005440486267548865 0.16531585283419759 0.5869453806098782 0.2853778998366356 -1.7934276963077102e-58 -0.1665919154006318 0.4575228554762406 0.2386256690112544 0.48691808664736114 -2.564255543708195e-40 -0.37177359350995914 5.302641062348861e-32 -5.818299972613902e-44 0.09882547691088014 0.37105874573415093 0.06571036942648076 -0.5761445880986413 -2.9127197531624833e-21 -0.06896713617817818 -0.3219110800306882 -1.4213659964290592e-36 2.58042675666329e-34 0.3716458180649188 2.8793960405053866e-47 -5.320103017418463e-22 1.2627652975512296e-19 0.007739591486482195 0.3983155073326805 0.08182358069927405 -0.6197357185692887 -0.24064003289358651 -0.41489166472970873 -0.023042404093233 -5.063540336060828e-43 6.515676084285534e-64 0.375255341407648 0.07447242597469012
1 3 -2.8843661969025133e-38 -1.0152063455672342e-60 -0.3487826773198937 -0.05639850065623471 0.20194062611763627 -0.17855215646354583 0.13715544620284423 -0.17122593303249337 -4.815675135776108e-66 -0.10517900486481548 -4.960558052805503e-21 9.159843965127309e-33 0.07027545317642019 0.18722324179170022 -0.173795286428018 -0.17796755385840493 -0.16827518528051288 -0.0017205755214859478 -3.514968490352768e-63 -0.14671229359426202 0.1295184125462003 0.08987176538531824 0.08690377186330261 1.5374163091441908e-34 0.1822237442781368 -0.4320991314700144 -3.7428373655262775e-38 -0.387633331010983 -0.17965866560983945 -0.07482286002247908 0.17916237034007168 -2.196092275606987e-19 -0.2923552902228574 -0.18978593342336988 1.6932193172351061e-21 5.518916766420754e-23 -0.17089806480140712 9.305739212092882e-18 -7.35764103996431e-43 -1.4445039072183637e-23 -0.16814498936480404 0.1058532426780649 -0.030983189723789262 0.03354503636449907 0.20549275632252872 -0.032164143879989046 0.03481779606686049 2.9717452018614047e-47 1.364394035219642e-63 0.19214937425510065 0.14896523175478135
1 3 2.3207937299084735e-64 1.419694989100853e-21 0.00024897876902016283 -0.05696437933601184 0.07874807160819175 0.12483946844245644 0.275385791881191 0.23029557568062883 3.9970906106113583e-41 -0.007047822701909954 -5.718959510959407e-19 -4.425434763276702e-24 -0.09216664800111138 0.16735675471086836 0.0523021130205947 -0.09762662243589655 0.07049811612807418 0.3690328036140655 9.94878819463155e-62 0.0033733306893549498 0.15513514711288467 -0.04359547215201106 -0.025004868795157703 7.419298102759671e-46 -0.006320024987175348 0.4584175192041912 -2.3187129718762836e-36 -0.07583970999432038 -0.20423206232892563 0.1942775306897399 -0.7615711878905173 -7.892885027691372e-44 -0.34062465695522903 0.02443693374143789 2.1069910028373967e-48 -1.3788004988231702e-28 0.15412940396975072 5.074424889807599e-32 -8.370760959987881e-22 7.472746142311072e-66 0.22582396660687443 -0.04177846021820754 0.14391687880846654 -0.21466593035882062 -0.15490272632767785 -0.22087239676971934 -0.13732558689563948 2.8450834933845405e-19 -6.656516369044816e-24 0.17364234861326372 0.061140382861510884
1 3 1.5306918419460604e-46 1.1943071301615837e-39 -0.5571210911439796 -0.0396909323157325 0.03307275811778013 -0.09011655454235437 0.0009456829135367146 0.11753687474055896 5.153331372475936e-33 -0.23998777101712285 -1.3974814377899886e-41 -1.1361890284526263e-65 -0.11893425482438964 0.06963027926112424 -0.24889569780750168 -0.07783803000168847 -0.3075362182043303 -0.21980223879893043 -7.009731590283833e-51 -0.11122507906474509 -0.20309012147452354 -0.21331062758989916 0.08188890891922344 -2.290094759230099e-56 0.13252785877526524 -0.3897301958372518 1.0740834705819363e-23 -0.20798056277310703 0.0006720585731202819 0.20742294044403015 0.12879816231124155 -2.9944253889824935e-24 -0.0006145631971752114 0.1782611027592871 -1.986536241348866e-56 7.905561222198372e-19 0.05311508752500407 4.819593143279921e-59 -2.7088368627594823e-24 3.570089034673203e-60 0.10747847524265772 0.09164053178471068 0.1575579533485178 -0.0828260811254148 0.03769840331537205 0.1542896432512657 0.15853470360897057 -4.223329697774812e-63 1.2909057937644878e-27 0.10110608814959977 0.020820494684537085
1 3 2.5263127370385535e-46 -7.084829699334796e-56 0.06223284445295957 -0.058356886837481484 -0.010890611034308006 -0.00850656168213421 -0.17327968671012323 0.17304942457071304 -2.1181127083913424e-21 -0.021245694210356707 -5.424649326261348e-20 -4.794611470776873e-59 0.1714985650431374 0.045844549025472844 0.1444060102845206 0.06064575876114102 1.474100437459263e-17 -0.00043592122477063643 -2.523611430056744e-63 -0.14785426159526535 -8.030484550936437e-05 -0.12467158734394242 -0.051135995988689016 2.6692368538930074e-32 -0.09820839374113063 0.037264341917143146 1.3979816290190022e-30 0.13064041363978313 -8.65102585630679e-65 -0.1912601291156911 0.15302413597107148 1.9565282693411206e-32 0.1416132637115657 -0.07336147117113982 -4.2927797168056073e-38 1.2946071372412175e-23 0.0007939265657296092 -7.483813579939391e-22 -1.1937481657835093e-18 1.914414574399762e-25 0.12798521377075323 -0.17051562857620808 0.08171179127718822 -0.00867695762130894 0.033655142108118034 -0.027771341753172973 -0.0696818165953188 -1.5551762056947078e-18 2.6512838362046727e-24 -2.6985235085693413e-18 0.013577999992693468
1 3 1.8153894133525486e-59 5.210965510600324e-20 -7.416558820766104e-63 1.034128262770747e-39 -1.1548727571759384e-61 6.607996267030952e-37 1.7883916132387838e-17 -8.227203880712723e-56 -2.005274461609038e-52 -6.525820763319642e-65 -4.422761939444002e-57 -3.836691850435572e-24 1.4757189774459347e-29 -2.620337302028137e-34 -1.8719324246637535e-34 1.4108786694244226e-34 2.8507029034730173e-61 -7.694217404131012e-63 2.4500475586899717e-36 6.070206219466422e-65 -1.85503435671163e-42 -2.6378876127892323e-22 1.0040976360201363e-60 -7.276826336846551e-21 -7.087434407381661e-21 2.8811510588353894e-58 4.920517729900689e-38 2.437273692629061e-29 3.228639025209621e-61 -1.061280191589166e-39 -4.173507988128412e-64 5.972675991097411e-19 5.818498286160525e-65 -2.016220112230837e-37 1.8315366626888086e-45 2.891858888761276e-61 2.341461757442678e-37 -3.0203087485243734e-61 -3.905035028794384e-25 2.530106243722616e-63 2.834887103841207e-62 1.8898182007336155e-37 -3.945588802142865e-41 5.341788437267607e-66 -6.696826637211064e-18 3.713305834366808e-53 -2.463510918315003e-46 -2.65984050675433e-38 -5.270594661803825e-63 2.926470627575629e-22 -0.22475579751454147
1 3 -3.799798116945079e-38 1.471076748388254e-60 -0.451542061994658 -0.01185436210717973 0.10658920379680813 -0.27287500992997366 0.31254663461264054 -0.08712193233179175 4.4931790847767124e-20 -0.1406184024295714 7.07179687912288e-59 -1.6371231967419793e-62 0.014728876836924814 -0.07765716062558176 -0.03687245413777246 -0.32260867553222444 -0.3608211425151885 -0.13920563710560735 -9.848451143996289e-26 -0.1774549144927809 -0.19783040248079373 0.004539455252897764 -0.04005174926515863 -8.536332171915674e-23 0.09442818438219265 -0.7130451539999224 -5.12305165484427e-50 -0.4932662760608389 0.17827042288603157 0.18260445402365513 0.219409243648078 1.1381691740210889e-51 0.013576057393530815 -0.14734581148352385 5.53813160895213e-35 4.343576946354385e-54 -0.12857042033652785 6.309073022849868e-61 2.880785600887683e-60 4.027880721250973e-49 -0.15855922424639887 0.15053315163973166 -0.21790610252203108 0.04233389204532244 -0.013445231300698695 0.31237506209095517 -0.03995545638181164 5.47010464576031e-21 -2.3234498096043035e-64 -0.13392735466304728 0.13341321434927594
1 3 1.4274486783778394e-20 -1.227565543629114e-64 0.14064301758361686 0.10680469412860548 -0.22009231362714246 -0.18774972127995587 -0.1631777431429494 0.3055352146853556 2.4485293988560553e-56 0.030156772588458256 -1.2246397826931504e-24 -2.2093663291769427e-52 -0.1352240708687069 0.1657220012155733 0.31059508845171657 0.20449328727245922 0.24923502845121473 0.027922949126580193 -1.4248629038159572e-30 0.19900603650320794 0.1228314110160173 0.1023564324735299 0.1774902466799941 -2.233375277446562e-63 -0.17265377520658254 0.10745400619928866 1.885574257898592e-23 0.25759164695728376 -0.18843280534721055 -0.02175005596499828 0.05360323939519112 -1.6552326564886418e-19 0.0073096488658435325 0.20123180548130234 -3.262770648579868e-19 1.0177769794430376e-39 -0.11989604056612076 1.4528054516077566e-64 -2.02132475236224e-18 1.4018323346748186e-42 0.1473612701568252 0.2054993611908147 0.20037297791990064 0.1315844266016144 0.24881002745955702 0.18549837337717837 0.1328834305752374 -4.564843346702723e-59 -8.487692067602296e-63 -0.14310988517336987 0.1882752498193514
1 3 4.2096076103665786e-48 -8.6234553938457e-51 -0.5309359555551428 0.15913863601075687 0.07637307270712175 0.006170168943578816 -0.026071893777853978 -0.0013840433722066973 -1.2081957560038957e-18 -0.10802252853703365 3.053810627242604e-48 -4.2457633917547566e-63 0.11955168923719905 -0.20751832455837096 0.010836821108103705 -0.11898282650015954 -0.12870757105248265 -0.30717739400057975 2.6147464658570527e-60 -0.05157361592978642 -0.06617118833988381 -0.06701579759215973 0.2213834312194792 5.9299302606577825e-21 0.2460534150890821 -0.2154559198169618 2.1496366126282514e-18 -0.20195535950017063 -0.11640166120133795 0.20987748031853803 0.046420104228582074 -1.6845552867472544e-34 -0.2629856529649608 0.04902718561829428 1.0381955181145849e-39 -2.5481969502740323e-17 -0.1420605213962354 7.251903866431274e-64 -9.447560814294347e-26 1.164362510117476e-41 0.05845415967268255 -0.10296470403570497 0.06938061951275978 -0.023028446448821013 0.052376655520177035 0.1867607209801262 0.11020973233730721 1.4964743784798322e-45 5.440112045331571e-31 0.018115912987555917 -0.01501149813094831
1 3 5.182157980942818e-61 -2.376110086112863e-33 2.735775564628565e-25 -1.51438169472095e-57 -2.4162618916638e-65 3.1991145518488405e-63 1.486807963135301e-24 3.4512948554386877e-47 1.1381382784321656e-39 -3.5979535345274185e-31 1.1313553782417664e-40 5.16220512004105e-24 -2.147720062149229e-45 4.7095655280086646e-32 3.6173046433117825e-62 4.34381590612707e-18 -2.3809960635610444e-60 4.1301691505658285e-24 1.7093488108607249e-63 -2.0478753409093855e-57 -3.462688328420738e-64 -1.9452742916147054e-57 -4.035216184881622e-53 4.5564424365967675e-36 -3.610467566982157e-32 5.0558924922502196e-45 -4.052784174322411e-29 -1.0850205068135136e-51 -1.7397493108908051e-22 2.2791652048693077e-32 -1.334758172534066e-63 -2.695757735464125e-36 -1.9358415757290532e-53 -8.54566517974076e-31 9.2918366572865e-30 1.7723428125356685e-48 8.470661681148956e-66 -3.8774331733530636e-23 1.4916765974254184e-58 2.768621972315582e-60 3.722751236542505e-55 1.333296729339841e-20 3.235326460744844e-20 1.5521879448659559e-18 4.3739995654271705e-38 -1.7453425241892775e-17 5.125116852667518e-24 -3.9026562307229786e-45 3.0229294082769127e-61 -1.2194465516119512e-26 -0.21106954362628638
1 3 -3.6647529168066145e-43 4.496907441777072e-63 1.2133146478032465e-59 7.04164487272063e-30 4.36392085686045e-33 -3.496549549447026e-44 -4.0725878452438757e-29 -6.6793855719494525e-65 1.0492535593884988e-19 -1.6980971622286053e-42 -1.3463075637994936e-25 -2.09291101168864e-29 -3.237722028120013e-64 1.4491192570046884e-20 -1.954307769568524e-36 8.409044808947118e-63 3.7191555109498404e-48 2.3350883817046804e-29 2.783604962306181e-61 -2.9229010921231684e-61 4.135442639334389e-63 8.142214936011271e-63 6.830839260264772e-66 1.9112535131255764e-26 -2.196202575095366e-20 -2.4003464383117378e-58 2.120171231810898e-29 1.1371513375881781e-39 1.4821034596108407e-17 2.43595284687858e-56 1.808742076757142e-17 5.522339839646205e-50 -8.52218071775588e-25 -7.512733007848193e-22 3.5959716815607635e-55 3.1474163784076987e-18 5.384813871014683e-22 -1.4620916610631517e-23 5.801386500194721e-43 -8.127962769342924e-30 2.5926347933736175e-64 3.8651208744682264e-21 -9.811024336340948e-44 -1.9783867879263967e-18 2.248693061688489e-47 -7.23731567607419e-42 4.387251906571563e-33 1.2585918435834693e-20 -1.6244826177504381e-18 -1.8103297564216965e-48 -0.20036996172905713
1 3 1.9515071216330405e-38 -3.738686500541085e-67 0.31425987468741606 0.24358805195706698 -0.13232879288635124 0.2631828623248244 0.26293579350096724 -0.03473935457152408 -6.451257246281946e-45 0.09527742253462744 4.115388744000831e-19 1.97719853886699e-47 0.04681247931391789 -0.07022099644195115 -0.057163601757611364 -0.04639221423717858 0.31643587624246816 0.028342749647190496 4.617771541848441e-21 -0.14210146844189853 0.20375968490111876 -0.10754700961265301 -0.052292211987367214 1.0421969149853897e-54 -0.2181790868247627 0.11248639573387066 1.7885844680850605e-25 0.2907502117680537 -0.14180685912858648 -0.038280375443079266 -0.1708512832144408 -7.603172349019072e-24 0.25316286667553184 0.10921693305977401 3.485477108679407e-48 -1.3542193257051696e-55 0.012816939072521292 -1.155271930846261e-63 8.791318038071584e-18 -2.0620009751890216e-18 0.1953824481168481 0.010523498495508599 -0.1619874372700416 0.213034149655164 0.0707575474414757 -0.18061937691729205 0.11496368647895083 4.1196359492208663e-47 -1.228007041454938e-35 -0.023602120891518148 0.21451622013655955
1 3 -2.2743861239747682e-20 1.8417021299802366e-36 -0.0024329493219634206 -0.07912115811258698 0.09644015837974716 0.11539205332257618 0.018826512765352306 -0.012075355190332903 4.1795216378173025e-47 0.018504024484723196 3.4495493228432696e-41 -7.498766220097068e-61 -0.036509664742398855 0.019480622229985107 0.03628422693249722 -0.01020735938513446 0.045374756850299666 -0.0834151140342394 -2.1032837339407127e-24 -0.1915608584527921 0.0076977802004902125 0.12259934735547019 0.08698675284755372 9.936513522616853e-53 -0.016257768981814476 -0.06932734466092895 -5.068284319894983e-32 -0.04242767166450732 -0.05294466300431367 0.13411418167436817 0.018283734162907763 2.1417815788382565e-23 0.15720671771373598 0.018865962616887732 2.2107288460521686e-47 2.708136236877533e-49 0.003280435754996477 1.8502091773144068e-64 -1.7486875938281216e-64 -1.0429580026084061e-54 -0.018806078395374494 -0.003895299183745257 -0.05685911289357925 -0.027379598379666432 0.18524922245113515 0.1893688233463314 -0.16390539250485672 -1.3096103924524009e-36 -5.209228505413692e-59 0.07970970320384178 -0.055104066140685005
1 3 1.7795380682952743e-63 -2.3774954373933113e-18 0.4408561108159391 0.25884020375574246 -0.09089558859097602 -0.14126709115359617 0.1774783933434547 -0.12771493477738974 -1.381938328258366e-62 0.2685231420232028 2.623380891039949e-62 -3.1528730431587854e-65 0.0759943736165278 0.03168614596108135 0.32323055970267195 0.19081360513946935 0.014653588978981235 0.20394533222834713 -4.180357090247731e-22 0.1808690003955587 0.29259300950414263 -0.18274719417251062 0.14523661920987768 -1.2108345361771992e-51 -0.0956407977822493 0.1533721720455663 1.9009824398769452e-22 0.3229699283419064 0.047018967826535425 -0.031827374266303624 -0.20142648768737534 -2.017771911033098e-55 0.11790568502579969 0.049772434621216013 1.1148358106870556e-43 2.206613466233299e-36 0.07135950114385058 8.544564310333568e-51 -8.384731629197385e-54 -3.7538202129273684e-26 0.16870105779603203 -0.1366733385097653 0.11426409586108223 0.07447234950847077 -0.1207108749963559 0.02497778765975001 0.013739473071840858 1.3069454336966829e-34 2.9754265641657984e-63 -0.03458953944439281 0.010254060375509298
1 3 1.1003520660517574e-58 -1.4148563043852268e-45 1.242380925108922e-17 -7.21843102913845e-35 -6.931991718529192e-49 7.705473592886124e-51 -3.3976666852994694e-29 1.99810599569644e-36 9.718506925828401e-35 4.047889562542315e-46 8.224471631301118e-60 -1.2923144582479066e-61 -7.675473024376199e-51 -2.9530980372718904e-17 -6.1308450258386165e-28 1.721158898725623e-48 1.897630187992762e-34 -7.3144180780303785e-25 -1.2259241973357826e-32 8.793344949415197e-55 -4.656347302057749e-47 -1.6531609863883242e-21 -3.298072828669043e-64 3.227924520849255e-62 -1.6778736667907686e-26 -7.397012756423037e-64 1.293792853069587e-51 3.465517175950035e-58 -2.58764323172756e-34 -4.2502999301744497e-47 -5.405857853214456e-42 6.422956826554726e-52 -1.5623008573123285e-22 -1.0370458731044493e-25 1.785771229053431e-51 2.4576908766075165e-56 1.8484283642911947e-17 1.635909936879449e-24 -1.4586743908464953e-29 5.974875285787246e-22 3.898130229668326e-54 2.5543960644828325e-36 9.142731077143427e-66 2.668636747461252e-19 8.362109165439001e-22 -1.5725058413467752e-62 4.0549931374190184e-26 -2.1970694977153578e-20 3.725547449470285e-26 5.370287702420649e-60 -0.08862239414053863
1 3 -4.5936061503818344e-64 1.578364700888009e-34 -0.572172275396363 -0.11881086168844872 0.19563886350726312 0.1582703497361492 -0.22046387920681904 -0.029362897846769313 -8.885946969121829e-20 0.08327389649556834 1.6334156238071059e-24 9.652795631128506e-44 0.13785980587612726 -0.022756427360799983 -0.24114740545509625 -0.08462679646514044 -0.3508369118026817 -0.3021096423290132 -2.58380340676e-34 -0.20024649645580742 -0.1196354940997593 -0.0023037227609284325 -0.10209691013433471 2.815025271229961e-36 -0.21301516463496314 -0.5013910657097088 -3.863077990851825e-38 -0.4100736953271839 0.027668690968155447 0.1049251461555282 0.023897521953981274 3.9652364730018187e-26 -0.2374852659599105 0.03638109887298604 3.18600766751966e-58 -9.83481190207192e-19 0.13236588872149205 -6.3183569978197384e-21 -8.251441857524091e-19 -8.435851029748492e-53 0.17424798375854267 0.04219595696375841 0.035435945968474 0.08857605587098999 0.23433227023853584 0.15061520353989774 0.02246776934495005 -3.167328133333249e-30 -4.968312765871421e-21 0.12686873746101981 0.17389079019444345
1 3 -7.861269933574903e-25 -5.915576082105983e-60 -0.550375965942223 -0.04836183118595532 0.2142502166664091 -0.10627391527011157 0.2176913386442008 -0.235055313366331 -2.0367932330657953e-64 -0.0076412699149496525 -3.4100780103759315e-60 2.065587901381973e-18 -0.11564145922471554 0.19593511335228575 -0.24379719393576554 -0.345597186325704 -0.0773655349116648 -0.47852423724211357 9.186144066355907e-35 -0.16822801750642352 -0.03737535793386911 -0.14287212110424802 0.21633864120744115 -2.208065346362991e-64 0.002642252477584439 -0.6127110818457144 1.0794670790925856e-17 -0.333862865529096 -0.2522472275122732 0.04015199198790148 0.11483968078507606 -7.493818027391769e-51 -0.217735330059799 -0.057167946596535985 1.956004247549606e-17 3.788547524453586e-58 -0.03974417096228278 2.988397476405889e-21 2.249776184325277e-24 2.7227539158055615e-61 -0.0055176806166571755 0.015089746904325019 0.21836995717275315 0.06733503284232763 0.08522418353002735 0.07007487230637907 -0.026428323242911823 4.985367288555475e-32 2.9368272548384515e-59 -0.17679032783740928 0.2154196548541172
1 3 5.241778992602618e-64 -7.500527005057342e-66 0.5310643194842855 0.1635186485777964 -0.0007921445374165572 0.10102692981804129 0.13839474923873074 -0.030205142525996258 -4.792751608191628e-32 -0.21591012884496433 1.1563839814730392e-21 6.3854767759922096e-21 -0.14548721795737016 0.21492753589249966 -0.08946179744577333 0.20938032049101699 0.31907278642336456 0.0382378936024214 -6.803652949777327e-54 0.006191357797026726 -0.12030821662624155 0.25939220687620007 0.17533763109226705 -4.945983960671674e-61 -0.27002229958321133 -0.17310249005533876 1.2934402489891374e-20 0.1383634529814927 -0.09270813223889049 -0.19611402414658996 -0.14688984216720263 -2.0193630852849763e-63 -0.012683551881137086 -0.14828447634796182 -1.359505242641728e-57 -1.3736036970701392e-26 0.11606988410614705 -1.531337861591948e-54 7.811916637882939e-56 1.585309917976711e-17 -0.058998622156376586 0.2836528167040399 0.006266774751214945 0.03930887249234471 0.2496262514328721 -0.028763871566938916 0.14551879487793204 -1.5853936463177506e-42 -1.4151858602192374e-21 -0.04596203060408402 0.1244107989409115
1 3 2.668191972423461e-64 -1.9123273385730983e-56 2.1683992965900775e-12 -0.13571036843025366 0.1559959285664943 0.15247784682059737 -0.05057049012930795 0.003539421000905455 1.095811315450842e-51 0.11088361817010012 -1.092106396586818e-51 3.9513389329720625e-63 0.0225040538443063 -0.047279439606629586 0.0027954366485812426 -0.0023602572130735733 0.04738730620576659 0.17463937439047156 1.1382971673404377e-36 -0.011715984189307856 0.1483054909256765 -0.010455062862685514 0.01409360038715608 6.117633915254711e-49 0.03269069890281353 -0.013523435725508003 4.238417569978055e-45 0.0018878027355377206 0.18193155721118393 -0.16890218305588964 0.011343238083691221 4.974264130878703e-33 -4.242078783067896e-49 -0.16818364883244993 1.9209650624590116e-29 -2.385746072172355e-60 0.2093153060911283 -2.865767244469631e-53 3.895249499359308e-62 -9.263547669398206e-57 -0.08477569271048306 -0.0029346248495827915 -0.12849348092951435 0.08842922812944212 -0.06977922400741887 -0.09483774942510449 -0.09232632324957675 3.502669345931065e-41 2.965727043554102e-33 0.14616603616230037 -0.009702614585350372
1 3 8.277531698503841e-60 -1.0083627489613182e-19 0.6236488949688948 0.2842193420310294 -0.10698420382476242 0.23333892213840599 0.10210045984676686 -0.371699117595855 -1.1424003890995273e-37 0.21067079007843528 2.778834899600146e-19 2.2986900705295136e-64 0.003660870018726689 0.2711277546939029 -0.7726391378673114 0.1532526599118923 -0.47654173350879514 -0.3305185900569754 -1.9370627566379595e-29 0.16715782177486876 -0.15797788863794987 0.07084403396836275 0.18892452595105239 8.475931119263998e-31 -0.09054316588116833 -1.1118637772542759 1.3796355802646937e-21 0.6825607396401505 -0.5231334153750673 -0.06648362602220313 -0.15785173458828033 -2.518553765819242e-18 -0.1611282985341747 0.3691833588026082 -7.9012135170067e-65 -1.3820386064970434e-42 -0.12896008442269755 -1.1466677041954268e-51 -4.297868671970063e-47 8.00329825972947e-20 -0.18021842262551277 0.3745425495853843 -0.016869819848130015 0.18637465052477506 -0.0321091225349449 0.02747031974952299 0.1762413330592515 -9.955676732057798e-39 -1.710943877960148e-54 -1.135521767090686 0.012965769088960775
1 3 -1.996960018686689e-59 1.432229409134023e-34 0.1336107867215422 0.25026916418932077 -0.007920739275361525 0.17124535763237814 -0.1331813724050713 0.05610863876159053 -2.7989589435110064e-33 -0.025713323141720573 6.3629102078843295e-37 2.8657335576655443e-24 -0.07786748394289071 -0.22193441916319248 0.2923938482969339 -0.06566099921231737 0.110517857490808 0.37269750313146977 1.2456576339454407e-61 0.0737332954180015 0.01373976145988623 -0.04485509558021003 0.21206315261377692 -6.220659441585901e-18 0.10638394535887151 0.17682146121655481 8.064805379859987e-54 0.08463566554550621 0.2671157873714 0.11404791951480449 -0.08057652653461643 2.4508215193710663e-54 0.26436783101821765 0.21122026279215683 -4.389520412667761e-38 9.48479564365175e-20 0.17432803846407682 -3.6061151828645127e-25 -4.03425685906297e-49 2.5798742993676005e-47 0.014683151542281185 0.07100329283865839 -0.03985214772382877 -0.06318275478220152 0.11343653719126104 -0.02313722769910706 0.09392509464739711 -8.790103797619995e-20 -6.414203523179493e-30 0.1930811874824854 0.04626018739672711
1 3 4.3876628903624395e-38 7.184461594985212e-34 -6.034597374050617e-21 0.026807457552677317 0.07673188535451123 0.6911026414075293 0.13966348572993295 4.3864617998401e-10 -2.8136534321243905e-36 0.10996090491073321 3.2728108126187102e-21 3.892789160456444e-19 0.17116744250018204 -0.0879924030937151 3.5111974881485334e-53 -0.04549822482696937 0.8047288452747602 0.6868396554777796 -2.8051347065807094e-23 0.18102506755089737 0.37379257668317273 0.31949983973915397 0.40660329462677397 -6.77109880058485e-34 -0.4425482875466874 3.909857491190646e-47 3.1210457199341157e-21 -0.058570493800073335 0.19988518241541975 0.025405432752124715 -0.958086941747515 -5.9308007021124065e-50 -2.0301675118008752e-63 0.02059859444003684 -9.452449484881762e-60 3.0386116666446056e-64 0.5501973153485963 -5.5179727833438435e-45 -1.005443821752988e-62 -1.9764836935420463e-18 -0.0028061674345933292 0.5706345924358742 -0.14333984873553737 -1.1513865220505952 -0.39748663755196306 -0.5457093303530589 0.2515508787889048 -2.863973098881404e-48 1.0562708594379076e-22 0.43427555608111945 -0.21220650556113133
1 3 3.17146045154401e-63 -1.9064829311436703e-32 -0.11578157026941378 0.22377550954912945 0.024971851585946243 0.15584095330834938 -0.5288032274780847 0.24776580411180538 1.4909492894792554e-18 -0.012627644962279229 4.05953544530564e-32 6.616093765588252e-63 -0.07252909321466808 -0.06721701281334655 -0.16266381756800422 0.03645540358217933 -0.19730149411268 0.14662089515845392 -3.1793054223873855e-53 0.018115619042461204 -0.09538466969950843 0.047547861119813246 -0.08304244576592629 -5.2185435338692814e-42 0.012034814973596587 -0.0035698495722791836 -1.5403717362713155e-62 0.27098898790302334 0.215123863528465 -0.06415534389899151 0.5971341997277605 -1.893146811814597e-57 -0.43666084976442054 -0.37841919659376005 -2.078718030207501e-20 1.533606855480637e-61 -0.04989851574574126 1.6939252579203512e-29 1.397606553780567e-62 6.459615932421059e-64 0.04245922428673359 0.1605521405239118 -0.19361350849106015 -0.1827892920735896 -0.12302943497672816 -0.00959011493389229 -0.04651771615664253 -2.616071210235727e-34 -3.7194110651497584e-52 0.10044123361171173 0.16472020035525547
1 3 5.973251638534052e-26 -5.198104560589694e-20 2.6632830515303782e-34 8.147980824263602e-22 -7.2920451586859365e-62 2.4829872070063563e-55 1.6672944287931946e-21 1.6981507752114908e-35 3.3522607416121036e-29 1.2573207333520026e-34 1.7353114180240755e-64 -1.1192451298829153e-45 5.330268101201953e-59 -1.324850623932542e-20 -9.403134125276845e-56 -3.1683721495283675e-47 -1.0688007454053424e-52 6.380068001727375e-28 -9.192970652866189e-18 8.14103972080283e-51 -3.074202952919637e-64 -4.538625790476348e-46 -4.818878998175157e-55 -5.140580297798073e-32 2.1481362281559013e-27 -1.1967767995765478e-35 -3.531220379504567e-19 -3.1996592018772816e-22 2.966860934329185e-32 1.5560825451993493e-26 1.980870818086082e-53 6.133190900432734e-59 -3.0351909379750007e-47 -4.743456571244202e-43 6.066088225443687e-63 1.9197385827471572e-62 -1.754985446463969e-21 3.881625091598818e-32 9.684130590078709e-37 -5.050929091699872e-40 4.1720543112772196e-41 -6.998057797773845e-63 -7.691318925712847e-22 4.762978611402939e-50 -1.672750837228461e-23 -7.743892657096557e-64 -1.7514337423094988e-65 3.768443240491354e-53 2.334303151186895e-32 -1.885359073508045e-21 -0.14536336335979638
1 3 -1.1979605525252515e-34 -8.200608643131508e-22 -0.12260279870433827 0.05928533516113652 0.19140206378735247 -0.14278267346534643 0.20879317795913765 0.17601755939405722 -3.704452196727503e-47 0.05626941110936634 -3.819649170597648e-43 -2.374203277496768e-41 0.031980346311274006 0.07767548880568506 -0.14468097217423342 -0.09129242178226407 -0.31481554955048846 0.046884398398317775 -6.018629522218599e-45 -0.08256534047528469 -0.06768151870542964 -0.07573676343072286 -0.14812883551992867 2.2567579750217613e-17 -0.06259183239243166 -0.3107947916157886 -1.0072805989897723e-18 -0.06090432130968323 0.20187273843179718 0.05501541903224932 0.08158244997657889 3.0189420396025945e-57 -0.1001690968369245 -0.22623009684187087 1.4856612610524563e-40 2.0629746755245066e-53 -0.07620191109313494 6.60937710827122e-64 1.8092363620343253e-57 1.1339216916696495e-65 0.10706611651353408 -0.11249392602586732 0.14088405120139974 0.11773863276846765 -0.04890115673062155 -0.004094988255202939 0.09222652060774367 -5.2768529850573195e-18 4.074713153048852e-29 0.07187799631398357 0.06321223335733053
1 3 -1.3078259062964576e-63 -8.539809663219265e-27 -0.1998092620754667 -0.09793825064572326 -0.10477403441466251 0.011947826954145589 -0.012871091550688857 0.09105571066619865 1.2076268814681686e-57 0.0889205596789988 2.778620896466774e-48 1.410705234943642e-51 0.2105835090842328 0.0175204526201145 -0.0625938938191841 -0.11879414652791262 0.42170749320816575 0.4762813102492916 1.731038370308588e-55 0.16412826819294615 0.3040123640611556 -0.0398400016306874 0.34153580459616983 1.2670358564299492e-63 -0.3013896143084098 1.881939976275218e-05 -7.322437389687324e-52 0.010240065521891405 0.0614468525917051 -0.19329545404805376 -0.3322047216122155 -1.5123412580893657e-48 0.04524040843805577 -0.10976139988767955 -6.34702638639892e-20 -6.244667415795109e-20 0.1906000247433371 1.7780417483530443e-49 3.0790464423834576e-17 2.2506953281940917e-30 0.005355801363641809 0.007632410751160246 -0.20395215470299694 -0.31906567372504724 -0.09157059615132827 -0.3178579650072641 0.128838428727032 -8.884237082166563e-20 3.842269541929209e-40 0.04484065046030123 0.05129568470108713
1 3 1.2785069876264897e-52 -8.102361885731703e-51 0.20468701366088385 0.04748633156852898 -0.10902179466850402 0.03149697626851234 -0.01717372564637567 0.12303606014467088 -2.7171530201844183e-60 0.1270767445504848 -4.735174311324895e-35 1.1364762753551305e-24 0.15649186018579767 0.23030685801648537 0.3327769138385402 0.16685062372954837 0.37052325370431266 0.3557605789491746 -3.6258298893610044e-41 0.10758289762474865 0.28744888984277983 0.06041738793510341 0.009705491259072954 3.767928873357504e-49 0.11422692783797646 0.5624666248822411 -5.073791963404628e-65 0.09513911859594834 0.09428187945688302 -0.1856547015863047 -0.17241660283310345 2.2540703560714696e-58 0.14635788441431222 -0.01630243417298923 -6.765307747804567e-31 -5.290863689790878e-63 0.2698687334295417 1.1784961924468907e-34 6.504585942383036e-61 1.5613874221888684e-62 0.001072611491728113 0.2264161610314682 -0.1683980680139285 0.060990633210826546 -0.18748452481421377 0.10651176693758618 0.04767447868249018 -4.7548854710756505e-56 -5.740262690687605e-19 0.18482577181413073 -0.00532211067860177
1 3 -1.9980124509104402e-19 1.832926984796837e-21 -0.0899482723938483 0.08225416248333493 -2.7047477008999767e-06 -9.059013063745754e-05 1.2987802570346307e-06 0.020400064206346446 6.432769019634668e-51 -0.09178228241144051 5.262896930535945e-65 -1.0940065717517657e-30 0.0018159048799516102 -0.013576434367392797 -0.0012130026097935862 0.06675811969557915 8.460427755484554e-63 1.1824678342820523e-20 5.457154237486898e-25 0.0979197847976201 2.0615062393663668e-20 1.1029139900055024e-61 1.0095467901453497e-07 -1.337284553689047e-29 -0.002079061652401823 -9.701960358555896e-18 -1.0967769018662071e-36 0.0676294555183196 -5.610764464402384e-59 -0.01103374119744921 -0.020757640103635136 -9.573014341808563e-56 0.05065536040543963 0.09683106619907837 -1.5367188773343508e-52 3.718771543536713e-62 -3.289903549140751e-23 -3.7408676342415455e-41 4.1097421003008977e-26 -6.426527328201026e-26 0.0743053396880316 0.00162613150999488 -1.598141891195226e-17 -0.07059352854636498 0.02514337878206922 -0.0033884493947709143 0.007369722016774113 -9.158227300178525e-28 -1.4755442860122625e-48 -2.787993629121213e-33 -0.13445155643527967
1 3 -3.643930490433735e-47 -1.3792314987424952e-61 7.522974174831448e-26 -0.022098926698511594 -0.0004837581091634673 -0.00036276506356086396 0.0007559541902997113 2.339955468679064e-65 1.775610610696605e-18 -0.000570201279780554 -4.075110198144389e-29 -2.5965631010720612e-25 -0.005295834009183849 0.020322925256931076 -4.474836223775967e-47 -5.7184277163896084e-18 -0.0016308908547795532 -0.0016602677496969994 4.138243503536781e-27 -0.012056712186856833 0.0016572353320898868 -0.008500041029776688 -0.00037930241372878987 -9.756143107205066e-60 -0.02379240677257984 -4.9374456924455537e-45 -2.372378037534319e-59 -4.678276968005651e-49 -0.011922409945647283 -0.02706147245086178 -3.739940478244329e-05 -2.519911217363869e-25 -4.899157964442082e-38 -0.002915120499636108 4.602566821489255e-22 1.1380530113528627e-57 -0.0056490232704409105 8.138508042640856e-27 -2.2556175027248895e-59 8.939364130820383e-33 2.659267970715896e-34 -0.00031727305535857577 -0.0026710391149958757 -0.00013150082028989653 -0.04314776813752454 -0.007883776695608967 0.0045453798242473175 4.96314244310253e-55 2.2225218471940194e-48 -0.002513313729391759 0.030822320593988928
1 4 1.343971501182578e-63 0.7986823318936525 -0.07138893116570691 -0.3815991051238949 0.21678356832707818 -0.15505531238371706 0.9709478711088627 4.534163446481783e-21 -0.2816764989588739 5.712726300439349e-32 -1.2730254037052052e-64 0.25654055411922994 6.593245206757315e-64 -6.511847878647724e-12 3.9201953088462213e-57 -0.24422185238521743 -0.033565521196319344 -0.2840364924561813 -0.3142502209193185 0.26398330615193744 -9.995771202923909e-22 0.8462227663497027 -0.18815006485795535 0.28203279358743555 -0.15395675036315615 -0.22727929912525008 -1.7077190999575342e-60 -0.2655626813133399 0.15830534901800297 -0.18553576882194864 7.69982635597224e-43 2.3748933693619607e-11 0.23837304956166241 -0.03330968158555992 0.24672584006287798 -3.5899391497625307e-13 -0.13404744462902182 -0.4626557990025641 0.2815714389155202 -0.20145595413561368 0.4306136068020759 0.18300358260386707 1.1279896691401967 -0.3760792462006386 -1.4453649383286269e-13 -0.2941845206479296 0.3771972831162606 0.128703811294125 -0.005024565622189287 -0.0013724045235805286 -0.1815782518049566
