Number of NNs: 5
NN configuration 1: 2 20 20 1
NN configuration 2: 2 20 20 1
NN configuration 3: 2 20 20 1
NN configuration 4: 2 20 20 1
NN configuration 5: 2 20 20 1
NN Layer Weights Bias
1 2 0.6368961595524729 -0.6668580674258576 -0.3821224663834901
1 2 -4.808610000575919e-09 -4.031269841110862e-09 -0.5099686118804019
1 2 -2.7574812861048246e-13 -2.796938645295908e-13 -0.44971315724383065
1 2 -0.5038251813211849 0.29453638682073485 0.20766160972226064
1 2 -3.0472133303608584e-15 -1.1848433438719677e-12 -0.16232546451977115
1 2 -0.02073585143078009 0.6085835132492232 -0.4885050788254261
1 2 -1.6999804874050743e-11 1.227388216796785e-11 -0.41419385253884433
1 2 -0.15091136122381896 0.10909557541829482 0.149358592567527
1 2 0.14608314449615434 -0.7230079221183348 0.1476434356593612
1 2 0.2312069857982497 -0.20886916325186183 0.1937015039722426
1 2 -0.19505747923854863 0.4242235774900236 0.38621509474536303
1 2 0.42945386862695945 0.47697044087342316 0.34929703003209467
1 2 0.4229853958344315 0.010893286151518276 0.42345626631973343
1 2 -0.10478439092954515 0.3691422022784174 0.10042342358102986
1 2 0.2865471811860531 0.27941372958804306 0.20525444141098462
1 2 3.118094410202729e-65 -3.414140646422829e-58 -0.14400459127217952
1 2 -0.6386260322612102 0.177234726246305 0.22182730731737987
1 2 -0.06678776271821985 -1.1938269180855101 0.2095068262633046
1 2 -1.432544017668888e-29 -6.22853739091894e-29 -0.40593457477205414
1 2 0.1040887583871475 -9.747170717841784e-05 -0.13902778347547376
1 3 -5.608083753452548e-50 -4.011250438428697e-68 -4.525545780903772e-40 0.04823226903154765 1.3879598161182281e-12 2.602243608187568e-52 -5.151470821547385e-11 -0.028534110281204113 0.30234629507743804 -0.05976993036390946 0.05181441760829979 -0.24212978563730564 -0.14378830890008898 -0.11057992999417121 -0.12355944924689018 -1.1129102212485374e-64 0.11992354826742391 0.3866502016651571 3.728463133880952e-58 1.581427796562695e-12 0.10672444522905185
1 3 -0.6826436452054732 8.174314966359303e-62 -2.1577868684584967e-14 -0.5992018049833276 -9.216519428928095e-11 -1.3523793189030207 -1.536922734121675e-14 -0.16671101660947232 -0.06105602506249499 0.27767045043134575 -0.2668006070649487 0.004909015754936449 0.24578090517121687 -0.25313449283818473 0.2933045903854659 -1.0277401734822331e-23 0.04067904039145572 0.6529523869115955 -5.010208225063042e-59 0.024261460410112533 -0.1069180719762341
1 3 -0.2060444944935104 -1.0725132646812569e-22 -1.413199823045029e-12 0.13479493859540373 2.269999894145207e-12 -0.9081436741343772 -1.3782086089741167e-64 0.3725919731820542 -0.3753272298720525 -0.10575110619717643 0.35740689754176036 -0.009676370810829484 0.22073956377068324 -0.24798590977742435 0.13415830397893114 -5.389243508087335e-50 -0.3910286444645993 -0.3060630559688581 4.225560379181197e-65 0.05829863198586664 0.1420455860738294
1 3 1.380258957617445 3.6095295694021593e-35 5.005323224836181e-53 0.9334858453130782 5.302309800077016e-49 4.680832028273338e-16 3.318504835373458e-50 -0.3112900645899148 0.7681908065073365 0.39142260539121715 -0.2556212986251784 -0.23795026285045878 0.19573317387445213 -0.9634214862626972 -0.43931738978273743 -4.3078268156125665e-15 0.8099366911618802 0.5746599757327271 6.92382557066343e-41 -1.499528236995119e-29 -0.014395499391638433
1 3 -0.21795222809080964 -1.4127589762932196e-13 1.5985177659740533e-35 0.43210087466814573 1.141196886461581e-11 -0.6292030440013328 -2.5628175658753994e-52 -0.14609513500449664 0.0956549432933069 -0.04661047655552554 -0.033575879185927 0.004702302532906254 0.34604970277823177 0.2230295896480923 -0.16597338299335818 -2.2231154597099467e-66 -0.3292309824705581 -0.4228334963533617 7.923070921233778e-23 -0.018441589683782424 0.3684222268392978
1 3 -0.17464201816614539 -1.407855124549029e-29 -9.860082504183729e-30 -0.09229690238404227 1.2824196942626896e-24 -0.6034105468889994 1.233057924797145e-50 0.15122013318245586 -0.5931853969680948 0.22312100640427743 0.14541978836673183 -0.31742818830111386 -0.037507596347029444 0.025664328500643215 0.13295711887213923 -9.842984641075388e-13 -0.392713454009346 -0.04630753683714636 -1.4735799675928415e-63 8.654535423417311e-07 0.3091265200287248
1 3 5.2318435400996453e-14 3.170937029666347e-10 -1.1335494776116278e-10 -9.550851526907348e-32 8.100120914490563e-13 -1.6750704054438151e-13 2.1406870726727293e-43 -1.3818162153249424e-51 -6.5761366680804e-59 -3.021122898688972e-36 9.442151012020477e-48 3.896082509458564e-61 1.0499962270582958e-19 9.89509403442419e-59 -1.358157242967349e-11 -3.125226607532705e-24 -7.1269808943496844e-12 4.974898790583867e-23 -3.618513555395148e-66 1.89388081704362e-66 -0.3370948715405925
1 3 0.19900162850263867 2.0651065362091168e-19 3.7146570426593053e-65 -1.3756157319445557e-37 -1.0378360699602652e-59 -6.504844240773128e-22 1.8962376223028637e-41 -1.3053482176121307e-28 0.04826627386694935 0.1799611253167413 0.03989018098307529 0.07643486775914013 -0.19544202127512586 1.191636924133015e-19 -0.13853741903259306 -4.241430744016196e-65 -3.268200295068357e-10 0.0699283832659076 7.455346228030271e-11 -1.5217812003484492e-10 -0.04752062824193901
1 3 2.2382690151988914e-13 1.607366176565084e-43 4.113845865285177e-67 2.9628968755627765e-22 2.043647921520617e-65 1.990101861616342e-10 9.400915512542642e-42 -7.665000258859867e-12 8.687005737657453e-54 -1.5918207030684298e-11 -9.118139267243911e-15 -1.1410726897885719e-14 -3.773950392850901e-60 2.9389153751891222e-21 -8.261203672091741e-12 4.809205715891587e-53 -1.4872045272851185e-27 -2.897289129361079e-43 -1.0120690634478136e-13 2.329540332500156e-32 -0.32255351198609783
1 3 0.35870847285936497 -1.5704547466420506e-61 -1.8340586732809227e-19 -0.29053795610577043 4.052253686620709e-17 0.15063703840254494 3.653163712435876e-26 -0.1494023860140986 -0.03432660875640798 0.3750554941020901 0.26739050684297644 -0.3785315631279111 -0.14284167201342654 0.17221214763231293 -0.16246411486045803 -2.790291699255636e-30 0.4656277021749836 0.4286032083951274 7.699857822369611e-37 0.0013412874123047522 0.3633187887634571
1 3 0.1988518813000001 -2.150128774518181e-17 4.1776100717528827e-64 -0.45951813568415034 -1.3498364303024517e-15 0.3772403477598761 4.0467030065645034e-61 -0.07727919312796597 0.4904167263043593 -0.2551490594697034 0.03171906445420337 -0.042534708809808044 0.08500688833633961 -0.10062399513725077 0.23904952835893117 -6.147991735347824e-14 0.765283344463817 0.3409747582048544 4.558270552679412e-66 0.012640107165244259 0.27818827000937113
1 3 -1.3082781767291718e-15 -2.8045698270264544e-57 2.8618940860945323e-63 -3.738580418354599e-67 3.6183135053447485e-43 -3.794544892626251e-66 2.6233650128520557e-12 -3.987315129343675e-17 8.205544883866244e-11 1.5302784322887937e-14 -3.178692162442303e-28 -5.102475352977324e-64 -1.571181587159277e-11 -1.8396940443689614e-18 -5.076220219231108e-11 -1.1343461029640375e-30 -3.2740988743114944e-22 -4.847746222214662e-16 -1.611853155158353e-40 -9.107774968826267e-17 -0.02684566752021822
1 3 -0.8110985564148592 3.0328406305003914e-34 2.1366917265003767e-30 0.34753854351098756 -2.70774024135089e-17 -0.7634761177454505 -4.5539953991013934e-67 0.15170028923880263 -0.24695619921195275 0.24910587803385484 0.3399389466020507 0.08483290260385035 0.24450044006467014 0.04250814137852477 0.24530616593563767 4.3519021212385574e-10 -0.20501392356663592 -0.5317164612218904 9.127079924926626e-15 1.7510434086627487e-05 -0.009949787083239155
1 3 -5.1106430096572246e-18 2.9675674254401017e-44 1.0025026105234042e-16 1.1319323977632855e-64 1.3674664763360972e-19 3.564650678903705e-46 -4.423452282571943e-53 -1.6619279346964304e-66 -1.2315578906872284e-14 -2.2808202031143916e-12 -1.2444080223840488e-11 -1.4707858656007828e-43 -1.1167405931667765e-19 8.476936674905923e-13 2.361406937534211e-12 -7.325386258206609e-54 1.7601125747345682e-17 6.577999193926001e-11 1.354631330812099e-10 7.397695006351894e-67 -0.17089665109522675
1 3 1.853338362121606e-43 -2.4148223257325935e-55 -5.264682965858612e-10 5.234154388100983e-43 -8.11845671929354e-11 1.7995315670872063e-63 -7.515565468494427e-30 -9.812566524119551e-19 -2.5059828583092423e-15 7.125130097642365e-14 -1.5938720939134136e-23 -9.14810831788266e-11 -6.897486625656902e-13 -3.263238777885911e-44 2.560728545565289e-44 -1.1351458481375105e-67 -9.33457926300051e-61 2.331137119574678e-66 2.1650969718196936e-55 4.8965500278774375e-46 -0.15059186873153957
1 3 -1.1696644637066103 2.0408422304724723e-10 -1.3286973153005459e-61 -0.5973698205996908 2.453362575698062e-55 0.6115427458290212 -6.192651582513162e-54 0.13104196446539693 -0.7040934025251984 -0.29348512198321813 -0.2529996043733814 0.4299607831424397 -0.06410293169065875 -0.21331781291134463 0.3770500337377697 1.5112124546848197e-19 0.1698729697985547 -0.5302428743921088 -1.3970263349942857e-46 7.1022288740581715e-43 0.07356508676095933
1 3 -0.15857383989383614 7.812715558959214e-37 1.5031829373805195e-38 -0.2372869396100523 -5.0278548181256536e-52 -0.17418269537712408 -1.3769193044659628e-50 0.2684930962927596 -0.1446576890509632 -0.31502494055769986 0.12031801589595809 -0.3342617634523354 0.05933761609588353 0.31344273959008145 0.3390836626089362 -5.412008276993263e-18 -0.18569471993528258 0.09321952381394083 -2.4405470946043435e-55 0.0013043025505305112 0.3707292702998807
1 3 1.2365090931918938 -9.5586404543712e-10 7.33473003313128e-14 0.8450311244699219 1.2978912580416241e-64 0.03811518138194469 -7.651547824618461e-17 -0.06494624953671149 0.5110329843926561 0.3745894029541447 -0.44629740504099 -0.41923083008984074 -0.2533660945037312 -1.1408117947580856 -0.05195006166645882 1.548802897082986e-22 0.801044846263292 0.8275868640453832 1.7117828435132945e-52 -8.472264395341969e-50 0.12009278365926693
1 3 0.011236126824686875 -6.775219515050127e-35 1.746901632458921e-44 0.06685657182564042 1.7754162685822414e-10 -0.28664510829315015 -1.482057296113222e-40 0.28540262155504315 -0.20122488492196208 0.08895890284904359 0.2837669754030926 0.044617259355841744 0.11617308184075026 0.31425377692486156 -0.3667562650834274 -4.238843864827066e-57 -0.5546359869683887 -0.5032255829576253 1.635597711895013e-56 0.0047310254636668825 0.3686500118453613
1 3 0.22139962729082616 2.869209042300189e-13 2.0892082409017737e-49 -0.11053335862597911 -1.1303057458764713e-10 0.892036747415458 9.578585097835946e-58 -0.14127070558100602 0.478547464019729 -0.05994768474623915 0.1560742911757867 0.31211137546851225 -0.032308380806298415 -0.08905777797533505 0.09883160923154656 -6.6376680333214115e-12 0.4528838825705363 0.1340097354020119 6.215169000672558e-48 0.02181194390494779 -0.010477702655971054
1 4 0.5713885122768022 -0.9498851195691739 -0.576995100298664 0.7644643968007048 -0.3342705167804713 -0.212618773753961 4.053160664699784e-08 -0.0019511188686211257 -3.374922045252895e-66 0.188086056418119 0.33646222858526786 1.5433778002533646e-50 -0.2071410440633438 -3.9153518762405337e-11 -7.033317706103348e-37 0.695296185046734 -0.32933610937930174 0.9234975677574828 -0.3681956789708401 0.5139138422096367 0.49947504588466163
2 2 0.1431931712765419 -6.755586317843387e-10 -0.3296889874748368
2 2 0.17014289987897332 -0.03711566842960655 0.40885518944732546
2 2 -0.37584456369229574 -0.3660590299140817 0.7354429552606851
2 2 -0.2138254512053856 0.7421098169016925 0.2758881867584167
2 2 -0.3736827997892274 0.4330998003284778 -0.23222407532628508
2 2 0.35841688125672494 0.8173714392070142 0.1592980304863099
2 2 0.3336348252597953 0.4977853694676396 0.3112977467402688
2 2 0.4009422715105592 -0.27230214320138035 0.39720757171918675
2 2 -0.4766909909011897 -0.8588482050392879 0.27069130612313047
2 2 -1.4032238221310335e-107 1.5471747504334754e-55 -0.44862564667424265
2 2 -0.238210436073386 -0.04959652383933523 0.40665131309014185
2 2 0.28365594708235164 0.10685941828340051 0.3427210879279137
2 2 -4.337047077662537e-19 9.102883512994868e-88 -0.13814187161610553
2 2 0.40936120306639545 -0.43355341213201015 0.4056308031758423
2 2 -0.24180420517730636 0.4955215125366444 0.4156643462289258
2 2 0.20726270237680972 0.07833373201312784 0.44970212594986286
2 2 -0.28141952869728 -0.5041749721574519 0.777014933881164
2 2 0.3192825022169339 -0.6559392931866341 -0.120187314756162
2 2 0.41837614012446794 -0.38784816127162974 0.35972468293630566
2 2 0.35831524870677667 0.8394163747719593 -0.010812060232718678
2 3 1.576152066681292e-30 -0.19907731424024938 -0.5053582783089204 0.11184352646025053 0.634113916169251 0.1754527441805753 0.1951986094113979 -0.3947424746584668 -0.00015205999075303074 5.863548045936033e-44 -0.11316455595621648 0.07524926788950173 5.274244651745499e-72 -1.5298949220907667 0.1298979296187744 0.01041136162021818 -0.588409510944323 -3.721976742005245e-101 -1.2081186027063018 0.06994125310085725 0.07614302503420789
2 3 -4.5840464661459546e-05 0.08852183040012376 -0.23450569034806282 -0.1506611122218692 0.06265993336965207 0.36454014380730326 -0.26896543462402744 0.24527339978695198 0.42538451545513195 -4.2829287668318183e-92 -0.24851781347613103 0.3410381520071654 1.820732133176482e-88 -0.2157951754703118 -0.08203108136085278 0.15482474374088342 0.28480717442287073 0.6541689855208894 -0.10817266660614788 -0.19291710112601854 0.392171168278172
2 3 -1.5128013371426343e-87 -0.1810167884849298 -0.317976414621534 -0.40250764822703716 -0.10936697428230147 0.0807360712261187 -0.2333199355502038 0.0867951268442684 -0.001028359515085167 5.559530731602964e-108 0.22786116182353222 -0.04429697926625434 -1.52080560377344e-87 -0.33201142735247524 0.29840372880680704 0.07128542282870823 0.21320183884972344 0.053827907230728125 -0.13109440416234405 -0.3739727959313343 0.17880681997456432
2 3 2.8461771044156098e-06 -0.3038528766829174 -0.3749260133505247 -0.7651158468651544 -4.38632519777984e-43 -0.22548315765681975 -0.13212709072984438 -0.005939729519930463 -0.07984412892691238 4.941178786119264e-77 -0.38121822152402474 0.20023985698563898 -1.6224506209012613e-29 0.47856225130063645 -0.6991763088693564 0.22857140557857453 -0.05823114768861324 0.9826433484442089 0.28479116994789766 -0.3346742034736436 0.21529302396672437
2 3 2.2897263726784953e-96 0.0456887710730313 0.20389577308298956 -0.20545933220629456 -0.005071820450973558 -0.6464296140760631 -0.34775827112458363 -0.08238987463788247 0.5733871428188481 8.41139106069664e-86 0.18412380205076093 -0.028985673535175657 -5.708215081849765e-70 0.1258616683233482 -0.2471322720214707 0.027792068938280366 0.14083140458528992 -5.2611214528822876e-05 0.08542753718635779 -1.3449200464118705 0.2083250185982678
2 3 -2.300285039092863e-33 0.33917155731278437 -0.38169291429918667 0.1224347188135243 0.3031734703247498 0.014866250802089694 -0.061137130452482515 -0.32184360849881954 0.25171175283330527 -3.50050650658566e-78 -0.20883080280342844 0.14245800252536528 1.5084216027813168e-93 -0.06791973233801268 -0.04024016012592245 -0.0974556351668978 0.17515446875769694 0.24197903088927317 -0.32392255633222344 -0.25600241358380915 0.04733788501260119
2 3 9.056133500665045e-11 -0.1660026922416684 -0.38535548854567775 0.2656413226216371 0.04207089961580575 -0.04326103573051749 -0.3689772874203707 0.2100979926297425 -0.5590972860536266 -4.025874429731638e-52 0.3011965441048042 0.05125778030583681 -5.2366793334038265e-50 0.397169635318299 0.1772420388292973 0.22972454900795442 0.11720164265187892 -0.6035953242230172 0.16001727255991977 0.06499901376434025 0.057967334899247804
2 3 -2.8789818200315626e-23 0.15655205707901618 -2.0777562680903374 0.2849401591064819 0.9353028342331587 0.436453074771215 0.29249608036798347 -0.1889842012337589 0.3375202048933801 8.566666797910945e-59 -0.5564259511832276 0.21504992449408408 -2.278037445333244e-94 -0.528042125896687 -0.43139565534750973 -0.3892297725756518 -2.2771704426661317 -0.0753032496526321 -0.518443718510287 0.6423173566706807 -0.296034130703664
2 3 1.6166098581386796e-95 -0.14563572609563968 -0.05007850530213737 -0.005126876667944867 0.37927244452714853 -0.14994485016928516 -0.07094789749780174 0.17230022244064813 0.5961986255261388 -2.8819858722725423e-76 0.027299646090958474 -0.06585995448775371 9.307266896264624e-106 0.021760551441971445 0.07228751796058716 0.09640294535573608 0.028535138225793975 1.105389508392538 -0.10600728873772866 0.12340764738120165 0.13246388866885161
2 3 1.1774072600897822e-95 6.1457466304273416e-105 -9.561726734281864e-33 3.371368662218792e-74 1.472762471929489e-57 9.830402359671547e-37 -3.209815535136472e-37 4.951585496619367e-108 5.474632195751226e-44 -1.0844719800611922e-75 5.479887540624141e-66 5.0822361841850135e-52 5.967160417350172e-70 9.223143519681351e-70 4.986247824031761e-100 -2.1840634470481255e-73 -2.0840735195127806e-41 2.121249446428067e-31 -1.4566447934740243e-94 9.719061502664132e-78 -0.35627789260421533
2 3 3.2505609327652925e-16 -0.2215945825109326 0.3082696944673353 0.35077352345449786 -0.10157090572867247 0.263841189223707 0.15392982256500062 -0.09235831636596487 -0.5618459835425104 -2.110682672784146e-96 0.09741427225205035 -0.20187292327524634 -4.792888105532032e-81 0.3070342060768971 -0.24659918729838384 -0.0512769635919569 0.047471775579429144 -0.9341775446981948 0.3615835700018555 -0.3307778269367716 -0.1549422985877736
2 3 0.0002815226611566763 0.36450877598024484 -0.11399404093519547 -0.3188563918465957 0.2412829594789927 0.26265050283484537 0.3436819191308472 0.22865701529074048 0.19479281671676385 4.803643047460385e-72 -0.1836176199665906 0.12652451301089263 1.460754128719902e-79 0.16580009901724793 0.0779259470193944 -0.21823502051450067 0.11604010331391441 0.3445191836797837 -0.10065229002142823 0.32684788566200507 0.04641984196524186
2 3 5.585547429434134e-52 -0.27508124768675574 -0.14654957921315248 0.23410079707573703 -4.374864048559832e-19 -0.1548606739131083 -0.0008903726625227478 -0.1704495205942184 0.28430625044189894 2.9692717048357203e-66 -0.2589508203101271 -0.1872243820258604 8.492924736850847e-108 -0.001668176889177 -0.21661084995004468 0.1344272206880076 -0.03724763176591362 -8.487893643553798e-14 0.10929433561051952 -0.02923978310533708 0.30448323379818015
2 3 -2.425537095187606e-05 0.01051991085878737 0.24862781946376583 0.39962448651448507 0.21810093037137454 0.11917993413330724 -0.22819067479651287 -0.04760006121030421 0.5146541423774872 -2.7972786569922187e-79 -0.2056505217565601 0.33022105647510036 5.921803984029907e-66 0.13054112009772967 -0.045250328700100616 0.255151688123752 0.34679687215032207 0.1729137073475289 -0.3246833142954991 -0.3274975747474959 0.2941228408176004
2 3 2.650701583117214e-05 0.07605612230783229 0.21305667005351053 -0.26175486803476344 -0.1757516664381819 0.34993187595142905 0.2778562424101049 0.06330025612254839 -0.627129766341031 -7.146521673185304e-101 0.33151029292360645 0.18370621760796962 -1.2086588980578977e-36 0.4195814145385285 0.2664680679338318 0.3411742952369576 0.10883346323891353 -0.328258279059417 -0.17899468700206117 0.3551065031333816 0.3447885348454743
2 3 1.1014746415696632e-65 1.7252019009848088e-84 3.9064831080770925e-59 6.883254875515974e-43 2.790271382245406e-54 1.1707742949497791e-36 4.104904676244962e-93 9.126149980372683e-105 4.643355867210929e-52 -2.7745475866613716e-78 -3.937927464724469e-52 5.513158033647527e-59 7.797241677571579e-61 -1.3984289777286032e-55 -1.5405498967362394e-40 -3.557617191533659e-78 7.979345630740218e-51 -1.3100479987557201e-64 -1.0096168225561108e-36 3.563350921890602e-52 -0.3590032584866761
2 3 -1.3675494661869959e-08 0.08086534985656532 0.3294731523818139 0.29019114223798725 0.19290951362107728 0.028099083590345752 -0.1164261361247919 0.08970417717169449 0.21339855269253158 -9.422215410344364e-46 0.04965540496418617 0.2591608373235804 1.3988562821797188e-45 0.15960786805501426 -0.09315829667165688 0.22571417515935221 -0.19989083666789154 0.05027512578124473 -0.21928836328108942 0.37137487666523744 0.20367652624707086
2 3 -8.126325026185951e-102 -5.874516116299727e-41 -7.570263734834917e-69 7.332531484943908e-54 8.590633267212707e-33 -6.22637834101745e-34 2.5613178706672441e-82 -9.04338952709209e-63 -6.408003142429169e-34 2.28838770486481e-48 3.4735264544924945e-35 1.4046813285339164e-33 3.6051846732864747e-107 -1.1501896402108922e-104 3.684528806598835e-38 -3.170220508752233e-103 8.16826961866076e-83 -3.608000006199977e-67 1.7335293419082472e-44 -4.724301897666525e-38 -0.2689489321377043
2 3 3.9618272573320286e-09 0.12640734654726396 -0.042621496484828866 -0.07872816234343298 -0.002274880863502126 -0.3994446804491987 -0.27130687280753696 0.010373626875195482 0.857379827244923 1.8855935271863106e-31 -0.35085997754883463 0.22179901755421222 -6.952926244098848e-49 0.4565987699330644 -0.5472201766652793 -0.15477727951318454 0.30987685072460186 1.0919583575355436 -0.07538264521290368 -0.3605068410187419 0.001238786926462505
2 3 -3.6553757931992075e-78 -0.23990020927465006 0.16982627105447737 0.20839611472875152 -0.33286953594009877 -0.2125544319383968 0.20261370111126858 0.2439452809770129 0.03057493325332226 2.187602264162464e-56 0.24899511532728721 -0.4001271985626343 -6.656314229534014e-87 -0.03852240826475796 0.01762900963363508 0.24252871315453212 -0.2123945341334496 0.04422310336058073 -0.25911931306243047 -0.3312039660018568 -0.0549760666279263
2 4 1.5298462493588518 0.30552891077186345 -0.4349372372309757 1.1798476096661892 1.3031182041187273 -0.18424691035119922 -0.13133327425699107 0.8680579500793163 0.3986389878912353 3.517780977600678e-94 -0.1529417280562308 0.3681155958813832 -0.15913148066662186 0.3247921025830417 -0.38524996461382294 1.1798901720994503e-24 0.17557443726999492 -5.55527197121849e-107 0.9373909061661843 -0.21081452201665116 -0.08070101379773051
3 2 0.02915548097710275 0.5511666307749179 0.05078512605043518
3 2 -0.5204193219045364 -1.2862907605904663 0.16362748010979178
3 2 1.7338647431996428e-199 3.192941712972306e-181 -0.49397079269616057
3 2 -0.17741677015984575 0.4302438464954535 0.3821793832483729
3 2 -2.3256168764803854e-127 -2.6245223725704796e-172 -0.5154320024774895
3 2 -1.2299421087246566e-114 3.259119984158462e-134 -0.3501439943986875
3 2 0.499441366322704 -0.545429525867555 0.4251578686696562
3 2 -0.48655835819845744 -0.9310386675991923 0.31781236219966763
3 2 -0.4696767481065149 -0.4156429358615897 0.3627855289242869
3 2 -0.3666487265810865 0.5325495203038879 -0.3477118647796751
3 2 0.22345280169629372 0.46546159535114773 -0.57874418079866
3 2 -1.658031407202419e-123 4.468753877757622e-194 -0.39077315339589247
3 2 -2.2318794297840262e-126 2.9848666684591425e-173 -0.23423419979209664
3 2 -0.3360301884842571 0.8941114271912571 0.1555456227870334
3 2 5.34682433909249e-160 1.4151559998497735e-189 -0.5194371223341474
3 2 0.16446794491335662 0.7139360394556105 0.13278208409322748
3 2 0.39893722904137946 0.7806589285342184 0.5673444157230374
3 2 0.5765913271639975 -0.030563774246899496 0.021731516724687355
3 2 0.299881520328393 0.787592886299282 -0.29357353090820476
3 2 0.5469941425635304 0.24836294283238447 -0.2846737091308616
3 3 0.1165352680278826 -0.22199807849095604 1.547376068111349e-156 0.26917291264795623 -4.698620200907429e-165 1.454130549103413e-203 0.1847261928356543 0.38483007306589945 -0.3913344270425179 -0.2099563756417675 -0.43194035834557654 -3.804035259171861e-160 -4.5430701807548475e-212 -0.2415542243861146 -5.295810205671652e-149 -0.2089896448874584 0.1882691358314281 -0.08647434728633714 0.09335403150661994 0.21105879947965328 -0.19136112181937476
3 3 0.3109710189704157 -0.4133545136577119 -8.968372895810236e-153 0.5825806820791312 -1.9170338406796389e-180 -3.3242256587738626e-169 -0.3136517892872313 -0.2326874772119862 -0.1993307546593484 -0.10122187323678455 -0.7635470603749251 -5.497144786110027e-172 -8.465585615976134e-148 -0.7688232048037139 3.532707540438211e-209 0.5156214337211602 0.17742152718395843 -0.051843536170335915 0.36860895476416716 -0.14380098123918592 0.01988915560984236
3 3 0.4688825034360821 -0.5992000190777357 -2.3879776928838235e-147 0.49934497945380596 -8.077546188533328e-157 -1.1182271042196659e-147 0.1112371005882702 0.1910122553296202 -0.11759539092259369 -0.35687382405313073 -0.6500008742385522 6.996780601076347e-200 1.3144817640239712e-141 -0.29601954853722645 -2.9064996736868004e-164 0.131721819320115 0.25433287416641853 -0.33696039132459527 0.09989605844784491 0.0374687480484713 -0.2763360610339636
3 3 -0.10155665899469968 -0.19339606090999592 -1.6458600015977235e-155 0.24631951829013488 1.9603974364404424e-144 4.047215983969914e-207 -0.33176639085292814 0.11600293604749555 -0.21200470004652397 0.0219439524686135 -0.17995411608363832 -7.242204048531297e-184 6.7956814734620715e-137 -0.42028717782536146 -4.158819022760736e-176 -0.3087625082467897 0.294839382008579 0.11729551939160712 0.25445473323348866 -0.3127254858876227 0.13921922861295044
3 3 0.170650897759297 1.5463181121943742e-162 -8.047440302168165e-186 -0.2835834130805427 -1.5383694219619562e-205 3.657135427001885e-196 -0.18930014801820047 8.579801477235288e-158 -0.008620007176079825 1.8729339269797052 2.074119178670681 -4.660944896533761e-211 4.225546356909119e-189 0.26677396865331354 -1.695992020909549e-141 0.078721786432128 0.002047613282849964 0.22272457357297265 0.39253094218294066 -0.09362244774510076 -0.5778666442568762
3 3 -9.65212483818315e-207 2.8907658870667993e-136 7.956215259217424e-208 -1.982977353977359e-210 -3.467686190597522e-146 2.7683533608281764e-137 -1.5672445947927062e-169 7.825753327892023e-180 2.632923974154017e-139 1.473259913923579e-169 -1.278089115925991e-190 4.44132133656791e-137 1.2085044191696828e-145 -9.795711069469438e-158 8.672545882330869e-148 2.0306735823295733e-189 5.523562704776756e-151 -5.8121524576217105e-202 -1.56378779753957e-155 5.886840778506419e-189 -0.007685398142942834
3 3 0.02370967442482412 1.0598503861074146e-25 -7.260134979545598e-198 0.0009651592096284071 -2.2163783481593796e-159 -4.46417079863415e-211 -0.054242557359017486 0.060564309491774306 -0.15591487482554414 -2.0764456789018412e-213 -2.5390197979732719e-141 -1.3260068124944627e-174 -1.6578313201345947e-186 -8.82926721675321e-166 -7.795250183508268e-208 -0.2883179933997791 -0.17303451935301756 0.15793521556863363 -0.0028010062716829526 -0.059104854992027146 0.1515655917363679
3 3 0.24141635646984094 -0.4883550486680553 -9.019260325389553e-168 -0.1764523335256545 -6.196320547664885e-139 -1.8973807508249628e-135 -0.17786112944164023 -0.20846127213830562 -0.012152890792101755 -0.45699077817064454 -0.9350841139574635 -2.8423170944982854e-144 2.273880322222725e-159 -0.7601072773343179 -7.429516910296583e-186 0.2871358766263071 0.07484582233528209 0.1362053015019668 0.38337147159635265 -0.16531312085814664 0.3023650697918427
3 3 1.1788437355150149e-150 -1.5310578885379771e-189 -1.4183345063387488e-189 2.5266462742289337e-191 7.269152080269753e-161 -5.748504919450639e-212 3.014476491241564e-169 -8.982527375564976e-206 1.58376242048244e-168 5.871540596861203e-156 2.94828806902988e-165 2.2292717126608503e-138 -6.660400333171134e-184 4.43023128576724e-173 2.8990401162876276e-146 -1.4313658631648732e-166 -1.344493373641241e-197 -2.8860451966224458e-134 6.243718350613297e-210 1.2531301919119273e-195 -0.2843238400713026
3 3 -0.4356822145522406 0.831186702503172 -5.185519293455087e-198 -0.13455749307149675 -9.376686438325802e-171 4.653956300155892e-155 0.46751089123057205 0.258144932062353 0.17785509561068324 0.3343019298114451 0.43794968270480367 3.2912100735299444e-201 -1.6729197137211638e-155 0.4525456133200687 -5.27619060326101e-150 -0.3430014719945435 0.22343810170087983 0.11256067272537536 -0.035387518597908715 -0.2095794174089378 0.18762104334792806
3 3 7.725157171912029e-186 1.8348048785826827e-186 -2.263029332515778e-196 -1.616497369152601e-193 2.6089094502605596e-157 -6.523480348640197e-173 1.275013886556817e-164 1.5784307292206812e-171 -5.103969358054136e-134 2.7343657363548534e-158 7.03315634169996e-203 -2.0574935522222264e-202 4.68873459405031e-177 4.153343760673379e-145 -4.5239071747333987e-156 -2.6597201729680058e-158 -6.4466212591874826e-139 4.892289395093439e-168 -2.2143949648831625e-158 -3.266678446840657e-169 -0.335033218438982
3 3 8.473359032299704e-138 -2.434809922773094e-142 6.938450909486324e-166 -8.853096800178785e-164 -8.162262459404255e-154 -2.472394149334104e-139 -1.3217210846816458e-197 3.76758375794624e-207 -4.785077071204176e-202 5.777126450742661e-182 1.662215043576531e-141 -3.405559719196172e-134 4.013226358419683e-148 4.251398229272586e-148 2.7561712651929076e-194 2.475713341641432e-141 5.362925236043474e-174 -3.974924313557525e-167 -4.708913552545652e-192 -1.4190411217541144e-162 -0.17646994611999114
3 3 -0.141580184311335 -0.5912257201228728 5.3245616118580604e-198 0.18907984675587677 -6.81442390512972e-143 -1.4002773923950426e-184 0.12596580167246205 -0.039469279894292046 -0.04922103563962638 0.02748380542690145 -0.7985649902048275 1.2469908473010281e-196 1.2980752888073374e-210 -0.8130401603834291 1.9421889579587006e-184 0.5530864996069202 0.1307647606671468 0.04699432483187484 -0.12129299470344271 -0.4482287606049806 0.17170940826235187
3 3 0.19202932523411917 4.105365430377966e-94 -2.640705410915104e-141 0.07728445938405049 -2.1830710903286733e-172 2.3670655126338015e-212 0.40086377723316646 -0.9466624712162125 -0.3246715377933529 0.17200548438668287 0.7308707671401747 -1.0170217839886302e-147 2.2029296344385133e-139 0.8315045423380427 -3.8340385366027985e-155 0.16486208263247462 0.24345592264264782 -0.08744263220502255 -0.5648958116603455 0.375726395922557 -0.46806242183937335
3 3 -3.6487280031108817e-156 1.8292964040669087e-174 3.725272600482996e-201 -1.7249132206107213e-157 3.29978987125873e-140 -7.508779291785599e-204 2.85264094194288e-135 -2.6529608878794104e-140 6.911879100472379e-177 7.163589941419355e-212 -5.061839367179856e-153 2.030303103308402e-136 5.374738476483505e-147 -1.7701379424381603e-204 -1.1675507860691205e-155 -3.0621621530881206e-134 -8.432522725601816e-210 9.350814098353948e-162 1.3252911825714607e-210 1.1888321143155128e-141 -0.03910107995366269
3 3 0.5073715702932079 -0.4997578275405924 -8.168531012306208e-192 0.01699970323263493 -1.9514650652908868e-138 -4.9026035978617494e-203 -0.2983002722368155 0.16063488456700895 -0.35174929807577116 -0.20465475582647477 -0.6883285789291467 -2.0354843376955826e-182 8.955023220043247e-138 -0.8899549082980762 -2.5192552397758638e-139 0.46568849270782303 0.4551929577624078 -0.270562389375908 0.33823881026901215 -0.5144962561424004 0.012770916915121623
3 3 -0.007556304110570223 0.6292375920629577 -2.223101070760283e-142 0.18435769769755606 1.955048762063077e-147 -2.2920199490725003e-135 0.4344443944720944 -0.29817146040319253 0.3727067307285681 0.30190082263238077 0.9249652095851565 1.2028194433588453e-199 1.3946553574611524e-172 0.5086609583576828 -1.4195951012743816e-163 0.25116716201388684 0.12347585103807074 0.22981718381101288 -0.24784628925982324 0.48522049077834517 -0.16549069576101538
3 3 -0.28316263911283196 0.1859740584461196 -6.92688626706144e-166 0.16702811148997546 4.49190582254841e-186 -9.626213500212395e-171 -0.17236968494689944 -0.9273507093535464 0.16339198570208768 0.6102582267605897 2.3814310848204444e-140 -4.431334129961624e-201 -1.9079410547493815e-180 0.4003391991047263 4.804865569819544e-156 -0.10105369526423996 -0.041417231928415524 -0.39984911325180295 -1.0089201439394975 0.8334445284959879 0.2270046561572376
3 3 -2.3018779215467404e-155 -4.999070263693178e-179 1.7817084661767172e-210 -1.414578798222454e-146 -9.854517630460643e-175 1.8962961810982556e-144 2.19105935857659e-137 2.3159485608821623e-136 1.6008991949875783e-164 -1.1897935256298806e-206 2.194065261124919e-191 -1.715123877131806e-209 -4.35058898568068e-137 -6.040709934029755e-205 -6.832938648586695e-199 -5.466467771041235e-162 -3.5754690022682817e-159 5.84484168010379e-200 9.886596223369245e-212 1.7678451658820178e-167 -0.3630481140898557
3 3 0.006764659436472401 0.5998393205890549 -1.9224046622427323e-208 -0.02707672780098842 1.109777938989785e-155 -4.2279732721763663e-165 0.4359590690221126 -0.21128459750091752 0.41976067164982617 0.5719387774409956 0.7612130863698658 -4.338509297585205e-195 7.687676660664987e-188 0.5539737273075075 5.152440299729171e-161 0.2133601026452336 0.0007613786545174458 0.28605783908827564 0.12007210289229789 0.30770678125344775 0.11364001735241631
3 4 -0.40490490595974676 -0.36445137230152264 -0.5547896488540929 -0.2895031435293333 2.2216253367757672 -7.914049162106527e-117 -0.1775451510423876 -0.5068075689319833 -3.1390583542202916e-121 0.71897780554379 1.6698940648294633e-186 -1.9149541494744628e-143 -0.45313650610835776 0.7098890891220437 7.318600513333202e-177 -1.1172143074003045 0.5607696950971975 -1.3427767281006568 4.617319943842964e-179 0.6187693964671555 -0.2411870052531382
4 2 -0.4959210544842365 0.4030982641956566 -0.06925326977395097
4 2 -0.013135885363178211 0.485960463932381 0.008099897773931983
4 2 -0.13579550247401864 0.6167681607499702 0.0669065157640578
4 2 6.961966555837014e-119 -1.5649691175934245e-64 -0.2378550071653761
4 2 -0.30449458768512 0.26379327652567613 -0.06542549394464049
4 2 9.497227248944262e-39 5.8965305636201205e-59 -0.36024722327984643
4 2 -4.934178932905958e-109 2.061760666863376e-46 -0.4148554070254684
4 2 1.6302408242121207e-106 -7.116711449915263e-110 -0.2961902142532722
4 2 -0.49949593888444976 -1.003015271127583 0.26884554628370494
4 2 0.34802429818819836 -0.3156752727360719 0.18200161366183837
4 2 -0.054634110964799275 0.38291105663262837 0.34749496815501246
4 2 2.6194521308820843e-104 3.937773400261924e-102 -0.24520599217161043
4 2 -0.27120225831392736 0.4258491302308731 0.3624883527671581
4 2 0.3876430819551837 0.011726475966280226 0.18686587993173293
4 2 4.022940285741597e-39 3.4269360342096473e-96 -0.05899868195791336
4 2 0.2988859552754759 -0.15845660754367683 0.5487494502838183
4 2 0.27259136170499354 -0.3498468189927258 0.33536051196114947
4 2 0.28408150720507636 -0.3791164283956046 0.28244977106563796
4 2 0.19657896176155773 -0.461540637402437 0.3522064470135352
4 2 0.26040977177487057 0.5434612600886077 -0.6979609394391479
4 3 -1.4063195459340207e-66 -1.2083875069317527 0.6218615623215065 -5.494427630005051e-61 0.03657768424836834 -1.1821535988197702e-113 4.803181709185535e-126 -7.80399296058247e-92 -0.0028862511985123037 0.38830438421300945 -0.7160228058850168 5.553476008331913e-57 -0.6418672350809861 0.09677023546541628 7.837733942633691e-53 0.12415214079070362 0.43585373529510896 0.47459004596253396 0.17484080909402333 -9.676722640258553e-05 -0.391576256745045
4 3 0.1497396502590567 0.3309730129015163 0.15077855749282956 7.437171301093879e-84 0.01462026856844771 8.126247700063851e-79 -1.2918965912959226e-105 -1.914606310954683e-77 7.378441178415814e-53 0.17721577333515723 0.1882022165061387 2.6168595479270314e-118 -0.27201455874750463 -0.27375088782797447 2.833846257566307e-107 -0.39433264849035315 0.1327154211981728 -0.1575011679997466 0.04214156548232839 -0.14193028109851774 -0.016090409256414296
4 3 7.659108686035281e-53 6.328729417032721e-129 -3.5451570495629724e-58 1.252195387946243e-55 1.4469191447586533e-104 1.0589343131604371e-101 1.4398256565481246e-53 -1.1734764976689163e-87 2.0534649452604843e-89 -1.4652990922608258e-109 -2.187977568989366e-110 3.4118589102969046e-109 3.445731685381807e-116 -8.67903107193594e-76 -2.589217120859253e-94 -1.0179103569101554e-54 2.5880344676013373e-108 5.994562875898327e-87 -1.455351240924321e-82 -2.8474747572823245e-64 -0.03051526204665711
4 3 -1.3447941441506894 -0.15934348761451014 -0.1923920278551625 -2.4745230440479583e-73 -0.5185837861698727 2.193738361431584e-125 -7.735462146323534e-115 6.969656858287121e-127 0.3701713941962005 -0.40490270735078476 0.27417124161338374 3.854094798718677e-66 0.07444497680184242 -0.022992332963126614 8.383112683822135e-69 -0.3059925214695157 0.08964942658676482 0.24424028100342143 -0.5143000759933939 1.419135423458697 0.4300943261215274
4 3 0.02175189815489664 -0.18920815065242083 -0.020576526511161874 -1.0064242202248494e-132 -0.3054827457666808 4.755980859423464e-60 -6.187385449877276e-54 1.886375667260079e-73 -0.09854715637654742 0.0864725177592066 0.2607950691228502 6.307535057794329e-69 -0.02273170844014929 0.39538636076840694 1.0276935030401645e-74 0.34857605416728704 0.07637002346099005 0.1378086738120596 -0.011402804502433415 -1.1204707984222917 -0.24256548171024808
4 3 0.3099331717179948 -0.13766071141444094 -0.6278790568001196 -8.376415031914669e-89 -0.17994984442395884 5.5865606239771234e-120 -6.6540674799012815e-115 -3.5093227608894943e-128 -0.007240636164363566 -0.22430032440988618 -0.11892666842284198 -1.285683527270291e-60 0.10569158900858863 0.42253319121643784 -1.8098074835328763e-115 0.05588883436403814 0.4566481117488744 -0.19453645376346163 -0.5428369569994412 -1.0042896790797544 0.31586083674813964
4 3 -0.22535816724248015 0.2714203816703347 0.0060683574828697935 1.3941498173960244e-89 -0.05426330426700768 4.601069646997994e-59 8.13739330583895e-117 -4.761450007638495e-128 -0.30857992282996044 -0.3802398856664446 0.1413055022137943 1.4677526189421572e-96 0.1712130056869084 0.06101989097847954 -7.882293478930988e-59 0.12322190677654174 0.34615579961707926 0.05341402771791367 -0.5153401693768632 -0.5305135625261516 0.18168773826194498
4 3 -0.7666510921543307 -0.8455590292665223 -0.8235431047322476 2.2314944952647126e-126 0.10411878649156088 3.1358054468351532e-111 -1.6849862577353985e-55 -7.583342208669015e-76 1.5113577665479276 -0.15542804676511932 -0.0794077317829929 4.048072915058886e-130 -0.20552456427604993 -0.535371331463925 9.176795071052817e-106 -0.17377492115835969 -0.25453717461227277 -0.13968432652848903 0.2320271097185735 -1.7941237003717615e-95 0.3421584787682072
4 3 0.32374794025313125 0.3694365744906827 0.1926287220973719 -7.2562782660123925e-53 0.20158771069432777 -1.5929464418199103e-106 1.9432713198269533e-67 2.577941510322434e-84 0.5014501039924014 0.06095194355801621 0.04148676541942336 6.457830875882072e-57 -0.2384410409725605 0.030107147995345515 3.6644703271746193e-127 0.03880557662713433 0.10822269710857368 0.16524793214199798 0.5067069302160306 0.6136258494655261 -0.03824969907097947
4 3 2.0316745165744302e-82 6.689364598090437e-95 -1.8056938380974906e-84 -3.2074245250097713e-77 3.6016137962406564e-102 -1.2520979665254463e-122 -4.959434476551875e-55 2.6833005174841725e-131 1.0147187979023481e-92 4.49796804002026e-73 -2.1034599261444283e-64 -2.0444003420623817e-65 4.7258264796810004e-91 -6.917865774247699e-131 -5.099194418671418e-100 2.2671727989958456e-67 5.449230676068918e-87 -9.38643087359038e-93 -2.9514413148563693e-61 -1.3385443441801454e-70 -0.07953693319805577
4 3 0.009774218222270306 0.2566948064403059 -0.018238950149605974 -1.093937796812436e-109 -0.12722675304008288 -2.505954162254929e-59 1.753162239594764e-64 -2.615666406887171e-129 0.14369190483727912 -0.32976649867590235 -0.16990114356645528 -5.031385906632592e-72 0.09801905619480777 0.18093652415646738 9.29476962782477e-87 -0.025337359046255038 -0.236243478433786 0.3266065375150096 -0.19302526735571535 1.1286578006274053 0.17365128075165065
4 3 0.6710673296907035 0.4148187220688957 -0.09174039273502804 -5.0648034207487314e-126 -0.0858083712852446 4.4123222456262767e-119 4.0854903430786166e-73 2.392046995836746e-77 0.4830867908161014 -0.2491715160786288 -0.1585568421961958 2.2376217915690762e-77 0.06953628801157304 -0.3581115667459531 7.658990320225454e-76 -0.30014543201864236 -0.6880543580462563 0.053154632651058 0.28983312729419114 -0.11749109146334381 0.07005884003543851
4 3 -0.278804661414949 -0.2343228542044565 -0.49579945972344663 1.6878478955333042e-74 -0.26634127142948977 -1.692745826060825e-59 3.603519835971337e-81 -2.414402447558051e-78 -0.39593547246565736 -0.08893964377598414 0.4564029233914564 1.7215412070762784e-125 0.015094814051855143 -0.07543615471602845 1.2347543586879621e-81 0.035679717650814194 0.35388951534151336 -0.09323560226214893 -0.7712991449801143 -1.3295804300450942 0.24625755248988648
4 3 0.07551496698563363 0.011337736904638929 0.23639060653863195 -4.028152452914714e-92 0.11804380808248335 9.859502626683666e-125 -2.2781875788502916e-106 -2.3026273435409736e-131 0.0437262662065889 0.061515947457939014 -0.0029243343274579434 2.8013222429368007e-89 -0.09205171392929425 -0.0728685205437967 -7.757683720229049e-88 -0.05842585957447455 -0.016371184687538214 -0.01617201577229837 0.4838722497726943 1.0841793183306534 0.059119694354457616
4 3 -0.034729704027901986 0.006479872508744512 0.4227478689153138 -3.138232161397536e-67 0.09893243473674264 -4.411884396685833e-113 -1.4220151335415324e-58 4.292062487062015e-104 -0.001455656982436316 0.02747957721336691 -0.018179947777458755 1.0418972101097087e-130 -0.05029800313776736 -0.028079322142398045 -2.0684838694177707e-62 -0.03207571124500207 -0.028058216278305098 -0.03295857257660075 0.5066690837233561 1.3663790016691755 -0.006310880170024264
4 3 -0.010247277356102546 -0.0010930866098616766 0.34265378259789775 3.7783944090176576e-113 0.08627560092406769 -4.019504377234466e-124 1.1906786098684959e-108 9.577655743111956e-120 0.13827233352545656 0.029268319279112925 0.0038790835751252467 1.7772860205573675e-120 -0.017150186393782577 -0.027935977637706097 2.0289132641494075e-53 -0.13311850469762038 -0.08031603250155142 0.002742613597987003 0.48715664467572833 1.3447185604463945 0.011989396482879127
4 3 7.097924969143895e-132 -1.0732273198599956e-93 7.842212076982247e-108 8.358445338911496e-57 -7.773716935137969e-112 3.397329785966444e-61 -2.9439995085025094e-114 1.97339681689119e-62 -1.1976057616030831e-108 -2.495840843687991e-118 6.01068765831042e-96 -8.296976845949973e-79 1.4444866031466387e-93 3.0504535885272584e-73 1.071139565583161e-131 1.0896872665774468e-93 1.1869971502375095e-131 2.7011088142998057e-84 -7.047845375812694e-108 -2.137783284123369e-54 -0.3263238634594828
4 3 -0.004635570657341027 -0.01299899026160238 -0.025252670305486197 1.4133737896339575e-79 -0.04760010358676421 2.2498524515321762e-67 5.733983985461213e-130 -4.4365888685381144e-72 -7.698612487842167e-06 0.004392329821156092 -0.03421301058727527 3.3990106111691604e-81 -0.0442810182570564 -0.02504991140863769 3.477132369658651e-106 -0.02620960726970205 0.004235807487012952 -0.04997698463584385 0.027188257713007234 3.76368628161886e-40 0.03764173140003109
4 3 -4.3581510488176396e-06 -0.0018905892894290582 -0.0032099668745043048 -2.403998843604255e-55 -3.8027479333303093e-07 -4.199173362167246e-101 -2.1111105777117876e-131 -7.7447247224963385e-87 -1.4895881101789514e-14 -0.0006933736027360866 -0.007297795246427248 -6.65709793110144e-132 -0.006671848769395187 -0.0050383472234942816 2.4624845808314954e-131 -0.012311711397628043 -0.0008695016879923818 -0.0027824271838218476 0.00016336914275690993 -7.491759109543848e-45 0.012967399126502492
4 3 -4.444615960439375e-82 1.389643077777584e-106 8.94086386783218e-80 -4.4619033144907444e-125 3.2506014593310305e-122 -1.0028700157333796e-64 9.737080173917944e-96 7.150617880676905e-93 1.692347272144563e-92 -4.27003092423938e-130 9.42898345270544e-111 -7.288648814874659e-120 1.1884261587592045e-65 -3.531900909558105e-80 9.606166985122588e-115 1.2879772259877494e-95 -9.557168820319657e-120 5.718645047407677e-69 -2.968938522265622e-67 -5.8109514060907674e-61 -0.3527700376955183
4 4 1.679412159337128 -0.44613877428811793 4.785769266954743e-92 0.5715605533029167 -0.20292982686271355 -0.9544447751906989 -0.5475568580609766 1.4545835328664267 0.5041639033731921 1.3487541491450085e-79 0.254210365431698 0.520616303698993 -1.6018871678699025 0.48005630493177204 0.5111569158735925 0.6721057648575581 1.615915712670125e-99 0.027067384547129834 -9.641890653123521e-05 2.40329788127756e-105 0.24809712744558543
5 2 -0.2044489139707241 -0.21664929043016806 0.41701370661688064
5 2 2.5583676379638886e-136 -4.0658304110785175e-133 -0.04944239645300258
5 2 -0.38033575305713113 -0.18359260579584616 0.6411641144679708
5 2 0.11998965976105844 0.007888805305925412 0.35243848457151306
5 2 -0.46427708451889466 -1.2150142890306035 0.2677653766469916
5 2 -1.0016065861746732 0.07903114520478068 0.395127470569727
5 2 -0.3097983096343791 0.1380279072067485 0.40856235693332976
5 2 0.15134713599405242 0.7903321376429702 -0.4110527170909763
5 2 0.08249675067871623 0.2550649368819861 0.23019436050811234
5 2 0.062169724104739574 -0.7566832141038606 0.4750392903160651
5 2 0.38332044278096455 -0.3851279230598518 0.3612987926227975
5 2 0.1264059130172356 0.2910355510020267 -0.4967863693636694
5 2 0.3196488070377501 0.012825834181657182 -0.05992281635927838
5 2 -0.4225890308811064 0.1900226827534459 0.5116230974823378
5 2 -1.0241953368807714e-127 9.649776241357876e-48 -0.09731482392585644
5 2 0.200360263541898 0.6056684373144305 0.2743907117151991
5 2 -0.35816591968052186 0.30144029589691856 0.3677886381012475
5 2 0.026599448878431974 -0.1335045090508724 0.3108245079250855
5 2 -0.039759030159571114 0.43706235571767 0.11572843883225988
5 2 0.5417416048182696 -1.20691727065796 -0.24842289369289844
5 3 -0.2320553387780911 -6.161620247427849e-112 -0.010796994977564018 0.1734644532816154 0.1222690539054033 -0.21299648597402815 -0.008927752757423288 -0.0063289386224648966 -0.34259383788375675 0.14573990776782486 -0.30792418019549106 2.907711196571719e-81 -0.0641526580653731 -0.1616503960666273 5.475958314933424e-137 0.02140404834354399 -0.29612182233521944 0.010169154749951184 -0.32858367364411417 0.1787624526536496 0.22979649101570168
5 3 -0.3256048606560516 -3.8789094143782405e-112 -0.24691475808047006 -0.30745474393572164 1.463912970710471 1.1839952360730226 -0.06775984339734514 1.4069742271511991 0.002839576945704817 0.7539414706978 -0.01988582682068777 -6.96678175703661e-44 -0.09793113506131251 -0.3814512756980419 -3.629352404962806e-97 0.03758634900973237 -0.21225932149869073 -0.11838472747063175 0.028902672400957116 1.382175352561215 -0.12995910834112853
5 3 -2.535133085218334e-81 -6.144592625818238e-137 -2.8294805953359472e-81 1.681282322193403e-64 3.1196084927975845e-128 -2.391776598658073e-81 -3.640518668151153e-80 6.9788383301288285e-90 -1.3649850540378468e-102 2.431885143403653e-132 -1.6687046805883762e-80 1.2108735777761228e-68 -3.669894843982753e-87 8.80600956188143e-90 1.8310681368663166e-105 1.117100096395373e-137 5.5873062333000316e-95 1.5290551856296748e-61 4.978573573569493e-73 -4.068166210016185e-139 -0.27906461783863534
5 3 4.712925215042105e-97 5.80134617641507e-138 3.049020927013866e-66 -8.684600995246069e-67 -5.177433981906536e-138 1.8759889737599116e-132 9.555727598613025e-137 3.243776293196691e-120 8.633609901572814e-141 -1.2649765213387904e-104 7.158691247683024e-70 5.611550690639203e-86 -1.1312416961668358e-87 1.9277420915765235e-113 7.290964069236758e-76 -6.904622096829316e-98 -3.568947133981035e-122 1.3723683109640274e-110 6.808019139773762e-101 -4.5467257009499577e-129 -0.3612593908082878
5 3 -0.31306431037453525 4.631783067772701e-114 -0.32124603173403743 -0.025701083600412365 0.03062598662094736 -0.0035286859350150517 0.04244846616786846 -0.3149950374122587 0.11965246828245657 0.16967474347078257 0.13005776431693264 7.229274063671702e-08 0.24583968615688384 -0.1967392786526978 -1.1893702650223079e-77 0.08273741212253118 0.3404825406535939 0.2161035447624312 -0.06776402525519999 0.15692279000271941 -0.2795096920810734
5 3 0.2904450942700808 -6.134915280359407e-89 0.12540003171098021 -0.37490755358834765 -0.5216226040047771 -0.300433207497563 -0.21827629730596895 -0.08439481636429488 -0.21622783602024892 -0.009196716067036934 0.2205591817259727 8.277340742248858e-06 -0.04545384787173565 -0.19830291074516584 8.770100345256288e-67 0.3287706768904801 0.044788197745949054 0.21466802098524063 0.19024331587119722 -0.7458938870046606 0.12194314085018619
5 3 0.10856945106167762 2.242994443584973e-67 0.2588643884691692 0.05753660587030311 0.8671717751672217 0.3285098983617225 -0.030399900910699388 -0.3582549920845449 0.28914529061190464 -0.24249667365072122 -0.25804607610707725 -2.60561545845126e-06 0.14223956775660457 0.2894513422871386 -2.3997029685904438e-63 0.14391880281854907 -0.04461036515791383 0.12881012347750956 0.06255461429219286 0.5003916650551439 0.3421422078520227
5 3 0.2607931058047391 8.251381417627027e-84 -0.21674440468259112 0.3324424110233971 -0.38405597164839395 0.18453042206176287 0.18324553757524117 -0.3085668444896215 0.30237688314633576 -0.1481531613099249 -0.15332996239224406 2.3435277005260762e-05 0.24093335369318608 0.3408691853223042 -4.45869014381455e-78 -0.38012566180424545 0.3224114410607511 0.26236329784754536 0.1951360807023875 -0.05659326734744375 -0.08065808882492467
5 3 -0.2533072469788761 -4.417504265622603e-77 0.3791183758537019 0.22258028328812277 -0.594694430367419 0.35407728394917354 0.08650786088731764 0.11028209802499735 0.2631985013527819 0.12076215668358427 -0.20324806092528303 -3.2533141444743916e-10 -0.15217957265603507 -0.07519803364298946 -3.95543921868123e-135 -0.24145035074070956 0.2347408792204786 0.08512410021039196 0.001228111762045996 -0.6337064625315947 0.21284929226229277
5 3 0.25607554377090574 4.816772964414645e-77 0.3268098496345641 0.26452036033213133 -0.28378853777688795 0.28408428688404913 -0.011192157348149073 -0.13345073844108699 -0.07159600212786106 -0.2705794401552222 -0.13971556811501396 1.9428633124686805e-07 0.20479291445113557 0.3309164789068637 4.43136692947323e-123 0.2256134335642846 -0.014410025658585077 -0.29663195342411625 0.047994371623735405 -0.30100217525126804 0.19753285994716213
5 3 0.23042151837193536 6.022477122936445e-139 -0.05463930832946038 -0.05246264959636532 -0.3346957951782169 0.0680069547526965 0.026090098107388774 -5.5749470144316965e-62 -0.3709865846528558 0.261443008866986 -0.15589563254053898 2.5641018920761877e-94 0.10905700105042951 -0.2582128638879144 -4.4290155394245907e-110 -0.055422503503239816 -0.16056472220420848 0.0833526607389442 0.10283413809726984 -0.006023539119420131 0.06978037165240096
5 3 0.2791461953593703 3.7330177972451583e-137 -0.03193606305874406 0.28401284513354763 -0.2930188831995372 -0.09952300175355067 -0.10680160590984146 -0.1339373118849462 -0.20370002877959795 -0.290413904300583 0.18719115002074968 -5.550920955192049e-07 0.16288917706903894 0.19603563168882393 -1.7938073306820648e-104 -0.06787578617847025 -0.29901445252981385 -0.35916296902530176 0.3064654964409368 -0.6590462869466067 0.17020115804337357
5 3 -0.0002342091528282254 9.487734342001076e-127 0.010571332196130389 0.0008765978355835253 6.548945041054252e-07 2.4243870604560962e-05 -0.003632886728184343 1.729411372532852e-122 -1.1028517676236702e-08 0.0028348332380742987 -3.524400965236282e-05 2.7973210686211043e-133 -4.815534934918658e-75 0.0008134124088812216 3.244290822692303e-114 -0.00849342218510968 -0.00026649867938307773 -0.0011622775615371221 6.420154999794639e-07 6.593506426320204e-47 -0.04035115382506906
5 3 0.27206082007997634 -4.372794400354992e-97 0.033639405708788185 -0.40530589814797263 -0.5819761081835954 -0.1375649958047651 -0.2998641255269882 0.33907619081982054 0.33420059343650443 0.17346246969497858 -0.03676034291484735 -6.184418110220341e-15 0.2887570044283551 -0.3626327331495641 -2.6114708079884756e-68 0.2002195741575402 0.02086660897133697 -0.0974384367873542 -0.11165470396405046 -0.029773618788153898 0.32738865059844274
5 3 -2.186150945493637e-121 3.4370351074251834e-136 -2.2802253245909194e-74 2.6156479865912514e-88 -1.4952809139935715e-68 4.2926399274425976e-123 -1.7362480263876013e-114 1.499195186946649e-90 9.403188419265047e-93 -2.3100799047919182e-118 5.56838257146728e-94 2.8118773067851944e-116 1.1881873407172295e-91 -2.6417669679365923e-88 8.802445212595788e-140 3.9324552035673243e-106 -1.3492790332722282e-64 4.1522302989140166e-138 -1.867576817447756e-115 3.2813886559460495e-109 -0.3264008319064388
5 3 0.21498212706034905 9.288568456949258e-128 -0.011841168681155808 0.2666471253142893 0.5235511888269803 0.16333726195060624 0.06004541190194981 0.06713969542937379 0.22136444483427983 0.009547254397408696 -0.01694367121814115 6.905614879519814e-57 -0.13978280795694778 0.24853800780248644 3.126081594557971e-114 -0.096346709904904 -0.27948257931736925 0.22628200799743464 -0.08422932763267528 0.07367454561023991 0.2912774857189707
5 3 -1.1832919847288486 -7.971436064873085e-111 -0.8139306529114825 -0.1732759031248999 0.2713162081073796 1.2021504535031609 -0.11974362957184624 0.9784962623675312 -0.2674919586251604 -0.36307390061218864 -0.3271796759847875 4.238852434615067e-14 0.0642185997429055 0.09766559654987951 -3.285800140320174e-87 0.2375696306187029 0.06103093324119845 -0.23076166077143886 0.18688929706178717 0.3213807152026247 -0.26004489135127
5 3 4.747787142483547e-112 -1.515838500078951e-63 4.0169276953725275e-135 -3.170812748396643e-127 1.2492476834530829e-90 -1.827368655614989e-61 6.4020650707036e-67 1.101169744909307e-89 -1.4912356581991598e-120 -1.206780805635196e-91 4.8588115640008057e-76 -9.254318875647801e-67 -1.754522635866231e-75 -2.3775896658509642e-88 1.856904126914937e-128 -4.200463879677954e-96 -5.593835640127773e-100 -3.19777164125862e-93 -1.950050818444777e-89 -1.4986861444988695e-85 -0.3464283845193955
5 3 -0.1715313771334099 2.05730796837858e-71 0.09389574868856612 0.19469426597397152 0.6963613588933789 -0.21413919052944125 0.28774821420648933 0.17106414549710902 0.3841215530419091 0.41058756916675615 -0.2710239361772208 3.025876457969493e-41 0.2236703127769686 0.26654990250349725 -1.350040119853551e-77 -0.2676399165932629 0.2807570199865013 0.11540934253482371 -0.02487228023492131 0.7563066062200046 0.2798387682004544
5 3 0.26056880516466857 -2.8247733731091518e-73 0.2855298801026475 -0.08453997158236838 -0.16642570370458215 -0.13977526879189084 0.31333183544541293 -0.1754260720721837 0.19335443388392798 0.06772316538237583 0.007277016242861333 9.23528798051847e-28 0.25337714734670236 0.14715445226139284 1.5807162895658308e-81 0.19135584940340883 0.05203333860564829 -0.22090718323106434 -0.373399417171412 -0.06637637114221258 -0.006743659101740092
5 4 -0.4459154030418504 1.69595576102518 -7.142584063288409e-70 -4.609542493884813e-43 -0.30496044981226145 -0.518178613124829 0.45317252989897805 -0.46158633159896784 -0.27105440185145574 -0.29596552304042156 -0.1275545156617431 -0.43821621455255744 -1.2755799824387268e-25 -0.13289880343930918 -9.941791552497385e-73 0.03544535985470441 1.4697351789836455 6.435815779468283e-103 0.10277999389961119 -0.03259961053606933 0.24280483973171738
