Number of NNs: 5
NN configuration 1: 2 20 20 1
NN configuration 2: 2 20 20 1
NN configuration 3: 2 20 20 1
NN configuration 4: 2 20 20 1
NN configuration 5: 2 20 20 1
NN Layer Weights Bias
1 2 4.144144859548579e-182 2.7969994780131223e-143 -0.22817755919187954
1 2 0.009873282677382252 0.6848696447063535 -0.5525176129685531
1 2 -6.462979862352063e-179 1.1776317994808238e-174 -0.42965359698611494
1 2 -0.4173138142135135 0.30293910219327863 0.11206240545522701
1 2 -0.37339651778362926 0.051746444105296066 0.1674186501677974
1 2 -0.41151314158104624 0.4293060039538301 0.2731142055106186
1 2 -4.012524163039553e-142 9.025637379479653e-119 -0.3285867030502981
1 2 -0.16868141970463726 0.12065323055702357 0.20386795097640234
1 2 8.593674051650555e-178 -1.8250006004643866e-138 -0.4935795834636882
1 2 0.3466136000241158 -1.0822158156263604 -0.16033293003123897
1 2 0.5235604293805742 -0.35823863622209695 0.2064087853511682
1 2 0.4541948772000211 0.5210400312693251 0.14412147907209388
1 2 -0.7948581505400399 0.49390375518491614 -0.1251856796176004
1 2 5.0352484614650776e-107 3.9301600964973326e-106 -0.11449156258649751
1 2 0.25186779686568983 0.28421784003538514 0.03478982432161245
1 2 -0.6334417410059461 -1.4100911726405148 0.13589808483357754
1 2 -1.997580877165547e-102 1.7447944928213642e-171 -0.19918857894502162
1 2 -1.6946203509749796e-91 -2.078121654253811e-148 -0.5208592499294554
1 2 -0.6467020750798504 -1.0705013809012667 0.2676375230946869
1 2 -0.4093836379169698 0.3230195864011793 0.05216919550441003
1 3 -5.287525557171139e-154 0.06458751240165313 5.6209825973515874e-139 0.16195906110667635 0.1279681034109459 0.3604720947861816 7.1046462461425105e-115 -0.08095664936415124 -3.206954295697917e-125 0.6452753689682661 -0.24040321709098567 0.0765829577203322 0.24169450929048655 -2.146443088314912e-143 0.309720701112401 0.44548187855650223 -8.372896987815693e-131 2.907411369131894e-149 0.34466183481986196 -0.007069913266414251 -0.04241950465097124
1 3 3.9302195888835176e-120 -0.5462966757087521 3.60974756904825e-106 0.17362794705765014 -0.1464832518658674 -0.08872492280963999 -2.2654391641910523e-151 -0.005431804686205471 -4.0241822552211295e-181 -0.5650721352291758 -0.03679875472606588 0.2794903248588871 -0.03849711568386722 -5.549962436377411e-128 -0.1739922467712056 -0.14479997881712733 5.664372409322019e-130 1.922315627304166e-170 0.0875073669183042 -0.6169832163318623 -0.0799393098267353
1 3 1.3643901766564996e-177 1.7757386715237433e-173 -7.807874915765899e-163 1.2424903209353013e-108 5.559065000337847e-106 -7.825358453286247e-162 -9.147685243258755e-155 3.040894353256709e-167 -6.431056181370533e-160 5.090785255439827e-117 1.5124703100184674e-109 -1.7144250382207852e-171 -6.05279355832617e-182 -6.254596619642344e-104 -6.60227728160767e-113 -1.8500067412359786e-163 -2.1313479812183168e-122 7.792937094162954e-105 1.5941552387227616e-148 1.3165566187438412e-147 -0.21778019087726586
1 3 1.2852415693864082e-111 1.9372467300406806 4.8416319950220955e-105 -0.18522518099569327 0.3939738643200303 -0.2197276880533354 1.8501107711687858e-168 -0.4703995142138691 1.9163220144258657e-153 1.7020783071197443 0.18300263412157797 0.3216935696772723 1.2276220490493435 8.103491712175846e-105 0.32099317547026535 2.9788889448766096e-17 -1.2667483643689297e-170 -3.994500824193933e-168 -3.5219116404814555e-05 0.16272048263904587 -0.569984463247826
1 3 -3.602508403748526e-156 0.5874191848254346 -8.365836351791318e-175 0.017101831010437277 0.2950636569435044 -0.0009682833091701769 1.2179880795064572e-132 -0.07097611007047396 2.0075023057682345e-172 0.4441741723416992 0.3670230391882771 0.30842563386497596 0.24698941312325462 2.3458805511026346e-154 0.2238192656096741 0.8462633328213924 7.396732543404594e-143 -3.410018093204848e-182 0.8340313540083054 0.4417628137180977 -0.2896349055443781
1 3 -7.985154961106056e-109 -6.791590425756151e-129 9.916443386095071e-104 -1.6376278274678453e-178 5.69383167742213e-106 2.002042890469236e-169 -3.499297728004635e-136 -3.995930160351002e-173 -1.89673873183266e-111 -2.637488205318707e-106 -5.810824409458767e-147 -2.282108580858843e-146 1.7887097796919097e-126 1.3372427154014e-141 1.1644981360227735e-110 -8.96177381408728e-139 -1.696275054271845e-174 2.299254433101387e-136 1.0498161860631658e-144 -9.480730230972994e-140 -0.034178092702240814
1 3 -9.999894016934585e-132 1.8935948020856677e-25 -4.5584136793723194e-128 -5.694630323605675e-21 -7.157709722494158e-34 -1.135811736432142e-12 3.7030485114431126e-107 -2.2990497387604675e-24 1.0586274177180322e-129 3.0853147989562057e-138 -9.582061667259495e-122 -7.664230181208185e-12 -4.801980371061911e-30 7.560822504637575e-104 -4.637041971501163e-15 -2.053070971411451e-116 -1.1883514704107397e-158 -1.6910889513665924e-168 -1.782855641754345e-173 -3.073235477373731e-20 -0.019160075683633163
1 3 -7.517757798246285e-159 0.1844270541650377 1.0936036046599184e-131 0.08242609388200219 0.27096772374188277 0.3838946460519395 1.6668830141135961e-158 -0.18103723439439287 -1.4490681225470797e-177 0.6493991871866327 0.051927925276017806 -0.18514698722364203 0.17818769511954935 -4.20037207504618e-148 0.1265467828700857 0.5822067690892602 -6.857176076642632e-130 3.9095692803037493e-107 0.5563557554408508 0.11060328247089338 0.08885489701234793
1 3 1.8779902751073578e-177 5.12320508932674e-172 8.675836190396359e-179 -1.1372884803754136e-171 1.2344942308906495e-133 -9.762819377003016e-134 3.9916055543729445e-166 0.0019335151390833059 1.8600519034498805e-134 0.014419147629461738 0.22922909891165158 -0.026880838184390212 -1.0389295350934733e-143 5.253502778709988e-115 0.08066270625825894 1.0340996815389943e-131 2.0569686586521736e-116 -1.2146227282362374e-179 9.497203358727653e-129 6.632425957183301e-178 -0.24145572098615542
1 3 1.8279134323747038e-159 0.43738241187438304 -4.9837474877678564e-114 -0.36473896938313444 0.018527615556897636 0.02888041925390469 -1.871932903385348e-130 -0.22685654792731477 9.034705267323624e-157 0.5245510497453972 -0.24755969263820293 -0.17302760153502922 -0.15089000546760986 -2.0305566241690205e-116 0.31407040526966307 0.45094309076218775 4.292521680164134e-123 3.2523356467522582e-136 0.12391216432277613 -0.15361276951536576 0.34009431108616356
1 3 -2.751869443535096e-159 -0.22545146281922288 -4.965481886027311e-127 -0.21806204813256172 -0.43293025372581334 -0.2822954661896214 -6.364365326466527e-174 0.35233732336896273 -3.3552774992298786e-156 -0.47415370848609995 -0.09747861842403348 0.33319997070282176 -0.2553303321553607 -1.5696988105327348e-165 -0.16999766711525416 -0.4300939913712531 -1.797848281424679e-137 -1.034621637861089e-182 -0.211727456776666 0.31316574950070725 0.39358195814506336
1 3 -6.628645427752798e-120 0.05344013145356285 -6.6748759110494806e-164 -0.06100603467841839 -0.14886528914110012 -0.10307532462217911 2.8230811137249353e-170 -0.24578172380277946 2.5643343269966345e-170 -0.28482655520817346 -0.08700836538374905 0.2965850348911791 -0.04466191087363559 -1.252978034069897e-178 -0.14881329344097746 -0.14543134453066361 -5.466272452035217e-180 1.3410937422734274e-119 -0.05666825187697163 -0.003495367259985902 0.3921294905670519
1 3 -4.2117075194392185e-120 2.1643296915166315 4.777364919347217e-118 -0.7476058581008316 0.6953202113445522 0.12771990933621663 1.6604163219921154e-121 -0.4193790495356913 -3.955255164376232e-107 0.7751856211831375 0.4357671885611963 -0.2045054309678722 -0.021336109519871544 -5.886459244475154e-181 0.17923857998957918 1.0365594607473136 -5.342516464096497e-128 8.757481838436187e-113 0.6206771734106229 -0.2620737161071727 -0.03430587674632454
1 3 -5.664617707456961e-113 5.828434030508683e-146 6.331427860927265e-177 -6.241610525123901e-163 -8.646512497403053e-139 4.451940887576726e-109 1.412551417591814e-116 8.181653692960608e-114 -1.1739382728173656e-179 2.9531382800289967e-176 -1.109909051033559e-172 -3.24110031635069e-178 3.602518262711246e-149 -5.5030365557160615e-146 1.1449021736997321e-103 1.985901677064261e-161 -4.360326757727e-119 -5.235099782793525e-171 -5.920841696915284e-143 -3.25793626866675e-120 -0.15464209341767024
1 3 4.0749650029558603e-165 5.289900742222897e-181 -4.184119359564184e-167 -4.0086241426031406e-179 -1.5252227380869527e-145 -7.635255112834617e-139 -6.200424876129492e-115 1.3415812099031179e-183 -3.960319077276823e-107 -3.2761298286654356e-119 6.35678606649282e-138 -1.290363671717534e-140 -3.446200808222971e-171 3.8460219779123845e-122 -2.680969257295449e-116 -1.965310116290153e-108 1.3765560292686254e-125 -2.424012227252585e-136 -2.8241378607031914e-118 7.063308154025003e-135 -0.11876983852183676
1 3 -3.3572083851694914e-161 8.458799084873341e-137 -1.4914459754569034e-142 2.206124323486227e-106 2.3192423254197347e-143 -4.516194574423486e-146 1.4431478161060748e-129 7.286351139419251e-130 3.040417739184641e-136 -1.1566196750430375e-155 -7.907706790506528e-131 -5.7551632561379305e-182 3.600950277681962e-151 6.655405378604085e-110 -1.119944520306336e-179 8.669926059155676e-142 -4.8719745082152764e-111 3.5157263124474556e-139 7.740300584614715e-110 3.6803055164086893e-131 -0.3518113812711726
1 3 4.2278619714760694e-109 -0.15787167060596263 -1.9541682176082994e-106 -0.29048255582662313 -0.10969753220617214 0.3915468720494433 -2.056033890109554e-166 -0.43534933926571523 -1.3861809835787988e-167 0.3904055491429919 0.13866423044688447 0.3426817513948455 0.2219121339774769 2.4898413727318434e-115 -0.09790476686829251 0.441803169917257 -5.997324864634782e-173 -3.2869778407820677e-152 0.38049322725579854 -0.18520559785842847 0.1649188892088519
1 3 4.2545703061513118e-134 -0.5935726622277152 5.830340215904571e-177 -0.5891315314774503 0.3725158045193476 0.3528707111669896 1.6652579476106384e-155 -0.09587854217474587 1.237476058965473e-103 0.38202076851246747 0.28064010512029686 -0.04061026715609358 -0.5102718784320188 -1.2452749844837627e-125 -0.38356869442619745 0.8780085585400863 4.148727023761282e-146 3.765191972706721e-149 0.5479599412752967 -0.6621693475593174 0.36844877191348424
1 3 -2.27968910469492e-177 0.5978323834704656 1.306992386060917e-111 0.05425853952943727 -0.2142122430551669 0.1617782120132571 4.853604536369548e-115 -0.3586215961078032 -1.071838288021635e-181 -1.9036954630930345e-05 -1.0981953385670673 0.05611355898405473 0.3167162959484382 1.610522849267542e-116 0.2460049907590223 -0.07594721886897098 1.9621273362944435e-181 2.5383556441573105e-163 0.05500310491094771 -0.0336139231990779 -0.1000455954130427
1 3 -3.9499132294497327e-123 6.627460312436302e-181 -7.662388972814422e-182 4.989480854736644e-117 -1.7272647206377003e-130 2.108348417090471e-124 1.664262879913414e-182 1.5662401544846404e-116 2.864792021008382e-154 2.464472387117867e-121 1.3733758436205842e-128 -7.2068788341542e-105 -1.300370264252779e-139 -3.873168659608894e-151 1.0461735690708604e-143 4.424213188450749e-174 -6.158847915192224e-112 -8.473735384679037e-113 -5.122527508247525e-118 -3.303994147683221e-118 -0.3759281992486638
1 4 0.52604186630297 -0.7474631730281577 -8.489547823208205e-170 2.45005656687009 0.40723673463543947 -1.3003862371340133e-92 1.5344658410983842e-99 0.5363619446361461 -0.005511629508009884 0.42869044100609044 -0.3658027115095547 -0.0591339807741201 0.9982456626385483 7.385623883251175e-170 -3.1105967804336615e-162 -6.960607370819213e-139 0.3569413044150888 0.7644837160126207 0.6570078536395723 3.3608507189271873e-159 -0.44705287581884445
2 2 -3.763665579415741e-54 4.5868737608520095e-112 -0.4432584427740872
2 2 0.6139381385207753 0.5046419462949489 0.05171522489958946
2 2 0.019238121684044738 -1.3514180593607426 0.2361761949196093
2 2 0.5154710174994344 0.3334165055132019 0.4320553279765444
2 2 1.4380459540609357e-64 -3.57634454204486e-103 -0.4958681939418115
2 2 0.30319509501329733 0.169501879706549 0.05982643367584378
2 2 -5.487270887420917e-63 1.9330860404983046e-122 -0.5106730477229293
2 2 4.4525891553943476e-128 1.4494775123306252e-79 -0.22157659011766406
2 2 0.2557310062112215 0.4272655527097908 -0.574925584487156
2 2 0.42258772028956965 0.5502275836636046 0.028408895013079635
2 2 0.6544592110542505 -1.4935018860816094 -0.3040607008534018
2 2 0.11489047014001531 -0.040303793246228015 0.08513094345830209
2 2 -0.44654250593599654 -0.2999451891898195 0.44875892925612937
2 2 -0.10245441258628751 0.8297470269925482 -0.6127619108430004
2 2 -1.591741445476129e-78 -1.8489369248598312e-141 -0.33607631115572495
2 2 0.6947319047764361 0.07411968349850638 -0.4898746997528595
2 2 6.091326399842901e-68 -1.7538151036456114e-83 -0.29548020233218053
2 2 -1.2590394611075836e-101 -2.5043463459510295e-135 -0.35130419689325054
2 2 -0.24188437716846398 -0.1234491812121585 0.343599362222306
2 2 -0.03075325873138616 0.9146918039959421 -0.47737776146476496
2 3 1.7557955238523642e-144 0.40918531856495033 -0.2072396769150559 -0.33029208586701225 -1.0485289648736435e-141 -0.25655046383562674 -1.0698125166975037e-142 3.423443390258316e-125 -0.4905759764033287 0.5180630556588914 -0.3959079378222812 0.28503601789189564 -0.3439719905487037 -0.846160487979303 4.587342671318175e-124 -0.043301568765173784 1.1756744593696125e-79 1.7547632403961563e-96 -0.21886984347663085 -0.47354439081512634 0.3670995289799536
2 3 -1.603257128922355e-98 0.13426191700697782 0.8041598597849109 -0.38735186984659936 1.191958281689172e-145 -0.4113366896443301 -1.4102199495936946e-147 -7.855560051024499e-146 1.1464072925995428 -0.5589417353216353 0.4423322296976586 0.22182173533427624 0.4445727174224303 1.4424622910127733 -1.5110481106109499e-137 1.9334812778165642 -6.137921511434142e-111 -6.663124321942532e-141 0.169553152984268 1.242546670808716 0.04040745480567709
2 3 1.490250240560372e-135 -5.0608610077677704e-92 -1.609894591927151e-105 -3.4426770652433716e-120 -1.5506214582373802e-72 -3.5489697439486373e-146 9.270789362922584e-112 9.219420273128352e-85 -5.568134138193316e-116 2.5614756049876276e-112 -8.352851393823304e-142 -1.9522891828891294e-128 1.4175315095871171e-142 5.250031509490187e-91 -2.0619052017409112e-81 -7.545366350174904e-148 -1.797991512677951e-123 3.45943863160327e-92 6.052220679866507e-124 2.425107196993988e-139 -0.378442827416515
2 3 -1.6679184727898216e-69 0.4836947199905336 -1.0346786910967727 0.007485363995818362 -1.6402059494888812e-105 0.18283709388218183 -8.991430432355962e-74 -5.6191767133941974e-124 0.6570413295384953 0.30795689754141986 -1.937493082218444 0.3212121916588707 -0.18598910634123336 -1.4080344393064743 -1.7889957904675626e-100 0.17386188115325996 2.8361579960405165e-114 -6.684999038788632e-111 -0.5528771241487569 -1.1601924721196617 0.2160914874857227
2 3 -1.2705915752159477e-122 0.32041000731965935 -0.5058393685314284 0.2793391550727085 -2.2464771534927583e-141 0.16050944116210875 1.0524605412493588e-109 6.9279807860485935e-81 -0.289973057575876 -0.04032278047956856 -0.7822572739732031 0.3459553951457544 -0.24097796524553808 -0.8155335541668143 1.766670187529131e-113 -0.46797030687128066 2.572828772811544e-82 1.9590404252738096e-96 0.07588123782959962 -0.5805949171767266 0.3388447246154069
2 3 -5.795603387016744e-84 -0.0665101256425764 -0.4861308883769661 0.2906415025612718 -1.907223036624499e-90 -0.1722262220914313 1.8475447441202678e-87 -5.4442713095710786e-73 -0.19807670145864942 0.17122812467069012 -0.3275706665223929 0.07790262416096573 -0.29157606423981497 -0.5175891598510387 9.775346264897445e-90 -0.22709051636257044 -2.0882356631365663e-85 4.3537007212871855e-71 -0.15485505447706618 -0.28350866824664384 0.16448820516707383
2 3 -7.855785034270183e-135 -6.255915354377402e-140 6.6128299640341165e-133 -2.308866154729331e-100 1.6912329563715583e-79 4.7647111526427725e-79 -4.32299021914145e-142 2.2144841280222046e-82 -1.3777171892197697e-76 7.797187671210642e-81 6.50364440397224e-87 2.1803977242981474e-95 -8.525148232586662e-98 -1.9223846208834395e-88 7.50410209100255e-120 -2.8883982461439112e-120 -3.8260066650961815e-74 1.2269165533063464e-95 -9.734529375994293e-85 -1.9283601948865516e-121 -0.20713067325704995
2 3 3.1005597352178695e-145 8.715380001566821e-143 4.2387716371190326e-72 3.8727183975159866e-101 2.0688943265975232e-94 1.5256435312499381e-120 -1.0119660188227783e-140 7.973899676154132e-133 9.643530947637098e-85 -1.364552577318723e-72 2.0556572512490853e-128 -8.469664573162444e-71 -3.2612095810575017e-118 4.975608222297176e-92 -9.98870872107396e-139 -1.2597145020273685e-122 3.612285190570961e-127 -1.3747062093213653e-142 5.139105471881921e-86 -3.2629334027303485e-82 -0.30830235794063765
2 3 1.4546888383981372e-107 0.33947209999440403 -0.427383831108593 0.2987317018883282 -2.4494893861234556e-87 -0.11468892428761247 -1.7246363134177819e-75 -2.548716918190804e-114 0.315295368306391 0.4688391464457619 0.9533773904089161 -0.3761102889241095 -0.3342413784862136 -0.9885360336901404 -2.5619217145489226e-94 0.0082801745590564 -5.3388775381369155e-77 4.092432519599341e-136 -0.8267270462664768 -0.9256545220856399 0.036798473218139026
2 3 1.1995029777163046e-101 0.006020828854373753 0.23008841543241676 0.23071850765010987 -6.8241636631383555e-106 -0.16993442552819207 -2.729277031080676e-75 1.328418865958897e-124 -0.008666423978996215 -0.2161386134709553 0.742971279824486 0.2545636114243412 0.1964951620435052 0.4523130952689843 -4.228888187596594e-130 0.509278611048386 1.2445907573006856e-141 4.5277172311655515e-86 0.34637206164847945 0.29925510456264764 0.22619700189456396
2 3 -4.659984538806339e-113 0.06176859033768438 -0.08275627287022665 -0.10525347838437933 7.136049906909461e-124 0.14875184528854574 4.8291304105415035e-85 -3.3464308391130675e-90 -0.5224970836438095 0.44890524734083526 -0.37901799555758525 0.04331568563919426 0.3937667103178399 -0.2206072312714254 -3.0675607999114265e-138 -0.05148262663808219 4.0416397692289577e-106 4.998994300302784e-90 -0.4094933004565181 -0.17673276887492242 0.31472934396044056
2 3 1.6408466679818835e-131 -0.003333009428067157 0.031044327617072674 -0.06256966704355361 -5.242497041172011e-105 0.09893756085456208 5.057833893316051e-92 -2.0237178874634785e-148 0.006734971686948581 -0.17988762779151157 0.8635593472609843 -0.14203950536494755 0.07235051131808662 0.48335088519340363 -7.235012672054359e-95 0.20615767219477038 8.161140315527354e-91 1.936182989977846e-134 0.435887126302385 0.46260467173751174 0.2500298701296369
2 3 -5.6952369444835714e-129 0.3272560755591538 0.3393730510048527 -0.3058823213253622 1.2961388948067699e-103 0.10401080543138806 -1.3965803005674426e-126 2.942974926912973e-83 -0.1652957159712874 -0.36702683460402313 0.985376761291273 -0.1953223434765757 -0.260165433915149 -0.2168502719472136 -6.006810030784962e-116 0.06621708341331199 2.0520607741085625e-125 -2.031508415943774e-133 -0.5202522605796317 -0.19909050526003372 0.15216645456869662
2 3 -3.7483713718103594e-121 -0.3174839537167713 0.5554605063278037 0.13595102461833292 -1.9888530541192e-146 -0.25457381195736645 -1.3451052232303385e-125 1.2185974334649626e-96 0.622262581998396 -0.3525200589444892 0.4662990732413922 -0.2886690686279943 -0.2405872960138437 0.6442461875214041 -1.5061339222029511e-105 0.5479108751805583 -4.062696496221767e-92 -1.2591205402241707e-101 0.02082956018799414 0.5269686442486008 0.36335362055335013
2 3 -8.64272429148013e-141 -0.3052702562522246 0.20055758144523025 -0.33141237549888164 -1.0282913817708222e-116 0.08335017890334939 2.2191568542436612e-103 -3.721075821768007e-102 -8.825033326595443e-145 -0.15165986061925837 1.6534060252907606e-68 -0.04701443377131952 -0.24030035877134023 -0.040962190664677725 -3.4047805445026693e-115 -7.220000732970702e-74 -6.204339757151249e-74 1.2079575890230762e-99 -0.013234591268332306 0.1528307936749574 0.2102853034009048
2 3 4.357194151961022e-115 0.033812729200590114 -0.4844339615977816 0.23772011914605173 3.4271893692779266e-105 0.03280851800310384 -7.897312999140964e-143 -5.8190409299042e-139 -0.7153868212344296 0.18061908870991664 -0.5777531939174534 0.35445058372764077 -0.19256945224113495 -0.3008172942445706 -8.93833894887121e-90 0.01426458813245918 -1.1218170224964576e-105 5.63158415980374e-77 -0.05399277968192599 -0.4699364845551667 0.05823319284790304
2 3 3.87564317765441e-93 0.24142271678613303 -0.45605058341608884 0.1582100002557053 -2.506754343916454e-114 0.5282718717723814 7.746517802254265e-85 -1.4021849211142575e-100 -0.5533181547560176 0.0017465833688600618 -0.6543994409496638 -0.3549988905386282 0.07869351593123514 -0.7138404303083506 -6.650635524968919e-90 -0.0663215982695468 -4.172593797436384e-70 -8.269577332256102e-146 0.09441779306682624 -0.6175929295489808 0.010819913601099965
2 3 2.353849901896624e-142 6.876753173527054e-97 1.388854539399516e-74 -1.1582817678636772e-143 1.5292180629259273e-83 2.5170200418195075e-72 -1.328831267627321e-124 -7.923161263360876e-98 1.4191137053450107e-100 2.3396015128058204e-78 -3.6699156236638036e-79 -6.376689520250102e-141 4.129241048267624e-116 3.0208516920491986e-85 -9.049425124321647e-76 1.8382979991000461e-97 -9.507736369678574e-144 2.1784757360261855e-87 7.875173685339989e-97 -2.3015398578885074e-76 -0.11430805493344931
2 3 1.5041741599024501e-105 -2.05169805632357e-142 4.007436209795928e-80 9.069164261253655e-145 2.7278668957866758e-114 5.775336656841068e-144 6.911593124380722e-143 -3.832693915280485e-74 -3.899012886374373e-141 2.0914285639783642e-106 -2.9125872344229592e-80 1.5076826742250224e-93 -1.0614708758377751e-144 -1.0707385582579508e-79 -5.13429072375935e-115 -8.994013614897544e-87 -2.931257443844733e-138 2.9150393042389994e-146 8.485752594985823e-128 -1.501401381090828e-141 -0.33592854982757236
2 3 8.668659713275204e-103 0.1608146618490127 0.1370401315272821 0.06950194918765291 -3.589847909688166e-69 -0.14811692782175243 -2.970176365837497e-80 5.678633085390486e-81 -0.5434348405136465 -0.12932358146346504 -0.31401626326370613 0.07718726017708757 -0.06901779123307653 -0.7281640056218192 -3.839477082481747e-74 0.31595728604415957 1.2685390512777497e-130 5.118011740282921e-113 -1.0054040402588786 -0.2346357318008486 0.0766483961173053
2 4 -0.542739839608547 1.23204286390615 -4.251163929723694e-93 0.9808851690505213 -0.602209169601187 -0.08157043990934902 -3.3845018186513046e-138 6.829039473197267e-116 0.5572470080152492 0.20882367704982704 -0.22745083167895064 0.2700014351432268 0.7868304894290847 0.3737062623241724 0.17289542752377762 -0.5776889680119667 -0.6545226071701601 -6.485032170260396e-49 2.1822271383350872e-95 -1.1031879800095874 0.3712167058800476
3 2 -6.892217975339664e-80 -1.5404954694549852e-10 -0.1420556528976633
3 2 -0.3104362695473983 0.33260000882971374 0.4093045556605546
3 2 -0.0313237494433678 0.5116262590309253 0.4773140552330316
3 2 -0.3749187619550068 -0.04899531920139562 0.45376217259078816
3 2 2.077838369973933e-73 -4.388459970450442e-24 -0.46499191545556184
3 2 -1.1421992341965578e-42 -2.6971034740047347e-13 -0.12275215218325436
3 2 0.49560129385564433 -0.23778613825215708 0.5159270617633189
3 2 -2.842873268664993e-62 1.7671678235156306e-55 -0.4264397835990711
3 2 -0.40233202722728506 -0.2723224172309475 0.6718330956003649
3 2 -0.20552185046621266 0.4496658698351257 0.3185055104765651
3 2 0.5103829425203006 0.8995277223493964 -0.2509066647279743
3 2 0.09249267276503158 1.0647909866002898 -0.007427065659784779
3 2 -4.757107439611449e-22 -2.2441268365322066e-41 -0.29844466522544166
3 2 0.5957639459474643 -1.2967943312115797 -0.09749281815333835
3 2 -0.3704537268646016 -0.8068207700872378 0.15904452023787533
3 2 2.29196946028121e-40 -5.624841779252762e-20 -0.008229554021393248
3 2 4.8372430949180296e-83 3.7493739638329914e-63 -0.39051516157578203
3 2 -0.28323026865123574 0.4392547995501634 0.41820460303227586
3 2 -0.23935521921358988 0.5186420684870683 0.31248047725832445
3 2 2.261417482705068e-81 -1.2633543898115929e-38 -0.12399446715743728
3 3 -6.617399674673649e-25 0.011030624079603852 -0.1147036397203181 0.4301873453270572 -2.0513355461951564e-66 6.45546031329873e-63 -0.1090991272378696 5.172114160470337e-61 0.3936706076431363 -0.0012616670637582794 0.8038897051760622 -0.17674734565284927 -5.173081920375278e-71 -1.3628977816206422 0.6946479519097915 4.778342952693033e-23 -2.1061702517076196e-61 0.1564136407890052 0.12358345098060737 -8.028654211761899e-56 0.08691134191742289
3 3 5.3523964087603505e-21 -0.14217583854644372 -0.28772116015513916 0.15490356623811788 3.5721787011071747e-50 9.414038846358734e-54 0.34772085227336325 -3.757023238551e-54 -0.28642517887044305 -0.1663903568217772 -0.3306001167177958 -0.12296792173539103 -5.60342790220297e-37 -0.5233363847107366 -0.27858317910615027 -2.383168383518786e-26 -5.679100771798365e-16 0.2834804258083515 0.3155382173349167 3.1269062814506848e-80 0.40964780959480007
3 3 3.854727650799951e-71 -0.17769057989033604 -0.012073610995861137 -0.12118042576183223 2.7942312693578903e-15 -8.309865412889116e-18 0.3745247310352508 -1.3787729783113435e-20 0.20262401881391998 -0.13968710327642217 0.06993797129375066 0.24916005285637202 -2.690537382921857e-69 -0.7117063997848211 -0.5029560176717753 8.166778899494812e-40 2.290925460393941e-16 0.194794116780802 0.2832372417302634 2.6544335221011278e-27 0.266724881042159
3 3 -3.815335465639699e-81 -0.33542402305956986 0.12176064367000153 0.3984608421536932 -6.7103651765132605e-37 2.9669174352966697e-81 -0.0004674098017647639 -3.085211067872855e-84 0.12459890583373474 0.12264414258826926 0.3843099005665098 0.19053557931139609 2.975297705760436e-18 0.2595775111239329 0.4330355231671949 6.005996547417692e-37 -2.394030729943731e-59 -0.014519275399419343 -0.15576690290750453 5.175439037120762e-24 0.34200057672152223
3 3 -1.1860834055241042e-16 0.33774646536135866 -0.026710492816662247 -0.29681423391130024 -2.342681566156848e-77 -9.749655573589839e-34 -0.17388986308766452 3.272695321445527e-20 0.04648005060539433 -0.40224338442186347 -0.26730672396582206 0.20582497135781522 3.276737454083753e-30 -0.21015333409776524 0.04245450385146023 3.5160125407313326e-34 9.226979991216642e-54 -0.35348146070754755 0.23237588576557713 1.9945479156776063e-28 0.232470781084342
3 3 2.2221131427159017e-22 -0.18492303214026756 -0.03446938487806086 -0.05851214638913232 -4.474269215102793e-66 3.825899228579097e-82 0.20211490298440637 1.6533880015668392e-75 -0.44289219053824164 0.18192403940480975 0.11796474708486707 0.4440998657138368 2.361219598638018e-77 -1.057390659858105 -0.7593685755877189 -3.85330438643454e-39 -1.5055597625705575e-72 -0.17476479679939808 0.4404465865423532 7.17795089753839e-59 0.34361897497033084
3 3 -4.8412134677688105e-60 0.1693077505933021 -0.2789140468023844 0.0535464570839154 1.7112778713272388e-23 -1.4289293303032203e-36 0.0531712747816456 -2.0090785553798929e-25 -0.2536047742146067 0.10452259728383784 0.4029048435061094 0.22025245077875472 2.6939289771458757e-16 -0.800338788944866 -0.27884645072713105 3.322953320806846e-36 -1.8055826284507122e-18 0.25877517198115985 0.00308488412097135 -4.66963012434878e-33 -0.023984165911480955
3 3 1.5863792095212783e-83 -0.2931714790287467 0.20089384519767362 -0.236764614084696 -2.8286129124915015e-15 -4.613314387589914e-30 -0.8193172878940188 -3.115013543160349e-16 -0.3449687730091052 -0.036603915846826256 0.23780281969117648 0.42704395601126666 2.8419941918179395e-27 -0.1456992150268695 0.21109209644807375 2.0114687271432199e-28 5.512815963999392e-34 0.2348762492091541 0.2777028680773654 -1.4638192184221511e-18 -0.3146398187291707
3 3 1.0443477935201773e-16 -3.481613042628517e-44 -5.9499691245343655e-15 -5.0987759181093544e-43 -5.054838400841565e-19 1.0399850702655913e-51 8.033943854878786e-28 5.715067538284323e-38 9.375493182344825e-45 -4.092971305393323e-18 2.5724091572909254e-45 -8.070276392055643e-17 -3.124257004970246e-56 -3.309319672369839e-20 8.803156020294401e-43 2.4044799675970462e-82 4.726032409219974e-61 -2.845351793787328e-13 -1.034097814976967e-30 -2.4361308150279985e-15 -0.021952159364566577
3 3 -2.0539055990345303e-19 -0.36430247852033404 0.1680741195422739 -0.7332241814545595 -1.5272209298278304e-44 3.7265281155374556e-25 0.055816859407186295 -9.654013936796936e-82 -0.4167128302288199 0.22761519551321055 0.30105604762021415 0.3976364160119271 -6.066943336624782e-54 1.3379010933755786 -0.05589091973113446 1.204431280207827e-65 -7.178033578625786e-17 -0.24695908591473856 -0.4677111728917544 -2.2610997978647205e-20 -0.2045241569544831
3 3 8.074789958684878e-26 0.0011117063103429727 -0.334019678056886 0.16369775412862636 -1.1228564517387428e-20 -3.1357660842928927e-18 -0.3605548445808013 -1.9408042825859518e-82 0.21655134640350582 0.246015403699184 0.3917206143605026 -0.08389574875618086 9.299658647824139e-32 0.759375671259536 0.2390167488181751 -2.7466510131764717e-16 -7.024998768724124e-23 0.2001982062587802 -0.4448105809985152 -2.450880319050633e-51 0.29588925552267936
3 3 -9.779003991910652e-21 8.070985493839176e-82 -3.541508706258646e-77 -3.293558096142283e-21 -3.0834293524112e-33 -1.7376124913860483e-33 6.163766164156909e-74 2.4760243598566906e-22 -1.4430910363125484e-37 2.6763838064572537e-75 8.415987359952699e-47 1.0374755992311764e-71 -4.2902870998066735e-43 -3.2713368361317524e-48 -2.3630070052318954e-17 2.7026361080106393e-21 4.066049238733689e-37 1.5531368004086563e-80 8.425936413541272e-40 8.39438338283875e-18 -0.2522299697641447
3 3 2.3084088162033095e-17 -0.29261859644173266 0.3423941751486025 -0.18185014055472987 5.734803568300618e-28 -3.596394539005347e-25 -0.024899796679823578 -7.914008300046577e-18 -0.03771315742804141 -0.030032799757689948 -0.005603069385222721 0.4959512421091772 6.395159527688157e-26 -0.4661481364738926 -0.25930946184011955 -6.179002931026989e-65 3.824359656743222e-24 -0.2551922536291034 0.3846899899227945 2.2288950002377643e-59 0.23403596791248754
3 3 8.750545962222083e-30 -0.07058752234275346 -0.1902280916723209 0.011595575570945054 4.41137417453653e-19 -1.2016136969247597e-19 0.36546934387752184 7.169431987844306e-39 -0.2089778453556593 -0.04128368434363748 0.494517817459617 -0.4359375677646202 2.3988619803902048e-42 0.5093212777935622 0.6541196133944303 -2.425340746409508e-22 -7.645077919440453e-65 -0.01819171275921942 -0.29121117590068785 5.636053381116057e-31 0.3774997949305055
3 3 -9.08603578925477e-83 -0.07176012777542325 0.404844188452418 0.30131823996997364 4.604132852052722e-22 -5.874537127242832e-29 0.0693846518698709 1.5523385599653855e-59 0.16885746219510767 0.020042566387864516 0.09956271940250852 0.09103216365722645 -1.536791506326236e-28 -0.6365592588737088 -0.2198654693300741 -3.2488276609601377e-16 -5.0958749499675095e-23 0.39426780635479647 0.30773538468312484 -2.3857907023436554e-58 0.05425956035016013
3 3 -2.244653918570509e-27 -0.052330118484619936 -0.0590753048994302 -0.3990500521530719 -9.848915094058684e-40 8.852784458087165e-44 -0.11529836091746225 2.557905083810647e-18 0.22212766559565184 0.11697837491769167 0.04440801308864707 -0.3052229662908468 -1.2539245463882278e-19 -0.12703470967251257 -0.3422210484887921 -4.4075699183285325e-64 -2.2040185498664428e-82 0.28383564724992616 0.2151556957349474 -5.003288311184822e-41 -0.12356875801666513
3 3 -7.598878566971182e-73 -1.2401754158996455e-79 -5.52643166487311e-66 -8.672388981723815e-26 -9.453732927384342e-82 2.8870440648965608e-28 6.613814312244803e-83 2.3590106148694092e-79 -4.181463122556435e-72 1.7065683202914422e-79 -1.0914652216916438e-69 4.0889653111499015e-81 2.9691750107789076e-77 -1.8828568151546777e-52 9.887632585508422e-26 2.3739708646877796e-74 4.546475704630126e-31 4.0633056873160654e-83 -1.0348330812624573e-66 2.420108405874452e-74 -0.08965135415400727
3 3 -4.2786906536170984e-27 -2.915448928521943e-75 4.741296210246793e-79 -6.468082155738328e-70 -8.049215341165784e-18 -7.103371189915981e-23 2.8297504996912477e-17 3.4740894834429296e-83 3.5222468139260576e-69 -1.9315461752401908e-75 6.921654082566332e-74 2.0511391177190617e-62 -6.331053036892446e-45 -2.8418544326259743e-16 -1.908839265677407e-39 5.468598476375736e-72 -2.030454928891569e-44 -1.914806837662442e-37 2.997318970391234e-81 9.63153644353267e-72 -0.3225345830893184
3 3 1.8572613506779731e-78 -2.182732811568377e-27 8.219176364436538e-70 8.008923392919321e-17 1.0096385437009272e-44 1.5941990283335692e-66 1.9721840055004769e-38 -1.5749543787882577e-76 1.0261223009852793e-49 -1.247643073780944e-45 -2.8151512319434235e-64 -4.129839266514102e-82 2.1687181757800452e-41 -1.8304578552931575e-25 -8.020353800942572e-61 -2.6351589228215748e-83 -5.986510044595535e-57 2.271024851994024e-77 -2.2077093300599052e-60 -4.820776691804334e-43 -0.1498667702265587
3 3 1.267861575681792e-77 -3.1887740738786313e-44 -1.3905064481475028e-16 7.730785750219438e-78 1.3629960353300166e-19 -5.511868382353041e-50 -5.092610941150335e-16 -3.0147221366319954e-21 -4.6051583493911555e-33 -8.324049385352801e-76 -9.316029738303108e-25 2.9204951657333378e-62 -7.02815931563587e-18 5.4872078150831595e-24 -1.3942623751650254e-20 1.4231651445417767e-51 -1.1440183477729487e-17 -1.7573212513236462e-59 -4.1483568087026916e-33 1.8516234268017906e-26 -0.25261793006156114
3 4 0.9057089388768009 -0.24847588653309666 -0.3226011159010029 0.05021979558734392 0.2635473241516037 -0.38809503411927804 0.5741020873688399 1.4015441444812604 -2.7571640605126474e-24 0.7300544159355143 0.11041364981698285 2.2663084319205066e-12 -0.5896779105568316 0.3044889483749967 -0.1934935794094395 0.2181359218352111 5.161073285703559e-64 -5.995858844711335e-15 2.6544320166641944e-11 -1.7862563373191542e-12 0.34830813097671687
4 2 0.34899169601459723 -0.028262684553227727 0.4118956879115432
4 2 -4.0129371169042475e-83 6.439431520659121e-50 -0.49514032227813576
4 2 0.5707003115550298 -1.223765381330622 -0.29227479358188146
4 2 -0.4774929408383852 -0.9282561625022707 0.22746990700106795
4 2 1.2939084761949298e-90 -2.2814706675249083e-30 -0.4248068871578636
4 2 0.08284721022084642 -0.023020961370630543 0.1093701832936101
4 2 1.850442629793662e-66 -6.902092688251878e-92 -0.12634276713069553
4 2 -0.2665657224542199 0.5553912308588222 -0.4316080904605591
4 2 0.05138014129033046 0.5730256871098539 -0.4110986692316907
4 2 1.588087682131326e-95 4.547106563893322e-112 -0.11169872701127331
4 2 0.44031775751052415 -0.33367912778349385 0.3331517878766949
4 2 0.29872845054905767 -0.8767994146962342 -0.2152711199563498
4 2 -0.21162895500892848 -0.8189096429008206 0.08211498201234456
4 2 -0.1559398299920585 0.13691930312012776 0.19062424153700835
4 2 0.3352203511690274 0.5492826571399254 -0.7711004890161245
4 2 0.1012282828748711 0.5602457195549803 -0.612324198278411
4 2 0.42323968313153865 0.4347518343461042 0.1725825332378686
4 2 3.914079933976606e-72 -8.507611556785115e-80 -0.047253368719398725
4 2 0.09293045253442096 0.3875532457000378 0.22470675113885358
4 2 -1.488271755552149e-88 -5.227291623249829e-87 -0.4664415000077673
4 3 -1.181735365509571e-112 1.3547961846585043e-95 -2.998342440569774e-78 2.905715934948634e-76 3.7159594591914725e-42 3.942156771250942e-111 9.020779880209668e-65 6.833107183372607e-116 3.167956729871802e-64 -8.635679015329649e-106 3.894539407353581e-102 -4.25787344834186e-62 5.703799802863771e-110 7.926089440856143e-54 1.793127130006166e-115 -4.233716703382601e-73 -7.745752076240576e-80 2.2680847594453368e-98 -2.212352297983699e-70 -2.0424224885109078e-105 -0.3219356437959643
4 3 -0.26625077951854487 8.17551267900126e-105 -4.7346667649321976e-49 -5.1492186147212016e-17 1.9363903316231365e-89 -0.11092545222973162 2.9269265377712494e-88 1.2698573574629164 0.9542024026559226 1.9307454913168779e-91 -1.2173027585031142 1.3031426921223603e-58 -3.0325549139500065e-79 -0.1347764705701922 -0.00016787687592295197 0.7337058848348268 0.03036055055286954 2.713414769495539e-84 0.010968784658230677 7.743217759537966e-57 0.05180397501559754
4 3 0.27431273014555674 -2.2241416614052862e-57 0.2113961146498765 0.14097123753308258 -5.447028701333441e-51 -0.2499854274284542 -1.4620537920215547e-113 0.4779031012425329 0.05476057302438179 1.1473296659704895e-58 -0.1311632425998588 0.9231704383952213 0.2361434966210368 0.3088828534309699 0.7280233847986496 0.8213099045638076 0.059036252956466584 1.059595567574993e-100 0.21382044351891621 4.4382789343704415e-49 0.33530850653768524
4 3 -0.29748787772684604 -2.9323805376696663e-95 -6.007049976485562e-08 1.1455105114970356 2.5944778367209938e-113 0.2571010269679276 7.530703392380067e-37 0.018389004706555145 -0.005775336728281636 -2.887097821765511e-57 -0.14720847920336433 7.584238326270125e-24 0.9936671304485692 0.13332153663383997 -1.4023558785362203e-101 -6.203571785567223e-06 -0.6971861950841084 1.6227794396205068e-49 -0.5616526203169571 -3.6617438116944006e-51 0.3099192549733403
4 3 0.09542903943241753 3.715322107313083e-63 -1.5253490119509139e-05 0.4971459397972292 6.185993580804705e-44 0.3565549612026482 -3.220906951937171e-76 0.1596451580429715 0.08310372548238705 2.4210851855288877e-41 -0.22604326022421428 -1.2005992841567172e-70 0.5147730259169161 0.21345027755097298 0.00011705535090691934 0.266554470488209 -0.381387928788264 -4.428130833769607e-43 0.10757062017588433 2.513271933371779e-44 0.11130516607709476
4 3 0.07368768723882621 -2.830399998612794e-63 -0.5912061609556731 -0.5639349105798342 5.4591525455104926e-67 0.25005653478977335 2.486175582764543e-49 -0.34127785522540627 0.05292518921488935 3.650578173658161e-77 -0.11094642470874294 -1.2215053867049264 -0.446622031296326 0.20251196902398927 -0.812800642236978 -0.7645147041181118 -0.3106764588452196 2.9326803652415462e-74 0.34369852035092135 3.502493375653255e-92 0.32328399566628935
4 3 -0.01514395780645058 -1.3444704751461516e-49 -0.551309011545329 -0.72345013439643 -6.04932422589756e-54 0.36878378409682117 8.046898174635577e-69 -0.9306337871783534 -0.05537510938919592 -2.001652422643815e-113 0.33649027245167057 -1.2859266706255437 -0.1171726908163521 -0.1237339225623926 -1.5394743531814026 -0.6144173766091003 0.04367084918619509 6.361902519063149e-53 0.07184886536079504 1.34399208206433e-79 0.04465217151514747
4 3 -0.0836490052215666 -5.432652976568725e-90 0.02775666396333387 -0.04618144136187236 -8.225707685065324e-103 0.24117813811223698 -4.287943821747387e-70 -0.8254737324857964 0.09357923008230125 -3.398553416031407e-51 0.3082444789402745 -1.1521766078695732 -0.2719517012484596 0.3432063277117131 -1.4045077141213105 -0.8615788617239337 0.23501085739036195 2.3749194955219143e-71 -0.17912424607120472 2.228419616669801e-80 -0.027190416586886312
4 3 -5.353710620931185e-49 -6.210469325618146e-44 5.181578876476296e-105 3.966472955344196e-114 -5.4021240330301784e-99 -1.1949765654780202e-90 2.76178814473964e-85 2.6699627160733987e-78 3.221780792730454e-51 -6.385363319430533e-65 -1.1063985490636791e-88 -1.2362655006301584e-42 -6.390295074382007e-63 -2.012149824659941e-117 -3.8125232854471693e-84 1.485804000928556e-76 3.4868406592849274e-85 1.1735037703377653e-58 -1.1520317543327979e-42 5.376288328450631e-51 -0.3177141116602814
4 3 -7.464954122319782e-113 -6.172613054627011e-44 -9.026631100816998e-99 2.009059502721595e-51 -1.164270097803921e-62 8.114008984924621e-114 4.529078498224801e-44 -4.870123530118709e-57 2.1042276621524634e-53 2.1737758924026424e-99 3.152270871829651e-44 8.407847182071247e-74 3.492780375491977e-77 -2.92301884514966e-77 -1.683730629666048e-77 1.238818053970674e-64 1.2228779128190326e-115 1.8163855675384048e-52 -5.891144357900548e-69 -1.5341219212532822e-50 -0.34849802436657257
4 3 0.15309307371701386 -2.199613587827752e-71 0.016962657049595924 0.19732698567741744 -1.0798951022769632e-56 0.27327858053991644 2.9641953030134697e-56 0.455419754505862 0.19395654862813913 -4.632311485308431e-67 0.3775155262495724 0.885829625804535 0.583784760681466 -0.26206899205369855 0.7121118411930226 0.5898901502538216 0.012955158693254242 1.2000494183999371e-92 0.3202065545745411 -5.507190635313916e-115 0.38218413244884947
4 3 0.1335506447680425 7.047059694377063e-104 0.42551478850898083 0.6064212673509344 -2.2655687142442846e-80 -0.20056357434977765 -5.347564830878441e-41 0.37001132881728094 0.44594146109308086 2.593280958376265e-45 0.07187379594840906 0.8319789262683904 0.11413258920864633 0.2639435753524601 1.1367648590904005 0.5072465214507976 -0.24605826904846076 3.456047498276277e-60 -0.14932697321880137 2.2845402422722617e-66 0.3870994045656913
4 3 0.23995886431774335 -3.873842595278491e-55 0.3488981872253007 0.5901807666104685 -1.949707981112369e-49 -0.3622489896960357 1.861744467566557e-80 0.4799595141766755 -0.23886845169178228 8.840915130543685e-38 0.271887467444496 1.038864491900551 0.31362888317657656 0.3583863108860986 0.7670173709553384 0.2577563296812428 -0.2573448416986175 -1.0225539644045388e-61 0.11041105670932969 4.883385618535186e-62 0.4050167167099291
4 3 -0.013486461403144148 -6.448931724692299e-75 9.517044707535813e-65 0.07168638309156221 1.6489861154315394e-84 0.03101650589022408 1.7792749586788435e-58 1.4812314412348194e-46 3.2062297899533823e-105 -2.052463525634034e-58 0.003696482538767819 -3.079736488375522e-60 0.017917749084127965 -0.03001100436037879 2.2292414181438334e-91 6.604682170525654e-102 -0.0867472291367861 -3.2892651251622434e-99 -0.06973863756496104 5.171308265606729e-113 0.03646216955596994
4 3 0.20298450866350376 -3.556646893488054e-85 0.2169719905052471 0.47954958666144354 1.5333078456546782e-46 -0.015943087911487595 8.331830549593203e-52 0.8312945247470415 0.4130002521032031 -3.504469198848215e-76 -0.2611333157546393 1.0914936753400015 0.42193432603638154 -0.22549020719765553 1.6220738384621107 0.6272185951537205 -0.035944247963854 1.5411955664203934e-58 -0.16663722110243825 -5.3915634130634746e-93 0.2776669037003015
4 3 1.4098205254900375e-111 8.114947653260768e-84 2.740618580248996e-38 -1.0787001874169423e-46 5.811312023411848e-69 -1.0119357374941334e-114 -7.996428995954227e-95 -3.6560998304305793e-115 9.572428309675046e-42 -4.1378007854783724e-41 -7.354231881432385e-42 2.2766338858674855e-85 6.808141579310639e-71 2.300856917013941e-83 1.8188416762735682e-110 2.1276864724185345e-99 3.1067013199715346e-86 -1.7026269484623145e-114 -1.3861252020965575e-46 4.731153157301031e-67 -0.3368968012015246
4 3 0.328925911939681 6.1011618311657416e-49 0.6979717354101808 0.34690023489856653 3.783413694539598e-114 0.09474736580093059 9.928896157251835e-45 0.3427573762898714 0.04043785681564779 5.990507814438668e-38 -0.011680789880962652 0.8776797636195127 0.35770013886857566 -0.302157628690239 1.0761273304271626 0.7684434815901104 -0.044893137263738024 -3.8953251875835564e-101 0.012951835810603484 -5.341793763092416e-53 0.03610104787550044
4 3 -0.3587829447535744 8.97792565041869e-103 3.471866972407534e-63 -0.021054279468715395 9.048711587137079e-69 -0.34746887858777237 -1.5530867754457606e-116 0.13725352490862122 -0.02589116233589274 -1.1084196239595911e-80 -0.16214184878832885 1.1812722859898857e-38 -0.4299932846481165 0.0655773049616848 -2.0646188280194977e-37 0.0056627400093357694 -0.04432003364013329 -1.5593501491718728e-110 -0.2418908895657675 -1.6359413855995454e-97 0.33968161324924245
4 3 0.10816490857092814 8.773032740118856e-42 -0.48437203283020236 -0.26380397080409307 4.52462148156424e-44 -0.019703493912939286 -3.3800200460411768e-96 -0.6217641829217142 0.130911496812473 -2.785178105132581e-38 0.24185796896772369 -0.5109932131601708 -0.3169330842666773 0.2950524517790179 -1.2783935522935008 -0.3219431333210272 -0.24952653760870958 4.397807679424185e-39 0.055968592404345804 2.096074102471793e-112 0.2952885899907416
4 3 -8.353101017019433e-68 4.495381104340098e-53 -2.9664741398309744e-78 -2.54151152007117e-114 4.660708203803414e-100 -6.08505732910918e-59 -1.1592572473318667e-97 -2.5429504526388113e-39 -1.4709643464585693e-46 -9.88079542654653e-91 -3.821117983084368e-98 8.830933188564326e-116 7.70730765951074e-112 1.2195374685670345e-115 3.420562571001557e-70 -1.6613295162991173e-46 -1.386695586585604e-113 3.515756783143149e-49 3.318851050215018e-89 -2.4810043221355613e-77 -0.23105201174380402
4 4 -3.73601617705428e-28 1.792512103961727 0.2438473136733302 0.9668036315708203 0.301369737956945 -0.5153578843902916 -0.577978507397057 -0.8130087068014795 1.1380120584555655e-23 -3.196794206565235e-103 0.599612274660936 0.47313819497034637 0.44436645923536544 0.10184341866149503 0.4892380269862777 -7.326348759232267e-97 0.43299654738080817 -0.5790400098710554 -0.4913551427002767 -1.9463843847250733e-115 -0.4538635067486063
5 2 -1.0585728225551904e-118 4.3140758106191017e-162 -0.23837126882341392
5 2 -4.517216460036511e-202 7.732974622220985e-140 -0.0738556781497336
5 2 -3.5569568104112076e-192 7.199005709113176e-106 -0.1478966696890614
5 2 -0.18417725273853786 -0.34282729756452673 0.525212869675291
5 2 -1.346986955731542e-118 -1.34019428784688e-113 -0.21219875666117355
5 2 0.1729849932702247 0.04130728800789632 0.5021126967326972
5 2 0.2408875162343016 0.5449863511210422 -0.689036269443218
5 2 -2.8551764578121577e-195 -2.4027636262689677e-199 -0.3581003854459831
5 2 -0.34258936341215634 0.35339679913742256 0.5407453809815749
5 2 -1.2855235387074499e-194 2.5961234889878683e-190 -0.3884597899454789
5 2 0.4012254631743003 -0.6009653700240712 0.443648019844275
5 2 -0.3644541609329861 0.6979015063746132 0.2149578655864332
5 2 -6.131966967569972e-196 -1.9148624249392456e-158 -0.35355547184639124
5 2 -0.12481769699874848 -0.29162848332956975 0.5550872673092319
5 2 0.25161234532221893 0.6409129769613799 0.3067869771813847
5 2 -0.2542931638069251 0.1099038863499566 0.2507398312403141
5 2 0.3185478909142225 0.05944327696584107 0.2761598209961189
5 2 0.7790275456185218 0.6289919642481857 -0.06499824433023597
5 2 -7.510444115854758e-168 -1.5927977351346117e-200 -0.22372596892484603
5 2 0.23953762283774127 0.5254148314260869 0.14140662580644564
5 3 -4.281529525014399e-130 6.166699363932133e-140 4.362123157489081e-133 0.3284403243293657 -3.515926024045697e-148 0.1555031868069598 0.6164042941965926 7.455767107678933e-158 0.054516755720960666 -7.34947670072347e-157 0.7483001263466956 0.7606474380740853 -5.358683266364879e-133 0.19031259424766045 -0.18709438952917293 -0.4045483972157287 -0.22853691227854908 0.06756062040826707 1.57331824602716e-178 0.16136162122186182 0.08081828135015214
5 3 -1.0700691950261814e-145 1.013494010576058e-129 2.806069201250574e-147 0.3237858243607534 1.6237327252937238e-194 0.2941431258852865 -0.5587915099750208 -4.183874465290125e-186 -0.04050774317210008 3.184031646419028e-176 -0.6465558751052626 -0.49204030738624877 -3.125154949493124e-150 -0.069345647236823 -0.11774621278674652 0.08659271524577761 0.13302663541330878 0.2338257829012341 -3.666868216021829e-125 0.3627342646267976 0.20833339417574545
5 3 -8.676138578622664e-141 1.4751269244993345e-153 -7.142990983166509e-141 -1.0743157566604824 -5.71809621349432e-156 -0.05849565145648119 1.2315587712880613 -4.0253353153082427e-129 -0.0091282874005045 5.171656265948944e-195 0.17396856416194123 0.4765429535594924 5.838799155619344e-133 -0.4141088161526724 0.4943119718752807 -0.2550811769158597 0.045226814055163475 0.45003291642564347 -1.0689564438404585e-141 0.26063479472060874 0.11669639370768856
5 3 -3.409616851399423e-186 -3.265003447658185e-197 -5.140182904936288e-152 0.4332606014502766 2.010979852288809e-142 0.07528995008044137 1.179951128488184 3.674975366033139e-141 -0.27529359736202297 -2.6013852729871417e-183 0.7651104186092944 0.15985307042096022 3.681301975418425e-196 0.07529486321735668 -0.1177436423856689 -0.20000972822447094 0.11995354164286476 0.33684281416730666 1.9903715210221578e-148 0.16956112966353656 0.05585759301775942
5 3 6.605539807904819e-180 6.620329270438493e-200 3.040171642170496e-190 -0.02875584345280795 3.3427858511945467e-134 -0.2737520517552881 -0.8444914102134268 2.4693039135068173e-154 -0.16861510811791044 -4.435856603513724e-134 -0.1672215861175662 -0.32472169973235065 -1.2601091995532734e-145 -0.06721291007198124 -0.2368707262678005 0.45924994501903066 0.15018568402419272 0.2704516698786883 1.4262869041836295e-178 0.31819518416214787 0.37233481171723926
5 3 -5.354583896391554e-158 2.3441112787532106e-177 -6.625268411337926e-185 3.545468694005717e-202 2.208090532615256e-136 2.4083159151958423e-203 -1.863193260766681e-197 -7.3816699784746e-161 -8.359298821499126e-143 3.645308013061007e-201 -1.5434987144172353e-199 -8.112675481855095e-147 6.432594532096068e-145 1.3113015604464086e-194 -1.4058921408150335e-184 1.0134779065486556e-181 1.1990494465541185e-145 2.4939080330442943e-195 5.0360446993694274e-124 -3.807711790694187e-178 -0.1474803938432516
5 3 1.599460481015081e-202 6.0816958188724626e-158 1.963596571356145e-176 -0.002645651133611083 -4.7276797380585515e-144 0.16624405957408006 -0.1074215581903945 -6.8500902104755e-171 0.20716013957952742 -3.814193937857583e-139 0.008186798518322458 0.18719539627869777 -3.717840198566212e-182 -0.14600368938219663 -0.30797072134238007 -0.019585981701864322 -0.21339012665498244 0.11334703623261684 7.850523333223655e-165 0.012914902882209645 -0.12212466546723183
5 3 -3.307323786213641e-177 -4.73656984955349e-164 -1.491160492263243e-199 1.896825724976971e-129 -2.855800501606771e-136 -1.5255561106318485e-200 -5.105014685445212e-191 -7.656446316811349e-164 3.578526523586063e-192 -6.615728071854569e-202 5.979414538025739e-132 -7.96569256155033e-190 8.392188307788948e-180 6.549362200587843e-138 -1.3374691168520564e-183 -1.1669244509587796e-134 -1.2545095194798135e-198 -4.855935454859359e-137 -1.70605624050933e-176 8.422305755039206e-201 -0.18560479903857768
5 3 -6.885021378261369e-179 6.4111598455037264e-170 -2.9640455561186426e-155 -0.10877766995757583 2.4865771728555807e-173 -0.0696795667526684 -1.17171040837388 -4.596942529259391e-125 0.36758440820556704 1.2780939464507841e-146 -0.6539939604480045 -0.782746544299657 1.0547015908846918e-142 0.3635425994389109 0.07255390677076845 0.1388678902364365 0.4028315322312602 0.3206048120536784 -6.0561721477720945e-151 0.1675321646889313 -0.04576679763176678
5 3 1.6252423957936997e-122 -1.5429032166097605e-201 -6.34185308726332e-167 -0.3716958859597754 -2.775906546539016e-175 0.058171008259148775 -0.4319841042970448 -5.060909619953413e-138 0.19536198446428396 -9.418010422088634e-143 -0.0616208424095189 -0.6434388033241552 -3.055779998134162e-151 -0.18991761303032462 -0.04222277951761778 0.20322661367705466 0.03798611508764322 0.2222177379721759 3.5862250680228444e-137 0.0673463135679466 0.2581646197208221
5 3 -8.550984097778848e-125 1.3288075636113133e-168 1.0990043874025993e-172 0.31794545648169104 4.071085146984754e-160 0.2747748627578221 -1.0096718842256551 7.162165680741406e-170 0.0469956135489711 2.1508285415626746e-137 -0.6543507427271863 -0.5673579224390671 2.082343473734348e-164 0.23208771420708776 0.4099763025122763 -0.24552904759875463 0.006112645548332436 -0.3299131413030695 -4.540125545526675e-149 0.26684522619251266 0.04491483350771289
5 3 3.137353564261506e-156 7.990815600000986e-142 -1.4981850636941636e-166 0.003613770266725898 2.3997816805713852e-200 0.1454779703938471 -1.2090365989257243 -5.390307804964328e-134 0.38602426011642266 5.1257917234250384e-179 -0.4737956310068889 -0.6200778133895235 9.182844079815746e-193 0.153838219505976 0.3861565999616939 -0.27286033584030994 -0.12186463295361155 -0.3622019579817991 3.9419074243803944e-158 0.20221140793523215 0.18627349978860494
5 3 9.224234270721999e-186 -8.621421246367639e-163 -1.7239533426412754e-198 0.0140619518212779 5.795602209410494e-197 -0.18080613004705762 0.036024403329170666 -4.157355474411331e-186 -0.051813762155152335 3.354101297379765e-161 -0.9638610161200063 0.12214564379907689 1.566083719522174e-122 0.2657919411795032 0.2424048802129838 -0.4376233419337975 0.3566066186489937 0.3087442584054614 3.9819073313586845e-186 -0.24992005059132844 -0.38768155265444604
5 3 -7.209370879809147e-126 9.280255819067407e-154 -7.742472330720624e-125 -5.368385999143135e-174 1.0408818120860175e-193 -1.6338438890024072e-133 7.8798020635081745e-177 -9.133269667145523e-197 -1.145966292325169e-146 -2.3891365627364016e-138 -3.3812712069827994e-192 1.2808631658083882e-152 -1.8348868283350266e-176 9.771524610999224e-125 -2.5686938954199024e-201 -6.6206883009495524e-130 -4.934622755400589e-130 2.047805402791612e-188 -5.27674361743673e-188 -1.3190249340090982e-128 -0.22320009146717326
5 3 -6.057230125695185e-139 1.0447979151825282e-199 1.254583229441012e-157 0.0009369792706959062 7.302673675870067e-149 0.23533615983391568 0.047915405855957285 1.5294311927977405e-195 -0.21275865849092568 3.5167315570000763e-138 -0.13754341996224295 -0.04717769868028473 1.4069438638487147e-152 0.11433481808571476 0.15755048947352304 -0.05848902191720863 0.030482556799459007 -0.14531721841635492 -1.3395725515634353e-197 0.08133375804733828 -0.2713457106813279
5 3 1.1753066981834382e-178 2.725184902316616e-198 3.474385691008535e-148 -0.3961791850588802 -1.3704707493778335e-150 0.2835817063869219 -1.1661012043570569 -1.5494186807535888e-127 -0.0668152754803405 1.4785547077398626e-158 -0.5354983518136924 -0.19916354576215037 -3.4025201829494234e-161 0.1936609985162209 0.3591134531315893 0.43300918571870495 -0.11265608896458193 -0.08968967724354282 4.0792015397837195e-201 0.40773605274048 0.17089129173187567
5 3 -1.7259636227522818e-147 4.836035663127038e-167 -2.8479534022064536e-170 0.11738712766305243 -2.5935388388952458e-173 -0.2033935192888874 -1.2282136556187637 8.887074911127687e-162 0.0035049029822045944 4.843506594770575e-131 -0.32152074408872855 -0.6659894251910431 2.361002587651158e-182 0.25393376217550223 0.33814993117576114 0.17207736395056022 -0.31438843341047423 0.2674212734098321 7.560743269373297e-159 0.21717408712620317 0.22335851315875438
5 3 4.961981803004473e-140 -7.653549855228688e-196 -2.427845888786267e-194 -0.04390445042257811 5.794340274908101e-134 -0.14467883314687635 7.5059160744487756e-124 -2.846624867392965e-129 0.10016520833418936 -4.408802129682421e-135 -0.06064867121905019 -0.0345845182530305 -2.575662549486011e-137 -0.03548368956159576 -0.10397875036471821 -0.03535851370846041 0.027789639803681442 -0.0030116249804916064 -1.4439408709493216e-156 -0.04100618474182968 0.13761150717972334
5 3 6.42926602628146e-151 -5.978406556454201e-161 -5.375527066534089e-144 -2.7544622547299898e-188 1.198900367040069e-161 -5.124992536211804e-139 5.039141308275967e-183 3.797963126336846e-155 2.867071650897731e-169 1.5215069133148244e-200 -4.11331051538e-140 -6.738758324041946e-199 -1.8511914556266734e-153 5.217405115608888e-133 -2.571325210802235e-144 1.3426388552813419e-201 3.0104312532905875e-192 1.8155253474137287e-128 5.662246276625491e-150 1.9725895084913444e-194 -0.23014419456821406
5 3 9.472872139352746e-155 -8.267981112052254e-162 -5.379331050017943e-168 -1.829385778405286e-146 3.036530288330965e-195 9.98012129219428e-197 8.98212147488528e-171 3.190011215208209e-148 1.8604801829247355e-194 -1.2433898599190957e-152 1.2570054674089282e-157 -3.587809710010338e-149 1.6606295745663904e-197 -3.6927951536779776e-131 5.1320238389842046e-145 -2.883377303254712e-181 3.988048315739064e-180 1.96973093961305e-198 1.20257755822126e-135 1.3969259532101445e-137 -0.2754158838872226
5 4 0.6870357245007632 -0.6813450569658718 0.9555076468471493 0.29964328114152633 -0.5883278890352945 -1.0888881321668121e-161 -0.08534511164293511 3.350116704712202e-178 -1.4465406788078048 -0.9241575403953546 -1.2047390178344726 -0.6937099284323871 -0.8585915073514215 1.7401656797457454e-200 -0.34359004021047634 -0.5506685033216016 -1.0664990402402696 -0.006622306639233343 4.625692389874496e-191 3.702252798860064e-169 0.4386091688742319
