Number of NNs: 3
NN configuration 1: 2 20 20 1
NN configuration 2: 2 20 20 1
NN configuration 3: 2 20 20 1
NN Layer Weights Bias
1 2 0.00471491862865963 0.6080750410362036 0.18509117119845406
1 2 0.3539781535950544 -0.13381533049463834 0.4455712627113847
1 2 -6.033708448489642e-105 -8.080840066549014e-69 -0.3021203729611289
1 2 0.0766762154195548 -0.8730336250378405 0.09765219159539341
1 2 0.019007776191116134 0.5178698211084352 -0.47047343126020513
1 2 -1.3801475593998995e-19 -1.3668954937518784e-53 -0.028485054616830707
1 2 -0.28193346530233604 0.669807935215534 0.2606205342174452
1 2 -1.0472350983776124 -0.2877505724245429 0.4708536251625815
1 2 0.775358379120104 -0.1784637146998018 0.3487223914150687
1 2 -0.016689153627006532 0.46579954784621697 0.5322892182118767
1 2 0.4066576616576019 -0.5280801260510841 0.3363927884265721
1 2 0.2038422812977262 0.27135792287695865 -0.3686529410988292
1 2 0.445923644585899 0.48731116288096177 -0.5238522454238627
1 2 -0.57389752072386 0.6152879255616807 0.3590364717972744
1 2 -1.5664615664311006e-105 7.994677432649937e-102 -0.34284713463593663
1 2 0.1978611172431517 0.17957120722090966 0.01925737310266719
1 2 -0.33583023095960024 0.5569728282101167 -0.43037498622095605
1 2 -2.3949161857908035e-22 8.997925638611812e-43 -0.3882959894239335
1 2 -1.8429334264486882e-82 5.3010134180233815e-108 -0.012058657784989602
1 2 -0.41264216225852324 0.6297449453166081 -0.5067947535672208
1 3 1.4036922495683534e-59 1.492328129716378e-43 2.9955164355574686e-64 -3.000215293650975e-35 -3.38123225433951e-60 9.325860463815324e-30 -3.7298622961787214e-96 1.0501353232740348e-62 -1.7302260332063716e-58 1.9605046378705838e-43 -1.7415258156015377e-53 -1.5809621456716516e-28 -3.3851642545373474e-87 -2.767939513623148e-65 3.869101412300535e-59 -3.1397054809998653e-93 -2.872593785075328e-28 -4.792237015230737e-106 -5.53355556154942e-79 1.247354806294884e-74 -0.14053844139225524
1 3 -2.8714996858601834e-45 1.263047119774187e-36 -4.268614297521375e-101 -3.993486161015041e-66 6.666082127524114e-38 -1.9700805841928277e-37 -3.1812709285675546e-40 4.650190305389725e-100 2.6390408182057725e-53 -2.4275795117347172e-83 5.311954292271223e-31 1.9727870781547534e-83 -7.526285956490772e-68 7.06696194118647e-40 5.673439423450112e-62 -2.331338956951516e-41 -1.611172671925956e-105 1.5979573410125503e-106 -1.0429777985549775e-89 4.04026563149896e-73 -0.2234566481142949
1 3 0.2091904151098953 0.12143496764769121 6.686364308549035e-98 0.41626825238598075 -0.11113866844560476 -5.293292013736919e-63 -0.4687354812445309 0.5062047599835972 0.5401440297831811 -0.26226236108798984 0.41398477187939775 0.7405913277740893 0.1529741838472887 0.034976761711457895 1.4081176023064053e-78 -0.29115183566556546 -0.00011850564635355881 -2.1293082016709851e-75 1.3125718744178669e-71 -0.07085161327120588 0.1362603192847548
1 3 0.4319630727585564 -0.027617904397309583 -3.490522483722145e-93 2.5934568638158506e-65 1.527930959189119 -7.740175776865532e-78 0.038259598844355945 -0.0030635044788105974 0.2376411123467596 -0.2771192227977744 -0.6059282665753201 1.1686992600179733 0.9792469510158879 -0.28187012153651975 -1.5400718258375743e-73 0.20375095075037997 0.007553271827447458 2.889093606149638e-65 7.088023675373987e-48 6.6901859457732395e-06 -0.4448484638345603
1 3 -0.41146131009067277 0.3568345465014601 1.789803083339103e-72 0.2862728899747061 0.1586190429805995 -2.036933197174747e-103 -0.3027698147409083 0.10389877925725965 -0.04927286911004131 0.21111594515498686 -0.1089408316599986 0.875022299068626 -0.2584723676711398 0.29294210572454965 -1.25425345769219e-30 0.28006616939424106 1.0914890802743793 6.908977103527442e-101 5.26463077252825e-99 0.848709315111456 0.1799299822749686
1 3 -6.349862871688282e-104 1.947830682887087e-40 -3.664694741532538e-100 1.562723977484471e-105 -3.0589802149086864e-105 -5.005229185908765e-41 -1.8768225576146526e-45 1.9898308612377915e-102 -1.787604546934912e-72 -6.336791432295369e-63 -3.2859722752773106e-95 2.221137203388034e-75 -5.798003964061463e-99 -4.144139409221244e-86 -2.2258780986278526e-36 -9.274041229377957e-101 4.374154361670425e-50 1.2415907076778954e-36 -3.959331733020487e-80 6.558082835892481e-31 -0.3673733737043984
1 3 -0.06747613068583873 -0.1246460078244317 1.7183548928926794e-47 -0.19080073527267874 0.7166722408479188 3.614217923899122e-107 0.38063066820035585 0.2764016261304215 -0.12700508612301997 0.14681374554025559 -0.14256288019629174 0.686130892778063 0.14079611329035377 0.41847165063105407 -1.5013510146123086e-104 0.24305688465700534 0.8430763359095895 -4.080690316239935e-80 2.4657514554640824e-29 1.2113380702089451 0.10720930532923227
1 3 -4.471650749956921e-59 -1.1758763776474385e-34 3.504377257503534e-93 4.2188547670878594e-67 2.826703619350941e-79 6.3183354239101e-87 2.950047452360495e-61 2.5115053054942628e-84 1.4563361407743115e-72 4.441807831300183e-102 -5.0896240781183355e-81 -3.1605925478746455e-45 -1.943257337831416e-32 1.7538717676696243e-102 -3.744636041931278e-45 1.525912195757583e-54 -7.36601171748276e-98 1.784932407685306e-29 2.7136542002288553e-72 -6.984370636633075e-33 -0.24525433279237313
1 3 -1.4087698682414037e-47 -2.5250711035756653e-28 5.657198650681767e-88 2.1139671669677194e-65 7.177670420389894e-40 2.7034738120920477e-29 7.262423254433324e-37 2.5662665979402395e-33 -4.558374724872033e-41 1.0872293876233362e-70 -1.7468422906866596e-103 2.4888197962228275e-97 2.940913611511084e-88 -1.1974646000470689e-76 2.409412644937956e-92 1.966214774187525e-76 1.5274700534652223e-66 -2.3933451403225305e-53 2.6087654481705125e-58 6.042895138195433e-105 -0.18137488413465314
1 3 -1.1019800333413731e-75 3.9007254438312486e-90 5.3839448730122415e-58 4.749303060184526e-55 -6.154200290102848e-66 2.1529552132474407e-99 1.7583964763590687e-51 1.7307661302793966e-28 4.5669128130575706e-89 -3.097135256562811e-78 -8.08025758936714e-74 -2.302381789540066e-36 -1.2534382669800482e-83 8.161853380881585e-41 8.754061383215737e-94 -6.5188499323570635e-43 1.8543586419728128e-65 -1.279011450158657e-28 3.7544125670534805e-96 2.082837776892952e-53 -0.3450463882541723
1 3 2.5762504617703947e-72 -4.2388448897739395e-40 -5.602277129597055e-31 -2.561623594983784e-29 -9.297189510189838e-62 -6.803678491960164e-81 -1.239497506949149e-34 7.568131145866722e-83 -1.8305680342576998e-58 -2.000409086320065e-106 -1.9194397294392924e-41 -1.1740944108533632e-34 -2.4087033163905844e-80 -2.219315556743217e-28 2.3098107628106287e-76 3.6813484663277707e-106 1.2574587804136843e-47 -1.1322587117739133e-54 -4.3443509935365635e-102 6.185420383973551e-70 -0.2628101733917586
1 3 -0.08967876771520827 0.03247401163832035 5.267701388238324e-29 0.2878897426360297 -0.4679878982941779 -1.1907407724061747e-49 0.33401291806205585 0.17654783990372738 0.32799627959041483 0.1547377866806407 -0.4525465495046781 -0.4246430419203366 0.06789365256690807 -0.40303040384020494 1.4912315219757597e-36 -0.08622461263588924 -1.3654055071383844 -3.944151414868053e-68 -7.434281639635546e-28 -1.3206058065074866 0.286253629013683
1 3 -0.09052456626137224 0.19764465175675405 1.0624299845911788e-93 -0.019560194721401743 0.707707962829475 -3.9178708780335615e-96 -0.13102493424742065 -0.30539944471008557 -0.22804370078391312 -0.028023647989951904 0.2137902483560082 0.33260284033186754 -0.018895419226517964 0.48606469073329334 -5.198976486461327e-85 0.3267430586318804 1.2274746448789233 -2.5319903547011782e-58 -1.1049236361885926e-81 0.6897931470713657 0.27629378777270325
1 3 -0.0966739526892964 -0.10420157772466201 5.768366037438816e-29 -1.3362767235507345 -1.0028566887894976 -3.2679293291770458e-40 -0.014489379247682267 0.2949646732580693 -0.09537728940946848 -0.06178718967054778 0.14718185306956197 -0.2966635084954401 0.3398935244651311 0.47360036905944 3.179988070909064e-102 -0.3561834487889052 -0.7466246443403715 -3.2659210654719774e-61 1.7496164818967768e-47 -0.5507777901488556 -0.006512639479590748
1 3 -0.5605691432370155 0.002410391404279579 2.2570217257985844e-99 0.7116056118161812 1.4326198315134452e-49 -1.0307648376756832e-44 -1.5954155075034966 1.6448803514343935 0.3482737408087955 -0.4129725304856711 0.24667828453271112 1.0512495884521167e-09 -0.11271357816362147 0.7587203502289034 -1.591451289831755e-51 0.24779818655530889 -0.05827269751335941 3.2984888555573483e-52 2.3646017836105603e-86 -0.19806545018903415 -0.11785374560177275
1 3 -0.01908975633163421 -0.03931449262904385 -2.0868099879079715e-103 -4.022818007991366e-06 -2.5264817220783203e-06 1.5521568955867316e-99 -0.013900223085876 0.004720694681542084 -0.04446888874979373 -0.10208062903183178 0.029479710320052796 -7.192047092132775e-12 -0.0014876446411252206 -0.004861160449623248 6.729352939613053e-54 -0.01799495875995283 1.8486568472184757e-07 -1.669483688695071e-88 -2.6258211890048616e-53 6.001613344615523e-07 0.02695967078458404
1 3 4.566804214985091e-104 1.266824033497913e-65 -1.8079210244788882e-37 9.706354650983766e-28 4.866882985478239e-82 -5.436908131402842e-30 -1.8899510770775844e-100 3.772160489329073e-89 -9.638875915730176e-88 -4.370728714996632e-28 9.968496928088367e-90 3.6907937952687755e-79 -1.5960258587924398e-106 -1.214072042225343e-83 -2.075836950421334e-40 2.321692040053689e-101 -1.2019304913921357e-31 -1.157076064856311e-62 -4.6867049138103646e-86 -6.130407070144776e-41 -0.2954670580150698
1 3 0.09591308171477725 -0.029791890440367168 1.6648593323231433e-91 0.5115887334223927 -0.35587291959215384 8.645036388061759e-43 -0.26470518231873963 0.3684767907208077 0.42455659683744007 0.11661069508424861 -0.020085000715394517 0.9667646856154655 0.1941422586876736 -0.12338653938861527 -1.5637116530284103e-72 -0.2857524676069984 -0.1520783648386317 -5.017706301237926e-31 1.536854683244768e-28 -0.12966896993583843 -0.052603389048782916
1 3 -0.1614997991891295 0.24193979670431923 -4.110398568272436e-101 0.5059338719130496 0.8031769129570404 4.9135392742586475e-42 -0.35730475666909306 -0.041145937935642675 0.10548004694501759 0.1192666758265295 0.3803621661142795 0.6521607573129499 -0.38490152083892337 0.35172610109146496 -6.201917753286052e-93 0.3088500535779733 1.0431576744283542 3.6164756064183345e-68 2.073152083153375e-90 1.1056909560429067 -0.1638253582187941
1 3 -0.1905874721351243 0.08537925600028551 1.188108497317069e-101 0.14676213669346594 -0.24726328599893055 1.4713639049656421e-49 0.437979366452258 -0.21173693916340397 0.31808377560487644 -0.18074928548030025 -0.22563865850442524 -0.704227397834397 0.11235214066887325 0.2195279757391839 4.720949974697546e-85 -0.31777035427382816 -0.9101755995624485 7.858878269102831e-48 7.631475144377212e-32 -0.5557911343595915 0.3176005440423206
1 4 1.3392009165289458e-36 -8.254776708549841e-32 0.19928018754457413 1.550527938021316 0.4277004975100033 -4.867794177547676e-52 0.5851703144332292 -8.93534231411511e-68 6.215009293976077e-46 6.652095418575153e-18 -8.398839264981879e-32 -0.17141593830971358 0.249168736951544 -0.45417845088935604 1.3174793970500371 0.0009675909426510125 9.49292958972684e-96 0.38334947008283904 0.3564163435327161 -0.0790721921867544 -0.5118572247290216
2 2 0.5673530747167863 0.4447044072917297 -0.09354435646404478
2 2 -4.2100435801496993e-75 -6.6529262344094786e-18 -0.23241094748259694
2 2 0.3428458317703081 0.5487417288101218 0.2044269542128809
2 2 -5.5808229282724356e-74 3.5382694745312404e-83 -0.33592853465491906
2 2 0.04010040343267867 -1.4914364885018805 0.09081819551505474
2 2 -0.016191473787653805 0.06591843972353573 0.025418471552994544
2 2 -0.18346641428280205 -0.36658922896264573 0.5504503133659242
2 2 -4.19018311222815e-32 -1.6872317341682922e-48 -0.20365784016611072
2 2 -0.4833654959881394 0.05430267988496373 0.40618411278201944
2 2 0.34997182910160457 0.23060524828009524 0.4681194910021634
2 2 0.3100041827010853 0.11875364058444211 0.05850460179958149
2 2 0.05149794250395417 -1.386904986222279 0.18945098659052365
2 2 -0.4740204423852789 0.6393868012640215 0.2830575748117246
2 2 0.5263052862625731 0.46621449076045485 -0.25694579588579447
2 2 7.45309150073025e-31 -6.084164619774411e-74 -0.4811520065919867
2 2 0.6561072082433054 0.6070889225017072 -0.18722181464307167
2 2 0.29511765130369716 0.5999242088467991 -0.7710534993883469
2 2 0.6053920292790421 -0.5014641763240992 0.47122386858427
2 2 0.42689848917440704 0.6024338001636563 0.49289674744477013
2 2 -0.21203886411329834 -0.025228185359897907 0.38855966981807677
2 3 0.1645009537592559 -1.795072880116181e-49 -0.1360167803924527 -9.002899480590059e-71 0.9319075801811164 -0.0027738523017195866 0.17609239260243983 -1.3202647786333586e-87 0.3627631303184209 -0.19028570613761858 0.025183055594011596 0.47777278637420234 0.3467880981108048 -0.05719044026423123 9.570362256397506e-60 0.2890780918188104 1.766889973959602 -0.030705664140254912 -0.1077141580934341 -0.13537492246379995 0.29048676917097743
2 3 0.061351400741652615 -5.78022819515647e-69 -0.08619732589577699 3.768289790252716e-21 -0.11947614405902095 -0.08577969306135347 0.07141233771910806 6.0486420661081e-23 -0.3327505511001492 -0.20978032772587235 -0.08703893375942094 -0.4437744990501585 -0.3366873861128177 -0.3419961373288193 -1.212607403103854e-58 0.11164568479443122 -1.3044681977106332 -0.37679185690035877 0.3971778134080764 0.12729348854959405 0.36487882717131076
2 3 -0.0917554016016695 -1.54277381980556e-88 0.0659024559735206 1.501100858566739e-79 -0.7971474106173094 -0.0340955565659441 0.2759746274187003 4.632784685191051e-85 0.03159565247956419 0.3239787815058003 0.3091737199232901 -0.6006132530302422 -0.15903924961206334 0.23536636507254846 -7.962033962861578e-28 -0.2818796105072837 -1.084006388015375 0.21532850350452828 0.09678879572120652 0.044414087816369144 -0.2417746236622127
2 3 0.0002018297941903373 -1.6253768076025878e-80 -0.06241780474293911 -2.807989293205462e-32 -7.385234941759117e-17 -0.0013412973849800057 0.016977499793453386 1.9576849992875618e-56 0.012743891650257105 0.10112313087095312 -0.0038781803779268493 -8.82753110806984e-09 0.02008132187900343 -0.0003921969936529771 -1.3874625441073328e-91 0.0005885674707664092 3.217916449407609e-67 -1.9947702809329434e-06 -0.006761799140249853 -0.030443330226906838 -0.13042037544997886
2 3 -0.12878578022434142 -3.2859821575334e-81 0.4199555796169453 -1.1770759036070952e-70 -1.0636023355586177 -0.27615386554664945 0.05513434251026104 8.123725769915319e-70 -0.10930249743303895 0.20664048554786454 -0.2507547988349992 -0.5201545127452133 0.2612529172615463 -0.06517491424133019 -4.9008095710797e-41 -0.4344039940131224 -1.8610337080785622 0.07266690215391657 0.4529894856616041 0.1869151320092898 -0.33289473550807996
2 3 -0.13975689044113457 -2.8371397515525427e-21 -0.1595258792242041 5.003982235983502e-91 0.5002771744318678 -0.2935343766707274 -0.08568614640332942 1.4725912793747917e-19 0.2609115211952543 0.26511929075744856 0.08353543193278365 0.665597924064439 0.3683771712222546 0.053748251779316816 1.0418055584484133e-45 0.290504560157235 1.1940326094260398 -0.2559328106009997 0.3422232108167634 -0.18992493943037214 -0.03257829232107093
2 3 -0.29651568831381747 3.545845543156618e-83 0.27829527627146555 1.655756801224251e-56 -0.19242765705431306 -0.31302169342732594 0.11057178724581622 -6.571851014782483e-88 0.0343166284695873 0.10029495491074358 -0.14435911855602857 -0.5293163941498047 0.05872998739748636 -0.029223539981079627 -2.2678883282346187e-24 0.06988978637439734 -1.4624446284887536 0.1941228653423168 0.03665538289583588 -0.34291180598808235 -0.04168732323952183
2 3 -0.054468736265171354 5.822496071616527e-90 -0.263450011868564 3.4640941040266335e-85 -0.16663535182637565 -0.05574417441152782 -0.16984749107456582 -1.5760007499910892e-76 -0.045591024731547115 0.3688103058248921 0.34478532971362946 -0.4632949336797313 0.03086091538716841 -0.27530070345807156 9.472069741830905e-74 0.05269466176882355 -1.4158977374968884 -0.0573301315973966 0.03883191694646285 -0.059648170960195285 0.09023465468616619
2 3 0.1474517175117647 -6.066771734634676e-72 -0.17718286697073832 2.1441866167000317e-36 0.6293048382979172 -0.01234732891793495 0.27310474920119754 8.652488402681285e-76 0.07664455164704459 -0.09823579817023274 -0.38922417345181404 0.2576855639337691 0.16079244344046945 -1.1468478478649016e-31 5.089191524266881e-77 -1.8373296205086008e-22 -2.3338674433135974e-88 -0.08233081521278904 -0.30989203172909646 0.03480789333135296 0.12037470519455966
2 3 8.699548205086627e-65 -3.5884035986480096e-24 -2.2719110752581616e-22 2.848611883727708e-34 -7.713658844380858e-79 4.244663712566998e-75 -8.200687885952422e-88 -2.774440117249548e-91 -2.236565974828683e-19 -3.131725881217269e-65 -7.221560109061784e-91 -3.54412053088723e-63 -8.77685089166558e-78 4.038409233503365e-83 -1.1884837799222847e-89 7.194372947816003e-45 -3.798105235333082e-67 -1.9102699888699742e-65 -1.5042207316288725e-48 -1.1752869940344396e-21 -0.36307290842177825
2 3 -4.780088155629043e-61 -7.356437455146901e-90 2.902908870612218e-41 -1.548238436078309e-42 -4.820786237779168e-47 -1.9855076544893963e-72 8.315915403935134e-70 1.1476277755577845e-89 -1.9245438097199942e-62 -1.393038068182822e-90 -2.319793364877825e-21 3.4009860214062366e-72 3.6987398993833856e-31 8.572498016543292e-88 -3.1729884495825104e-58 4.645843489502726e-56 -3.605126086544644e-19 -1.6919726429644264e-34 -9.887939931136969e-58 -1.0899017586152569e-54 -0.24672741401492215
2 3 -0.5221754773587494 1.3283676815136308e-37 0.04142376841744311 -4.52326912390505e-56 0.0754971047394798 -0.05150787873363705 0.1164868392771183 8.168001025021543e-24 -0.5804203400245119 0.10207062196397834 0.08689815304992288 0.21878828845581805 -1.1583110085647896 -0.5700799916676199 -6.104399861733944e-59 -0.5968484522922856 6.72510436205052e-28 0.1543526716635721 0.033480489943155674 0.045636102829123545 0.26744638418242794
2 3 -0.08511434715972416 1.5101753660084495e-79 -0.17848705284854835 4.673646059363401e-35 0.38410398999003076 0.1252477620713656 -0.2010728446006435 1.0639817581271735e-28 0.09829352224039502 -0.08475900608664987 0.3203324961883532 0.1787925160916603 -0.922169460149273 -0.2836923550919982 -2.459130185717941e-50 -0.5039586771588563 4.361234461162373e-68 0.3432971646504284 -0.3435066752031037 -0.139052678637698 0.3589964248117478
2 3 -0.4293456532464035 -8.25350245073705e-79 0.39016913366998435 -1.7275979617482155e-26 -0.6780902321395966 -0.08105124415261702 -0.3779960639551635 -9.402301831147146e-83 0.26852166238569697 0.08389212482704923 0.2915862452544582 -0.5322124854992262 0.24077523863388425 0.048313719038002835 -1.2098314717628818e-34 -0.26604256140303406 -1.190992597093774 -0.3921864800313057 0.39051029210206334 -0.34318225559011223 0.3797798476177843
2 3 3.24395057274251e-89 9.39070010061608e-78 9.684108786758527e-47 1.3256419084834553e-87 1.556858399300838e-81 -1.1235893624339433e-83 -2.9667042228631247e-75 6.341826074940698e-88 -6.672655197876388e-82 -6.4919775570393035e-80 1.847576706793373e-23 6.232545884508925e-48 8.051764697909753e-22 6.102888514955602e-43 -2.513261054883393e-23 1.2500335630755382e-34 1.508734370061144e-22 1.980417773243312e-63 -2.4901913491309033e-31 3.5739232604604915e-68 -0.19142445389297583
2 3 0.1772059348130655 5.855727833069363e-88 0.24257521486620304 -5.055903373611601e-66 2.43064917791683e-35 0.26992329261247205 -0.6546670364793716 6.898471197355319e-78 0.315203997700359 -0.27298756960915543 -0.1911557564419868 -9.991321739701303e-21 0.3622752265340928 0.07798159280118805 -1.8107162400267428e-86 0.27790293051725673 -0.008970573234724832 -2.07370877320936 0.3172533025321929 0.11553637588765045 -0.5417153190545022
2 3 2.6075780976491637e-75 -2.7769581189197097e-34 -2.272250503430297e-23 4.5517593307019176e-20 -8.539827916058367e-24 -3.740381962138292e-50 1.3648802795915296e-29 -1.182995876260909e-49 1.8147129381998186e-19 -2.960038624915529e-45 -2.3770942762622548e-74 4.155487673031307e-27 4.367503746697467e-52 -1.567645262043177e-18 1.540609778916088e-35 1.9584981325294634e-74 7.847166411840406e-39 -6.374572111676869e-67 3.48593513595694e-60 2.2137105404632408e-42 -0.20243712051035553
2 3 0.44174350510002236 1.2080600645218357e-26 0.312677075295125 -6.002216565478639e-78 0.18479579073342559 0.017410746964819188 0.06425568549616566 2.060615067918807e-42 -0.1539103905764272 -0.2747750733103968 -0.11617110186475797 -0.26006018117746643 0.19144708544634845 0.24678629528680376 2.8973722436267035e-22 0.10229078796320175 1.1732585751337936 0.3494172781794904 -0.02225664825582985 -0.33468800402286664 0.029087951443526393
2 3 1.1560576042041717e-58 -5.923066567135317e-42 -2.5134023642040794e-88 -3.143791339412474e-65 2.5195319765675465e-50 1.3238911756730984e-25 4.749450003339486e-86 4.68928391628252e-69 -6.848472888772565e-84 -4.319284688827346e-20 2.8871581364251833e-49 -3.8503148699709495e-45 6.840096429980413e-28 -1.1905335333975168e-62 1.2233127491371847e-50 6.269235318484733e-35 5.6794294722102e-69 9.272934793380157e-57 2.2764228243240007e-40 5.1954235279762776e-74 -0.1562264653950724
2 3 0.31600990521884736 3.807396031556022e-68 -0.19488386516728515 1.674975806907268e-27 0.4352390956823187 -0.20823113653567027 0.328762020129456 -2.599972208004049e-20 0.15260784786720166 0.2006172102418297 0.13789441759322907 0.3283914121241535 -0.08497300538046036 0.11161831145461414 -8.698671349101233e-48 -0.24996742989098672 0.9085203520036842 -0.07359440781738995 0.14707657895942478 -0.23699280379066356 0.3664725731800534
2 4 0.5512165613773012 -0.6591045059148994 -0.31312268376335095 -3.773666310039747e-11 -0.4412129403909172 0.2987703714847774 -0.7468377008545363 -0.49425846378871974 0.7697315523913936 3.130108846226675e-14 -1.9805532586258743e-31 -1.6750952069015013 -0.9314291389902034 -0.5304483668186905 2.981052779285434e-24 1.582072390295458 7.619987265738592e-58 0.17008295910497126 -3.773451307853574e-15 0.23533240493595545 0.38785233042640244
3 2 -0.6941062431548145 -1.237990142886726 0.2087506796854762
3 2 -0.24108970281631392 -0.3557835942041957 0.47193284467387286
3 2 0.13341964359442957 -1.6288221872127624 0.0778325430672048
3 2 0.2700252541990764 0.34001316355472844 -0.16203199443565275
3 2 -0.7534320785199319 0.7564174158623684 0.349539038370428
3 2 2.796485162437605e-56 -2.9043412095993265e-94 -0.11354007189383547
3 2 2.670956837242541e-143 -9.46661867844332e-129 -0.08883520835821407
3 2 0.008392278952392692 0.8474682085237805 -0.014118988325399108
3 2 2.5246164497179053e-46 -4.5570868061082066e-93 -0.3905597907148004
3 2 0.5764294929230137 -0.054345123563913925 -0.40264386271107716
3 2 3.2866057965500794e-95 -4.218836050083911e-129 -0.33537080661275953
3 2 0.3219670010632655 0.43337266155058146 0.23986511772456667
3 2 7.280582607466556e-47 3.173284704387168e-65 -0.3401946062815793
3 2 0.4016719402052023 -0.04738171011643804 -0.4322524616180867
3 2 -0.08109276892545478 -0.21683607156190787 0.44610828988920537
3 2 -0.0805588409845203 0.1602786471308031 0.5284669510017328
3 2 -0.6211728167668589 0.1459577056641861 0.3882197819342932
3 2 2.625560038658681e-86 -1.6903587413662494e-72 -0.49766020785640686
3 2 0.18786189240420242 0.4649160842095224 -0.5626763379810392
3 2 0.6874327048020734 0.19503795074118171 -0.23264238950104574
3 3 1.616575663590864e-75 1.4454122945917723e-63 -2.5266867205764278e-89 -4.870464651094067e-72 -8.749184209415923e-64 5.17523706150365e-130 -2.353037344013538e-118 1.0787722681954052e-86 -4.896610163831642e-130 -9.287856179699056e-77 -5.190519538172294e-76 -3.289740741276236e-118 -2.835749589544198e-143 2.284965966660864e-139 1.7130640316953246e-63 1.1513199446417005e-106 2.645978155664263e-116 -1.5712845660825855e-121 1.4185899947763453e-74 -6.507678895992057e-132 -0.09836001617808271
3 3 -2.3396373118519056e-143 1.17795585165645e-133 -1.879340764854444e-71 2.2282093928694584e-100 -7.335074007947791e-111 7.303904909281578e-142 3.2339177571039994e-100 -1.9046175429510143e-125 2.065958687788654e-68 -1.718340646542784e-103 3.3566698822466296e-101 -1.6010037158460715e-94 4.625536287906004e-98 -7.764724000018528e-113 -2.4443492589413948e-70 8.943753550676289e-102 3.023004568997518e-89 9.849981372568386e-83 -3.1358668834520374e-100 -1.4337442110047305e-111 -0.14811524974121484
3 3 1.1535375375636818 0.6351114873467281 0.20554645941342328 0.1282446139662591 -0.08472690248933505 -2.9018322092778686e-96 7.793569875680525e-96 0.1028661124050283 -1.2094550334374142e-112 0.38400772625547147 1.4070551788331915e-74 0.30972052030689184 1.3601504092373872e-121 -0.05072298881902204 -0.25587063156712814 -0.007509291300894429 0.4606659309560546 3.4157745451683934e-118 0.7469409796973229 0.49804210691205675 0.21902956858026823
3 3 0.2911647786016888 0.10320912939433956 -0.16529376095786122 0.3276296566511704 -0.1434085209954802 1.2170834412006334e-68 -1.5557676545622707e-81 -0.3361562061287487 4.598702124420424e-138 0.3139772291979689 1.2231066478612832e-63 -0.3023144075826303 -1.5316165547280184e-125 -0.01130049870933338 0.03641759765448857 0.17315756189015682 -0.226288604300853 -1.2781854187935467e-65 0.26904532748755533 -0.0009646415194870447 -0.002652525469127599
3 3 -0.8230385058825532 -1.4759138813675907 9.142315682341809e-39 0.40616528739235014 0.4678180819871032 9.148123591396474e-90 4.390967128052972e-69 0.6184721012519768 -4.172693424025367e-68 -8.01447902834386e-07 -7.396739961266681e-84 -0.06252529522955091 -1.4779489945187025e-68 -1.6568621764368113e-103 -0.5575392231641169 -0.37242321088521485 0.1935705891916215 3.782804520495557e-74 1.285401011733535 -1.2192561710858838 -0.3398435720135674
3 3 -0.16785349282655798 -0.66904971811092 -2.1842791974963216 0.08000170321951454 0.140115056969805 1.26585808706979e-63 3.6409048153657e-76 0.033870912139054424 7.617730430438947e-84 1.1744501842001323 -3.582855263591985e-105 0.14935074535411996 2.233890191097391e-108 -0.03168595312882532 0.2377973520192192 -0.21468117667720202 1.1955392661359867 -6.871245775887163e-91 -1.371209053747813 0.7630684299325468 -0.07593586353547457
3 3 -1.0117606310141921e-137 8.338015146398273e-108 1.1987688334499256e-100 2.583289003638637e-133 7.457449057804487e-105 2.3623980495323782e-139 -8.837600631246515e-115 -3.491882997017949e-73 3.169764183379012e-95 3.805567314918837e-113 3.626818816586328e-113 4.154952018785194e-102 7.970806409663027e-81 -1.0278434111436207e-78 -1.3153630179264729e-86 -3.366479018405736e-142 -2.686079604857497e-141 6.725506428593174e-78 1.2459074473739578e-63 6.957686819982179e-114 -0.2888917345498728
3 3 -0.4566608023338086 0.12893381769294124 -0.4979714521852262 -0.16909323979793073 -0.41581685218577624 2.094790705488136e-87 -3.4011210799189246e-84 0.14093984140691176 4.76566097941286e-90 -0.7163812013354006 2.758550188913412e-113 0.3330562375304372 6.34897775386865e-94 0.07144032527911497 0.1525749627647696 0.05828065133437111 -0.21820193778685695 1.7721840425378988e-105 -1.1692190831458313 -0.15291182121817457 0.1837359151570093
3 3 -0.9851180250108099 -0.0439836161972507 0.08279202856910159 -0.5061497130485616 -0.057421053519491 -6.052257493036135e-140 -6.947826421357188e-139 0.12495333936953641 -4.008193104533017e-102 -0.13815565317767134 1.993817652538652e-127 0.07227253397326915 2.978496320972964e-101 -0.052616622063105065 0.1983102986224332 0.21677830758226527 -0.3873514673948364 -7.755835403164534e-79 -1.3179903984910044 -0.25367977813445 0.20330408786026138
3 3 0.7028023423218303 0.3105877463813533 0.15523229175627723 0.5058323837206019 0.47473873481315576 1.4101962354560247e-111 -4.172735385668758e-102 0.11258188824560764 -6.427045610425663e-121 0.46833903503986685 8.70354674850718e-137 0.4042706530642713 1.5868086906296556e-119 -0.05300001242053968 0.22251310371261945 -0.0650118135516948 -0.12544466292184833 2.206650976866076e-107 0.9714515955546927 -0.09291849059828715 0.1861153315932447
3 3 1.5128127895704786e-135 -5.6786528888384495e-83 -1.2464227005094962e-142 -4.93673917634588e-103 4.7147952739638847e-79 -1.311562573002462e-69 3.058265590989828e-67 -2.8928308980732257e-142 1.2123833746711896e-96 2.5041368038054947e-108 5.71820788386243e-137 -1.5134243905990592e-137 6.672465562422503e-136 4.78692203463697e-103 -2.5417312901138917e-64 1.1735632734146247e-106 1.3339148131562313e-82 -5.112887377749447e-80 2.0077583278642303e-124 -2.5379406771070665e-90 -0.22586488985582154
3 3 5.858855322326872e-139 -3.3522157110689364e-120 9.261785904985436e-139 -5.27954754486522e-125 6.933660372443575e-77 -2.8718771707065034e-86 1.0805825925494173e-115 1.253305125876048e-71 -6.668353930011556e-93 5.3668602057670594e-104 -7.93252173112411e-83 -1.3920208946511043e-129 -2.71963599683391e-98 -2.594756499749763e-96 2.1014841468130988e-118 1.3519207994885474e-70 -7.65616993862446e-124 -3.6184505111660183e-101 -1.0735858621944193e-74 -1.5223953192493768e-95 -0.2950286500640402
3 3 0.7360139228335478 0.2127449769639835 0.4750096455841725 0.04310341816515581 -0.2608181400547279 1.263215399469628e-111 -1.9111238679931172e-135 -0.21903480542962903 -1.1842713686099577e-81 0.13948485797715207 -7.621680099005068e-90 0.32000223875907496 3.140536536328653e-96 0.1076230958962975 -0.11866035596505237 0.2800312712172109 0.004564107409491848 7.524152057364267e-134 0.8256574415537701 0.178746283470199 0.13340703071725044
3 3 -2.0050845790826167e-134 -8.272717296460149e-91 4.483736391869383e-142 4.8536151671163616e-79 -3.155303441833909e-89 -1.0542184932950696e-126 9.523134330772691e-113 -1.3134533005687852e-98 -1.8580785506861164e-63 -6.858584659830252e-91 -1.2594477695314914e-135 7.51408057756657e-121 -6.911330181014833e-94 -2.1479828815113516e-121 -3.041244163716126e-95 -1.8588387623687437e-65 -1.2011864437934947e-77 -8.180925980883035e-117 7.110945924927425e-79 2.6009356592050037e-115 -0.29574429349415937
3 3 -1.227429932431816e-135 1.4387533348500992e-117 3.9082786171336186e-126 9.302463165071622e-141 1.0481638262909819e-140 1.9052701601081266e-131 7.628721094605634e-90 4.2463656796885465e-126 4.167028646970534e-126 -2.959844509815742e-135 6.136693153779415e-74 1.2684568991745354e-141 -3.093312970967646e-135 -5.879207082121496e-76 1.3302562040590918e-68 -1.4356851716592395e-74 -5.261346344784379e-115 -7.634502677608126e-142 5.027971571803164e-111 -1.7079783490800432e-102 -0.09612800462118032
3 3 0.9676877106774194 0.6391319302077576 0.5823508927597323 0.1574001384336027 -0.034855889293005766 1.6280472327404586e-117 -4.027989098691038e-131 -0.15103393186492686 6.973447854838422e-84 0.862103704567786 1.636337728755048e-63 0.21685651951206414 -2.7726509046265104e-123 -0.04603532104689174 -0.2703948143348454 0.30654132287266617 0.23342916026232016 1.843673732837276e-137 1.4992381042438974 0.5381101183628353 -0.031352073989680866
3 3 1.3452499505940194 0.043171973431345705 0.2006494095324595 0.2818292446959535 0.2345670501883608 -2.3442823062561182e-112 -7.237809693496301e-130 0.33478209148408555 2.093420390103393e-115 0.8297738670436293 -7.155676348980936e-138 -0.04187773394056689 -1.0064318753563933e-75 -0.00040713025059563063 0.25976226521787693 -0.159857532249008 0.0693417422371448 2.905398252510962e-136 1.4608249206186847 -0.09969768947997591 0.06607706393577066
3 3 -1.2828908112973838e-121 -1.155960184732901e-70 -3.284605731919465e-111 -2.241762026846123e-77 -1.0425693381353833e-71 -6.980496490356123e-117 6.827639630985894e-106 -5.0512844688714634e-107 3.5978141747009904e-126 -1.1596679825485878e-127 -2.45429465449014e-65 -2.035730144131631e-134 1.4051872655815472e-130 1.4037425904504748e-117 5.420592121843427e-83 -1.96577660650599e-65 -7.571101258456344e-130 2.0681051608096502e-112 -8.212164505077636e-66 -4.539435317566132e-70 -0.28598244958716673
3 3 1.576218409741535e-63 -4.528872453282147e-68 -2.9847869383965944e-70 3.839941340514671e-129 -6.643702675084995e-131 -2.4256593622487647e-91 -3.0145685851751033e-100 4.341101545772893e-108 -3.252040945873783e-69 1.1381996271444314e-82 2.9390313542899857e-93 9.120747570424223e-137 -9.302763582208017e-135 -2.0865535371754767e-138 8.821759807366464e-64 4.1272720295777805e-141 3.813038024204985e-126 -3.6586281862761547e-137 -3.9206355718057905e-127 7.704871710206147e-136 -0.16406913695673522
3 3 3.811096863038941e-79 -1.1831721941924844e-122 -4.270795800787753e-93 -4.1696803071193873e-66 1.2585678677575776e-94 -6.971072264843749e-67 -2.532156732241403e-139 -4.4772245457508515e-122 -4.805618226162141e-90 -6.784385599514231e-105 -9.31719101004741e-140 1.3518653386850981e-91 -1.3016314217014381e-136 -1.8075823178644432e-116 1.550312769376856e-115 -4.206440788739211e-95 -1.552663817822203e-102 -4.0314218205346485e-135 -5.620953270258919e-82 -3.538746425439708e-91 -0.040962822552128186
3 4 3.120351533243562e-82 -2.3304044831040406e-139 0.3636781236401738 -0.4240730965672156 2.246409875623979 -0.979549955908609 -2.311222341320194e-139 -0.7046008635546911 -0.48260096392783014 0.4279990232171899 2.797424795913714e-98 4.240921038734946e-139 0.4788887899244122 -1.8456104870107576e-79 1.5715732868333197e-41 0.5046194218494616 0.49583392253495373 -2.8611627070583936e-60 -2.12214366839804e-71 -3.1668907730018866e-138 -0.46697425064825093
