Number of NNs: 3
NN configuration 1: 2 20 20 1
NN configuration 2: 2 20 20 1
NN configuration 3: 2 20 20 1
NN Layer Weights Bias
1 2 0.2916064191448314 0.8990284860369278 -0.28515636626509727
1 2 -0.347177701744449 0.7245181964587446 0.33504922236943896
1 2 0.3906123284381035 0.2911604025114644 0.09491066336612305
1 2 -0.3652018413153787 0.40862021673218624 0.23902614151918924
1 2 -0.31153258445235255 0.5806498461079889 0.22571294491253785
1 2 0.1987020975793332 0.7072963235489359 0.15278849869031566
1 2 -0.4089141555313241 0.5445578340349171 0.39929656194259566
1 2 0.31652536029764944 0.5895337342644372 0.3214290919972838
1 2 0.12394375374228257 -0.4415776558603951 0.36180589833837334
1 2 1.7039137204108065e-64 3.307411776664907e-132 -0.04920484108128875
1 2 0.05037633125879537 0.598025339523151 -0.5859272564585402
1 2 7.013420929364311e-147 -5.596337429462573e-149 -0.5191018784499517
1 2 -0.7307203181530071 0.1358177634233349 0.3029065999510893
1 2 0.3275577488941094 0.4994569109420158 -0.7163474699635618
1 2 0.09367305695070657 -2.1817122583204436e-05 -0.15688607649010033
1 2 3.457088989063074e-77 -1.1416313157772735e-116 -0.5095024984161469
1 2 0.22740548150771442 0.7822240482672008 0.10804126542244506
1 2 1.9793120524000788e-113 3.4582394727891685e-77 -0.19756257301618507
1 2 1.518504682867625e-126 -1.896424362279232e-77 -0.4576680746817825
1 2 -0.3194433502643963 0.6621196814178474 -0.4977017564276612
1 3 -5.892537304042142e-128 -4.9343391391079485e-119 1.7453849833941717e-113 1.0996261380410474e-100 -1.2169103746434281e-73 -8.613428710452074e-152 1.4221117076061595e-102 -1.8320672111144557e-107 -5.621268809013644e-116 -2.285632034101758e-90 -2.0201380377793554e-140 -1.0145993833274136e-147 1.0922111240063988e-91 -7.724206384259852e-83 -2.750352341776159e-113 -1.9961502564805638e-144 2.0707218404122375e-100 -1.3031945829377821e-142 -2.026561409143129e-91 -1.0210807153972018e-144 -0.045655405011392036
1 3 -1.3064076528242402e-74 3.750878316276236e-79 -1.252193978939993e-83 -3.4132197934169395e-96 2.641009632486765e-74 -1.915003362785938e-150 -1.9760796627855213e-112 3.6960141614910083e-149 1.7036721788971456e-81 1.263315173324931e-131 -6.993370743193994e-137 -4.857360472317585e-125 -1.3095142635588826e-113 2.9083195122013135e-77 1.323387478669231e-126 5.486551799770943e-151 2.474120290577535e-80 -9.231058187416867e-138 -1.3982236886067493e-105 4.612457422971366e-84 -0.28339308852986944
1 3 -0.13995079621012213 0.44312408108290524 0.24895740524115015 -0.10641671253465423 0.14940003090933557 0.0029884905491137084 0.33851044515864404 0.17728840026644327 -0.3514271011548647 -6.07978473374289e-151 0.10767702441952803 1.5594558053072893e-80 -0.14949255184023721 -1.104292997616747 -3.7493326204651177e-50 -7.159674866299202e-90 0.016093836767097837 1.268041376908336e-150 -1.2765646618193528e-134 -0.016640701980274175 -0.06872503530979875
1 3 4.207394237510009e-129 -4.1557079920456884e-127 1.1226831243396351e-131 -1.239904283818903e-128 6.520277581517868e-148 -9.706325321268988e-73 4.123305366549011e-143 1.807941750293221e-85 -3.000237877801395e-77 -6.9963361478019024e-130 -9.308537338289642e-133 5.693257028455385e-125 2.7106780217044042e-89 -1.1626407041190807e-86 2.565173140052353e-75 3.460409774188227e-149 1.1169390488145199e-122 1.6794440399920592e-133 -9.693423339697732e-93 -1.5235890622852433e-152 -0.33121548418554236
1 3 -0.12636228220764406 -0.4256866455162741 0.14758696700037663 -0.2363113946026017 -0.013448230177674637 -0.10787287766677885 -0.1852478231134718 0.27963670617287256 0.0219675710068077 8.893334981292545e-116 0.05313488855527714 -1.1757526854021052e-134 0.2656418756835723 1.4713200400599302 1.7966992894560544e-08 8.04135019015528e-93 0.1695788911673551 -4.67297935043038e-84 3.134540947961407e-108 -0.27267828805434896 0.23103686861327075
1 3 0.3465111259182261 0.4280864404905722 -0.14168021668412129 -0.8731689164143831 -0.8550884736127693 0.027155850462128928 0.4179247391436642 -0.0749470253979194 -0.059391181418264175 3.035258955657683e-129 -1.0867204687572078 9.260513430435366e-116 -0.02515595517608898 -0.25742082882411854 -1.2076333388005073e-131 -2.973063971757589e-117 -0.04958000027525964 1.0930789216659384e-96 1.0810304998535576e-107 5.858742256650105e-131 0.15018646549852904
1 3 -0.5394192846952441 -0.4983259174353697 -0.09520492796382139 0.28981070592888547 -0.2849180998487343 -0.1288749623350184 -0.5839220816527246 -0.036470675615088106 0.3408912985408087 -1.6008405203596647e-141 -0.11647585258290728 -6.4221372137353445e-143 0.6457280959222507 0.27922496165642574 -0.0005994941316487881 -9.360544214424976e-83 -0.31362079610310173 -2.258196153049967e-110 -3.156197709244011e-137 0.17518407357196564 0.27860160318643684
1 3 -1.049013912808049e-142 -8.559851417603931e-144 5.319423959240245e-88 5.24649712928218e-113 -9.738984345486169e-128 -1.976981657470218e-99 -1.9378687587754566e-100 -1.6869943161571372e-140 -2.141505438545902e-74 7.096862531282828e-92 -5.364849947200977e-150 -1.169009446482715e-100 7.341800785018633e-114 -1.1969521127763238e-122 -8.397011043559893e-78 1.0095590043654629e-146 -3.934031434270911e-118 1.3573201807518403e-99 2.6986144810635325e-132 -5.77799749052885e-76 -0.37065661465712013
1 3 -0.32190864511515194 0.10968957092250975 0.3856089500774681 0.11427279243294915 0.15450379841401568 -0.023781703358079095 0.29832582180811507 -0.1193872784285408 -0.18023390499939562 8.406047222288039e-76 0.004779446804042369 -2.630312386242602e-98 0.20320834195568113 -0.047611129770738496 1.0393947980491035e-116 3.3160158118903525e-89 0.1095588460938812 3.518836334141104e-103 1.0489792602006278e-143 0.7092031443800054 -0.24564451831770973
1 3 -0.22165631632926483 0.17587072645662508 -0.3798909052775472 -0.09666978005958311 0.026953943446680416 0.2842578109621226 0.26831933043072675 0.1461763285163283 -0.22918859642258768 -3.0716178996036e-77 -0.4188385614822769 1.7389021867661922e-88 -0.44621712376848094 -1.5375228084298187 1.3509919295639156e-07 -2.2082725409861195e-121 -0.06671795269341517 1.672387795661602e-89 6.2166809817812345e-142 -0.20829770391789346 0.20640350326951742
1 3 -7.399576455533372e-152 -4.769075786155284e-119 -6.86669395869105e-101 -4.7018141640156454e-129 -2.110378742905019e-121 -3.62049364801193e-118 -2.871531611496236e-116 5.44602014277729e-95 9.426359589464095e-83 2.315977747673182e-141 -1.2853030005052082e-104 -9.512955799303756e-146 -7.517584651806914e-148 -8.0339164887090575e-87 1.6797888447068762e-137 3.289215685438613e-76 -1.8224281520720809e-100 2.182071199080853e-99 -5.810172626302419e-125 1.5401321156490295e-100 -0.06461684253632471
1 3 -0.060735655135359695 -0.058298252017886576 0.0688254059794158 0.10894033765305595 0.11114050614217455 0.019496096816794168 0.08545054087965823 -0.47554911559195756 0.039008192756167404 -1.4261168595545166e-145 -3.0985560706523736e-08 -6.862525162984407e-116 -0.16862382919368576 -7.848991411512779e-120 5.4715647885441084e-05 -9.707529383058368e-86 -0.5603364039151636 7.142355593226585e-87 2.938949377773568e-147 -7.222694001324512e-87 0.3169739414560685
1 3 -0.06540135430929875 -0.09367404524503647 0.365765790082578 0.030848256805669782 -0.12460357768516155 0.337300858247752 -0.29283650592491933 -0.09138932295548238 -0.2281960350020019 1.5654162595948457e-73 -0.1712425469851613 2.193223707483779e-143 0.40945130496875526 0.8774347859331038 -6.0462357178281565e-06 1.9869926391380082e-148 0.16004617375420935 2.9919901074892235e-103 2.5701019892323767e-112 -2.558926864815664e-05 0.09291891415021146
1 3 -1.0692279598855434e-103 -5.084195097410935e-94 1.3146038460998296e-74 1.711748827364667e-85 -6.2077153469112054e-114 3.0881110832447512e-121 -4.554797772616004e-108 1.0376788487202612e-72 -2.342076069414849e-129 -1.2674104615742475e-86 -4.996417824205527e-102 -3.717034047802312e-128 2.320229979132617e-109 -5.629128018887128e-107 -9.560999990997288e-142 -1.7554344693256326e-121 -6.17296424141463e-153 -2.787045688939297e-74 4.545043621706174e-119 -1.1290728144343634e-142 -0.34408290934962216
1 3 -7.292612528446471e-94 1.0682994903260247e-74 -1.7435412807880987e-149 2.7762506285603545e-141 9.31106501439647e-86 9.831473580934148e-145 -3.2944517448158634e-149 -2.110315099237821e-82 -1.59967071523219e-85 -5.212658450331342e-146 -1.3690907844009594e-106 3.652393898758455e-132 2.7803583284054045e-118 6.9456284492489e-114 3.412711293311692e-144 -4.060951103875707e-80 -3.7768740654287735e-137 6.288397645190358e-146 -2.3188023920357015e-148 2.199680145027195e-141 -0.1223995046100746
1 3 0.12205097992956684 0.34166158011784775 -0.0922732924163629 0.17263339336746802 -0.15976001110827884 -0.03301737202301815 0.18645604006002606 0.3984057622938538 -0.307659131005897 5.119891015165968e-144 -0.3565448346385082 1.7724176603305098e-113 0.2507565154990736 -0.8694450475168058 -0.000360825564128953 -1.5431829492328565e-81 0.03727407912030338 -8.925858288444138e-151 -3.2892475187199935e-148 0.020556713292088864 0.1499696636687628
1 3 1.3194486808591857 -0.15130937258380478 -0.5386222928201732 0.09976393604373912 -0.12596488923186436 -0.4087465689884391 0.0353333223627118 -0.3091030022969263 0.26300429245181456 -1.1073909105552195e-144 1.1969078632415906 -3.303088223671957e-77 0.232624236825862 -4.4253558198265976e-10 5.518950576597581e-95 -1.2548852619685674e-144 -0.29307299884635857 -1.7625651158250682e-107 1.770993184137518e-132 1.6494168355917727 0.28536112365292265
1 3 -0.34363497406623617 0.5051009980901772 -0.301146839655801 0.20301215675896678 -0.28393113180115576 0.17571665835518085 0.5084713790680662 -0.03328829524785666 0.06773115458506516 -5.826264793061568e-93 -0.5924037021947365 1.751974216149729e-107 -0.11858087924179975 -1.8208818350386013 1.3123459395519182e-06 6.814626376776264e-79 0.1365480004421141 1.0009726666016982e-86 1.738676588624104e-153 -0.6380576726229845 0.03102147022210635
1 3 -1.5683629084506994e-103 -3.4276911435089187e-96 -6.599253235440347e-103 3.4185025635469556e-138 2.8070095189782418e-102 2.0928844080888808e-128 -2.550280027132947e-88 7.678238594039695e-111 7.13882885075236e-126 -6.461869424219376e-114 -1.9058036149549577e-108 1.437823839597331e-135 -5.079846782515333e-78 4.059099601636446e-136 3.487905704208282e-128 -3.897974073464181e-150 -9.456091612909392e-145 -7.24705287455518e-94 -1.1439820749095678e-87 -4.211644690357602e-119 -0.19326364946683314
1 3 0.4363662914696435 0.32680652109797403 -0.04229738901980336 0.21858318810941055 0.1227959761824333 -0.24096671271923306 0.19356676864629793 0.14763378640880237 0.11251336332859617 -6.427276213795528e-100 0.779499318961568 1.5129330321474379e-151 0.6259307348667654 1.927780157290313 1.5435080084715459e-134 -2.42100702901144e-96 0.14909991938906153 -4.1441761232638686e-102 -1.206141748547891e-115 0.7284353369981398 -0.1736813448331791
1 4 -1.0832992895948387e-139 -4.226021398234458e-136 -0.09079340203206543 1.4567341686659514e-108 0.2552546030413482 -2.5458031182226537 1.00928515640983 1.280632086316526e-78 0.3835678157847258 -0.33864751784740615 7.442683171960563e-82 1.022401708316042 0.27601634161509037 2.5892187741988614e-98 -1.9453504405310612e-144 -0.4310253904279007 2.6385298304055143 -0.8756660994516545 2.577361288378123e-141 0.7200681334506626 0.43767765794175717
2 2 0.20705004862132834 0.3131682696720073 -0.10740099644412365
2 2 0.029289367900139824 0.27749050599770186 -0.5070041142557263
2 2 -2.805578043155446e-140 -2.948207019988981e-218 -0.172960202500958
2 2 -1.9299264859301822e-137 3.458442176545387e-170 -0.29518111316919515
2 2 -0.2864322588415598 0.0621910749778628 0.5486493358386548
2 2 -4.6744443769567405e-202 -3.424829001664301e-138 -0.3228952964393325
2 2 -5.434925257769062e-156 -2.177965163188922e-225 -0.4313217162241459
2 2 -1.3699533028361855e-148 -1.4365781134183706e-221 -0.44398381134856757
2 2 0.19576847100075778 0.5689372736556059 -0.6685330292006268
2 2 0.39439446186184485 -0.2637254644359125 0.10608953408935347
2 2 0.0705105968154697 0.2697768650813124 0.1852899048206391
2 2 5.132224258709242e-201 -8.635411128109436e-144 -0.5066291909505592
2 2 -0.40566733506012337 -0.1390487364008895 0.31321685450346604
2 2 1.8390605597788376e-160 1.1817181953259919e-144 -0.5020822351564193
2 2 0.350756974274139 0.329923662006134 -0.6038385759114195
2 2 0.5039481141904828 0.4060147104913471 -0.49943577854404353
2 2 0.4318885443088417 0.12872683592823184 0.29812384044175405
2 2 0.28063951301489726 -0.3223298315134587 0.22969551653140013
2 2 -6.944286765377412e-218 2.519293771011221e-203 -0.3355065983479708
2 2 -0.30136963748081125 1.154291999894802 0.050205105733520154
2 3 0.1927959678174653 0.010040729803999216 4.9800207021914815e-173 -5.952931960716897e-202 -0.32515045250165986 3.407993865573194e-219 -1.7493543673974933e-183 -1.2913885013401615e-208 0.7111027005106246 0.11157842227184366 0.17117388840747838 2.3612222340926776e-203 0.22121800839150735 -1.3924467584053419e-201 0.15609676401177375 0.16676186707707769 -0.2129451747667843 0.19390255545128324 -4.439993231305552e-175 0.4117430642628998 0.2979822394315583
2 3 -0.09922694899509847 -1.1533163641552341e-06 -2.4137792308555175e-182 1.2305675156908313e-195 -0.47458697847537173 8.001735915326929e-186 7.7952313700086e-224 -2.0250659249018498e-184 1.004833355261662 0.657319700792587 -0.17447368956672593 -4.1978335879561185e-187 -0.110869259315725 -1.152171454485543e-155 0.5806454428544465 0.17902555426012134 0.2364133100270279 0.426440498871906 1.2037184652497732e-219 0.47969762201925453 0.27603192860824854
2 3 0.9398376007884268 2.773786551094114e-153 7.925918611558482e-190 -1.0909816525748319e-171 0.7798941337425533 7.260121498602952e-165 -3.541229711416935e-194 -7.707402343175008e-164 -2.2048521729377905e-193 -1.3368770070238656 0.015273160202654134 9.09618935648477e-189 0.2508995104999651 -7.672472839334447e-152 1.865336259738509e-195 0.3563468469866648 -0.11877487407855934 0.09422126396809452 -1.2377880729619725e-154 -0.8571287606761601 0.2243282820185307
2 3 -3.915358789900301e-210 -5.218052539586947e-15 4.9901883274724744e-223 -5.837128750895881e-223 -5.391431137813191e-05 4.400546661889001e-224 -1.4748160970547125e-211 -4.9139991142732535e-216 6.494507486686865e-06 3.0162845150259593e-223 -6.070306332128628e-05 4.4085245719034835e-213 0.002247886150098128 1.1888249477363943e-196 1.0119146247460362e-147 -3.79325834272814e-21 -2.060241819355547e-05 -6.093919974052333e-144 -5.056961264509343e-202 0.001818324511743252 -0.11466580614672157
2 3 3.4741612196186565e-145 -1.4828629725631975e-209 1.1895205898872314e-197 1.1317060096065764e-188 1.0521593564120481e-150 -1.3256268979315429e-146 -1.6153232718341752e-152 -1.717399112432282e-208 2.772485233082107e-187 7.519149969661662e-167 -2.4032726412145608e-199 2.601926765930453e-199 -7.74842657591481e-155 -9.840479825703396e-197 3.336846648665999e-186 1.547684919011379e-190 -3.381977162501231e-189 -3.4481967431265282e-208 -5.2795330752552474e-201 4.5665853167230725e-181 -0.07014221317158975
2 3 -8.952748693584618e-10 -5.5479528942404317e-05 1.4449105219132318e-205 -1.5414765468784595e-157 3.8356328644311065e-15 4.4558852725447626e-188 -1.246616932598127e-151 1.9919256508283804e-185 -0.00023425273801647723 3.5637349443360504e-07 0.0018533178795200336 4.460033159431756e-159 1.345880792834806e-15 -6.47575923781555e-176 1.7898249019344563e-07 0.01667684907932553 0.002918503392214157 2.0672124700785418e-07 -3.266733110870861e-219 -0.00012149397374949945 -0.26130775084328833
2 3 5.3757453405933086e-166 -5.851371754706065e-211 1.366579192972326e-148 -3.44194368488228e-202 3.2474977125491157e-147 1.065728273404581e-146 -8.633330629809931e-161 -8.436369126660694e-195 4.9596084747915774e-147 -6.255963949022645e-223 1.1816992662505247e-145 8.939091670012117e-218 -9.629115095596467e-155 -7.805335651505084e-188 -4.247791134381176e-169 1.3584138908945223e-223 3.643040928728178e-160 -2.752372569084987e-222 2.3039011867038167e-220 -1.8136009991699594e-173 -0.05239156580500637
2 3 -0.06366704485357298 -0.006377337387293541 -5.71076847917677e-215 -2.570943714965261e-190 -0.012243876805492538 1.468041649101708e-150 2.3687947741926796e-217 -6.357039602357065e-157 1.0969940817829276 0.2093788921084579 -0.35627862882675576 -1.9479554019450576e-200 0.26383020287584663 2.0776056392481144e-147 0.7247736642732069 -0.3491815315279787 0.10714833410840831 0.7114388261121632 1.2829000726157315e-152 0.19659159245588276 0.1371774570784538
2 3 0.3816946642226973 -0.0032583816487803457 -1.0265530099236282e-170 1.261458622925487e-182 0.11611573501905328 -3.20998565913547e-219 -6.869490934220062e-153 3.9252224723767882e-171 1.166080505769944 0.2645591562999611 -0.29311804325124746 1.5186025860779387e-153 0.3937890217231264 -7.176823782555185e-163 0.6382725064746902 -0.14537054586636822 -0.04784294622265033 0.2220098910553938 -6.833861328442301e-204 0.33100616760418966 0.15771864834645133
2 3 4.42626409243059e-203 -1.2301476575488939e-189 3.0466263892615148e-158 -6.157002909444471e-198 -1.354597353643081e-181 1.5688979645785566e-166 -2.3659442695701485e-182 1.1799728190555274e-169 1.7248318406446208e-204 -9.301904992969054e-217 -1.576814526543697e-185 -2.280734228143026e-179 -7.671675371497804e-182 4.161811376042077e-170 9.200850559946406e-167 -5.513746505861267e-176 -5.100633560176192e-154 -4.2033134345175526e-207 4.839031696613969e-148 1.5991315044759875e-221 -0.22023224123418222
2 3 0.2614275458783112 5.665146508054005e-214 3.4357324272303107e-221 4.2711451521680766e-160 0.1799047253581758 1.7867075131549635e-153 -3.3316378754047914e-204 4.948042167160578e-162 3.232083979944419e-69 -0.9843578602533547 -0.2375789469091959 -3.614175901604135e-209 0.3439564853046084 7.574166489432746e-171 -1.5569887672374106e-72 3.368572135165966e-62 -0.4252127244440307 -0.11335019026479322 -1.9667661296639996e-185 -1.2462501500084557 0.3876876361542442
2 3 0.0034909582589836155 -0.015860801823547856 -4.003735497892096e-188 -4.63487960565583e-221 -1.5804343511637687e-05 -1.0413990377503992e-147 -1.8745942796893856e-173 6.009921673598167e-225 0.06496398937212837 -0.00926480530198527 0.07583674024291646 -7.81494625764146e-203 -9.166807301463585e-09 -1.2033587217900577e-214 0.009680325838605569 -0.0036245828727045925 -0.04074337130680023 0.0008659689338983911 2.8865957007793824e-160 0.051138446356491216 -0.24054805300395282
2 3 -2.5247717405067683e-158 2.321786230811147e-159 8.203480655155628e-163 3.508986554761644e-164 1.7202483392907894e-210 4.315200084853926e-173 -2.144581739844136e-188 5.4464924662645714e-163 -1.7728293999393915e-225 5.8411348571545705e-198 6.481198671690001e-187 5.742310021038993e-162 3.139667964525183e-177 1.0925293075616267e-222 -6.467440577465412e-219 -3.2238872425782696e-159 -1.3575310958717532e-145 -2.3046232523167495e-174 1.530858857690341e-188 2.315277085686568e-188 -0.29746360888472767
2 3 0.005350763007683441 0.038921816641409764 1.6977198772006077e-148 9.960296384018475e-167 0.45206857487714047 9.627354972002372e-178 1.3987609523782914e-172 -1.4585570933968054e-175 -0.9481108723222517 -0.34201991031475926 0.1856122857049995 2.3855957956349268e-145 0.23775218842441592 7.501523862177554e-190 -0.7149587393935277 0.09508837790427732 0.4304480228490367 -0.47652296090208035 1.3687246179056736e-148 -0.5861829652921524 0.1693791695312343
2 3 0.3217511713143723 -6.895684499038209e-07 -6.418175462136494e-211 4.236009369455312e-205 0.2123782755305133 -4.574907579485278e-210 8.122898062132362e-220 -1.8181475065832997e-170 -1.0261319994903628 -0.34180638372987404 0.1767685356127964 -3.5504139703222887e-211 -0.005825544314685307 -1.2611344827597376e-199 -0.16334374253538592 0.4379962397997618 -0.15835377131723494 -0.798822996270292 -5.468207759531045e-178 -0.6204226676443985 0.5479859999428878
2 3 -0.3513134318411253 -0.00014771430777950982 1.4740693817232586e-152 3.651727117992288e-179 0.020850820933550323 1.4349785375390252e-191 -2.31909323813777e-221 7.7634625054818405e-171 -0.7300082824585324 -0.4471943928120377 0.40005655432554804 -2.7422251142259466e-162 0.018248105615158664 1.3450635665158752e-205 -0.29169866373506875 0.37516586397900303 0.1085348484900824 -0.5727203951743229 -5.3602743536752936e-176 -0.21747454734549118 0.3545967834676174
2 3 6.672709266702483e-201 1.1266739881378343e-154 -9.738593974316053e-186 -9.411112028636975e-209 -1.2439189455352742e-147 6.949404233157627e-184 6.794955370604194e-176 4.593708679821057e-182 -2.2009626436034964e-179 -1.3619821858277976e-197 -1.1096437217032637e-180 -2.802505229721032e-166 8.353832215906817e-157 1.778036725857255e-203 -1.1705977361281429e-149 -1.8695248859111103e-219 2.144688174710881e-155 6.586441690426643e-220 1.3750189476185415e-223 -1.218649619890562e-172 -0.28902107137648075
2 3 -0.002190294014297372 0.08404122868625226 7.576269226913123e-163 7.080892936243454e-220 -0.0831690720419755 2.0802311053515748e-185 1.9843849554840525e-160 9.581596009252251e-202 0.5050538228038639 0.2806640981210203 -0.38457644599346136 2.291439343990941e-214 -0.23168401941069974 -1.8507731612733125e-155 0.49040735076269865 -0.18409371711743097 0.335285272296371 0.17884358644823103 -2.2675429903000616e-156 0.23710800997907466 0.22542305360869802
2 3 -9.474216888334543e-207 -2.7091835117777232e-145 -2.866361028451257e-209 -1.5792642569203212e-154 3.662067226929913e-223 -3.569425959922524e-163 -5.7788836174797525e-183 -6.317651204875188e-151 -2.0352352795545394e-182 -5.2805588160123465e-210 1.421186408264179e-204 1.2505877935329881e-184 4.182289778561771e-179 4.674735148166424e-190 6.886834991163498e-149 8.07010167141732e-152 -1.9556233760107197e-175 2.9864222754077904e-175 -8.615548618975612e-171 1.1856718334147177e-223 -0.31286068682017076
2 3 -0.20106200038021704 0.10682281128981905 6.938790557593662e-167 1.0807263864966355e-171 0.14638496220355185 3.0292927248076054e-152 -1.6003449997575836e-205 -3.258327511055732e-212 -1.1586725403170477 -0.41431513816211757 0.2322589219488851 -3.5290113035395975e-179 -0.28296642942042344 4.944925218457865e-198 -0.40704676568777837 0.46619202266084125 0.46608283627426733 -0.7016995509553469 7.167006256249622e-223 -0.33947165616364444 0.13775506643431595
2 4 0.25369969670007 0.2509940190260854 1.8882360538139857 -3.5603746846908213e-09 6.997448712102342e-137 -4.9844929776286755e-09 1.3346816462489155e-143 0.5325997450850833 0.3761864450083617 -1.0209547229742092e-178 1.9161719261599672 -5.386318163901301e-10 -1.2197815067462192e-125 -0.980244898388656 -1.4857713439511329 -0.3659334133966374 5.22413533657284e-172 0.27670784143013144 1.6457201767366394e-224 -1.5472898909900152 -0.01677728128944588
3 2 -0.04712242892818616 -0.784339415974015 0.36830088992924076
3 2 0.6616027689321058 0.04676197318534537 -0.4871025418993081
3 2 0.1633858196355701 0.285427469843177 0.1068698393631126
3 2 0.3621887370831497 -0.056575300670590765 0.10973159697874295
3 2 -0.46496733362753023 0.7995422472347324 -0.6164236090058414
3 2 -1.3181194280835848e-36 6.966965907208106e-31 -0.17126725318710923
3 2 -0.0626413511958739 0.31282396258243556 0.07757352370099774
3 2 0.6400654609160884 -1.4780313294495366 -0.34069359039554414
3 2 0.2774140143989013 0.402982689111777 -0.5674331195763467
3 2 5.8715521707326914e-49 -4.355656585019845e-34 -0.5026702441066684
3 2 0.05970504610194153 0.11489161349801948 0.3191741528805458
3 2 0.0551776292581377 0.5290272957155349 -0.497209094749817
3 2 0.3039927474969038 0.36442291480059597 0.4033205214419885
3 2 0.15226875834632944 0.48437706248965195 -0.15768078982786904
3 2 -1.8653948876736518e-12 6.370627282171008e-10 -0.408372767285342
3 2 0.5839408545715701 0.7349669009955203 0.0008752741485460765
3 2 -0.020433535596693274 0.3936203885677462 -0.4697431972605305
3 2 -2.1534986553721664e-50 -8.212541302136925e-11 -0.23058442038932836
3 2 -3.4205318800674956e-08 -4.4821855584271614e-23 -0.2372571398929954
3 2 -7.83789616976192e-13 -2.350067964880299e-34 -0.2849327224824609
3 3 -0.00443862885082951 0.016338411410714355 -0.12350429493979585 0.17008321563223422 0.9439524148639605 -8.28081916770662e-27 -0.336034817805769 0.9566947122532687 1.503878171308786 8.258967248792363e-13 -0.021323133155792245 0.4202591250355531 -0.04858267595713334 0.16725247438468624 7.85759831383971e-12 0.10208318588800608 -0.00048172856422004683 -1.9740255687917765e-65 -1.932480219881962e-15 1.9431166562890608e-66 0.260524328428515
3 3 0.48278128083660615 3.5144720815542404e-12 -0.4696756006567345 0.13099878859287326 -2.8333331553463818e-15 -1.4123952947788688e-58 -0.4193635606593779 -1.3938394333890753e-19 3.35816456179859e-71 3.952942147858856e-74 -0.14235454003847273 2.2585031514047262e-13 -0.3050152314968376 -1.032442056002119e-31 -5.6104683715456414e-70 -1.2226291539631264 -1.0037788263543556e-72 -3.3231451941808416e-26 -5.468875654551842e-34 1.227812727728371e-43 0.2989058406428404
3 3 0.3598861467497228 0.16404765983893085 0.3195381673785083 0.289076053812907 0.7260758444238669 -6.45339935719959e-71 -0.26273502499424645 0.9676114231742146 1.109701205710077 3.3497858298478134e-18 -0.3317398582811507 0.6404433515324244 0.26205718490449226 0.21619110218307222 2.2573539648789527e-71 -0.023492922045512517 4.020664651509913e-05 -5.032274480342527e-61 -4.323331175752176e-25 4.1548880959876954e-63 0.0037575940552647086
3 3 6.254455491310425e-31 3.935806106905886e-50 7.534665400224551e-17 -1.016538142129788e-61 2.439710832338256e-45 2.000476344260926e-40 8.116469046144937e-69 8.992706983928012e-73 5.661553572201158e-31 1.4836209371996004e-11 -5.817006718143565e-58 -2.104895889099212e-30 2.6651380167398754e-67 -2.7242850685758093e-17 -3.5818458408405296e-19 -6.107261007866191e-66 -2.3272931062239384e-12 -1.2229969393015187e-31 2.4771584678871428e-17 2.9834169433561012e-52 -0.2675476665260804
3 3 0.10809765936949241 0.18544233777397587 0.038657140241316834 0.29250910966020427 -0.8812099190169654 1.1716099104969901e-11 -0.12310566224695017 -0.7901216252091935 -1.164199458608383 -4.022997422909661e-50 0.4090409499748177 -0.7100155766916354 0.36541771979546267 -0.03424701594922639 -1.1390801216651593e-45 0.30682842757725876 0.008702500246005869 -6.716867241327232e-17 8.110522554850061e-62 2.355394159705163e-22 -1.601871460025077e-05
3 3 1.1059265366898483e-71 -5.292885396627184e-56 -1.1710392510137781e-60 2.243892162641739e-72 -3.2800372144526087e-15 -1.7784529257630296e-36 3.4540842854333926e-67 -1.2209257325659106e-20 5.396296111896066e-15 1.0156388030533264e-62 2.4787486315906187e-13 -2.2592584702652606e-15 4.070844851780423e-41 2.0654442625582012e-66 4.133044272608111e-12 -5.0441156299372085e-42 -3.3510068895608508e-68 4.914234625075303e-13 8.014158393200394e-12 5.379009166607119e-35 -0.10433217292735503
3 3 -0.43156046896253464 0.3079175086100839 0.19813346586850739 0.15174341609809266 -0.8336369620414967 5.198515441546311e-15 0.00831569623014753 -0.7260563547654589 -0.8909295341318088 -3.6959502325116744e-74 0.21172571478635033 -0.3731152254782237 0.25148564808467305 0.3904074041982811 2.4347576446782687e-21 0.24169592319570607 -3.9581280205414636e-05 -3.931939662715583e-20 -6.096820254909777e-61 -3.9678257723275265e-13 0.2386707614402986
3 3 0.1611317316782268 -0.2750350402533624 -0.2740435641686117 -0.2179612979609118 -0.12481156206279147 -1.7554471417917092e-18 -0.4045142925746154 0.10348072395801176 0.13408143448189871 1.5095790426624473e-58 0.13821064077606468 0.17592499652507515 -0.017475262723195578 0.2489107457783933 -5.466462512087367e-12 -0.498968634670146 4.403005933811901e-05 -3.3452589250591575e-26 -3.0419308887752817e-12 -9.438691977702786e-35 0.15642636502029245
3 3 0.051033998506011535 0.2702365943480774 0.16374005453398488 -0.09698902354482154 1.1187795334901791 -3.8999454979284914e-20 -0.38598636138024933 0.9106164512765084 1.081562638289477 -6.01472788887028e-20 -0.34229620013016016 0.694395833239693 -0.05177933651683897 0.02825268081716152 4.843950553508033e-28 -0.00881057810001288 8.685734612191218e-05 7.011315066661535e-73 4.764359234745275e-13 6.323642076513302e-72 0.20555432929871484
3 3 8.66456555518938e-70 -5.156895168183634e-43 1.7967155037140899e-71 4.5171470502879765e-65 -1.2248784351387144e-16 -4.2795171217697175e-24 -3.119052428087962e-72 -1.5278095945256913e-70 3.4057666987393973e-13 9.026714515790252e-17 3.1517042773696e-61 -2.094323307713329e-13 -2.8244742438797556e-34 5.822197760428816e-39 2.7014522218748632e-12 -6.081092295537369e-15 1.3839869352969084e-33 6.076310456416419e-24 4.079021596648443e-39 1.0891165884461155e-64 -0.22576182411191703
3 3 0.2474479645298285 0.3839462156390308 0.22787411151439643 -0.21902149279622707 0.8112715534608478 1.5232398316725953e-64 -0.15140507633193737 0.411760933248649 1.1508699829409967 -8.439222181816464e-73 -0.3531942227225091 0.8966360136931367 0.26888095050554484 -0.27151795894563463 -3.5611559086285004e-17 -0.28951241084519963 -1.2230341659201808e-05 -1.371656758334849e-15 9.73741766652477e-74 4.050982980414457e-34 0.28260856814801144
3 3 -4.690177958326952e-24 -1.8093169737733237e-18 5.820531156531986e-50 1.0918798181483483e-69 4.308827932335275e-60 2.880047149470423e-54 1.529442790204601e-12 4.7110941456057e-12 3.194789327232528e-19 -1.2993025047619177e-11 -4.831265518213814e-72 1.23427356048636e-43 1.8122733365085439e-53 1.3572994906808074e-15 6.476988007133463e-18 -3.5450865418238716e-20 -5.067364298802102e-71 1.3026821475204682e-14 2.577350642710713e-15 -6.357572404383688e-12 -0.3064426919293585
3 3 0.22397108726826215 0.20211046950341527 -0.25113790068661057 -0.07313134022653356 1.3913123543300767 -4.423046270809392e-44 0.2540636887756943 0.4644102274519625 1.5095035692399739 7.603013634090759e-12 -0.3864892948756553 0.6160468566199807 0.24953737638261775 -0.24098930286493067 -1.18529649793526e-25 0.209498457993625 0.00011885776231101176 1.1162758168739885e-24 -4.9241388753470334e-26 1.3869189743567454e-48 0.07594356634195946
3 3 -2.2157903006799448e-71 -1.0966695782027367e-21 8.285523694587425e-33 5.196452402462309e-22 7.70011814252382e-17 -3.134866554210386e-15 -1.9762167323788767e-12 -5.691657518251396e-53 8.998008850951795e-26 1.1957179753265261e-19 2.2706723620984735e-31 -2.466951765144121e-17 -7.253156140658977e-13 7.232920733492786e-38 -5.443586476783198e-15 -5.5972785779550475e-59 1.157625876307521e-23 8.990507432469284e-64 -1.1832547569550604e-34 1.7223734107641364e-48 -0.08258584801998514
3 3 0.22767865238057686 -0.406555599418562 0.23081702169752152 -0.3366991002327158 1.4510732753444042 1.1246517405834048e-37 0.17839247083825532 0.08226466003125463 -0.2525534101238728 4.910762063847281e-64 -0.38804122512003003 0.49430865656309125 0.013985696321867264 0.33279146738115917 -2.0529281307949183e-25 -0.4968980535201197 -0.0012848739990018023 -4.294438691251622e-16 1.3907172125534818e-11 -7.411168824808752e-34 0.2075431429203018
3 3 -2.4617971614209872e-59 -2.3084852983944822e-17 -1.4052957606386488e-67 8.923886209298662e-43 -9.760496251863825e-19 -6.308947072346513e-14 2.6118683832071905e-40 2.834294270975182e-53 -8.806063695112735e-19 -4.848844210000074e-49 -5.446080691134127e-66 -1.4440431724691533e-24 -1.1711629007716608e-66 -5.496230916685478e-13 1.607358189339295e-24 1.5593622119250945e-34 3.583208874574978e-41 -1.3455425677612386e-27 3.312972070184174e-28 4.34785317053287e-34 -0.13086151929928574
3 3 -0.2784560296135714 0.2533748115853617 0.10418536350898146 -0.08267127577637938 1.2816171336597004 6.309978176447281e-23 0.24206048497831878 0.0007792393888958116 -0.20658136452590808 3.086346841438026e-16 0.2941666425244648 0.938327726775436 0.03168255995800362 0.034021942023280925 4.3359145946899897e-72 -0.289503398352475 8.824167875755553e-07 -2.424673021710114e-22 9.58400252148999e-24 8.974832858199864e-73 -0.1269230155084354
3 3 0.9855576301220454 1.2468696243813273 -0.2841571935918617 0.34077589135450376 -0.10161236528270434 2.321432898083961e-72 -0.41781175986131874 1.2969441524451195 0.06654304080364759 -2.8490815115901993e-70 0.14283449927597897 0.14475028783082802 -0.5421867250752205 -0.39715102102783917 8.030957879334466e-66 -0.8702429208931158 -2.1843229031663614e-07 -1.3077332562632833e-11 6.732457680039084e-60 7.960475045464295e-57 0.13547291419269633
3 3 -0.3671724022500594 0.14631315733870254 -0.2061955375042913 0.15951325602802166 0.9249699168680018 3.950195022419821e-64 0.11500520467304211 0.5090204663701592 1.3107680982495706 -7.222957338611696e-57 0.39071472772570304 0.21356610403201723 0.04233587584928055 0.30180104251845935 -2.646054570785903e-55 0.5073799335026892 4.1166438871801084e-12 6.128534150205875e-72 4.1167430239848394e-49 1.3343234674747199e-14 -0.1992935059919814
3 3 8.252870420865655e-14 1.392553651381892e-15 5.991448244681282e-43 -2.458745654056214e-62 6.185446400055781e-71 -1.6263932517857598e-60 -5.096492870846526e-12 -1.9241901338016017e-49 -3.470460095160643e-19 -3.720064947833345e-65 9.516176477911164e-47 -1.764574423041126e-50 5.971597282108584e-69 8.671841351804742e-15 2.3430563074162997e-50 -8.033445144388037e-17 3.900372120553198e-45 -2.486650090777688e-12 3.7037656778593955e-23 -3.175584460973115e-15 -0.168185576096354
3 4 0.2672060025612298 1.1313307620896564 0.21428486359849053 6.404605246842881e-17 -0.5486409372570268 3.5631517859491693e-71 -0.270609551337693 0.4048644237090578 0.26449569194857364 -1.43426141503738e-36 0.1883672398585981 -1.6705945420102757e-07 0.5749466078576492 6.772671812468428e-54 0.41254495468433466 7.485868342629697e-11 0.28651829343714774 0.9110666814722304 0.5935881377660247 2.6051573597014133e-20 0.1661543205311383
