Number of NNs: 3
NN configuration 1: 2 20 20 20 20 1
NN configuration 2: 2 20 20 20 20 1
NN configuration 3: 2 20 20 20 20 1
NN Layer Weights Bias
1 2 -0.0021461318012542135 -0.00039711391878253025 -0.5113836335568557
1 2 0.17178428974511195 0.5115366641330696 0.015448965815558838
1 2 0.5271513737402758 -0.2464135748410059 -0.022647894523563666
1 2 -1.1207814491503103e-06 -0.00044036940698445284 -0.10481580251829459
1 2 0.2385273085797217 -0.4287491109748216 0.4156292351398456
1 2 -0.13719679975879637 0.15229049669902328 0.2104410923166801
1 2 -1.3530640734018773e-09 -2.0453122724946137e-05 -0.013707181138246316
1 2 -0.5845344646766137 0.05075507435917205 0.22868312321685239
1 2 0.6073699007658726 -1.0097205493531116 -0.3504592303752939
1 2 0.102358817075029 0.3148838225449325 0.23616778490215695
1 2 -0.19570967668497713 -0.298114190648609 0.4936788441282239
1 2 -8.866022952462645e-13 -1.6515910358734838e-05 -0.31915038458106404
1 2 -0.06435445538552612 -0.10339160061031122 0.4945840056002942
1 2 -0.2168289683450312 0.5528663921228889 0.025868218085635466
1 2 -0.21105692607026189 -0.4146245738268531 0.2778006383983034
1 2 -0.32885206084922747 -0.2835267935683939 0.2813549023135417
1 2 -0.5013858223700204 0.09581716514282801 0.1419808951562525
1 2 0.46235175966585706 0.62488385109869 0.23046872204772442
1 2 0.3833929218422737 -0.15421309370607764 0.12629513932222125
1 2 5.55083156447797e-40 4.738440581457143e-41 -0.25112564319839037
1 3 -1.9921512953506664e-42 0.04199892964451888 -0.05542034341171073 3.4813078155851154e-11 -0.022485078548643074 -0.013330648486151649 1.6320234401140306e-07 -0.030287343803831444 1.4171918523329365e-08 -0.17658140506640102 -0.1482977228771564 8.970743268805381e-35 0.1571478575879741 0.001539780231572956 -0.042616360138319195 -0.013378064836736916 -0.09553012445348887 -0.06786484016597635 -0.04549912966437979 -4.647304367830485e-05 0.10311071749926597
1 3 3.330145051045395e-22 -0.256816672249387 0.1291372201275928 4.548659093782853e-05 0.03189519187425716 0.03833224869732579 -1.1287674090189148e-08 -0.04663349163387014 -0.5571237013965622 0.3082768996521935 0.32523110997919524 1.6795566716542198e-24 -0.41836267753189915 -0.1339432962502274 0.1142070585359976 -0.1729543178207619 0.19363008535388432 0.09935489379166992 0.12055005651544284 7.536174791907433e-37 0.3420262727289102
1 3 -1.2824106266419853e-07 -0.2885169271503829 0.44759620449642795 2.632831852781616e-06 0.08263871621018493 -0.6759716509310916 -9.860596514148416e-19 0.39713754446344557 0.6516671464172819 0.16167637079669173 0.16297619685340387 -5.520198986957189e-08 -0.15783262091771752 -0.3240507952991318 0.049744671230493843 0.15774621368570116 0.22068812514981884 -0.4409998464275999 0.11456908285785858 3.2553594657944995e-05 0.024065382299331278
1 3 3.700232973185195e-08 -0.45396713972525576 -0.3624066243950464 4.557399650995222e-22 0.2630159649303178 0.10342557754914843 2.2060093912643364e-40 0.2194615731851102 -3.9623922773079256e-07 -0.3996870936703406 0.06808979513214308 -6.406556646573016e-05 0.36658186185526304 -0.4614233149542494 0.05185886324854685 0.3203963251092764 -0.33052459271654555 -0.19160206087024192 -0.22085414844232176 4.34104357110464e-05 0.0224693862417619
1 3 -2.740253491809469e-12 -0.3410407388911505 -0.2501853133387943 3.8724710595834126e-33 0.05766285147743039 -0.06444102217554538 3.969094871399382e-33 0.3067675081380579 -1.0452282984035284e-20 -0.04812442966762546 0.25382199557987 -5.734805372192655e-11 0.00015421167708351178 0.29435801251543037 0.10787328534172849 -0.332254346918852 -0.3764210830621875 -0.11400909970455556 0.025268983206310373 4.5248983947553244e-07 -0.0529812729504538
1 3 -2.7765632035148637e-05 0.2872668306377258 -0.16799295520469767 -2.1289441915458737e-06 0.20834295430148106 -0.16193104428786684 3.961601654250986e-16 -0.3998944085242219 -0.6227817159646912 -0.12836158789067406 0.008426110836094363 -1.5566262388528066e-09 -0.043023962981588774 0.19261043658564617 -0.39027916978169697 0.30021984173472416 -0.0489770644770781 0.2669983337999318 -0.15294583455472185 3.5540547156620796e-33 0.18797675125113741
1 3 1.713879353525408e-11 -0.22711357331532137 -0.3032496848873151 3.084275687223618e-05 0.04617706863885174 0.006144713469583325 5.1994587493092454e-05 -0.004620727284398767 -0.49329731708727587 0.13904898644278943 -0.21874628155363104 2.722324114691865e-12 0.1864353434454886 -0.1388645604175417 0.14347705635974048 -0.36930014517241494 0.079249569934741 0.26329327413568027 0.10444494436963182 2.309399922776937e-40 0.023583120411879946
1 3 -1.7076715176890758e-40 -0.11242715535604869 -0.23659706659814841 2.7187678414907423e-22 0.07002339455186196 0.28810726138158793 -1.4112401318873115e-07 0.09375242220496743 0.4833207101069535 -0.24788232814201627 0.2374710250778666 3.5968256516162123e-07 0.12232502728657609 0.08158206660533501 0.07387330535798069 -0.25849293915770344 -0.007803263460171724 0.16042677640932657 0.15712867238068634 -2.9230252977211e-11 -0.0665476968323121
1 3 5.696581903032686e-05 0.1310714229976685 0.01673862292548475 1.5742647177262981e-10 -0.0618956630026899 0.2718835260290709 -3.204414704529355e-32 -0.005946743265675509 -0.37438387895431985 -0.1835218866821484 -0.12529930039631193 3.4963419111951874e-05 0.15706763751769456 -0.12116807227053127 0.04071728819895186 0.18554549436027154 -0.2175830781401488 0.17097369132609244 0.42645649971200705 5.274131466755798e-06 0.22724654640597303
1 3 2.875723740633877e-32 0.34497989980732113 0.49323748714245186 3.1070533548912783e-10 -0.3835848987790913 -0.37961139584171066 7.982052379558542e-06 0.7317471576039175 -0.125742755426701 0.13995123440165222 -0.6084708645564584 1.2942031792582435e-18 -0.387466773202443 0.3856053501821984 -0.03742935430220652 -0.4049368177221758 0.3560950914789027 0.3337362798003704 -0.2349087750548039 8.189691914311925e-20 -0.4694122511014364
1 3 5.703377888127489e-12 1.484113578220608e-07 -1.3073957919849027e-05 -0.00011731461315047155 1.5856405128205938e-05 -2.445805234768466e-33 5.924707261109861e-07 -2.4368288853452814e-30 -1.5307668517421676e-22 -5.447795943370178e-08 -1.4135990857188307e-13 -4.9146405082325656e-08 -2.2176709089484472e-06 2.385611946244978e-18 -1.7614135223779502e-06 -2.3561885458085267e-10 0.00011661102390528362 -8.809837354983051e-07 4.445475965794077e-06 4.1557815216071935e-08 -0.21738971695671871
1 3 -0.00012859568466665883 0.2332182263619068 -0.10063211849449182 -3.3309739034863306e-14 0.15297827945670497 -0.02921931696147552 5.3945848671557e-08 0.20903551531926773 0.3907374939510685 -0.1994577284879456 -0.15172296931039767 -2.0721159559405167e-39 0.10055067934245242 0.11744078152672849 -0.2317975436267325 -0.38865370431532953 -0.2730584531417102 0.36522960303404084 0.1613024001381829 -3.4294351009204643e-06 0.12778464864708555
1 3 -3.472025015202945e-43 -0.3880523936912068 0.08927908771739654 1.4374639844493344e-05 0.021772055397661562 0.016460849723012202 1.592373098761421e-06 0.3571318005089535 -2.3964457324082593e-07 0.06557439491137518 0.3188039073187619 4.88444139127011e-41 0.19507092594956302 -0.6840663854872129 0.3097015122433422 0.2675476121209122 0.06509263984992107 -0.1221894906817525 -0.04882486668242449 -1.6689660930333629e-06 -0.2823983911137388
1 3 -1.9147356734197458e-05 -0.02768699844799094 0.2119119796079041 1.4268944171674853e-11 0.323295040689062 0.1120156865873498 -3.366259733279391e-07 0.07820147411321057 -0.1587225785316895 -0.4284747827205318 0.05635870404261884 -2.6030190012098664e-40 0.08769135070873457 0.2183324841210954 0.21822166337498491 -0.20393431897158174 0.1375612447481136 -0.021801573787486934 0.1766544711138521 3.7571547488056366e-08 -0.28102754363854576
1 3 1.1964563246566757e-17 0.2662224243161411 -0.0422672370610604 -1.105493598265437e-11 0.3353057085915553 -0.030754549381439407 2.7120851419300625e-34 0.37880242027395017 0.33568812434357265 -0.24035093338094907 -0.1600847384931543 9.481394830160954e-34 0.2818689286557689 0.12036089285380702 -0.19484828424133718 0.19073352399219842 0.3332315880441524 -0.028347888380982796 -0.11340699586930926 -3.878337366855776e-09 0.396241550112433
1 3 1.532450175234265e-11 -1.3608929188463424e-14 -6.731106349450603e-19 -2.4124564427443946e-05 -1.6395566979867124e-15 2.8985567417882953e-09 -9.319326231447493e-13 -3.522032895537613e-18 6.885082084028992e-12 2.8581840981488527e-26 -3.413348532242452e-14 -1.0929862622745768e-11 5.291427442141594e-10 -1.3016911333104997e-16 7.899148081450876e-08 1.5323254019057118e-25 -3.0863527988335003e-07 2.7197540869663984e-34 5.99705918335893e-11 -3.5614570449091e-40 -0.33521322924414726
1 3 -5.420552153556903e-29 0.1974350680800334 -0.12001839334896482 -3.5105739042896307e-09 -0.06641143024415817 0.24565892108546042 -9.066536967003505e-08 0.1638112874612671 -0.6939206785025526 0.03258727592364652 -0.16630856898414112 -9.781543927857678e-27 0.0848708619002724 -0.41129133921591204 -0.26719761519456614 0.1013373923654852 0.09429324199498414 -0.23120627359875615 0.2965911710184664 6.59059605933011e-42 0.24320441837522874
1 3 -1.3805342450449715e-05 -0.40354165421815447 0.07935251000792815 -1.3287159187814548e-19 0.011614248891436411 0.06922553983379891 3.885984840003244e-06 -0.07092858171091154 -5.929237718525688e-29 -0.2940595916729831 0.15154251163264157 3.483740363406317e-09 -0.19450700894929182 -0.6234537386754301 0.4498393674196143 0.2372688167479149 0.3360847645158541 -0.2821041166671839 -0.06674340654407007 7.411540820939565e-34 0.10998977425288031
1 3 6.901259731985752e-30 -0.014227485156551008 -0.0042190931415161245 -4.3142660389487714e-10 -0.006337397176062216 -0.005492551634228089 5.0028970439827314e-14 1.88220476835025e-40 -0.0034350813897192716 -0.008512422794073875 -0.03135711958248287 7.552114021160942e-10 -0.039435428253724016 -1.3200827771318553e-16 -0.0009347368696249133 -0.0015752133416084653 -1.0477991697323864e-05 -0.07289962000042714 0.030983868186928047 3.9465516865673385e-08 0.050224856271395536
1 3 -2.963554468574203e-07 -1.5438745559003983e-05 -5.190294250914284e-07 -9.321788195340653e-23 9.462181549667429e-06 -3.054940903892862e-11 -1.653437511626412e-17 -2.7344329933996515e-12 -7.905001777641574e-07 5.083657419759444e-16 2.4610175672934016e-33 6.490829442162572e-15 2.6854606093073396e-20 -1.1812079342794224e-36 -6.658042765386612e-16 7.4709820631823e-13 8.699866947935312e-39 -1.4918692225637948e-10 2.022002865816589e-15 5.256053529072332e-13 -0.12402871144368366
1 4 -0.011160406289026854 0.22060668687142024 -0.27268222235728073 -0.27465890529792697 0.0740607836881412 0.29709851531301845 -0.1847591211364774 0.22984964686502882 -0.15088955353526837 -0.5237203470766106 -3.193082471968289e-31 -0.2958714068085671 -0.43157995588365233 0.3268923982452621 0.18193426003915067 -3.565788375613588e-33 -0.260973878136356 -0.00490091888981432 0.002612614961600639 6.403774676238012e-05 0.35439409889746126
1 4 -2.5757771592961607e-37 -4.839938610168716e-05 -1.7031625402419322e-05 2.063091137743751e-41 -3.498425997026239e-33 3.928728499408033e-33 3.762406657854265e-16 4.1955517095632095e-12 -4.106040323713884e-37 -1.2201773714541109e-08 -5.846290062781806e-06 -4.398443978919941e-29 7.453902765961401e-08 -5.434292005518416e-29 2.4616620387612596e-05 3.6657367322158796e-07 -4.375644234533561e-07 3.0567384548207293e-13 -8.222022696003685e-07 8.968675351040053e-06 -0.2406324453656948
1 4 -0.03634898026571005 -0.16880735802814634 0.30076100827710495 0.559336446348731 0.0004269237601576165 -0.34476374349520744 -0.030363756354126404 -0.3192917375221598 -0.05763219523137926 -4.8312854383149117e-05 -5.435410670718929e-06 -0.3884556863841326 0.40279004485090003 -0.031757886463818004 -0.1527392406873519 -3.6879513307220375e-05 -0.11098802298821223 0.35676615318623384 6.594926907524325e-06 1.1828918107193687e-07 0.18512464830358588
1 4 1.3983625302996526e-08 -8.425845454775707e-07 -7.686326224316331e-08 -2.4815490928134962e-29 -1.2976816668041313e-08 1.0295265803633574e-15 7.218397619579624e-12 -2.9759803128234563e-06 8.036407246234491e-05 4.19377723302864e-22 5.886281145964938e-10 7.778295831737866e-17 -3.383027465060932e-06 -2.4394688305134504e-39 -2.8832242365717636e-08 -3.221689812227645e-16 2.877956026532049e-12 9.654320889500155e-07 7.414076705981654e-16 -8.054749438408079e-13 -0.2154628444223682
1 4 1.977635164640561e-09 0.025788659302217413 -0.7266074405466159 -0.07928526092892187 -1.6553689019231258e-31 0.299210279984283 -0.2605625998199584 0.1349435349780729 -0.30502971466158385 -0.6830365657542744 -7.928943498352964e-09 0.2930890405667791 -9.051329604615587e-41 -0.06640834712897403 0.3121082179667756 7.468265383118426e-05 -0.16447890849001018 -4.2342960518283794e-39 4.020863796752029e-08 1.2898658772009507e-31 -0.1932035163276708
1 4 -0.02314967221857598 -0.2297795764181619 -0.04608984332167883 -0.31184064748332263 0.12646456841676001 0.2985629962154216 0.05489293072002682 -0.1700512082874018 -0.05020175662127954 -0.6635895048116477 -5.191615265577267e-05 -0.3591750423517472 -0.3361908401122257 0.33042413262482023 0.11770258203752523 9.025178964329585e-11 0.3180033785177873 -0.4048248523241421 0.017660257187247036 -6.030455287816716e-41 0.2385515974314903
1 4 3.569716169053241e-08 -0.15887347335528176 -1.1029981011084922e-34 -8.316485079436689e-08 4.86212293546298e-38 0.22026867805434872 0.07498870219098967 -0.13971093972602927 -0.045563940626701604 -0.16660813006053363 4.71277584442243e-41 0.18254904595642224 -7.558084618267688e-05 -0.02003042633032555 0.009854054772428712 3.1120671118824444e-26 0.07935873032671786 -2.7183479960056745e-05 1.460488412902753e-26 -1.726022743312754e-11 -0.19511736853868603
1 4 -1.5243078936131604e-05 4.1936425537759436e-22 -1.6096962516667404e-24 -1.3860905991264753e-09 -3.040046865906424e-07 -6.7461249595662085e-34 -5.279956346769789e-23 1.695769850920471e-07 -9.671633895024353e-08 -3.454427566549756e-34 1.3768329887576855e-39 -5.0067566971487134e-05 8.937545852493644e-07 1.4818859561142117e-07 -1.116756572679731e-14 -4.424552414443152e-43 1.3015210861220869e-06 -9.066849034469457e-09 1.2610651205062781e-06 2.8073727291829766e-06 -0.20865918849701753
1 4 0.010029371271753445 -0.011819646633431422 -0.10895168017668413 -0.04828730825297166 0.019987434013267195 0.3455583131601507 0.3343222889448059 -0.2518039743460797 0.25059091867465444 -0.9050117149007052 -9.102254782162451e-05 0.25374487703846627 -0.26975374925379264 -0.01504786305213287 -0.3379104624482208 -1.4593026740301955e-42 0.10295491117983482 0.14832951442965603 0.0013499690402529636 -7.317853130175342e-12 -0.046147965714917166
1 4 -2.266888941503336e-05 -1.2413673499056376e-10 -1.0971074598465752e-30 -9.938228856387273e-06 -1.1998714920566733e-09 1.471907216052663e-07 -4.934848428820262e-05 2.1681082493727e-29 5.445481690494681e-12 -1.7025705062997743e-26 -5.261623053953369e-41 -1.494508099579859e-05 -1.7391351499152923e-09 8.896950590748191e-13 -2.1632700919366166e-05 7.47395711095049e-09 6.431104000300021e-36 1.9539390148261075e-11 -2.2318151353190696e-06 -7.870185106130998e-28 -0.25669161615076197
1 4 9.815167924448188e-12 -0.010450342198695561 0.13307106996659376 -0.16205776451943849 0.005103222995113626 -0.27006041558983107 -0.09912885454112356 0.24140197050458512 -0.3024605893306388 0.2285705832918176 2.899991308308405e-15 0.04155608272952493 0.020811015616127117 -0.3153899006417164 0.1242969790447564 0.0001339503933564168 0.17180869084332598 -0.14315663191968245 0.00010384680294275912 7.561385248439549e-15 0.002714749812173871
1 4 -1.4436358478549966e-11 -0.04335859728280426 -1.9841605994916366e-32 1.7137719194200527e-10 -1.5737508394781207e-09 0.18689386222087961 0.08018399288200413 -0.01363287985398652 -0.2702586664846304 0.18320406711033746 3.1696201017360075e-05 0.1926627199165586 1.823131095421388e-12 2.0582032865833006e-42 -0.10727056588317775 4.2314154539151877e-22 -0.058321293653819134 -7.079108892993157e-05 -4.391525535564939e-06 4.1437013637198397e-41 -0.11485949056114945
1 4 -1.8911457005712623e-26 3.869069743230959e-06 6.773497473566946e-29 -3.64660020612962e-14 7.363021135593452e-10 -8.469052567185142e-14 -8.829418444546125e-25 7.198413739798767e-08 -4.3710455154557266e-05 -4.4252013818087966e-05 -9.197676381322715e-05 -5.507345139042568e-11 -1.5546598067799763e-33 9.342028778490391e-08 6.73125931274037e-38 -2.532622654084326e-06 -1.1451960658967034e-38 1.6351627130074706e-30 2.1940838806157898e-05 7.210365267757748e-07 -0.3852365744930496
1 4 3.481540747891484e-07 -2.316561285232358e-19 3.778399743064407e-05 -1.0209825826993171e-36 5.4876953218469524e-05 4.3197741598123793e-08 1.4072995314133877e-41 -0.00011282446411659389 -1.7537961311520932e-08 -3.3434491887877463e-35 4.105826969106233e-09 1.0833398314965218e-38 -4.549548802173052e-33 4.8824127371553986e-11 -9.585687230520253e-35 -4.4905665573187796e-41 -2.5602605467376395e-32 8.69495600725225e-28 -2.9365155449222353e-05 1.0873371520776879e-23 -0.14159635538389154
1 4 1.1048355417938615e-27 0.22668424861661723 -0.23623976062676805 0.15169218091175482 6.2677116789422565e-09 -0.06778507089756432 0.16972340758280183 -0.07306798411007193 -0.1857036114176648 -4.1060043315380507e-11 -1.1966338191427669e-08 -0.0027710964748758086 0.24708201713524078 -5.86798925029027e-12 -0.06275256020946751 2.980554840517407e-06 0.0798770372019669 0.048339891945304726 6.005675035433952e-39 9.158525870383676e-09 -0.14498608560426263
1 4 0.030918952025419187 -0.08385915422780435 -0.6598015651112589 -0.36845858555770916 0.2692628393860341 -0.16937709418949295 0.15724745428119954 -0.3668722747225826 -0.16411251897300028 -0.841701855928451 -0.00011356269351734236 0.02195230312950874 -0.3640424988514254 0.09637356793215521 -0.0886039658274193 -1.577870537472803e-05 0.46255202429729536 -0.179127211388015 0.011781710012969026 -5.151217182986197e-06 0.3630996432241699
1 4 2.284750481161975e-11 -1.2166821720533456e-42 7.1436753593898285e-09 -1.350198018278773e-06 -3.3704633684895876e-11 -5.371980427368367e-08 2.22677273803988e-24 -1.2708864536678056e-36 -8.214097911091682e-37 -2.49358440229186e-16 -6.83906477647638e-11 -4.791517921378385e-40 7.66582624981594e-08 1.5198217364428452e-05 3.3981673441949096e-05 -1.4915219341314026e-05 2.400790794431746e-05 -5.3755319871566244e-14 -8.129408485019815e-05 1.269975925474027e-06 -0.1385051399205268
1 4 -4.736689172047626e-39 2.7270851516158903e-11 -1.380021812343985e-16 -1.90543261831467e-22 -1.2798408004530572e-05 -9.492691253131152e-22 -1.0744837736940145e-18 2.387657460081813e-09 6.260838065165523e-39 -5.696434128209861e-07 -1.6072327980850454e-05 9.261191525917684e-08 3.0881938973348203e-07 -6.8821405886559965e-06 1.7073291238376493e-41 9.785615176324896e-07 -1.2311309981609695e-08 3.194342165380295e-07 -1.394662492471446e-15 4.659633917653989e-10 -0.370782645151957
1 4 -0.0322170662491631 0.19969773581001807 -0.46002839681247853 0.09470632192813949 0.08913740338423981 0.17541970200765344 -0.1367241821988055 0.3479289197819323 0.25447838465717476 -0.651862717018469 -2.995127316051095e-29 -0.20689936949218832 -0.36882474243017516 -0.23318754193894461 -0.2152955779317507 -2.387399527890218e-05 0.3927480807183959 -0.4696536513696474 -0.009458009487415275 -1.4537242652756634e-05 0.20941243139590113
1 4 2.388788709275235e-13 -0.00010093274396808721 2.6895412288993584e-05 3.9564653685915506e-10 -2.0850856470851512e-14 4.0704600197074604e-20 -6.412106440649473e-14 -2.810735392121394e-20 -3.4074706989649728e-06 -5.261472431492686e-14 -5.848251826186301e-10 -2.866535118468286e-08 -3.1968216597795026e-10 1.3002906984389223e-40 -1.0394244812525984e-19 -1.6923071948128815e-39 -1.6054359756581472e-20 -4.4710619920537366e-05 -1.665959845769193e-30 -0.0001370625320424484 -0.004660843400144127
1 5 0.033210633025232236 3.4637180514305867e-42 0.47168069959476194 1.6832228550545154e-42 0.24101405650163268 -0.1245079820934975 -0.07057838422378636 5.170208413809161e-39 0.0047659394892332315 5.330588797828073e-05 -0.14290310883708116 -7.918720443557934e-17 8.671065776502708e-07 -4.723176142168864e-08 2.7809529533631026e-08 -0.10299371210993467 -2.616445818458941e-33 -2.2861308061341065e-05 0.16682846990334343 2.698017466688262e-22 0.18518509931191787
1 5 0.26992501348971065 -1.1938311387487715e-35 0.3901041564603971 9.30478556697139e-07 0.07272331580648177 0.15772940944388814 0.12565956359450237 -2.0477101812899238e-09 -0.022209308914602842 1.3421531748353477e-07 -0.05821294269585475 6.34699293778038e-06 -1.428710205833688e-38 3.925318564756974e-33 -3.4847001609458372e-06 -0.536765040381395 -5.640960071446748e-07 -2.3167521501830745e-10 -0.29925742453499343 -2.034888963564632e-07 0.09178653300838323
1 5 0.35138270015194134 -2.132748225775094e-06 -0.03209305731772413 4.261029286786901e-07 0.318151415494535 -0.06413552334562735 -0.18140485024181766 -9.828502797202763e-18 -0.12872351161295528 1.8457835100185084e-13 0.3181495177738488 2.8043250304376317e-10 2.221196913307356e-06 -1.1122376396438772e-27 0.0004914881807416906 0.1498571347276338 2.8895318190870855e-08 -2.8488410203621674e-11 0.11609621139245764 -3.270219713289663e-22 -0.04372286037862646
1 5 0.3511533686480433 -1.1319537119682866e-05 -0.43237067671934726 -5.2314349424801134e-05 0.44639019908284816 0.4133206048293504 0.16628357965124702 -4.3859349137409e-37 -0.0261288811510985 1.4396086024798395e-08 -0.1509572890907369 2.6234521230117055e-13 1.4847386024777585e-05 1.3979627456401168e-23 5.563273219981551e-06 0.44671847442185436 -1.0560185964911414e-12 4.927927961667905e-12 -0.155424385873789 1.1323993780460462e-05 0.22078767828317244
1 5 9.81267064034576e-06 1.1026013079281872e-06 -1.4360884453201972e-14 -3.4469061419996976e-06 -1.6268269244884626e-16 -2.736775420087231e-17 4.069417516533994e-18 2.4019076631798136e-08 1.196249587180384e-06 -7.146215922540437e-05 -3.9073650320254865e-09 6.759772629298232e-12 8.46332023395238e-05 4.060277050753626e-33 -2.0975246666902057e-33 -9.890860500669554e-12 -2.2581196174386217e-07 1.2285595579651791e-06 -3.020079245116184e-22 4.348495192311779e-33 -0.341155422666879
1 5 -1.8256758980479168e-12 -2.2095663229306236e-09 5.281321853205974e-05 -6.654417550689463e-07 -2.0635653090048336e-09 2.622504825307554e-10 7.364025496335737e-06 -4.2949589624847536e-10 -6.553179111153866e-22 2.0569283177249773e-32 2.2141422282592845e-24 5.9443960221787994e-05 4.624900489880663e-19 6.6138278207033e-42 6.407637559599993e-36 -1.9706511252026625e-10 0.00014376885325712133 -6.426101466536127e-08 2.7852070450104277e-05 -0.00013849098276591266 -0.25973558232668115
1 5 0.15357208430026859 -4.27700183206314e-40 0.5757572328873485 1.3291649664372272e-15 -0.1597844466551333 -0.20777952035460795 -0.19106935177156714 2.843443523684529e-31 -0.05887714234170758 5.932854973617268e-07 0.353868565909838 1.3264484973271957e-06 6.609891321600376e-30 1.2896222863693313e-14 8.823385776589747e-10 -0.46819022360815055 0.00012273940640579304 1.7496734940332872e-33 -0.15474762611654216 -3.0851940645290034e-12 0.3358729344649921
1 5 0.257400354348858 -2.132402746494508e-12 0.08887842627204562 1.85366505803638e-08 0.015504566236417503 0.21017099292876637 -1.0927212991170953e-07 -9.621790805505123e-05 -0.3820778740593823 -6.765059181566094e-07 -0.1355618050281451 2.2225842428549796e-24 1.4006590349310313e-31 9.65819234413719e-07 -5.851763236132673e-06 0.0038392580275982955 4.541603894497464e-05 3.459599168037358e-12 0.330094438841328 1.0731656185833686e-08 -0.247804612213576
1 5 0.14514923281120312 -4.461592450064315e-10 0.32441211673124054 -4.444070293552445e-41 -0.23685932407628896 0.2152432714047251 -0.24917330331809287 6.216726283837064e-34 0.10470929623855274 -9.51514804400111e-34 -0.19341877994338738 4.292892265395293e-06 -0.00011339698693362472 1.3608148976653635e-06 -1.5311989744243738e-06 0.02881092999893486 -5.609062551088248e-40 -4.575272820984261e-13 0.07379641042876309 -7.133419585752828e-07 0.42047846798241445
1 5 -0.27884178319635433 7.780356827928027e-06 -0.303527898588379 2.004506085298138e-39 0.21214023980226873 0.5135159182438456 0.16035547468466232 6.889744823985355e-42 -0.33650064149968895 1.056532630167141e-21 0.03273872753612325 -9.782945571224296e-13 4.0977142054641105e-05 1.6414189722538842e-06 -1.9959345266004204e-40 0.6177346134937327 -1.9935441381852635e-05 8.381629444074161e-09 0.2759894836013961 -7.552574963125382e-13 0.11831000194768174
1 5 -0.22460262680074422 1.6348035642700145e-08 0.27937998912514583 -3.527592227255722e-17 -0.5514992082296105 -0.5074157643888408 5.5685121417545104e-08 -4.45190369883963e-07 -0.12460001450483262 1.3352756090505182e-06 0.000491661482931343 7.446003379906318e-19 -1.3058978724432963e-05 -6.899309466996742e-16 -2.0844936715492954e-08 -1.1459909429552535 -7.474225534051992e-09 -2.3582726558564057e-31 -0.10066035142340093 2.2390342545882485e-07 0.3117286259825333
1 5 0.0320071734998271 1.4824101193772557e-06 -0.10902423876736078 -5.55144977881975e-16 -0.3486731148412169 -0.35165194405668954 -0.10602997282373873 -4.623581107644836e-40 -0.11689438040725028 -7.996834767275874e-32 0.15345509368843277 2.2204248313738354e-33 1.9616508424258625e-29 -1.3274919028188863e-08 -2.3958760208301857e-05 -0.30771346205121675 0.00010653567507696816 -1.5260284893923927e-07 -0.0012872266926748227 -2.543509452440074e-20 0.3196208577517801
1 5 0.2761228676673158 1.348281541419022e-33 0.08155667824423976 7.383722023722007e-05 -0.305228159555267 -0.25674917547894743 -0.1911131309438001 4.272019724937912e-18 -0.34404361288613805 5.46189980238623e-06 -0.05333687385488943 4.064186690515418e-05 1.5824910167056343e-05 -5.648668644765452e-06 1.4013502026390705e-06 -0.3743954146928523 2.220288369079738e-26 2.127671252821275e-08 -0.11848924445087285 3.2555728786842094e-06 0.1661638961649634
1 5 0.36821842914885833 1.3975784276256202e-08 -0.48779121862684893 3.118702674001085e-09 0.40398632450965116 0.2262650722358605 -0.2897712828376167 1.3171040300890033e-06 0.05720815715152098 -2.952170386053615e-05 -0.16010987610427815 -4.560909578492896e-26 -7.770658533826435e-14 3.371110306241514e-05 5.6628496345258115e-08 0.21087276284774897 -3.4775759371167726e-09 8.651338186281498e-14 0.1477211906503392 2.1778356810781883e-22 0.20074730438295918
1 5 0.3128413078572758 2.5067623077756208e-12 0.11045152306750573 -2.060025605607426e-10 0.1723066828400931 -0.19340950139958246 -0.10072015925321416 5.103433134927278e-08 0.3848807736570387 -2.3235844321434894e-05 0.2053469133204538 9.113607125725187e-13 1.7543413747215365e-08 -6.34820501602303e-12 -0.00019047546460657547 0.01934442497738245 -8.455357125359648e-38 -1.5474338781432286e-39 0.17590898027850654 5.230796086386746e-08 -0.08744317467849133
1 5 0.25145200490426767 5.1930469344360215e-11 -0.10937102082036339 2.5668624492440933e-06 0.048718528443496514 -0.4335498487908265 0.05339116954177415 -1.525021124604271e-05 0.24715473235856514 1.7096989028254294e-05 -0.22525950728228483 9.908493384177136e-06 -7.119731271470942e-07 -3.273987474715385e-42 3.5775327232441756e-10 -0.21830929409687574 -8.350243513629389e-05 -7.169294631176443e-19 -0.3834967630722613 7.385404536331613e-07 0.27580798635084386
1 5 0.19099148530732687 -5.192190973613935e-05 -0.37019207461479203 2.8935364274794156e-31 -0.2297818344694718 -0.0758178446612959 0.11585643813516727 -1.3492196908557272e-05 0.340610084778116 5.24533959661231e-05 0.17082386679682854 1.9270858814993175e-06 -4.624251354532478e-41 -0.00011871615647923438 7.697366689313157e-06 0.301856599285887 -5.998754011565195e-09 -4.753432604039057e-40 0.0779491181658563 1.1303282300417104e-13 0.027445905697357723
1 5 0.402643181515913 -9.1617909583588e-26 -0.2577997698314449 5.9271988175944564e-05 0.051030786602497685 0.450029151121859 0.3369833187722507 -1.9825036044427255e-25 0.11290609522289886 3.0733835720545507e-05 -0.36650854521289766 2.1688001244185646e-06 1.4665481814744869e-19 -6.881020867821973e-16 2.009017752950032e-06 -0.02335319552756526 -4.950346323224384e-13 9.839411190798527e-09 0.40253088480631494 -1.823201084178839e-07 -0.2014991785810185
1 5 6.76778135641092e-06 4.393227778938848e-16 -2.1213187634990385e-32 -6.15241669740039e-39 5.517968036298148e-16 4.91272099566532e-09 2.5332970167564507e-11 -1.54413288583131e-39 9.828468091420125e-19 4.689549263672754e-07 -9.296435416767087e-06 -6.562126736920438e-06 -1.9963072915469785e-07 8.762058555716164e-05 6.655077151935651e-13 -1.3230349745117818e-34 -1.6282633989940786e-06 -3.754713892982969e-42 -5.377401721594966e-05 -1.7353278114560394e-11 -0.23591000426907172
1 5 -8.272365686337883e-06 5.635662903477255e-16 -5.40509991293105e-29 -1.907312187790203e-12 -9.112385856875118e-06 -9.299291893366679e-06 1.455963704145463e-07 -2.2046287043939335e-29 7.051677785255913e-13 1.4700856677883528e-11 1.560573509516614e-06 2.8918933540440032e-21 5.692035840751694e-06 4.6752198609787e-37 4.9008623597490425e-11 -7.5753161804973675e-06 -1.463352617577176e-36 1.8162066232513136e-05 -3.457753410050726e-11 1.7721119860192296e-11 -0.01246363782116755
1 6 0.1412475703222447 0.36257761433049235 -0.479511445292159 -0.35865895503963163 1.5441496750297072e-05 3.2800266667657626e-14 0.38136775377680326 -0.1866004193601208 0.10192627714199726 -0.09774827619139262 1.017952954811101 0.27427878286230223 0.8103620310139892 -0.4552480765000744 -0.21365458889179062 0.5048351572424636 -0.5181241888456828 -0.5084212627979661 -4.5189654442395e-40 -4.306326768739348e-13 0.4297512983886879
2 2 -0.32615385937337726 -0.1258688062485776 0.15228573807919696
2 2 0.06644985672132225 -0.3917595554131171 0.3967914493902336
2 2 -0.08119713594723547 0.4688782016631907 0.41354761469050116
2 2 0.050514427804963 -0.3593050442784033 0.35564606684838207
2 2 -8.02107597104413e-37 -4.3632889910818815e-07 -0.2851592963101537
2 2 0.36392465808332 0.2524650911611589 -0.18102814957141078
2 2 0.003371215198884441 -0.33274044217741905 0.40893164109693403
2 2 -0.5445183021005625 -0.4934597324153096 0.26979618163182095
2 2 0.11476571810630527 -0.0709796543063637 0.4030107676940711
2 2 -0.3094496867000716 0.09948634166885605 0.320004791455697
2 2 0.005967986904134602 -0.49170132575588377 0.14750059961574702
2 2 0.45550344681788746 -0.07451529600084403 -0.17533397099761014
2 2 0.47152014863383984 0.07411017022914307 -0.27949139862071964
2 2 0.047568210518911275 -0.80350090338128 0.18206348557209273
2 2 -0.15347375530357352 0.5514276467991349 -0.04784593153898365
2 2 0.08818731388075376 -0.14018909102106422 0.31847575713637893
2 2 -0.6171686147365546 -0.5612297094740804 0.30453619946431365
2 2 -0.017969976987960996 0.48169263568080783 0.01748716478706874
2 2 0.5130808066549767 -0.0917474008198635 0.3079336340567949
2 2 -0.029940936744043672 -0.4461142447519989 0.11728609567508066
2 3 -0.18253143385661313 0.14978980125078661 0.11146343638416459 0.31178186122730606 -2.2193704888669511e-35 -0.24805650091778783 0.03050528867598765 0.020604917930867276 0.13726569995048066 -0.05366854739338563 -0.36629222053482446 -0.09956940382841326 0.03656113681714115 -0.3271350010828067 -0.11157093739837783 0.4080543433302721 -0.3565760702700079 0.31079639787092755 -0.2526583954849949 -0.3394692976761535 0.349805219311076
2 3 9.223963503475676e-12 -8.952566527053768e-06 -4.354259207094822e-13 6.373595653588846e-05 -2.586126679787707e-30 7.744040174456939e-11 -1.9038136313943298e-13 -1.0181396618575166e-44 -1.6735061203260227e-22 5.3799079755267816e-43 2.4974814124833757e-07 -4.198906005116474e-10 2.4744882222635774e-09 -8.034936931230927e-30 -9.041330875957337e-06 -2.7648304601254657e-05 3.798996220595612e-09 -2.3948121246343885e-08 1.0094413693337456e-27 9.241928403284651e-18 -0.34817665787679847
2 3 -0.030453879798591196 0.03703921250162396 0.33395388511825597 0.04992388196753615 -2.8129174448179428e-11 0.2901118278847992 -0.11327099283272664 -0.028432331113630853 -0.19927021901579345 -0.18540632296653323 -0.21748977739749917 -0.4232813759326232 -0.5763530791224822 -0.4214262294182675 -0.24911333838452596 -0.19616524111599376 -0.07835835706569819 0.27793820890624044 0.38337040313227155 -0.25539276022803054 0.11784679223534411
2 3 -0.6251181322780585 -0.3509418802852006 0.06610702194356298 -0.3093285346928868 -3.6265768963879884e-09 -0.29813762474484057 -0.07175919379740213 -3.412688973189683e-05 -0.08018973659963435 0.13133419437895502 -8.46780501551192e-11 -1.3717875445056336e-06 -0.10675188133805437 -4.363219997585485e-05 0.19859259514912195 -0.024219367256301787 -3.1738798794480255e-05 0.059553553482669705 -0.25116031703583647 4.0079467940878707e-25 0.054911742074360996
2 3 0.2646054049507766 -0.08753215161357462 -0.026637508224827987 -0.04802258704201923 -3.225568287752394e-31 0.5505952064031397 0.0781004501606614 0.2093855684193028 -0.07305246720015429 0.0985526455141936 0.46106456246670097 0.27789447055161154 0.36167430942059664 0.3522349604306001 -0.0561829371011357 -0.20720648498966177 0.1827400473398333 -0.12033483663934483 0.13707123434985724 0.026350940211326727 -0.05969615403058259
2 3 0.21407353124756734 0.22828285899969597 0.06739045778008326 -0.2354917564622057 1.7452422965092286e-36 0.15786876682043383 -0.037514294822326925 -0.22762781911931648 -0.029181634493584054 0.232012165527343 -0.027826159922256344 -0.15355474930811402 0.06424230176265845 0.05664840458794114 -0.05403320312577896 0.3851391318739631 0.033690015055356515 0.18312839202737183 0.36638786001548457 -0.16241819004408814 0.13168150926544112
2 3 0.4550378918615526 0.09806834929655182 -0.11160167121122516 -0.24236567130822217 -2.678030501728494e-08 0.30337634435511923 0.3338433266749303 -0.08360963040629546 -0.038726782874869276 -0.25585364743140165 0.5195055475330471 0.3037607347553364 0.3548444499135882 -0.03419999713046428 -0.2306988371591729 0.22021047305421815 0.3006441242600092 0.14328814690818123 0.2834286271571558 0.20346894077880986 0.1238143021392229
2 3 -0.18906363164071582 0.22157145456718444 -0.04955149398861105 -0.10679750656297304 2.0162622663330571e-16 -0.3443008471969807 -0.20638566458337423 0.3764328321326308 0.26312871543919636 -0.14286291553637243 0.15888402245151523 -0.2100608822308568 0.6060780958333997 0.09788467884338618 0.3553872594049081 -0.13926148046214235 0.4963857679430236 0.02846632598816079 0.3176427884685286 0.14055231777536584 0.21958318353450157
2 3 -2.3523334312037576e-08 -2.265067611307508e-05 1.5157501906795253e-08 2.3612890552018126e-05 1.166288358095216e-06 1.409694597966512e-09 5.2152466982483533e-08 -1.517292104978073e-13 -3.7556567951396505e-14 2.9233075764298546e-42 -3.4734745198970184e-08 -6.948716177300509e-41 5.956356524403981e-09 9.121183408905741e-23 6.410587452185691e-27 -5.420155901994104e-06 2.360116265122445e-36 1.8620593403973762e-09 -3.94769709257388e-33 -6.999118130823586e-35 -0.32100768580260874
2 3 -0.177297363429433 0.05824755352384453 0.02190849606787999 0.21859781445838034 7.778822470875453e-11 -0.058168453810563396 -0.22346333770582508 0.342077732519919 -0.013989053960036307 -0.3545027368236219 0.5786948191365213 0.1566300405170758 0.04821866765397331 -0.035132905151719414 -0.4158216943464786 0.2604500124929243 0.1632349564373302 -0.5045315895603621 -0.17112645602852045 0.4098065138884268 0.3508366723357748
2 3 -0.0316727302406972 0.2773365046860592 0.37951347683689474 0.06364727939047068 2.0511991447125505e-30 0.04863942711721029 -0.12578058962704966 -0.0884010671431622 -0.1797395677952324 0.23161922645651734 -0.2638274059682435 -0.1984921813549594 -0.4307013456292356 0.23312398562961 -0.2610861540681837 0.11293603375055276 0.1604654201200118 -0.10706100473670807 0.2865027029452473 -0.26631314368312115 0.0026611024735619824
2 3 -9.860370149009946e-23 7.201688119397173e-39 4.216947879918332e-34 -3.3881209194407324e-05 -2.036398137540663e-12 -1.552572995980637e-05 8.8841343542048e-18 1.4775057175743947e-35 -4.2468829939118e-27 -1.426354930741631e-40 -1.8452674048770974e-08 1.21869323446505e-28 -4.306313963957319e-25 -4.03727618177631e-13 -2.4498422200035385e-05 -3.3377202410350465e-08 6.205178281548586e-44 8.408587968923946e-42 -2.9288412286121355e-05 1.4522106548043754e-12 -0.1677757029981012
2 3 0.10348873019685631 -0.27556403555940967 0.1522146449990058 -0.045735842401263195 -7.105715231900938e-28 -0.09745238449449051 -0.3184415609014284 0.453411779320569 -0.35314864161274206 0.1768067157758171 0.21186279403312175 -0.06964108619378058 0.4889544818016628 -0.002168807286505079 -0.14923336793344527 -0.25121427086527864 0.3719719702044001 0.4076365436737967 0.002057421252663746 0.5124853902712861 0.015142192221872313
2 3 -0.5986959096407393 -0.493751998662065 0.2179465933362189 -0.6342344823331992 4.118492194549205e-36 0.3127317886257792 -0.5593199420305314 -5.930144134872625e-08 -0.3710913223625605 -0.1794643122118503 -0.07282225163478143 0.37388652932491695 0.27780000531896265 -0.0025669612402099496 0.31681862490514145 -0.33375289043395096 -0.010081018825875252 0.1552579824689696 -0.2734883123795111 0.06504537974914058 0.253767096283611
2 3 1.5301629993491275e-05 -5.1520542730304e-08 2.4475465537556718e-05 -8.047006349858134e-10 -1.0875600073141399e-12 -1.8849667238327546e-06 4.496733471406408e-05 2.2837796129971984e-15 -6.1313191459736935e-06 1.1264901600176753e-06 -2.4351737869243037e-40 4.4071999073105176e-05 -3.6732742298353894e-05 -1.3658125186266406e-44 1.4683724896394851e-06 6.138378083817964e-06 -8.185121527167705e-12 -9.769595667192214e-08 -6.404724573423269e-05 -2.4429100878729923e-05 -0.034930284583078425
2 3 0.1267085286854381 0.31262639247421714 0.3674209536172473 0.27278968574290113 -2.32350959650264e-41 -0.40556698633229926 0.033997325211804263 -0.27453129674075394 0.19571026072723108 0.05938788739845542 -0.1180103099485463 0.011311941222042012 0.11312375088703334 0.41434363085565656 0.20171026702209752 0.07215683747406217 -0.24760106585867508 0.10992798537781877 0.3213693073894447 -0.06791299721027483 -0.2951930310282687
2 3 1.4826358727934198e-05 3.937635039738664e-22 1.3245074361212483e-08 2.294617922446572e-06 3.07458593502165e-11 4.269628918009285e-05 -1.014460900564655e-09 6.105185250404345e-43 1.0898366670201578e-37 -4.2742678563128865e-06 -5.675702974489546e-09 6.366533623023898e-08 2.4762325496131767e-09 -3.325896551900889e-15 3.565038329360172e-06 -3.018310608338507e-38 5.861016433585873e-06 -9.451154206092244e-36 -3.034039153305834e-10 -1.8900236690569205e-06 -0.3162543386236789
2 3 -0.42791370721610406 0.4399636710071362 -0.08060447940614529 0.3033626969111167 -2.2745806503667916e-05 -0.2854826928665405 0.12391619628171595 -0.3854997215463623 -0.2207876175267164 0.05932993914440723 -0.6363751989054323 -0.5421482457273834 0.05830929526156358 -0.13450761278103102 -0.2081627960481127 0.31954187896693825 -0.4714874515966521 0.10459747945276321 0.38709124411365625 0.04791879291546334 0.3446776562593781
2 3 -0.5716421231531235 -0.21324147438679278 0.3608962461791453 -0.0335893878501265 2.0269692831394906e-08 0.10710943980597777 0.24889269750534046 -0.5556938207636807 -0.1274595208567009 0.15467353723154584 -0.15697387920089256 -0.028073626862145044 -0.2475240252398781 -0.13611992362381756 -0.4648666744455773 0.30223729121858 0.08817499229760281 0.2326590771978526 0.06667231923938127 -0.37269689049567317 -0.10897657176726978
2 3 1.2347106717094542e-08 -3.0746987058581404e-40 -1.5005437262720778e-42 -5.860269981761346e-41 4.149660011894954e-07 8.955283064594627e-15 1.2575104717902812e-39 3.433414135130399e-11 -4.343352609033656e-05 8.492642751247685e-18 1.2076203852569576e-06 1.4928472576764774e-09 -1.416645268956411e-17 -7.648066054789693e-18 -1.7433512830876117e-05 -7.086960776815106e-13 5.558134911096313e-44 -4.75789035446483e-13 2.117114975517748e-05 1.81509017739038e-08 -0.1660899726571002
2 4 -0.03753573091258228 4.433941122811797e-25 0.49515432182131236 -0.3191128773613876 -0.46580070896454534 0.15487806314806715 -0.011966567647217237 0.0722453864823222 -1.3399062518916119e-05 0.11992987639829122 -0.23708258671749483 -2.3960349131301266e-05 -0.15728109088939635 -0.213713592273986 -3.538181677813153e-05 -0.2822972781184456 -1.5475044553056804e-10 0.33469342424259263 0.25137345698745994 -1.3852390230838215e-13 0.33270448921425255
2 4 -0.20093901304932132 1.062787672224742e-05 0.1056450234807284 0.3153908689958697 0.5196999188128338 -0.10731332662272797 -0.06889954163933214 0.27679486501996226 -1.6789357588821676e-12 -0.1067121767138464 -0.15997874472273255 1.2514176562226124e-20 0.5307666327501657 0.07484355094077981 -1.92866794411056e-05 -0.027278017066553424 -3.4006773655634947e-15 0.01180151253603317 -0.06523460478880472 -4.882747479247154e-39 0.2629042989758208
2 4 0.24128379029149202 2.708297220308189e-05 -0.2914397204375147 0.46944061844184665 0.5833504130486369 -0.08069597711244195 0.3294343206932717 -0.11343566716458298 -2.1153030888762258e-13 0.36093610964133865 0.11705462632340369 3.909877966341012e-22 0.0725146151428371 -0.05278788864944125 1.3582593173376476e-05 0.20300171684165996 -4.826469832582617e-15 0.2090180103924746 0.23508207882896093 5.004041904010448e-18 0.2000264791027417
2 4 0.2280793149869268 -3.629778268311401e-23 0.37282375991122046 -0.478545975670922 -0.380904967590188 0.38787539553272843 0.12781969193351314 -0.015801606675270922 1.3069945659174422e-13 0.028562691860304707 0.22666179790565116 5.977003937175184e-09 -0.18083406965906074 -0.5993553772168941 3.5738917933754367e-05 0.06629398781278938 1.1801613207872828e-42 0.332958279570299 0.3137051931196921 -2.3746739775280027e-41 -0.2869183370893413
2 4 -0.03331910804068287 -1.0926818835893403e-07 -0.8265328926823459 -6.177483755558656e-13 0.1206351739249081 -0.008280527653810717 0.2450782372351047 0.014015639050094899 -7.3382679747653094e-40 0.4593002370506124 0.1295913189823877 3.067805294430705e-10 0.2810891038444074 0.06857814151683109 -2.7416524537011172e-30 0.022718979800089637 -3.704054287743204e-05 -0.12596522169958244 -0.4480719587304399 1.3837830927145435e-19 0.05873262859032686
2 4 4.947622054837013e-08 6.697218099175394e-08 4.024441274276666e-26 2.0546809964334376e-11 -6.991976245141836e-17 -7.765799609361589e-10 1.0276406345919862e-05 -3.752772781342657e-12 -8.414031063357306e-13 -1.7490321221803816e-32 2.761582035020259e-09 4.0969079403912516e-31 2.4773350445234112e-12 3.9604990156067936e-10 -1.6933785259694663e-15 -1.9747527048208826e-06 -1.2525997677857686e-20 -4.243726599737951e-09 2.836997267779275e-35 -5.573914638733243e-41 -0.2989744844880506
2 4 6.096027087935593e-12 1.0337019054565896e-43 6.924358082722795e-10 2.333544288822384e-07 -1.5755910669717569e-09 1.1196794886107298e-14 2.3349287803653034e-17 -8.23020560338715e-07 1.7102664527851108e-11 5.03081237915631e-31 -3.3596745649011125e-21 -1.3665903361022807e-44 -1.4152567160564255e-05 1.6424758738047592e-09 -6.78126181791263e-07 -2.101389411281488e-10 -1.1574722712708756e-05 1.3633168637642524e-15 -5.523152127045113e-18 4.519111542997476e-05 -0.33844201695678494
2 4 -5.137381338896305e-11 -1.2067612543177015e-35 4.768905658961847e-34 1.3724906260119847e-05 -1.133281011646825e-06 1.1395907883672546e-33 1.3122194324593306e-08 -6.947525485306337e-05 2.1032841774072084e-43 -2.0250043514636197e-09 7.53880387532723e-06 -3.554542035148613e-05 -5.766189373990836e-08 4.175196887506296e-43 -9.600445069412648e-36 -4.407751019588462e-05 9.477966051456286e-06 -5.530257685509989e-33 -3.4748606535201674e-10 1.7901063920612347e-23 -0.06540683363191035
2 4 -0.28234472999821736 1.0620853238328004e-07 -0.2596991917505359 0.4038867135557294 0.18484676565275174 0.08698988628267282 0.2598760426116978 0.35668808023384857 2.0605661744508676e-43 0.32824989938225163 -0.39845752742478224 4.3504961813615304e-34 0.56633864793357 0.3076957552620155 7.974874743042147e-07 -0.2316547325465614 -1.5590113178550306e-15 -0.24195834353408674 0.1421223287041006 7.770775551194587e-11 0.31616976040475686
2 4 0.21022706540965688 -4.9370955697568325e-06 -0.03323518341443383 -0.4361822634242166 -0.47300699292951986 -0.1942664900626882 0.33751877788962836 0.36231100286777757 1.7463290320358937e-08 0.1886072865806036 0.21193064953619345 -7.782072911497228e-06 -0.29103631199390234 -0.3643203232484977 1.2677070636309775e-05 0.21087663963436049 2.1836538244133817e-15 0.31451092228644006 0.16387493300504102 -1.734133328612791e-12 -0.025843484806297497
2 4 9.732864499789182e-10 8.923089173085007e-07 3.5693705197392027e-37 2.511912464559139e-06 2.935494692872871e-05 6.680552602870032e-14 -7.0725260894857934e-09 -1.1029307823785803e-08 4.101475657945983e-14 1.3051595913976518e-06 -2.4454716737426893e-05 1.645885343862169e-42 -4.202987286776598e-40 -1.1131707054560494e-05 4.7553101490988135e-15 1.0768842904182656e-31 -3.906991627004665e-14 -3.9487979503627855e-19 -3.278441766035432e-06 -2.2252406596580318e-41 -0.3075161834421849
2 4 0.41916796826428004 -4.539476843854721e-05 0.3362788253361818 -0.40192818824002796 -0.6476604565689513 -0.25711541154369005 0.08752184135546895 0.011949273905558798 9.040980719216319e-07 0.1328338785693489 0.056648886220178815 -7.746640798314513e-06 -0.7191167215534093 -0.6793371859855654 -6.826970449218341e-05 -0.001071669442856696 -7.459449440759898e-08 0.30926525477484773 -0.1538915824345224 5.678448715919031e-05 0.16758644270358278
2 4 -5.2761983445414234e-11 -8.09959581805519e-39 1.0359282434507778e-10 -2.0523449253965718e-33 6.718756693461659e-13 5.1928079023560236e-33 2.2140357840403275e-09 2.1619871755897753e-11 -6.547640654375791e-05 3.4929801553413585e-29 1.3242057316212904e-10 -2.7177355006717328e-14 1.247338594485632e-08 -2.449499057518704e-05 3.2705167880605104e-32 3.751293625399319e-23 -5.0009028145885755e-14 -4.28542968673146e-31 -7.82203574850552e-24 1.1070329320673165e-07 -0.3189757706060461
2 4 0.2575049491080989 -8.095090307783307e-15 0.18807520064589825 0.25519285806061515 0.14639030723337157 0.13340935622766148 0.03305546958878557 -0.25108210998907793 -7.111677821076953e-16 0.337569990496164 0.001008641907176555 -2.499929658402751e-19 0.6358450603184064 -0.12788464083787313 -8.527067098652683e-05 0.13741568577288873 -1.4633437602403568e-07 0.06496514117017688 0.08845812662431786 -2.5017501715132664e-26 0.3546703985279409
2 4 -0.3576874626673544 -1.4264034939483136e-44 -0.08155014583368579 0.3729078966828094 0.6797452978310932 -0.10149074900576002 -0.057778559387719045 0.23593905815792635 -1.3685499332782277e-06 0.20011504669778016 0.09561704127971299 7.899799373118525e-36 0.7792307956873153 0.5464803154232836 1.7649806113324445e-06 0.3230607601181936 7.960467205986632e-13 -0.217265822680114 -0.3653344693685009 -7.007380370882517e-09 0.27846141284035814
2 4 0.2786186237352635 3.37913790865348e-42 -0.13325270902527614 -5.404535986151393e-19 2.407149947814891e-06 0.05396012008094991 0.047700919803222414 -0.20396230413372296 2.402286276716201e-08 0.12430733792070497 -0.18465156275525285 2.3324599211374644e-05 -8.004915307337424e-06 -0.2150402839827245 -2.5253214085165125e-18 -0.16294385969943728 5.9671232802363004e-05 -0.012154367971168862 0.28019280709502653 -1.9683871972202e-07 -0.05740178744065128
2 4 -3.5917925701457026e-13 6.014710035365807e-05 -2.901650428894944e-10 4.704199332839662e-34 1.079037069444298e-05 -9.0393835960794e-19 -4.1673649903082446e-05 -2.15410937960087e-39 -1.5467325450006223e-07 -2.0711947396698243e-07 4.241768678550251e-40 6.701824258905116e-06 1.168306227645533e-25 1.5820287816954275e-08 8.459400493376275e-43 2.4258326427618568e-33 -2.9105329434506306e-35 5.676057400904033e-07 -2.9322111074664117e-15 -7.620696527631763e-08 -0.17325231589144635
2 4 1.019659239993942e-39 5.70431104355187e-09 -4.886979746809299e-10 -2.8843746752983936e-19 -2.2622081186535922e-38 -7.36853424636109e-12 2.878718360964626e-07 -2.9889279130371216e-11 -1.0532689473895686e-08 -6.545413094963282e-11 5.43734729760689e-35 -1.3520916101152204e-09 -1.1115579274387572e-06 -1.0486907007265809e-44 5.600900928373949e-07 -5.3879718906387e-07 8.742794672118851e-40 1.3306862906311929e-15 1.1425108135281935e-42 -3.9001076998561677e-07 -0.19415633269935756
2 4 0.3643145797499307 -1.7314917038462234e-22 -0.3204370685062709 0.33191726346417333 0.555907571490814 0.2078792366542547 0.21212392111518494 -0.2249614630968161 3.728754958749901e-05 -0.2850237089250027 -0.2761300200711535 4.028662812093797e-10 0.5847565681567349 0.5024089379540563 -3.698799927645102e-05 -0.1178149923964285 -3.2389959549680667e-16 -0.2688185603724297 0.08558951619182548 4.92486086286925e-26 0.27203589386074467
2 4 -0.25245476446943005 4.166262895386675e-05 0.3948924759310635 -0.34462459719587873 -0.424457265897954 -0.07422003557201802 0.052044359717954694 0.3484536325920443 8.265156018768806e-42 -0.22653226489459827 0.11767965343773432 1.8618819471128587e-08 -0.7404669227593538 0.030888534881440003 -8.960402166904407e-05 -0.19419734639447878 8.61629802879494e-07 0.3506255581532656 0.41547036387980035 -5.649372456430696e-05 0.058442023566454886
2 5 -0.255529609299382 -0.057406004683093266 -0.3317080459898976 0.2938374984666802 -0.29133571546942505 -7.244976282349066e-05 1.9064695319077223e-05 1.1089944706127811e-07 -0.3428837501473836 0.021686956507976533 -4.055713165086187e-05 0.12902282916157795 2.9177040231050253e-40 0.18078929588802695 0.2638966359344509 -0.3190805520757512 3.0184881697994845e-35 1.2671009145253046e-09 0.34698520606984934 -0.01763216804747808 0.2957569926878372
2 5 -0.18967586550543944 0.14623158840594466 0.3812521984633956 -0.00294725734863235 0.1321538262658598 -3.936315945558367e-33 -8.27064844946881e-10 -3.190720358825155e-13 -0.12374755459928909 0.4082891934943298 1.8352377385945767e-21 -0.29257699593193043 3.7926169866606953e-07 0.22944620126619733 -0.021730532028798467 -0.3220411869827932 1.1847042505367838e-08 8.61155897388976e-09 -0.2247171642011242 0.11426227877995404 0.09791895881520069
2 5 0.3648873097062779 -0.08779815496957956 -0.03675504751272174 0.15364226869564107 -0.31566487401539184 2.392372085455843e-36 -3.129246827970026e-08 -2.2041007806178205e-07 0.00551628483505552 0.06279384377258239 2.0155535658406988e-08 0.03206183837133331 -4.191541259932601e-12 0.1731820594439304 -0.32744753606930993 -0.04001476421465677 -1.8605840485860152e-28 -9.398880880879189e-08 -0.15425414739244278 0.058785570239715625 -0.34673355715917364
2 5 -8.824163519370166e-13 -2.2813236350938312e-23 1.222824067562506e-22 6.085725354209746e-07 5.838292650179967e-38 4.56792330925132e-05 -4.07551689389944e-32 -1.1281934852645283e-05 5.2047783232285233e-05 -3.2939299469790108e-06 6.33870588421299e-17 4.5805248176545685e-07 3.599915067751872e-16 4.8357034496631525e-20 -3.835538480675698e-05 5.172006581052253e-08 -1.1123758815063608e-05 -8.46635254395681e-44 3.4362775022639186e-05 -9.963760909865893e-09 -0.3300602386235166
2 5 -0.12296313260379176 0.2622326195242624 -0.08697706055925392 -0.31859841781251946 0.5107801684469531 2.1233132296578044e-31 7.705114042866051e-39 -5.0291202755843355e-05 0.4683579407516255 -0.04012140284289674 -4.1679187211024544e-33 -0.4333826096117418 -1.9914809671233183e-08 0.3246871142215449 0.5716995062113504 1.1158202808078533e-13 -6.770168669579723e-43 5.548548550316511e-17 0.07318923528854265 -0.381159921078311 -0.1132410725838826
2 5 1.5602023033883919e-09 1.835219471829759e-12 3.233109317154548e-07 -8.35105532208158e-16 -3.5553896684316937e-25 2.0052304146300662e-07 1.5487854901894118e-05 4.162479512749776e-25 -4.615627498529564e-42 3.6870624438391534e-25 3.938101301931906e-40 -3.877949227531973e-07 -4.782032967827252e-05 1.1849722431816477e-44 -6.6600114640482075e-12 1.1932940293882538e-06 4.603974034674208e-25 -1.9814574826184753e-05 -1.3616522474792988e-05 -1.721465582322233e-14 -0.31439110966707096
2 5 0.1316637403105665 0.18198923636602704 -0.26501368081288507 -0.29952946134756037 -0.020271087829159443 7.231265550198934e-26 7.50819576042227e-05 3.966510714269993e-07 0.22534318731062045 0.34597443292473523 4.0785195196423657e-10 0.25057770976932886 6.616377279335362e-07 -0.3243450183179256 0.20664750434167065 -0.13344263457749703 -4.83544652505566e-09 5.7947572752510343e-08 -0.15147123252518313 -0.11339722068244953 0.002504758723259254
2 5 -0.08388671639195422 0.24131160547372785 0.0009274249482919551 -0.34497909457035586 0.6084183352976259 -5.05488239599581e-34 -4.820599263249539e-10 7.3755000381797915e-06 0.19860631887338487 -0.013990839140743672 -1.583344390606599e-35 -0.35783031910114393 7.094999916896923e-14 0.1659368291889239 0.49914839055913174 -5.129752106573035e-37 3.0998841236348196e-11 -1.5695665664118944e-06 0.4317253897524749 -0.06829936939364716 -0.39890793808964564
2 5 -7.454633845410132e-07 -7.846755334007579e-13 3.2413687300587447e-08 -5.971167767537436e-05 6.756500870335223e-20 3.1870409522436487e-22 4.656046416379447e-06 -7.389817355910968e-30 1.2534235040243577e-37 -6.698574175973277e-27 -7.14631556689734e-06 -3.970217744081546e-31 1.1436084924200238e-15 -8.033440377908511e-15 -9.405041395222399e-33 -1.7453256466254913e-32 -2.0640205864147773e-05 -9.718022618092748e-12 -1.5301419078420058e-09 -9.866525644477754e-43 -0.12427161774445078
2 5 0.027879210473818035 0.11247874591384271 0.14751716854698593 -0.4140678965048713 0.1929547273659658 8.967023328374359e-10 -5.83076688710528e-10 -1.0206196472323608e-42 -0.24192337496575236 0.2893172071729489 1.4706542586216646e-13 0.27758357686664104 1.1002497641123351e-27 -0.1625136714915139 0.10832614997416148 0.05984749240908583 4.8481170264505376e-17 9.021883540737494e-07 0.013150785042610568 0.31816795312139323 0.09585018621267745
2 5 -1.238849079016912e-05 -4.61951372691048e-05 8.96648404731092e-06 3.870132167515313e-07 5.039335081468619e-07 1.985721517838568e-15 -9.419342742822623e-40 2.3656065670933817e-43 -3.1658712244712238e-06 -7.705296212449425e-30 -4.135667231099595e-14 1.1109623592422282e-42 -1.6226707529538555e-07 -1.1191903426040092e-41 -2.6405427119287037e-05 3.003031941953693e-08 -3.0090804532751026e-06 -7.141731815910821e-30 -5.803274939723198e-14 1.4819700407184779e-09 -0.1427646593974472
2 5 -3.592638246235017e-42 -2.2186121835314368e-43 2.3196296994316404e-05 -5.008251320335949e-17 1.5705420291858275e-14 2.0948762146629435e-12 -5.757987693435397e-07 -6.096752374570613e-28 -7.098302639161583e-07 3.5026998988659515e-22 -2.06677107469629e-27 -3.0148819305151566e-06 -6.505404112105736e-27 -3.762394664032822e-13 1.840211936814458e-42 7.402449118631291e-17 -2.213980473120186e-06 -1.2017002642946883e-09 2.8417455672353056e-07 -3.62667075041159e-07 -0.2923144020875251
2 5 0.27856570765766503 0.06408203267317265 -0.24867975272807152 0.22899640902091992 -0.3193426345064456 2.332352601437622e-27 3.088012235185638e-18 7.116002435571866e-05 -0.3072671393173381 0.40958667830070683 1.508193206302894e-11 0.3958695622182605 2.069336274288634e-06 0.12705519457750197 0.11780794464187742 0.25660396463329005 3.0154472283415225e-39 -1.7627225459416378e-07 0.15236913243774325 0.07835006308598758 0.13841027371084524
2 5 -2.324622699149033e-05 1.0922512656082358e-05 -1.767939649600045e-10 -1.215708083120256e-06 -1.3852551334443636e-11 -1.1604382751414862e-06 4.286748118160161e-39 5.4900039527629156e-08 -1.3179848186860357e-05 2.6391016502309255e-39 3.503616928741933e-09 5.055240897692257e-31 6.233419924454362e-07 1.4438331908630328e-40 2.2093460298711364e-19 1.1769771022545837e-06 8.632920255659934e-44 3.965951604795234e-06 -1.1837193817270947e-06 -5.309021637872873e-41 -0.07872887961354846
2 5 -0.1560384581184517 0.08282707093380763 -0.06497205141281166 -0.10406294220851586 -0.002960645032341755 -1.300966744520124e-45 -1.9074350765169732e-10 6.1030549719525244e-06 -0.06833910004761025 -0.028032227478746553 -6.731281620757156e-13 -0.03529897498396207 -1.5832008102257969e-18 -0.21762827514223118 0.00014149369640006153 4.441574190446314e-09 -1.398001772675673e-06 -4.060734906349125e-05 -0.1769644293026002 -0.020445036122286535 0.31639010209592056
2 5 0.3328783572555819 0.021288707600270657 0.1567089219015624 0.005233865988188324 0.12315961398508982 -6.303733915191748e-10 -6.279312175471026e-19 7.519020877913265e-07 0.37845330798358245 0.15199568757371945 3.31804669556762e-27 0.2602947418775517 -7.2682538372549405e-06 -0.2464541673749207 0.07511774022402466 0.007466219255795585 -6.059593221908703e-43 -9.324543748828975e-08 -0.15477895240781847 -0.12171759142177031 0.1435319756194887
2 5 -0.07435056780079205 0.036165479861726885 -0.2976380885615475 -0.07837408859904259 0.18473283603742005 -9.860930941854298e-14 1.1853019857396817e-37 4.793206210891833e-06 0.1594475765641568 0.10842247120736781 1.2756664699593066e-11 -0.321769115515409 -3.110759393274859e-11 -0.12554798666892092 0.2524142232096351 -8.325280215488979e-08 1.0048756555115787e-05 -7.311127891647678e-38 -0.293811210492992 -0.25555246098368306 0.19505678390817086
2 5 -1.4625049291178618e-28 -7.225309445895027e-08 -8.651010402558302e-06 2.5004178521814395e-09 9.766963731755018e-09 7.522284940059889e-07 -5.622964249273562e-08 -2.457411374010219e-13 -9.784989775845387e-07 2.467517070271497e-06 9.362292614000079e-25 -7.41959446304918e-15 7.756182894713471e-09 1.1392651765729636e-07 -5.90846681131783e-07 5.636570957867457e-13 2.214038390107487e-06 1.0585503985949636e-27 -8.07754560342261e-24 -1.1891277510223078e-17 -0.11556908793217108
2 5 0.21386002239449148 -0.0607310973436365 0.023339563117161392 -0.20690374305057857 0.03693496923232305 1.4148810179332198e-19 -4.9698446109502145e-31 4.3464965623287955e-07 -0.022168790351356972 -0.274959309234405 -1.4922887263356016e-13 -0.22516384619881627 2.9085626851392846e-36 0.1507173001984978 -0.20016520307624633 0.2765909554671217 1.6328477076080997e-09 -6.370471517655903e-12 0.30919020124813706 -0.20006090329926368 0.2793256685954142
2 5 1.1245058577693758e-08 6.73714829938142e-07 -1.6998659342360673e-06 1.2994361900952985e-28 -1.151061662855094e-09 3.4626584257130426e-12 -1.0607029023885371e-07 -2.26206314321188e-07 -5.248769148658813e-10 1.031550071736941e-41 -3.369220172332604e-25 2.4554104289434237e-07 -1.4797702738279525e-16 -1.0251501770047153e-12 -7.104305235848354e-09 5.175334884939157e-37 -2.010330231604141e-09 1.7541708041872817e-05 2.4793274469363905e-05 -6.476916201663418e-09 -0.2643226685831541
2 6 -0.3022068034298462 -0.18236741845587737 0.5639412141248673 3.1209416598827195e-15 0.905785761583572 0.0010023261075611516 -0.39382066189383536 1.096444173089335 -0.0009170395438559372 0.32601596966807317 -7.90800195665276e-13 1.402074980563387e-06 -0.5262482534830905 -0.001465236200487588 0.023867154818910778 0.07166495103681275 -0.054215454746384825 -3.8602790421529575e-15 0.1074863492273135 -8.036065282608103e-05 0.47100980465920955
3 2 0.16973361844899054 -0.12798575230092543 0.32744344604733594
3 2 0.3909142006775373 0.5848833366431766 -0.5179100818464293
3 2 -0.35625964615039873 -0.2961298808316984 0.14932720808652383
3 2 0.2088666103487638 0.18961422508475573 0.34544572251205363
3 2 -9.631522394908001e-63 -7.115966490523331e-14 -0.193720114500827
3 2 0.3121945659401836 -0.8230097097974395 0.13022945247751172
3 2 0.1964542577636912 0.2258594061451262 0.19396201549095224
3 2 -0.04924028929923768 0.13684749120257592 0.07139573974642606
3 2 -0.45609937552483576 -0.35337097408825613 0.38004756691502806
3 2 -0.6287532197793291 -0.7699011949310205 0.3246556769233257
3 2 0.5197770482873197 -0.10001986361079848 0.07710775810490297
3 2 -5.34248542988613e-08 5.974492282424331e-22 -0.43123873277150626
3 2 -0.7787476647849828 0.37833396892970267 -0.02330573505599998
3 2 0.01383242335242612 0.38751009454190105 0.3997316605397704
3 2 -2.9282968673048935e-51 -1.5758112386870812e-36 -0.16052027838490956
3 2 -0.05813487011831342 0.5413720206535672 -0.18024345739880374
3 2 0.42701367925127776 -0.028309070421753547 0.4362752245203494
3 2 0.07464418019849738 -0.17630371459384123 0.1998383983182319
3 2 -3.746285523092229e-30 8.296542350577868e-50 -0.4552673283114149
3 2 0.02191107186868543 -0.1223717046291245 0.4213337100843708
3 3 1.172282512740269e-10 -2.8965232641713458e-39 -1.970153420473815e-25 -2.957977981797667e-30 1.8869176090952375e-68 -3.4060084956216924e-13 -1.3755199802609217e-17 -7.316548868974902e-28 -1.5591446617252057e-63 -1.0855054384786957e-17 -1.301121574694746e-52 9.395029318209922e-13 1.0957641097520505e-66 -4.096247536630957e-51 3.569913478656816e-11 7.960928072252266e-15 -6.454521174399114e-20 3.979787804421817e-24 -2.8458169509155995e-16 2.0217697609043818e-24 -0.0875243889646844
3 3 -4.6625504417242385e-32 -2.5765150062969163e-16 1.0998705091102941e-23 6.039741538654742e-17 1.0946429196469782e-12 2.226857153975597e-43 -9.3747792928972e-34 -2.714912361152665e-69 -5.2261576419051026e-12 -6.193053122159781e-48 1.0683519326115167e-19 5.852881693670223e-11 6.074932356374124e-16 -1.0098903492789582e-47 6.947500367318452e-43 -8.73444240069603e-12 -2.0658014201411615e-28 -7.949232243528892e-18 1.5065266240058626e-30 -6.89418281916432e-14 -0.3451487206777762
3 3 -0.062394768010133744 -0.5369682017783874 -0.31882620993953636 0.310741696170763 -1.511266997552685e-62 0.3798122209150944 0.29616324125181476 -0.17519078715934033 0.23432877382435618 -0.22708482888984324 0.10111248550770974 -6.408507934766064e-17 -0.1600641669091534 0.3199557997763804 1.6924809235267642e-11 -0.03262740940874662 0.21165544033786382 -0.09437660217353064 1.2241059538874976e-58 0.08921321761072629 0.41597249679685555
3 3 -0.08445324666447618 0.7444290626692576 -3.0673662671161695e-06 0.05691817091458716 3.1969871831885593e-62 0.6697561155443505 0.21368491612305945 -0.051357942042761034 -0.8555729778074311 -0.06996919826048387 0.12453580391852424 -3.5139481050884855e-69 0.6752947551463098 0.06752268019215382 -3.3319571152817915e-20 0.7324906102914177 0.2200218889182118 0.09764398053512617 -1.1615177731806804e-56 -0.3175947656420935 -0.25686932797435913
3 3 9.23094024592943e-17 -5.281425581139672e-68 -6.079706719354598e-19 -5.259045234965051e-17 7.387893193410048e-28 -1.0824683091283193e-12 7.821281674287553e-62 1.729275383105937e-39 -4.176000555453367e-11 6.923789142142028e-11 -9.284075351443201e-11 -9.073449712666588e-12 1.312566901233698e-12 -6.123720689561292e-16 2.379059125638044e-15 -1.3722995413420612e-39 1.8837910587458995e-14 -3.6417679173838456e-60 -3.567448891120037e-42 -2.492196019879302e-55 -0.17512777979000826
3 3 -8.54120715259479e-23 1.528714612072658e-12 -2.986469954441431e-48 -1.0671602270209927e-11 -6.167937746501523e-15 7.874204880044234e-19 -9.435757984192492e-20 5.983000050252053e-58 -2.959379307208929e-11 5.6731133465159495e-58 -1.3665134544867315e-60 5.925146394278317e-53 1.4643616557992097e-37 4.8876953833045394e-29 -1.643048460048988e-64 5.736440540218334e-50 -2.8884839453652928e-39 8.438174677784356e-64 4.989567889992976e-11 2.0630507140977874e-11 -0.3450582032758885
3 3 0.17830893896160707 -0.49885046174970243 -0.04468205376795371 -0.12928761412551246 -8.53647578301046e-61 -0.17238776112023235 -0.03457717573313598 -0.21903867856260753 0.14249058669852696 -0.4807910083208706 0.27871411203761604 7.299276772996624e-15 -0.41494251146679617 0.16775806175223304 1.8434634157847056e-65 0.03861774213342402 -0.31636426414445096 -0.21506383588008945 1.7797352598085668e-43 0.21284916482962837 0.24764035288071648
3 3 0.4317597086333691 -0.18795905974211363 0.5539057758008623 0.04736409966732722 3.527256777256757e-12 0.719460376740229 0.12881276772145006 -0.0379699947897312 0.1649941470467118 0.43996036074326766 -0.2528074672036617 4.698913014010858e-11 0.2900101907796103 -0.20032840309069241 4.765539256409517e-40 0.6321562381671386 -0.32246033762813403 0.16773934692065948 6.667366882554224e-26 0.1862325228590971 -0.021285478159762495
3 3 -0.050524673803592116 -0.7929367559491349 0.09596692104780531 0.07054041414233375 4.721482442970452e-18 0.2764978212987563 -0.23943186392932048 -0.17149933040270046 -0.02529210946036705 0.5687171880293972 0.09169981242157019 -1.1384606405044402e-10 -0.3908799125323722 -0.2029131279778362 -4.715721404166554e-34 0.34642351947804706 0.10029904024599162 0.36785250122046453 2.5313281016075597e-20 0.031505394015757436 0.2787892405862691
3 3 -0.2529512748346789 -1.1135646531156793e-51 0.3105400852564888 -0.08889521528453928 1.0912500450987772e-68 0.06774330814092243 -0.19405431108576482 -0.08645899034720105 0.2498982580053324 0.15526182443570966 -0.09718371753979932 -6.041941897453993e-58 -0.3821133339720745 -0.2623534588713393 -3.1580553649720296e-17 -2.0062596880597822e-13 -0.013919252691477531 0.18544855178106714 4.246005205656214e-21 -0.14338933627375086 0.15617249815513218
3 3 -1.9081160591066355e-19 -1.7574363625101712e-61 2.0301373667830606e-60 -3.2702983313721927e-63 6.986321363234493e-15 1.2813883407460467e-19 1.3349455796909904e-47 -6.506894553493803e-41 1.584863033715114e-20 -1.9701814891816074e-31 -5.4823879414531663e-17 -2.6078210457697174e-64 -7.456962518816709e-19 4.744593199301096e-30 6.7956665530387864e-12 -1.0612418194413728e-29 -4.416942180788935e-65 2.332445950005853e-11 -5.337729344056701e-31 -1.4376422163410271e-46 -0.24102038025767555
3 3 0.01912917807026842 -0.30280521233465624 -0.36440649786812707 -0.24385728625189193 9.716688606820627e-15 -0.5351876618357948 -0.25601797449045205 0.3369514192803387 -0.36482912541822826 0.04120124243003753 -0.22555593155061665 -4.87134426954271e-22 -0.5210396802148951 0.39999878690334706 -6.915535858789658e-44 -0.3371922238639324 0.408784229872317 0.03471228941079542 -5.1070527024089726e-12 0.39635674921881353 0.2736498207779807
3 3 1.0337450110281131e-22 2.2575320891977854e-17 -4.550866182774778e-55 -5.746472703297939e-13 1.769633599874749e-11 -8.91566230962092e-69 -2.727694923942616e-13 8.698745925022887e-50 1.4593549902993833e-67 -6.631359277974124e-11 1.7825985090410958e-12 5.663207002185746e-20 -4.46399509519813e-53 3.3411800812914407e-19 1.2747507592303476e-10 -2.0170311436016728e-37 -7.102800142838289e-20 -5.0710220407896724e-27 9.077573963017436e-51 -2.985329646992903e-31 -0.23449811951183538
3 3 4.401568125876113e-34 8.235168829841757e-17 1.0885015360332908e-10 -1.8501873931497457e-17 3.1211614620694026e-11 5.69650021354226e-67 4.496879116474758e-61 4.3535557454600865e-27 -6.3535252137140675e-43 2.478297221255248e-57 1.3764807634106404e-22 1.80933643999279e-36 2.626365445813714e-68 -1.3522394543571002e-12 3.1555736082332244e-15 -1.0111897324243434e-11 9.533265279643891e-12 -1.1880738391756204e-18 -6.57862732955301e-41 -1.7509786242873382e-66 -0.3342374067061245
3 3 -0.20995445703125995 -0.07252300937644873 0.528896303873191 -0.3132697060783957 -3.734716455418963e-11 0.1952914123786238 0.35789141411463615 -0.13161566610051298 0.34507525199437855 0.17184383470780668 -0.27022429022686273 1.4990492194750607e-13 0.04657816687009656 0.13709686643409918 -5.731797390610781e-66 -0.24427304244812564 -0.10305101988546594 -0.37169804740824824 -3.748544450633691e-12 -0.38324076981722077 0.36320532714546844
3 3 -2.3071857116906683e-58 -1.7042730586722567e-41 -7.122730172250852e-21 -1.750385429656547e-37 -1.0701212333000478e-34 -9.983281805571426e-15 8.64726716957595e-17 2.213590686061624e-19 -4.448971292539886e-16 -3.867461027070524e-11 -1.6463098611446325e-66 3.3402879048268723e-59 4.94721689892813e-56 4.637729813895527e-12 3.333076308313508e-31 -1.3936056136130993e-67 -9.171663601164755e-27 2.9233764157234e-15 9.397832996211142e-12 1.3066576615409764e-49 -0.3437493240282967
3 3 0.3069533812025741 -0.1303418651850431 -0.6090223042059633 -0.06784516073039074 2.105713736700182e-15 -0.4992116846650813 0.000976593947583903 -0.10988608460379906 0.06529929525135761 -0.316148742527348 -0.2777688596183579 -2.9839677974273235e-62 -0.2168427358317622 0.26018793110139593 -6.0054453117920504e-15 0.047006363924635274 0.09244939857313708 0.36175556645832274 2.6779135534428488e-67 0.032544040603359345 0.36942239848358377
3 3 -1.7979792304470072e-39 -2.8647565744895906e-30 -8.307851031265967e-64 -1.248853385132976e-56 2.7913263173688685e-44 3.566880210462597e-36 5.5757131675522335e-19 -3.3748060841048363e-65 4.032685468705396e-33 1.2744599252319454e-15 2.8124388177172784e-34 2.3558707651175378e-61 2.1016096735143004e-24 -4.893098501626021e-11 2.050025604649047e-23 2.1249780070773644e-13 2.2657081455387822e-48 -6.817173906536388e-20 5.653356468155688e-14 -2.138684888340125e-46 -0.34677834803128343
3 3 1.2222244203902803e-12 -1.3815108841291125e-17 -2.3545404589931186e-12 -6.81958120457515e-11 -1.4388446694308923e-53 1.140919985031554e-68 -4.242795956277564e-13 5.317529573982435e-21 5.260140675550522e-69 -3.342629088553974e-63 -7.191165613343676e-25 -1.0663396563959111e-13 3.483258685468113e-52 3.731621938968494e-11 -6.7376060237274344e-21 4.976734475383733e-43 -1.9203646954012794e-13 2.6463971707357453e-21 -1.675426705472825e-20 -1.077230131726851e-25 -0.27419878436207573
3 3 3.4233954255549973e-18 1.0162231091091608e-53 -5.1127347737825315e-52 -5.430638247121393e-21 -2.9626291761746072e-33 -7.664339737940728e-17 -1.8454270026724735e-21 1.9879251226506924e-64 -1.1418914399234963e-12 9.542783285453554e-19 1.6439016629386312e-35 1.219589052450185e-11 -1.208042838936048e-41 -2.1242926618744304e-64 -1.0518205099960476e-59 1.6304550849194728e-12 -1.6776220637424977e-66 3.453309365459606e-26 1.0610956708822235e-62 5.1186543517286945e-15 -0.3635668121614612
3 4 1.9050789821385445e-16 7.795633152933998e-11 0.17729725934587576 0.5079939442504109 7.568564792550517e-57 1.6055768207886793e-14 0.16091035601810624 0.472568535405607 0.3872454105509771 0.07124822862766145 -3.877550995013772e-65 -0.28247548465310396 3.4849106855051385e-22 -9.840663138154278e-12 0.2793852831110855 -2.0701617341758438e-10 0.16774555168101574 3.3837421585549263e-69 -2.171898532939327e-55 1.0955487751591771e-46 0.0009216379063783296
3 4 -2.5534542558091377e-64 6.234503449689329e-13 -1.1414157780407463e-68 3.008913377247604e-16 -2.012348733791128e-42 1.5295340614359606e-56 -5.918549709860416e-14 2.8994352850486204e-33 -2.194593634932611e-68 4.104975877636434e-64 2.610786852362384e-39 1.9666255477184994e-37 1.3115358795916392e-11 -8.97404366394546e-48 -3.4180929759092764e-22 3.4141264549152383e-26 -7.331960965783178e-43 -1.9122967108719435e-46 -3.713970511792879e-11 2.9445130153265066e-39 -0.2839229475956453
3 4 -7.053142269692214e-38 1.3739357417003813e-16 -0.14462343629389127 0.8246657154044992 -2.6537424815532194e-64 -7.711293564978877e-67 -0.23547173374758346 0.5272905615401277 0.29025707463909795 0.48501173405510417 1.0758235918546104e-58 -0.42733640245082094 -5.421120145164524e-26 -4.00678425932944e-65 0.0365827821096819 5.3170931006204103e-11 -0.42092571874014306 -4.5280213316511353e-17 2.5973392284541473e-20 -7.331040979221849e-12 0.15599034705820117
3 4 1.9408239670101268e-35 9.92608149036626e-52 0.30490077903369756 0.3289669413662815 -2.7742366686676795e-69 4.05243162255972e-25 -0.4145020481503985 0.5700959466132958 0.20289594980621814 0.37876809606726514 3.2576032549162713e-45 -0.3037040016605508 4.295710520613126e-58 -5.987976776822402e-13 0.35026637396304044 5.847019990759969e-42 -0.3007506559924231 3.878987965092587e-60 -8.921571303170247e-20 -8.962954610766748e-63 0.17747584377403108
3 4 1.1522972069788782e-23 1.283297771754349e-10 1.0613704559721617e-48 -2.683012887390249e-19 1.5219709569947498e-49 1.2748726795267477e-41 -7.919243960309902e-61 -4.998091997586407e-20 9.482361418002943e-66 1.696810254360135e-60 2.6412064621314408e-23 2.7452427212130587e-24 -8.173208696348574e-25 1.4333663067027138e-62 -4.832024881656295e-51 8.265142058734641e-68 -8.69585238885557e-12 -7.221765271469965e-40 -3.603065466337568e-59 5.5769083103488975e-24 -0.3300946759608017
3 4 3.0491390959347496e-21 2.593814538220781e-22 0.00406844691422579 -0.5466311570821872 -1.191654574777483e-65 -2.6534126090047744e-14 0.4564560961664549 -0.40822749358840604 -0.0738691520357611 -0.2640402312782768 -1.227995307155976e-10 0.01835157745654886 -4.2993762061268213e-11 1.2465529818032882e-68 -0.09680318952723857 4.460012397862136e-16 0.42639415279150467 -8.359137075275076e-13 3.395480088621232e-11 -4.1242841111379337e-14 0.0986951188438061
3 4 6.104236446665417e-50 -8.508166576717926e-60 -1.5404371575965175e-42 1.574743215351341e-70 -1.6524676008860208e-44 -2.1266738782848174e-60 1.778631960916896e-30 -3.266190148741875e-13 -7.353372833987687e-44 -3.5027243766986577e-25 6.168038508048472e-44 -2.576227299431391e-22 -3.843668254434393e-14 4.191175839298737e-20 8.862788212997366e-16 1.2880061025994823e-19 -2.8681495114415017e-11 -5.838279843680042e-44 -3.4095381492332395e-11 3.154415106896446e-30 -0.33489616788437493
3 4 -2.825987130364305e-20 -3.027799228687099e-39 2.2412165367803898e-35 5.500698275398418e-52 9.881496778674226e-15 3.0840339798769344e-15 4.32571161795715e-11 -2.942414108133182e-30 -2.0068216810043416e-10 1.1311987065762906e-15 -2.1443751395724636e-21 -7.6283332651427905e-56 -1.7583416059474387e-15 7.165145472836643e-68 -7.865111468155593e-69 3.345490753747937e-63 -3.108887838854199e-14 2.1172961973040765e-13 2.111900832106719e-54 1.2279161034717474e-48 -0.2990777569687725
3 4 -1.4846637630160567e-35 -2.3086389043839614e-11 1.1402178924991137e-67 1.0666193819949558e-24 -6.336677417002692e-57 -3.8929712324319576e-23 -7.181612537703536e-23 -8.763745658128146e-21 -2.1240392233720104e-10 3.4173522019892326e-65 -5.53941528102728e-50 -4.1351342023323786e-13 -4.1232838918977267e-13 3.334348406222655e-14 1.5435653483715407e-63 -1.8545953492193895e-65 -8.209570527468761e-36 7.395237346246586e-17 -6.657294313582376e-22 -3.411436247932933e-15 -0.23088555273661404
3 4 -4.429110935933808e-36 -2.2576905979394505e-66 -0.0714563612889383 1.2433111438519788e-19 -1.2806375386845195e-10 2.538487546765772e-66 -7.580136375289261e-05 0.03186085834716315 0.0009982947589011395 -9.31567159387923e-31 -8.975655859607245e-14 -0.003973834383698794 1.2990367997827864e-19 2.477104340258972e-61 0.011720345908886123 -1.0113425040928736e-16 -0.043892618541890645 -1.043304733264504e-59 1.3701694885452274e-56 -1.0365359899642413e-69 0.055335138347484235
3 4 4.5365939164340896e-64 9.603187293863935e-12 0.2954954872865869 -0.2663875862720907 5.069274398339579e-40 5.4256739481875106e-11 0.18454061110306053 -0.026119686047370413 -0.47538099392141653 -0.15274214595456928 1.2980144325841105e-53 0.005964741417864188 2.024599587756073e-25 8.130679915827958e-49 -0.11442290411718067 1.4111758976501685e-10 -0.006167660679988431 4.2162082885160576e-27 2.6121634560426263e-52 -7.905744155080312e-17 0.1707457242844396
3 4 -4.0650762759061856e-26 8.021787730210682e-21 -1.237735438782638e-10 3.2186248365535386e-21 -5.461126759386413e-66 1.6769533636602758e-54 3.1532292944578694e-53 1.0596243724709243e-70 1.5268841968774138e-17 -4.532851469640894e-41 4.210554535240622e-24 5.417723747615642e-13 7.468142219642865e-68 -1.2582482937331171e-33 7.384833951795303e-40 -4.1994246827337526e-44 2.7703595910552955e-13 3.076101373500175e-24 5.078753353319467e-43 -2.048959194027604e-42 -0.367772879432338
3 4 2.9933383759953435e-62 -7.089700532321862e-70 -0.0287770545190168 -0.2037088866292224 -2.6479898288769446e-19 -3.3181036366868696e-12 -0.25167329143193673 -0.0010408173166368809 0.08447583922215662 -0.12317589710611468 1.208940624040297e-13 0.39633238782874797 4.113065480623216e-61 1.2807798229991272e-15 -0.11083329424290168 -9.049822832111463e-60 -0.008111707948775746 -3.74737851094454e-33 3.021026291637192e-39 5.811838502677592e-18 -0.030278910787836007
3 4 3.2720569143368586e-29 -9.453925467468278e-70 0.2714100292036746 -0.4717524259478206 -4.047266909066292e-21 -2.813495641026513e-54 0.3144532784026099 -0.5298171660913631 -0.2970487239600791 -0.15371449237731485 -2.0417062019097104e-51 -0.24289959136524542 7.75919844165935e-67 1.566528003258982e-33 -0.10390713655555707 -9.325195069116487e-57 0.30150793234789686 -1.1256040654407799e-60 -4.487316213234246e-21 -2.1906396044662146e-35 0.23510474428401415
3 4 8.380685436034504e-61 -2.2228635481618832e-35 -0.08638887587781698 0.0058160207710597715 -1.6969007022500023e-19 -7.84357894724246e-18 -0.004014121518723899 -0.020383943904041503 -0.021433691916283002 -0.00044698441033790015 -1.3287321894063736e-52 -0.005640424393114409 4.0549345772916726e-12 -8.013619177997525e-49 -0.010103786705889444 -1.6963104849042574e-25 -0.011442541926961862 -1.2852334465560418e-26 3.626947728881382e-21 9.228373564072716e-52 0.08079999950647325
3 4 1.1189652293957932e-13 8.248298567353504e-11 0.26041286934667895 0.21137862348326536 -7.413366626645788e-11 -5.109727397816203e-27 -0.0766183211240463 0.1375848428951237 -0.0039738779528915615 0.0039486835669371185 1.0292515225227014e-11 -0.05534836956200776 4.800950401586182e-54 -8.178683567744447e-50 0.15980279767914832 -1.6980334618429724e-60 0.01628488693220646 7.360276083475052e-63 1.8553023074294083e-16 -3.319385922119117e-33 0.04532441771704926
3 4 1.2922844820445687e-16 2.935190084893633e-60 0.14937767866001445 -0.23127057727594613 5.646477131271523e-16 -3.217102993170735e-31 0.1201862709776034 -0.10013545895133177 -0.22821315201530204 -0.09764416177507489 9.735638897695368e-30 0.32794928624234837 9.30080525166612e-13 -1.7760300483961487e-14 -0.3726034132245834 -4.933900587103489e-13 -0.05467999838889853 -2.901612865327938e-13 -1.536753182824705e-35 -2.446477539930546e-11 0.10445255264451675
3 4 -5.0879750095691713e-54 -6.883628544357807e-11 -0.18044642719430368 0.800721709596326 -6.899811856853683e-50 9.034633386862446e-19 -0.3559488920359077 0.5666038566519173 0.5787529451902435 0.3210496118634929 8.440331620824825e-29 -0.5108031918522083 3.9121451918914676e-44 1.2629099948272068e-15 0.18937665834104614 -5.510780691973981e-16 0.06412564363200571 4.7487482920025415e-26 -1.199592695329627e-13 -5.821300379383478e-58 0.10016389784019225
3 4 -7.104231516383145e-42 2.052513243290352e-68 2.2422683678825348e-39 6.881324377308848e-44 -6.935835000484521e-15 6.530888205730315e-43 -1.0125303400790325e-11 -1.6018907764820396e-45 -4.089510725434223e-15 -1.34420288554173e-15 2.6723661926596478e-58 -1.5057833522433579e-68 -3.772783981737181e-15 -1.3102286717296846e-47 2.1368291871017728e-10 5.802996501814957e-11 -2.461973095751309e-64 -1.0563427070558365e-62 6.799909774192192e-13 1.0308548489143683e-28 -0.3551395808367404
3 4 -1.358830012350614e-11 -1.2251071202480039e-26 1.6059474144712279e-22 7.828347194245203e-56 -1.6521939547084216e-11 -2.0064700552273135e-65 -5.187391477433371e-12 1.4361249056152202e-56 -8.109048346837222e-48 1.5253816797403726e-16 8.493506738251839e-16 3.782613253093588e-55 -1.5079077083344514e-18 4.1179522614898456e-16 1.1423668378882387e-19 -7.824127735429705e-68 -1.234910821513442e-11 -5.1691872742141905e-70 5.494716309023763e-63 2.831043969645226e-22 -0.329380625719112
3 5 0.1792064545852838 6.467208015181271e-63 -0.012060268462798018 0.29970053054321233 -3.5771966487965514e-66 -0.03786318525044806 -5.1365180086639946e-26 -8.644414980388554e-56 -4.320164957194653e-62 -3.9765183757275646e-51 -0.052119865457403214 1.2359521680091307e-10 -0.029773761959273306 -0.23647065158872863 -8.386168728302112e-13 -0.19515434714559404 -0.30076572346978664 -0.13819452162310047 -2.7599782470985322e-59 1.253427010771709e-25 0.14760606268576126
3 5 0.013667765242540106 -1.726637003863484e-15 -0.6557569842586289 -0.023988582257900133 1.5536119882557592e-21 0.10705588606020074 4.78271797308123e-15 -1.2243626487064426e-15 -1.6154617672120111e-27 1.6462365954617835e-21 -0.2910450960520794 3.730661234219354e-66 5.2487923662213054e-05 0.32591687216642695 -0.007349793314794942 0.24867119694979542 0.31692764620325303 -0.25177897359202883 1.8729461209496872e-25 3.107924423612037e-52 0.07580695438962796
3 5 -4.7024826033346354e-54 1.2705375964344828e-10 3.0632096879749956e-12 1.0676766324232233e-18 3.774526265057891e-67 9.69459133933472e-44 -1.522312749017864e-11 -1.0863699760317047e-56 1.1109448022828392e-64 1.1870970950799536e-22 1.989292754097744e-61 2.951744733964736e-15 -3.0128619030599014e-50 -9.754214229701405e-50 -1.3728388640224755e-60 1.3859095296251174e-35 -3.958773132401377e-24 -1.0855815506005348e-32 7.428778036917674e-35 1.890655912364001e-14 -0.19978093102473932
3 5 -1.2765325958201177e-13 2.955883127484194e-17 1.2825835737143466e-68 1.3182826911601018e-18 -5.3677946999598035e-68 -3.205185825293956e-33 -7.440821611006193e-16 -3.0501205159923436e-66 7.559605987027587e-20 7.0602264803722886e-40 -2.193390878942704e-19 9.521400447795765e-39 -5.1272560162284464e-33 2.394510678517626e-39 -7.150958204576964e-44 6.336542799749504e-69 -1.9129880363529412e-69 -1.1338654163254477e-61 3.020619179372338e-39 1.144941988590249e-35 -0.04777676241391904
3 5 -0.0367363177352339 -1.5354468191201851e-65 -0.49093712154823854 0.3277263410325911 -1.8286336574532168e-25 0.14336246866411131 -4.3194159923541894e-42 -2.6397970040784203e-13 2.7726071269656223e-57 1.0274865405873518e-30 -0.07526393158314043 -1.5120700005603393e-10 -0.10141041997373856 0.4188416609858039 -0.006819238724534058 -0.3340046659945341 0.17992298553041483 -0.6982656582175496 -1.6634906937885874e-17 1.546741871092523e-13 0.12499500094397029
3 5 3.047998312146791e-63 1.6598334256876868e-23 -7.227665878234884e-47 1.5566409678361977e-63 -2.2871379810362377e-60 -1.7855682012681909e-12 1.4091720755349162e-11 -8.98772842158e-22 4.121217849717093e-33 2.1743605599831404e-46 -2.458931573047682e-60 -9.786774447844212e-50 3.7286808522108954e-16 -3.787223021485974e-28 3.098551838166497e-39 1.7767389374407475e-12 -5.56494744044399e-14 8.268890475013166e-70 1.813166742670252e-12 -6.950966473821314e-11 -0.23109899941315443
3 5 -0.03121861511121575 -7.796213686004531e-53 -0.9665677654837767 -0.07292844192657798 6.781911688555046e-45 0.26641772244885864 2.3561298380737466e-27 3.976190753058889e-31 1.1129683839549968e-69 -2.853075102619136e-50 -0.05739528525533629 -1.3471975443058305e-11 -0.20994262978236747 -0.045574937240644445 -0.00429056512255766 -0.1923013913836914 0.29249032230060745 -0.5811767657746748 5.714126207043428e-31 7.07364142811308e-18 0.3437028523049135
3 5 -3.7830067675861786e-10 -1.5554151582181605e-63 5.5490450033037455e-18 -2.4306784707725614e-17 1.0994933185064616e-51 -4.519809806361572e-16 2.5221459160301364e-19 -1.5334821849564494e-39 -6.140033951693326e-11 -6.527947435371668e-61 -6.89476677402275e-12 -1.1792262741110222e-65 -2.9329792596666105e-18 -3.304898502948269e-11 -1.3099841513185157e-26 -1.802367290740297e-11 -4.4691880263782116e-11 1.8020212875957617e-17 -1.4199228482635081e-25 1.4113437662189163e-19 -0.008868280853575494
3 5 -0.0005888052951990929 -1.1718468590187935e-65 7.178123378348135e-12 -0.0003593443789419679 -5.859865077408899e-66 -2.0310679587615112e-05 -8.720819263980224e-62 -1.8530044430972473e-69 -7.397956716635281e-61 -4.079926289101996e-14 -0.00046866002006256416 -9.033987744196895e-40 -1.3864501030571952e-14 -0.0007116754775618536 1.0204595081435741e-39 -0.0007369182864807133 -0.00021388545655357907 -5.950611449702626e-09 3.527008911320495e-30 1.1849438707735408e-10 -0.027172683542537317
3 5 1.2584326710727484e-16 -1.0272765918900123e-21 -6.754646534505049e-45 6.10991317417743e-64 -1.5391110267451217e-15 1.2530865313976755e-14 1.3673131794429796e-42 -3.1943725536279476e-19 1.4585927464316359e-67 -2.0640816042386426e-15 -1.5201202469699777e-35 5.282511817051413e-64 -1.2396894354175028e-19 -2.668416872468066e-33 -1.6353439044890066e-37 -1.7311176575192982e-68 -1.4644090915788533e-33 6.6636724454751135e-12 -6.322933660773716e-68 2.1340074411093205e-10 -0.11268907159434843
3 5 -0.12988099228187114 8.137337679074978e-36 1.1806551828925724 0.38332637934272706 -4.625069649866381e-67 -0.5039191329386027 -2.2549617311778571e-69 3.6146206200789126e-30 2.3370612610444106e-30 3.9166351988440426e-38 0.0254736428072772 9.830836996117678e-12 -0.3973349361162965 0.12197186557708635 0.00847416795038322 -0.19531860284635105 -0.27518443410424986 1.0727210199061499 -1.0594863456937343e-65 5.469982094461466e-60 0.04195816269742039
3 5 -4.1697737445492945e-11 3.7769430573909425e-59 9.636130560323531e-68 7.362800571768516e-47 3.14795362219049e-21 1.7928800578427806e-40 4.481079378752541e-38 -9.027215914666274e-13 2.580274444735013e-63 1.6835002019790282e-39 1.8301978442125246e-37 -1.0505146249395163e-59 3.4210106221898455e-55 5.964990652993658e-19 8.928248532721704e-14 -2.4342871392360473e-54 1.4254909296167697e-57 -1.1209546304616243e-53 -1.4508222482325343e-68 -6.7112457242155745e-65 -0.2255723062828406
3 5 0.3622597599247263 -3.588556741175374e-43 0.8145763811975665 -0.15805933541036976 -5.256773684252842e-54 0.21637904913837827 -2.410619656783832e-69 1.6739627402129735e-16 -9.02570070060033e-18 1.528722407424086e-10 0.12822607730620744 -5.742998053466279e-17 0.3219761746122282 0.16343304950961463 0.008646340928175343 -0.06407961943381207 -0.3239479120479625 0.553314808570745 4.995923666593325e-58 -3.685865444482756e-45 -0.02519152393439377
3 5 0.006722021226473018 -6.5506273448507534e-12 -1.0097190697369367 -0.15802442012412662 -1.2550274547146867e-46 0.11588901278930834 2.0519457359442824e-10 -2.0537668861447713e-10 -2.0066532967248547e-37 -6.266610993981338e-17 0.34982810815405396 7.653892022100904e-15 -0.1040603902039037 0.24842848883208624 -0.004550035907410279 0.3989069936414941 -0.07440239648095505 -0.5435772812784041 -5.18679993849586e-17 1.8244524656137328e-38 -0.024507339343782877
3 5 -0.2527937852489191 -8.204665112074578e-51 -0.15282366490660068 -0.34596664911152664 2.1986889157425272e-23 0.40830089666529684 3.964713793460973e-44 -3.272311223643585e-45 -4.238392414508329e-22 9.449501803679036e-18 -0.03206320765616639 7.004686205328689e-20 0.29093717335632113 0.03946317976067268 0.0024438545555771803 -0.3655838323686492 0.24320048426880733 -0.4731964713604445 -6.896393353075317e-32 4.355721766986225e-13 0.3111848112062443
3 5 4.8258561202514305e-23 -4.592269671962709e-55 2.0105520845398892e-46 1.4285998111586803e-68 1.5150568151623368e-68 -2.968344670204883e-23 3.952451351557025e-15 -5.592074434240343e-44 -2.8838440247071463e-21 -2.0954507182472315e-35 -2.1434174762021295e-10 -1.0164694476750734e-11 -4.039527083064865e-62 -1.1063338197396014e-23 -6.200880873886545e-20 8.036288109210844e-34 -2.2537065103666384e-10 5.784522902013063e-22 3.178290511856599e-41 -3.889559253344941e-59 -0.031927911365684014
3 5 -0.10245827187126647 -1.5303836459657797e-47 -0.7682377388697603 -0.11570263412623416 3.889685275164995e-59 0.03414570995661517 1.6672197473670925e-13 3.784709783758087e-13 2.0196035552874927e-31 3.5199994345825904e-22 0.22849212460842908 9.369569014730237e-54 -0.18102101347322536 0.22655494009357913 -0.005514738425294046 -0.31549554744527775 0.13144328885864648 -0.3599594225942443 6.114896048613862e-34 -6.001103224754543e-18 0.24876510855756698
3 5 -0.25197567083308503 -4.9657808510996e-15 -0.05022940815743386 0.26401986545751627 1.8539827038528528e-53 -0.021966584072069757 -1.1925082372383532e-12 -4.818256427602885e-65 -1.2238842639415584e-12 9.853326933230883e-16 -0.1789980744340775 2.0940478467370407e-61 -0.12566074475128983 -0.18946649975379057 2.628747412337736e-30 -0.33549318239189824 -0.2165525229498067 0.17448061125288888 -1.1408125557479202e-44 -2.447512635698815e-17 0.06677324980405021
3 5 -8.150088570746801e-62 5.7407946511200576e-62 1.981524617732822e-24 5.529101044345478e-31 2.5374690547418042e-15 -1.0159713443133884e-10 -4.319294229554708e-12 1.8832423013156676e-62 5.9828724598862335e-25 2.3205706472671935e-58 3.888340347643683e-36 8.807684460305231e-49 -1.8788097849541856e-14 5.2684503472553594e-12 2.8766147604821627e-68 -8.042795741111788e-47 7.170769439388715e-36 -3.336882905663636e-69 4.163414525253742e-33 3.2227217032468556e-11 -0.350602116518409
3 5 0.1685948151807955 3.586984809870499e-27 0.8345913434460182 0.38173018428863426 -1.2447477127223598e-60 -0.42419132443543817 1.8331135710042863e-59 1.9504219695993297e-12 2.559822309719374e-68 -4.412506252481605e-13 -0.25461889292948914 -1.854208950129271e-25 -0.1838176460048916 0.02164513305335316 0.010130106593684324 -0.02563108157117056 -0.25919281566517466 0.38486564277967533 5.281007909302063e-25 1.6690580842769917e-15 0.15725785068378006
3 6 0.004239909228929961 -0.03729099748586826 3.093081972942924e-20 1.1282335980692372e-39 -0.2445148165775199 -2.1987136547340886e-07 -0.7111867343579065 1.6809370792801154e-07 -0.01575629622590584 6.6320430851828396e-21 0.6726182033607483 8.509933888564352e-08 0.20086973537365652 -0.2839838871623239 0.4594554747907444 9.059765901489889e-09 -0.45012256295690406 -0.08567413476110497 6.827270501748912e-14 0.33970544943886527 0.44192771991782204
