Number of NNs: 3
NN configuration 1: 2 20 20 1
NN configuration 2: 2 20 20 1
NN configuration 3: 2 20 20 1
NN Layer Weights Bias
1 2 0.44641531637992415 -0.101390477067815 0.08988511520632367
1 2 -1.4442066144887199e-18 1.7061693448842165e-37 -0.3024417204844925
1 2 -0.7024179675190674 -1.6282006464723566 0.172118560905299
1 2 -0.5819243750479598 -0.9924661637617282 0.2997998982335643
1 2 -1.5503631682149966e-89 2.7490885912780533e-86 -0.4983115144960344
1 2 -0.49311685378768166 -0.07604585588247548 0.5686044688222698
1 2 0.5674448118087219 -1.3899634103547984 -0.2723986223409755
1 2 0.04004170389362627 0.17603710096200212 0.4414019253510464
1 2 -0.14432228298715347 0.40810030483719684 -0.052105406494127426
1 2 -4.54268288687795e-54 -6.672056989256265e-17 -0.42312528370093644
1 2 -2.610487270898118e-16 2.201857119202654e-90 -0.16873746679880297
1 2 0.047396179726249855 0.5609587713029438 -0.5193918797129529
1 2 0.26153678216167214 0.239273782471641 0.20343427718746257
1 2 0.3911284337949943 -0.3224541272613658 0.4950291249021918
1 2 0.3307520045625742 0.04529400617714743 0.15347519041857485
1 2 -7.158036760279811e-61 1.1195276214357395e-20 -0.36723005000868153
1 2 -0.003574610584517949 0.25320108662752017 0.5241808559003447
1 2 0.18592173278635776 0.21873447736663976 0.23470838107391953
1 2 -0.41759545478663124 0.5199401019999778 -0.36505149559444244
1 2 -1.6322608534847013e-46 3.4083154916546788e-71 -0.2858179373961871
1 3 -7.824204627986563e-86 -6.14334943979514e-86 2.667807500442502e-50 5.4745988297081e-24 5.902223136219188e-73 9.811686118366607e-54 -2.973444366562341e-33 -4.4314638709397066e-83 -3.3422642996041974e-18 3.668239628800875e-71 -1.5310669774071793e-68 1.5825817345007673e-23 1.8494047509935354e-34 8.927946085907696e-28 5.238285049149385e-90 -3.750708615729367e-57 -7.29538292742871e-67 -8.865015613843054e-81 1.0982003245435832e-37 -1.0525370088895837e-35 -0.3330262062221022
1 3 -0.35325916319048106 -7.483637774636576e-78 0.7319977505411525 0.05598174654693062 -2.704580119682517e-87 -0.12342985672131683 0.11622187403461606 0.14767404763817113 0.1769440493724585 -5.339672758946629e-30 -5.156755436908353e-38 0.09720097818499913 0.16681737237108876 0.35123518955122573 0.38878391755776714 5.245899295719584e-27 0.26057649429428026 0.08857913669877913 0.5978436993327823 9.691723708950762e-61 0.012465740669949323
1 3 0.17277522748749563 -2.3366406897090957e-27 0.4760298367787798 0.11696889544482017 1.4690851119954707e-18 -0.1665011921496059 0.7957343220015501 0.22133185522842902 0.16545947393201665 -6.75503410957998e-24 7.748539815019147e-19 0.5513399502160449 0.37436654262434693 0.20841253379407457 -0.29911004580691286 -1.218234041701571e-23 -0.1527162184687441 -0.2939051699875201 0.9989571911952273 5.929362929991793e-23 0.1726307458390193
1 3 0.45613845481094606 -1.1594864073563878e-41 0.5559582164261555 0.582229794082953 -1.3400324769041407e-21 0.2395598064650075 -0.2784088928243599 -0.29814341884783724 -0.5030161472793329 8.794504249341899e-75 1.5728196528302668e-89 -1.9180471433359775e-18 -0.4240666348702688 0.09449114408456684 -0.13179538664745305 1.2075092719252898e-43 -0.27122218639712403 -0.3996780280973807 -0.2739886756899335 4.968641842287088e-31 0.27783010083531984
1 3 2.5957546434765913e-25 -1.1368161571373391e-35 6.553566220945331e-46 -1.9286493881069045e-40 -1.4266390564336165e-88 -1.5948657499984228e-36 4.638967670429025e-41 6.350610907442276e-60 5.479570353721793e-87 -5.506507887716757e-84 5.494740710853195e-63 -3.8141213514958665e-74 -8.507567139106407e-84 6.51931219824554e-38 4.743146874014341e-87 4.068480052175541e-39 -1.4575556284841734e-20 2.189272555734196e-80 -7.304558225897636e-67 -1.9842473451650407e-19 -0.13841488054424883
1 3 1.4014176814020295e-40 -4.535398882545105e-86 3.972739909023562e-21 -1.2717617506461387e-86 1.0824494723297449e-54 -1.6956079480544398e-31 -1.9427121369663295e-26 -6.509421510520243e-88 -3.498809428661497e-24 9.036457770077791e-51 -1.990548747889026e-25 1.1857081170607237e-44 3.03596608005437e-63 2.899468804052834e-71 -6.775855643267229e-54 5.4616216304058485e-56 -1.3835308656323783e-24 7.344491586785059e-36 -1.514278391006573e-69 8.276807622644174e-22 -0.18798401601919226
1 3 -0.2133087380802004 2.2327600000134663e-67 0.9954720769546792 0.06663545089366954 -4.113842474657842e-20 -0.17660465058859803 0.7850873220323853 0.18912222241762183 -0.07915908437386035 5.034179295423475e-88 6.700362587731826e-78 0.6072706804384497 -0.36519491902361967 0.09789180698517129 -0.26955860749950095 -1.9724460981123454e-20 0.040346282014297206 -0.015998639627221107 1.3581567925303684 7.41335310264276e-23 0.387672166579914
1 3 -0.176292429699462 1.0425632621861783e-82 0.40005276447559973 0.604687974355695 1.6661615961800934e-80 0.26985042308317425 0.7430021838269969 0.28794486265750857 -0.17616676731500128 1.2634167691816393e-30 2.4023219104336293e-20 0.5106433839433174 -0.09710109869798676 -0.3061338861185473 0.2123303308202098 2.4962576449915275e-58 0.33001282378647107 -0.11905745280597076 1.0685184911522683 -1.2469914558755792e-21 0.07545405190390779
1 3 0.02946815737337455 3.125518831751468e-26 -5.743713833984641e-38 -0.0009713132807026452 -2.022795007402676e-25 -0.1860739657231698 0.01906506887708349 -0.01919713654145032 5.719923465379688e-56 -1.297923769247783e-85 1.5308820743402576e-75 6.515887011299587e-05 0.022638726031704026 0.20177688182693465 0.05716603869285649 -1.845830552441265e-40 -0.2439822597814988 -0.26683718958460584 6.054273160914238e-90 -3.6108628285487997e-50 0.006082442904547942
1 3 -0.08461077312509283 2.173706704470108e-32 -0.3404389915263534 0.13097298863655177 4.7210624356944253e-63 -0.10789378664636382 -0.4998686448128887 0.3408906699117004 -0.021261034783311032 -7.488639772713352e-35 -1.6544280306581654e-79 -0.203087689502656 0.17552421189469383 0.17535421900544335 0.01547173093859398 8.803816002692581e-49 -0.0983600646880001 -0.14199794909046132 -1.139043445182334 -7.766043785024373e-19 0.26365745439769583
1 3 0.061721506664116535 -4.598682902298137e-74 0.0025784439309927626 -0.3873600314334573 8.35595745918608e-43 -1.5905591479848364 1.0301924767504989 -0.2226270677088522 0.8933739991708474 5.924195782094211e-62 -5.039498922273016e-22 1.6310145393936173 0.16519162927916758 0.08431101101237763 0.18040409452663947 -1.6684553154908988e-54 -0.2340366643131672 0.32811296007901997 1.705542635072048e-35 5.4117898915709035e-43 -0.18844723578690992
1 3 0.32402435092017334 -1.0008366289119892e-51 0.865706433847364 0.29937649881170353 2.53484341433286e-28 -0.3804970642159054 0.9180655944719038 0.03531068928511209 0.18036016352977652 -2.0100404242763527e-88 4.3470287093549465e-65 0.9692578112638182 -0.2712440550085143 0.001785990184889906 0.2797323386727401 -5.590038861042553e-64 0.10015767683678603 -0.1491400821308177 1.2180753456428666 1.2663328010674847e-77 0.11517321421312138
1 3 1.5914260050567948e-36 -9.315780008224364e-33 1.344993922441428e-56 1.5676788511872914e-21 -1.030598245667795e-35 1.0850946894596972e-72 4.653575615472457e-79 5.800475580919502e-91 1.619558493874141e-54 -9.630185603732542e-24 6.321511417323013e-23 -1.2824581833174714e-37 -3.221746857223633e-80 -2.1108334106303925e-66 -7.280622422594086e-89 1.4926881155151976e-51 3.1956359132963816e-86 -2.057184148724024e-25 -2.47957397764224e-48 -7.113862278920647e-21 -0.3685118214085834
1 3 -0.3097431714817217 3.3892621249155418e-74 -0.3869986805206085 0.03669195455917891 -1.7396012904817667e-26 0.2925826694573653 0.23931310383026033 0.24769075423227332 0.12294682901736695 6.306039770060058e-88 -2.1539968500831765e-30 -1.2864581861331101 -0.2821940658915728 0.20023871508518565 -0.2640013309437168 7.016416962672361e-48 0.0820282247737169 0.134079785094592 0.1556587032667798 5.97290286260684e-50 -0.2643905013221302
1 3 -0.07896582869299357 1.3844490572474351e-18 -0.3713545054702059 -0.25400057881250643 -3.5433724125223232e-71 0.26713926560601237 -0.2010254868845491 0.10498383227307355 -0.10461011886717464 -8.211995254458829e-37 8.461386479617202e-77 -0.595445603314433 0.24354952488155227 0.21538158954653114 0.07216079406893423 2.0762421826277725e-84 0.21082080876610554 -0.037164564712669296 -0.6747761076127822 -3.786859963794674e-19 0.09196386528166313
1 3 -0.386255524339522 -5.12426559357534e-43 -0.0018635399032385631 0.2674872035044185 6.868108990923597e-27 -0.3824653005557048 0.13974086110134545 0.0933032912367771 -0.16724674857166189 9.942314152007947e-31 -5.080946993819685e-19 0.3143250776920555 0.32696176804077615 -0.2826665607583457 0.09190108615413436 9.386962515478971e-52 -0.20005234514420242 0.16249395358524388 0.2875969869906925 -2.7953618555794725e-34 0.0239683969566437
1 3 0.28636884884024644 5.1129994042044904e-26 -0.591668565382394 0.1237585261682569 -8.935141828258734e-85 0.36808385419265566 -0.46196765431585174 0.09916286479962166 0.11733891768278666 -2.8493190778357754e-27 -1.702022534246038e-36 -0.3914461792892973 0.13821481368288926 -0.34542450326437707 0.26759205567395583 -3.5128027907809884e-89 0.2430141869004505 0.1903116935945593 -0.8081200909184175 -7.81355850602624e-27 0.3322760198289697
1 3 -1.6004116446940328e-26 -2.244711140898151e-19 2.0341393059333365e-18 6.628076585465496e-68 7.577907366882898e-42 -1.3429778367540972e-27 6.9562982207481555e-62 1.1874597478118137e-28 -7.075760926673086e-62 1.1120899009875654e-59 -6.641014670482102e-56 -2.650278238333881e-83 5.099301465358844e-20 2.235338762400965e-67 -8.278683925342924e-24 -3.729178467742644e-20 5.263575608536083e-84 -1.3043319021636082e-86 -1.074980027336219e-18 2.156115756496865e-18 -0.3114067687760036
1 3 0.12524866521480213 -2.860622414847434e-89 0.5479639979781535 0.2768822368796477 5.02563782379665e-25 0.08499833919075374 0.6954695502506959 0.01648336587332921 -0.04814006435062748 -1.780170199736919e-23 -6.244458640234035e-48 1.0242653373406407 0.19337769170032806 0.1295447675969411 0.1114169191173009 -1.1785726733917773e-68 -0.18143315650482983 -0.24195192349142047 1.004105079354928 8.341162204028848e-31 0.11216606852562498
1 3 -0.36280322026829326 -6.752057714301827e-35 -0.9262558435889179 -0.5818276155406055 2.705559206097458e-43 -0.2876815379393608 -0.1105623756451096 0.3707206786935257 -0.04770367753190059 3.7445060626081233e-19 -5.205874966833202e-66 -0.7241861197879079 0.13871788160976356 0.25281335305777586 0.07279000699623782 -7.438823470409438e-30 0.21081425518203098 -0.2437300721415364 -1.1931732847128331 -3.7625832023728334e-31 0.36309350830113185
1 4 -1.8055634990131023e-51 0.5397115809321916 0.2188357245909414 1.13336949943299 -4.832172915883964e-13 -1.3225928137134596e-41 0.5432868402924308 0.6453697543758079 -0.14010343182993187 -0.046094918187166455 1.803485059022072 0.2946456080926989 1.2342983566019088e-27 -0.3108539987970452 -0.28663121720798374 -0.5088993094354219 -0.30945250577113753 -4.6340233222736464e-48 0.3541339543470164 -0.28504261134170866 -0.12645229651596765
2 2 -0.011829144142586774 0.1610273279183644 0.42388581280761667
2 2 0.04790619204504736 0.35119821458002415 0.19243178797529195
2 2 -1.0439313589009272e-61 -2.849777314535169e-36 -0.407088524163612
2 2 0.4853672578306308 0.4660409570954003 -0.27191003126613367
2 2 0.003605259543714299 -0.18240571517952242 0.5444332620843706
2 2 0.17087747434490413 -0.24127518001118117 0.3520515925800767
2 2 0.1441314310864993 -1.223016147878453 0.22481228557672467
2 2 -2.4270017902798143e-34 -1.438364696659622e-17 -0.1926226375384002
2 2 0.7912314837730644 0.11579335005133119 0.023616566412393607
2 2 0.27679346791813336 0.6184803333982 0.13965399685706184
2 2 -0.25854494649412324 0.5132978892330237 0.514937295153081
2 2 -0.16026850061935333 0.06857162479671826 -0.061208719567490674
2 2 0.3204814614981836 -0.07125125862363377 -0.342452343922531
2 2 -1.4029377352547751e-15 -6.049891610732782e-35 -0.28708203551341016
2 2 0.510650485254743 -0.12228079583219933 0.21845593109277664
2 2 0.04908031188805093 0.7070752283918139 -0.5791015897457552
2 2 0.564014581486683 -0.1796429341489458 0.05211417463363361
2 2 0.510911365390065 0.3039440257127115 0.019468002706150442
2 2 1.109375853276023e-78 -3.2601717806640974e-21 -0.23565246213012297
2 2 0.1897464396235098 -1.0672021154721394 0.15421498981883688
2 3 0.2823798513764031 0.16300516687970082 7.0754086578856e-24 -0.43092788331840426 0.20935176493758442 -0.3055638259595188 -0.35442033122179334 -1.3882217886857015e-46 0.13765402654098297 -0.3126833694614498 0.06489004811068749 0.20402692786163268 0.06507126302114542 7.191067303137075e-56 -0.018373092090206492 -0.1613238024274676 0.07546709710571148 0.11570589795822736 -5.544564548908702e-86 -0.17161029274159378 0.10418295201864403
2 3 -0.24220838193840782 0.29846230091971065 3.245533247234857e-40 -0.3952594411620814 -0.06819445393954672 -0.0902011118748665 -0.5965659150205675 6.393254355163623e-96 0.30839872174571786 0.04978677616320618 0.24165790757777514 -0.0013147623918616045 -0.0034725192786237134 3.038192296355371e-98 0.17561847175705236 -0.43974836859364025 -0.4656165041773087 -0.023668667991340854 -2.5978668875438143e-88 -0.010136751408645601 0.2486031140652298
2 3 0.1787639112673974 0.21734761055569657 -1.3631519467233795e-96 0.2946119582855189 0.03089588794651687 -0.1275506341472875 0.21077023650159843 2.1158767267295085e-25 -0.19448992812074187 -0.3992913567251428 -0.27870176923275397 -3.589445209008388e-80 -0.03609703695656487 -3.0339168623049914e-80 -0.31011205959861365 3.4338592092092284e-48 -0.15667626108986404 0.18314414828915845 6.164873143799485e-91 0.09214867482507555 0.13209228492585062
2 3 -1.9230272524650293e-90 7.1501096672242145e-25 4.329450201453814e-32 -2.983330564840065e-97 -2.5362483795882607e-96 -1.5462267327153462e-62 -4.680196046121442e-83 -5.81866802492356e-27 2.6999500541799525e-95 -4.491319940110366e-28 1.2847783287219214e-96 1.729086951071822e-93 -1.1758155207249928e-99 -2.140177793925081e-77 -1.6200608032946014e-61 4.403940246538807e-89 7.6277901929277215e-59 2.7371123257998305e-33 2.0497828687212826e-97 1.2884394559236678e-100 -0.33810435684768997
2 3 9.115577984390841e-79 4.372557656158748e-65 -1.4969851705370758e-52 -9.094746771163425e-66 -3.6766041070201214e-32 -8.67548490956046e-34 -1.8260427671253664e-79 8.38780028665218e-56 3.868169597075129e-98 -1.738711948857699e-86 5.742035622207273e-26 -2.3178927149128474e-93 -2.4035073380749623e-97 6.396004469911919e-26 3.172983196170079e-36 6.968402611531589e-50 -1.1660911029056854e-39 -1.2296322944747654e-97 -4.1048065448717133e-29 -2.2479076836595133e-84 -0.2510059385442708
2 3 0.19364950761076694 -0.24443360789719928 5.728639514680944e-90 -0.15154329354960966 0.3692243850386102 0.09253355734859872 -0.7120272950746165 1.0250463287106466e-48 -0.1673827900764401 -0.14722932868919641 0.3970714900101394 -0.027608257043594684 3.4073655583894784e-25 -4.345490680746461e-29 -0.2402144684382767 -1.346785551151255 0.12177874921699823 -0.41751662183629484 5.3850870844952335e-84 -0.7515852201751246 0.33455289401506827
2 3 5.3599680344523304e-31 1.3800697012377425e-46 3.3185388978931186e-89 2.9369548679750805e-31 -5.149192184394427e-26 4.9024792586509745e-43 -8.454009705231173e-43 -1.0609753289901263e-29 -1.2789613401671277e-70 -3.885257167093606e-57 -1.4355867340136226e-48 -3.4074868023641426e-81 -2.5954263498192303e-67 7.721130982143041e-65 -7.247829008060382e-77 2.205384320462543e-45 -3.028503028815081e-99 1.5130911979412877e-46 1.1520604781663365e-99 -3.2226394151488385e-88 -0.13274698951863784
2 3 0.1626642384148951 -0.005333238459920147 4.2185335408648843e-97 -0.04982653357835888 0.1943701834262103 -0.22435019854040297 0.07343887145057096 1.6030279007823162e-83 -0.1363756120651902 0.3382723658708015 -0.16760313111052286 0.1312397535552815 0.2032703139410726 -2.6500877050083e-28 0.05777972554760443 0.7471711707524005 -0.0006618584426209039 0.16770080616529026 -1.0565154991525077e-28 -0.06151924893882825 0.2047400187217479
2 3 0.04781060816349059 0.12581980837054424 1.656081503803772e-72 0.5312235029333001 -0.05365219335919102 -0.04650506954951721 0.6446334853543558 -8.009690853292951e-34 -0.4875571178658343 0.01092452979803836 0.029654062297685694 5.3401286128593134e-65 5.130927107915816e-99 2.9409716185402745e-97 -0.2757025934994239 1.5573922611465458 -0.3861081579108465 -0.5117505515178299 4.326201202667127e-25 1.0360622491340286 0.0930136976609384
2 3 0.21142944580498685 0.04375570072882488 -2.5609697902676606e-36 0.486496144128634 0.28588229920350167 0.13153502178336188 0.2277563614077232 2.686519087491581e-39 0.18278780663926955 0.3482824600783817 0.12673374036519539 -0.037243501240562846 0.10674164043591329 -4.20191770650031e-95 0.2816666363964727 0.68106736865105 -0.11558574929540835 0.11364133281285622 8.737671707495392e-43 0.2448021472238681 0.15625396415398382
2 3 -0.46832980093633364 -0.6656642222622803 -3.816016156630238e-100 0.7622663482205514 0.14473981032060093 0.12783757339726173 0.7637968812897608 -3.4668545000932513e-57 0.11895468867469343 -0.5915282333277463 -0.6540856389093872 -8.412267646107657e-85 -0.004828122094382157 2.90062957972258e-42 0.29497206967319745 0.02930241478882837 0.43877073568208647 -0.3364034748069419 7.516232041959633e-99 0.7644313213971404 -0.20753467736720976
2 3 -0.13118082499951897 -0.23465987850623812 1.8688455075065431e-50 -0.13154093930885447 -0.02670017381488232 0.20966362303517205 0.09537148435625191 -4.677876072543231e-25 -0.06266881933189755 -0.21660571001697038 0.39888199158341114 0.10502139741388335 0.14406317912837158 5.260661342683966e-99 0.31677368167641823 -0.24620418404225558 -0.28224326941640226 -0.34418170201955406 -6.573717404080935e-88 0.34612819966678454 0.03163230892427947
2 3 -0.15383454624990942 -0.18563845934307768 -1.3560397875037155e-88 1.7167951282653643e-26 0.04056552179994137 -0.0216473939063409 0.14770843400062258 1.516509460865567e-98 -0.24323857642725705 -0.21048660854876658 -0.16604338368847715 -8.771067409672859e-25 3.614125778146671e-51 1.3468866863888911e-87 0.2694156880919466 2.288565946150284e-60 -0.041804860407737565 -0.005656150879569022 5.991993329197287e-42 -0.19962361745287802 0.15249865617758146
2 3 0.08650939223166391 0.30712590379469595 -1.872635431696464e-29 0.12080221550123539 -0.25130939906076344 0.14990344562184277 -0.0064948812877706616 1.0435827313150784e-25 0.2504570516907451 -0.36508349187123346 0.0974156809992962 -1.982837209066726e-39 2.1498286599391534e-43 -8.567356895691625e-25 0.039074637681400244 -0.16064402937392763 -0.10517496313271861 -0.08410503966228998 -6.493768305770854e-47 -0.03259320263052565 -0.17765761561939825
2 3 0.014349471780984049 -0.32947229790920185 5.289241764956782e-59 -1.353071571236759e-20 0.05256167108280984 0.14628014642209827 0.7183827905621577 -1.3784876286285472e-50 -0.5384283481169425 -0.8307470813112513 -0.0967954661537864 1.267783507685963e-97 -7.483493849111612e-86 2.949527091163346e-25 -0.15843424514932625 -3.071056458354356e-15 -0.2343122422501041 -1.2919894550777407 -5.342791679690168e-43 0.6141906756071384 0.20560443816649704
2 3 -0.10378074455256951 0.2910433199118373 -1.7227691785403403e-98 0.11156693259284026 0.010851474564671216 -0.08808672648831897 -0.3884673861848924 2.7459640567354984e-34 0.1847050916907234 -0.038119698511940636 0.3020396433889718 -0.0077216926614984945 0.003834209015175606 -1.8746615271660309e-44 -0.033528214564519265 0.010132972357849854 0.3467587195212661 0.03185582173865209 8.663161911500562e-50 -0.5132478140630774 -0.12095040093140612
2 3 -0.06676572513017472 -0.07701037270696959 6.183356206303658e-54 1.1018646188871332e-72 0.019763240818185604 -0.0865675247175729 0.18782097605930304 -2.4088786221992744e-49 -0.18193627297968895 -0.03815263539152581 -0.1190841078461219 -1.2147126851673636e-64 1.170666108211605e-27 -2.44794372553168e-65 -0.1058403076783342 7.716516215151051e-94 -0.07627854488934149 -0.12117721384373467 6.690359702225576e-31 0.07522055429739746 0.13506451472971026
2 3 0.22175794113204816 0.039795075008238354 2.282682624038181e-94 0.07257343519702908 -0.13863018488881063 -0.2879957263166889 1.7608146502891816e-87 2.6602998926818303e-93 -0.3784114782421837 0.30466818400320866 -0.1205703192095339 0.06442448348461359 -1.1464204960768875e-28 -9.886332317133337e-29 -0.28708141469446824 0.22547068291972353 1.1550215037296844e-70 -0.17425172861645286 1.8010002666108833e-42 -1.4817408462751543e-44 -0.09255095091526856
2 3 0.008936618629644113 0.0400337949923232 2.1987809188323004e-78 -0.11491522980223041 0.48911211855677017 0.23293479215381294 -0.5901947095709817 -1.1299218145780285e-26 -0.2131064630039611 0.2819991297135915 -0.26431460831183384 7.975800109157505e-98 1.1477174072960823e-43 1.5934997130477557e-30 0.04275565917953161 -1.045844653048393 -0.4296105030273756 0.1503694824614692 9.154371276467956e-67 -0.11195740320681277 0.14725495870493027
2 3 0.004885429458435883 -0.1685537001399515 -4.317414195176373e-30 0.42426491846955694 -0.044653273145819315 0.3285670049275536 0.5806612666727792 1.5427735653083731e-55 0.39841228828470115 -0.2367795245501971 0.2308797624031392 0.10732538075014453 -0.10539117094595912 3.645315381891228e-55 -0.2963998294683092 0.4509552005340449 0.4654692177543769 -0.19900631926994056 -1.367190928557774e-24 0.3309700401230278 0.33858413742794274
2 4 -0.5812052076049378 -0.3848393670334329 -0.23053535886925536 -2.6542265910664547e-15 8.536144193751889e-18 1.1926430573906062 -3.245634881088748e-76 0.3010659151188914 1.9273039694011154 0.29262994790047586 1.418956855702539 -0.3176353580109362 -0.06793956386157503 -0.12631148878526396 1.0897368030329462 -0.04973100543360907 0.19395690666311485 -0.18610014520079304 -1.0129942747109557 0.43775750800739965 -0.48646337539718026
3 2 4.342237805647033e-30 1.3952495444506225e-45 -0.2219680683134191
3 2 0.3926639497040725 -0.529761915361867 0.35484557847916953
3 2 -3.926420956978728e-13 -6.818900564123216e-06 -0.013363011979096062
3 2 0.29226801342386366 -0.8908919374668879 -0.12819745000199212
3 2 -6.819485700185663e-16 -7.483242967797456e-52 -0.04647120531129145
3 2 -5.436226907536298e-45 2.7104454740417773e-52 -0.3249435476515645
3 2 -0.7084119244472635 -1.5170417186256104 0.3459411638684071
3 2 -0.4552602742552126 0.09141464010222555 0.4369881314087807
3 2 -0.13248857922223964 -0.14472406144791453 0.27961293645107055
3 2 -2.300407520605913e-10 1.3314243254873775e-56 -0.16026540237863846
3 2 0.29708652831606025 -0.5896386657239835 0.28865833024593524
3 2 4.966767694883724e-13 -6.188529820166386e-44 -0.39998734894680565
3 2 0.2643712171345067 -0.24451589867063467 0.26834791874883573
3 2 -0.6423663748432343 0.5075749723270311 -0.1910393816917264
3 2 0.17796694622620385 0.4824592496000532 -0.3836089398222687
3 2 -0.4379598824755922 -0.11513503528701668 0.03283271243876754
3 2 -0.36826670707020764 0.3569101588544245 0.017852839671030612
3 2 0.5460777943024604 0.09197399980517244 0.250530860752776
3 2 0.016049117151050472 0.581807090184227 -0.5082449281423825
3 2 3.294759029114935e-09 -4.08394860984805e-09 -0.3797831844448243
3 3 1.0511530213942936e-17 0.037857216996894684 -1.5702551071888118e-15 -1.0581642544147667 -4.981363589095493e-37 -1.3837246950328361e-13 -0.7127484864431617 -0.06459514595733067 0.1293847530206847 4.0816023346415177e-22 -0.320892291300087 -2.736246599946905e-13 0.3576840585448272 -0.3829972889085941 0.2741122920866288 0.043895593958544074 0.19893066707198814 0.2083751034674596 -0.7144660898819879 1.5347881001212377e-45 0.39501993851782735
3 3 3.475210059126191e-25 0.35093139571028736 1.2750139600981698e-10 1.0095107294545542 -1.3255567056427842e-38 -7.957664385447203e-12 0.7733676692022459 -0.2805294679252841 0.29584977341795 -4.8644883112712285e-53 0.08449677785045405 -8.172544193617274e-10 -0.3391417582777264 0.18689096643832198 0.1144150738372017 -0.24833083083641125 0.11354562297950198 0.310347291656333 0.5724527969223793 1.5031014286598984e-34 -0.025955110583102906
3 3 2.929560236390191e-08 -3.183029368681879e-15 3.4984905988700353e-37 3.2385152021918826e-55 1.4441577284726022e-13 2.23729204709348e-09 -1.0012705680329845e-07 2.1524256172154315e-25 -1.3517946826472904e-20 7.837657020884498e-10 3.895768485679489e-13 -5.618581432337962e-14 -1.8029231397624996e-08 -6.370600089489712e-25 1.192969282593745e-55 2.6884131116888878e-11 -5.264445139550392e-22 3.3050479021104335e-09 -1.630494173343034e-45 -8.995385197882596e-11 -0.38207458718842785
3 3 8.866369761353406e-34 6.961924520158423e-08 -4.774658524167309e-41 -6.530583237862419e-12 3.378306099940677e-24 -7.388900223956294e-51 -5.139923862500229e-44 -8.66395760930137e-31 7.929087535897368e-44 -2.0636751777421037e-12 3.713740547552624e-29 -4.722945539398271e-11 9.336663486687822e-12 2.200813520137702e-08 1.4945503022552852e-13 3.359067506266374e-25 7.760021128874488e-08 -1.4815558906843358e-11 1.8689241210998463e-12 -3.924141099454781e-57 -0.18929502250938118
3 3 -6.185704710855916e-11 -5.94018794667213e-11 5.1346870666231467e-23 -1.6081463348767397e-19 5.872238738767178e-58 5.632779130810456e-08 -8.804708940122444e-60 3.971689918999147e-14 -1.1323135477467671e-07 6.381565349066201e-34 -2.3633611960032997e-46 4.5987833680518215e-46 -2.039601602657337e-16 -2.2761060639869053e-17 -2.135331890708234e-44 1.5317217170458204e-09 9.793168707920354e-55 3.476343638685088e-12 1.4215811098886158e-13 2.475134747022229e-42 -0.3844689188255979
3 3 -2.1492500648867242e-38 1.866864964069723e-27 8.014074558159767e-14 -2.487626096924706e-10 -2.461241679003881e-16 1.396756321827466e-55 -8.740368975744917e-55 -2.2874813171789804e-11 2.0439100357519614e-10 2.492068671617048e-42 -1.8509448350093797e-17 5.185300499873865e-24 2.1768156375210907e-55 2.171187057229877e-34 7.820059393880326e-51 -1.8482097425636047e-32 -5.362689896067833e-48 1.4056912995802453e-25 6.265901420575782e-15 -6.837281050316125e-20 -0.09688850016290002
3 3 1.1768539943370209e-07 -0.016131679684890907 -2.8611699007999496e-47 0.7897868158196116 -3.433147042424872e-08 1.0871995256907907e-32 -0.22665364677828717 -0.2964504837430411 0.06379410710128072 5.3963786120188956e-52 0.3476744948862576 -1.2781514413472034e-50 -0.11873704869338488 -2.001089937136395e-25 -0.14524765110833726 4.349552438234088e-13 -0.12690268443274275 0.13250270151745505 -0.00421062166686734 -1.459120647464403e-45 -0.16648361051704005
3 3 -1.7479086134587794e-57 -0.1682082239404007 -6.6090451473805145e-15 0.011524431629988249 -1.4184773491507436e-55 4.139210295314245e-15 -1.5187389616291232e-51 -1.0196893758913932 -1.240527528658962 6.342231708277538e-23 -1.5487065224651786 1.5480802091320976e-57 0.11074500510174166 -0.3516441513498926 0.6183253845210789 1.0389959758313017e-22 -0.5452758396358555 0.5179293265685939 1.211774926469174 -1.0373721277359541e-28 -0.2683177487863319
3 3 -3.1638326505693174e-11 -0.3990917102175334 -1.2825341363015733e-13 5.273613204646781e-12 -7.277039313555692e-08 7.30138054917323e-43 -2.5882491852129813e-08 0.23187608560792902 -0.40760214407361506 -8.121594990594451e-18 0.05141660683811443 5.324700902662673e-12 -0.8299704827230759 0.7653395076660111 0.2217127124389143 -1.2057169171035859e-18 0.3892868903363743 0.03150684464554986 0.8496026253469227 7.385058725611081e-22 -0.26372955152373434
3 3 -4.951129762637384e-18 0.27364926729134464 -1.9903994558562904e-21 1.0518184075785884 -6.415686992238065e-13 -3.526757211024443e-27 0.8788108999660653 -0.026411439380580496 0.09630514134181306 6.202005107692248e-18 0.005626617902164066 6.234898201606724e-57 0.023275954433313154 0.027300666396527975 0.2107292116673292 -0.17918253084668972 -0.07696341522552506 0.27434357015113814 0.011422608034213614 -1.136090273092969e-23 0.1608818198825043
3 3 -1.2731051690410503e-07 -0.05589433451666487 -4.661407528875067e-10 -0.7751630837170685 4.066092954942535e-16 1.647030622200998e-11 -0.5232354137237507 -0.16197422850439355 -0.30934191151303336 5.858252412465394e-19 0.31899746696301845 1.859549146203442e-08 0.43459798004663525 -0.038531713045851124 0.04557926348963336 0.21027930305815873 0.2641850405068161 0.3472953840721528 -0.5382875574479609 -4.967805308589656e-13 -0.029308004712356853
3 3 3.708049424630369e-51 0.22016316980439135 -1.4487129950577582e-52 0.6341728600193063 2.3530164656625104e-11 -6.81244910187977e-13 0.3018862020498191 0.29676847746185564 -0.4154804554949374 -6.4239428266806864e-21 -0.3831896167843 -2.535571040159646e-12 0.16155613511912606 0.2919363557720795 0.0010253875006408695 -0.11096416132003757 0.2872185776942728 0.10174179535119268 0.5206112253718057 -6.313434990028674e-08 0.04189162324580339
3 3 -2.5902826595244977e-41 -7.422350877496027e-56 2.621450606364009e-44 2.115688003477896e-09 2.1511301251992624e-47 -1.5528463721653112e-50 -9.302099594792228e-55 3.7516181085116686e-10 3.0894069782703395e-32 -6.950928558163296e-16 -9.47506216462953e-56 -1.4989404694809895e-07 -6.5634094974193886e-34 -1.9250111950854846e-22 2.3278950495527205e-37 1.0643489212441468e-14 -1.0823025868236076e-45 -8.169520255121104e-08 -1.1276429576360192e-36 1.1919698850680992e-54 -0.3349574146995239
3 3 -3.2465610392068554e-41 0.2710343542818428 -1.1479747017344585e-12 0.9551328629126687 -2.4629366775964603e-08 -1.3908076288115962e-07 0.8133842444236975 0.20191997947619508 -0.3222294569661463 7.657048347536673e-59 0.18734626966160253 3.5921762887140977e-16 -0.27935062148356077 0.6114843218764401 0.4922942473172693 0.19319129404610552 -0.027312254489656712 0.12493111788705012 0.5958339766289357 1.2618289658305791e-37 -0.21415031352606234
3 3 -1.4107840476977996e-34 -0.41346451234196635 1.645892941287694e-09 -0.11586940520739561 -2.3800620030452327e-09 2.0434316269624887e-38 -0.2827244983824124 -0.17882163680038735 -0.01280080858905944 2.7746999907104858e-08 0.3433616467275134 -9.587869209340079e-47 -0.37847967725441134 0.4410842045364052 0.5283860723101065 -0.06965538024918491 -0.11473051844808481 -0.45315022149843887 0.7220383793363616 -8.434415304003782e-09 0.2026404975854301
3 3 6.580716343294933e-09 -0.13117948785881334 -4.866466032781497e-08 -0.8826992574973149 5.608950190481174e-25 -4.1456524575206545e-23 -0.5887843969855193 0.09914700155988816 -0.3095027900375036 -2.540010169418794e-50 -0.05211754261190127 -1.866545475253899e-48 0.08662788355449193 -0.2607569984179965 -0.20282345922740597 0.09158473334334254 0.23750863326091035 0.06332846568699337 -0.4440999732926846 1.368198075726587e-07 0.34647302035402255
3 3 1.1480306168756789e-07 0.18033050291176764 1.758292817097697e-08 0.852154961214629 6.41366162546114e-34 -1.2970975329278365e-07 0.3605821522115535 -0.06913990067907692 0.24628020299526585 -7.2649715032428285e-09 0.08152922331680122 1.8831982064575205e-08 -0.14599858867500218 0.29845150989771213 -0.30329210641598625 -0.031585759840530546 -0.2105223841059485 0.03161424174990352 0.4514989329279825 -5.630121767491239e-10 0.27570480062418035
3 3 3.403713116914465e-09 -0.3237762364432802 1.7234224302453091e-12 -0.24998866299400366 -3.524162787275371e-08 2.9970079004434376e-47 0.6104793269498748 0.324188605601235 -0.03769535202269886 -5.050742393458745e-49 0.05966036668161008 -1.305555805389888e-40 -0.24052783723637083 0.3580671365616594 0.13232887324172865 -0.1676629955871238 -0.24746210043094793 -0.06398896599550702 0.318788115683842 8.041848843189547e-55 0.22162853078825817
3 3 -1.1860378476440242e-21 -1.4041518584590825e-53 -2.893277782116149e-09 1.7866836950052425e-12 -6.635628898485423e-17 4.2776842354778286e-15 -8.889554811031241e-55 -2.400359836417184e-08 -2.2042962515551467e-11 8.200121566600693e-48 -7.09053844296697e-38 6.713017880013946e-08 1.728824591926606e-24 9.364706549026087e-09 -5.6018103911567755e-15 4.2038866224271274e-33 -9.625993970860655e-09 -3.376691029632692e-08 -1.9301740232235933e-08 -1.1967256949355972e-43 -0.3174390863172239
3 3 7.715893403281793e-11 -1.521361676677788e-52 3.0844094026637154e-25 4.409009697913216e-09 4.976448264609589e-09 -6.40320039040889e-10 -1.0327088190193947e-07 -2.1544766737654784e-09 -1.5774851032572155e-08 4.488696525653492e-56 -2.7903274932979846e-50 -8.575920302010806e-08 -7.0121367725849534e-43 3.1835266166352073e-47 -5.756813358927498e-58 -4.785220401045374e-09 -8.16479970006131e-48 1.7776442335239598e-08 -4.030884636928992e-55 -6.350504219185154e-08 -0.26185272550840233
3 4 -0.17727301949837362 0.44671463135423845 1.3279716374202207e-55 -6.560391366789928e-07 -8.161936579865417e-40 -8.902437560602272e-53 1.00955447202287 1.5093618090697163 0.8193233564783828 0.48845519761159245 -0.4010003011177179 0.46479227953810553 2.7682216982125523e-27 0.4440687437581051 1.1694967428450056 -0.3512530067599826 0.04266193570095823 0.25825679017841424 6.726632326437942e-48 -8.816722398372772e-08 -0.06210521930123382
