Number of NNs: 3
NN configuration 1: 2 20 20 20 20 1
NN configuration 2: 2 20 20 20 20 1
NN configuration 3: 2 20 20 20 20 1
NN Layer Weights Bias
1 2 0.23000579852847267 0.47825107294297287 -0.40484256543482205
1 2 -0.11076517627391273 -0.28022141429955116 0.4246088152063191
1 2 -0.10309324730956945 -0.30683944732044316 0.44126984698798727
1 2 -0.4836106975515123 0.39876017545227405 -0.15869564651400156
1 2 -0.5602438746405216 0.08717586290551457 0.5015864161792405
1 2 0.35883304275023836 0.2539765805886845 0.436281252550396
1 2 0.02774583282348794 -0.4872093720616795 0.5562257414275577
1 2 1.7470334163559929e-37 -1.7536272125035223e-14 -0.35511585758781306
1 2 0.48555531653567785 -0.42558992464808443 -0.2370822540014706
1 2 -0.18213924168518453 -0.9099496736323959 0.33119646386177537
1 2 1.1498376446154265e-43 2.9043089329946447e-07 -0.3865972648357153
1 2 -0.05648079043780386 -0.13577895783422023 0.19289944118238458
1 2 0.22878739253699892 -0.508283990569063 0.36381865807090946
1 2 0.14082752618348807 0.3267688530544495 0.08187379680606045
1 2 0.39863554009861596 -0.2472617254021151 0.2214707731304128
1 2 -0.00018779685178690197 2.5824417660963958e-18 -0.44075814072530645
1 2 0.04841543088778477 0.16302095301788197 0.1520596470989383
1 2 4.875227644339303e-06 -0.0001915578027435282 -0.36236934011911887
1 2 0.5916388333351986 0.05963315917712543 -0.3110915968275018
1 2 -0.4956457982329736 0.2572289686831524 -0.03210351422581374
1 3 -0.5241162447801282 -0.2936543696279122 0.0647419914622437 0.2159934644915034 -0.012300210569291835 -0.38602342761472747 0.5223416413601984 -1.2051071560494862e-41 2.5070930673469893e-10 -0.23767232444724007 8.39185735652912e-33 0.43660431021071044 -0.3591822855474065 0.24794731460703515 -0.2330605243028946 4.156818752866969e-12 0.16911788474960615 -2.8265235794685557e-12 -2.81506707926571e-06 0.10628516948416808 0.1165878045415261
1 3 -0.012724820159502215 -0.6493388969974266 0.1404266039622956 0.6766121587753298 0.1974256709776748 0.0854681372134719 -0.7068191020018519 1.3770955624937039e-11 -0.36224935588750545 0.1263794359269924 -6.67855387679603e-06 -0.6144597277845343 0.04058259125879103 0.42073274801165156 -0.13327147598586578 2.990383246151228e-11 0.3918437570929188 2.727055340951173e-11 0.3167894595268982 0.13747722918998054 -0.27489758116080193
1 3 -2.6667491099946788e-05 6.216161522521917e-14 5.0215332378931324e-17 6.160624032060736e-39 2.07879514714545e-06 -1.3494413462064624e-06 -1.9857525446491176e-09 2.31793228660022e-10 -5.394724576002815e-23 -1.1921093742222552e-06 -6.284332149300357e-05 -1.1276737210416699e-13 -1.5001259958724573e-12 -5.328607361403711e-29 3.32052495604085e-05 1.3386629682703839e-36 -2.5371728527469353e-14 4.2878379943601275e-11 1.8087053446363903e-09 -4.075730149937721e-08 -0.19604415559707625
1 3 -2.428223374909268e-07 5.982138939409333e-42 -1.5588509083050857e-33 -1.1929863208853485e-10 -7.33725010463634e-13 -2.528196640212922e-08 5.811629577774246e-05 -6.279332720611944e-05 -1.755889158070725e-05 1.0235841744769075e-13 -4.267947314715602e-14 -3.835047447825279e-05 2.9861463683256305e-08 -1.7264471285058077e-43 3.713785619218805e-26 -6.864064557265794e-06 4.042858026812906e-09 -8.97607428560765e-12 -1.7643923603083612e-10 1.0292593293800592e-37 -0.20411920711728498
1 3 0.3278147426273324 -0.34473154741001977 0.21194835145913354 0.10604639773914197 0.3392566816385864 0.19019612923107349 -0.22591325027024747 -2.3222061205940806e-35 0.6299547106011197 0.6272757010626381 1.2174157567241503e-08 -0.09451852873200448 0.11504193383742148 -0.3771033428489126 -0.11351972460426901 3.0694146335400353e-34 0.26148466668374665 2.1558220929828845e-09 0.15406515419699185 0.35859494431071 -0.17337298381048621
1 3 0.15155031720751933 0.18400005477290893 0.20711728200909116 0.38777497112382797 -0.17553576790005418 0.11464929962724726 -0.21693421245982739 1.5735806801623522e-07 -0.46595142997767847 -0.07589142597399193 -2.8092164114656727e-40 0.3560982377395054 -0.023728886886953 -0.08398438988331976 -0.10705565868872895 -2.1319896935121444e-06 0.26095859053661047 4.222568787956412e-07 0.11192103926351568 0.24520662235581092 0.23599792814569776
1 3 5.173714284176683e-17 -4.4182410094297643e-13 3.8687718914302234e-17 8.116779150186334e-08 1.148652177026225e-05 -1.4823656054776167e-06 1.0543046371379815e-27 1.4669825532691832e-05 3.7065410100282986e-12 2.2689639646316937e-07 2.655614983261821e-38 -6.14865750570423e-07 -1.4016515855766642e-28 -4.7146605880340723e-17 -4.798561622705184e-05 -4.05293690520038e-37 1.1185257381183366e-06 7.44847053063802e-09 7.61972904472911e-20 -2.7830543405539826e-37 -0.31131690825129654
1 3 0.12055780314421519 -0.20927659232454462 -0.09191948845130128 0.3345402498109433 0.25521441520408733 0.02317428366774855 0.37248648488030567 9.917594735454718e-43 0.5646104552943377 0.5792978791482983 -2.4895781205921733e-10 0.1257668726994823 0.1581042519349173 -0.1342367019933404 0.12310445873528507 4.097728401985514e-33 -0.12370513780331517 1.17574042348173e-05 0.4072085473369896 0.16921661437579355 0.10088262515283512
1 3 -2.4500510931355214e-05 -1.344265865776175e-06 -5.641968166747841e-39 -3.555222292574144e-19 -1.1031001845695145e-08 -1.0777478571051523e-40 -1.565820631808365e-05 -2.810527866217377e-06 1.3953385107487599e-41 6.905653251556197e-05 -7.821452756203056e-36 -1.5131781623175013e-08 -2.969898370971767e-10 5.769333000225973e-09 -9.839916035797067e-32 -4.174219473895746e-06 -2.1685470617093357e-05 7.997141120634561e-29 1.7560817069688538e-06 3.931605864889996e-05 -0.04235855477789369
1 3 0.15890516586051542 -0.022208231008952955 0.06913337705605893 2.1326957089090827e-05 -0.037783413070508795 0.21202813167446388 -0.035380426376250704 2.3516266760587477e-13 6.43142329632943e-17 -1.3137301175950396e-07 -1.3168538181970207e-10 -0.0383279750785986 0.10800799289391254 -0.1532203344742434 -0.029835511359622684 2.309213021308069e-34 -0.015264231677629329 -4.3411808457994996e-05 0.0002606819346961623 -3.298116375985473e-13 -0.30619369269360913
1 3 -0.08996334778238099 0.030186179951103113 -0.04048626402289283 -0.037166926142745055 -0.24805767286518274 0.11673175403013913 -0.2667228423485426 6.871056963336844e-05 -0.20108217059967548 -0.04415842371994342 -2.658486219536487e-05 -0.30602580884471137 0.1472802171971172 0.3173718342926369 -0.2533936490382821 2.408750056959707e-25 -0.020699107582676637 3.4790626092358353e-07 -0.3993818112571814 -0.18643713149660135 0.386335908762058
1 3 5.11033084348713e-39 1.372001359921522e-18 7.830648748613983e-34 1.0714781939583964e-40 1.3398786774647192e-19 -7.031112915017596e-08 7.020719758506735e-06 5.154975988261391e-07 -2.7360840555572437e-05 -2.0146251492186863e-11 7.850520494819309e-08 1.6287734087970195e-27 -6.734347711150667e-39 -7.132907543633342e-21 -2.6045457382420567e-38 -2.3791406495127741e-07 5.896545149927642e-29 -9.314415971949012e-31 2.2181356331493564e-05 -9.151680465099259e-07 -0.17888590549796912
1 3 0.41905097779915695 -0.7533052643718617 -0.3990198266407269 0.26917340818150304 -0.25661363836500367 0.10605164767157821 -0.5777187995312059 -5.529226221919804e-19 -0.3449359149604171 0.00014370803424403674 -1.162088942477233e-15 -0.3620778277410656 -0.22170909290889756 -0.05991739929449966 -0.11372557491951944 -3.697131804903312e-06 -0.20478638980674108 2.1638276070576642e-07 0.325780896534123 0.5287560350674898 0.1957459268543494
1 3 4.979445336004478e-11 5.6935984127803666e-05 4.992467256396602e-35 9.87905467033574e-06 -1.071642353966587e-43 -1.6458525862244882e-09 -5.976583915636975e-05 -8.560083565850436e-39 -2.3237788655920125e-17 -1.701521933758367e-05 5.975558820373984e-05 -1.042322779775047e-41 -1.4879738259763687e-05 -3.940267771887905e-05 -3.7872423903705653e-34 1.5381281732098937e-36 2.2525916102951035e-11 4.7535483102426584e-05 1.9491211382886067e-08 -9.404045759535748e-06 -0.1965295082000185
1 3 -0.05653456097428379 0.28156243452419133 0.23213760733989816 -0.4067930162296745 -0.12474232636479242 -0.008854891535706268 -0.2416864151459191 -6.510941241812098e-06 -0.3034990318406571 -0.2792451521026012 3.270348894393331e-07 0.260734872229886 -0.026726415475153573 0.2568921906686372 0.31445121602027754 -2.5944791994848005e-06 0.061775855750083236 -4.1540637670710264e-14 -0.21152902812004667 -0.0372791661014658 -0.022292717041233152
1 3 -0.1746874756933138 0.3478157217676718 0.23847186716208235 -1.3176063220418684e-28 -0.12961888443894523 0.05652226062054332 -0.33320859824570176 -4.451020591761045e-22 0.840984001035827 0.36763623989771865 4.1600358714075006e-05 0.2710970737998343 0.14284506013950993 -0.2752676237329235 0.1432046994098888 -6.69112332446665e-44 -0.41015038773066576 2.0733494258323655e-23 0.030331924471521107 -5.157240684254657e-05 -0.13816609814905736
1 3 0.264901433763835 0.09575716904912815 0.16340702064235318 0.09074978993853992 -0.3740145807212621 -0.30320012670301527 -0.3656758613769936 -3.6799962890662882e-37 0.3154336218059345 -0.025081352185438836 1.5343599371703144e-07 -0.03750346257265186 0.17062396566606014 0.23136200628156947 0.22773415430711522 9.051559435325347e-12 -0.23348475193831297 -7.943591810021456e-06 -0.0818310841885822 0.1785789787787789 0.1707057687236239
1 3 3.339273416556357e-32 -9.753176225281454e-06 2.4467126884710774e-38 -2.040304745828125e-05 1.3989883039157755e-28 -9.047514401687042e-12 5.793137100663471e-26 3.047727416365791e-05 -4.0838915169169326e-07 -3.541518636484481e-42 -2.8713204469029115e-05 -6.710381502934679e-07 1.9110269662314223e-06 2.7781315846528068e-09 -3.750552080769928e-07 9.1496660888963e-10 -1.6037115894462207e-17 4.0778264368883205e-05 -8.139664983577203e-43 -2.3998303043511597e-15 -0.12283767538873247
1 3 -0.2332602564089662 -0.18333108327335684 -0.060966321833536785 -0.20151678803083814 0.09658794146450625 0.2521864141591529 0.3373687386858093 -3.7941025451151777e-42 -0.07590640556622412 -0.5268518394651394 -2.506333318211466e-05 -0.08574776262360202 0.16752847925755104 -0.27443253129708617 0.1519140046024275 -6.560054717283704e-10 -0.18378423163406155 -2.355310679952882e-05 -0.6969005014176856 -0.325470404824423 0.3392501269322451
1 3 0.0701168309578035 0.2206530721443532 0.0023370699852705607 -0.12596827338752992 0.35383406022614766 0.34264485828572033 0.05643730911991591 -2.052840202024116e-09 0.4910239304087072 0.28312043575778356 1.4212561424182204e-25 0.15691901218350013 0.24694184983428996 -0.04361710953063119 -0.43410368596130594 -6.305043449259796e-23 -0.036461142104240084 1.0790066238344767e-40 -0.055902688106209006 -0.013911060070264804 -0.17689942131625247
1 4 9.475704790225662e-06 -1.033352395308925e-28 -4.981997250995824e-05 3.226248886523923e-32 -1.5177117702698763e-08 8.733705166662552e-05 4.311523819281119e-21 -2.3415987534804845e-10 7.283066315990913e-07 1.0750752071719927e-12 -9.324254470568872e-13 -3.4739539475539943e-06 -8.48918195403069e-09 2.1507004035803543e-08 3.5936320339584624e-12 -1.4757230083416953e-07 -1.227940694424407e-34 1.0468473447315283e-10 -3.310011666238649e-14 -1.9931270142373623e-06 -0.05909441913527529
1 4 2.2533365439952083e-39 1.6350491670408748e-39 -4.217448675956147e-05 -1.8080475370700078e-06 -2.8547470595016287e-05 -4.882666561007028e-07 2.182645633901894e-41 3.756740350714971e-06 -2.1807405838794747e-18 7.500643616538193e-40 8.994611191229359e-06 -7.045372499941862e-12 -9.493049231629477e-07 6.8324096113923756e-06 -8.33611256804985e-12 -3.990765887381429e-43 -5.765977894202397e-06 -8.746289573271469e-23 -3.083043855732725e-09 -1.9097555034232785e-39 -0.2164688688836413
1 4 0.2356551009175798 -0.4818495413394688 -5.4756919182753697e-11 -4.772817546961756e-10 -0.4804567636338086 -0.275839452056072 9.383929210206228e-09 0.05695813298603558 1.227667110539951e-10 2.214636257878755e-06 0.3876621385758083 -1.6001088257037147e-14 -0.6881163327032223 2.795648454070066e-06 0.49824346756089893 0.14817076135626822 0.007759872997494607 -1.9033554007034844e-06 0.21247628045845798 0.037665270894286354 0.130676423624103
1 4 -0.4360817509924271 0.5696291290825068 -7.429651274981348e-36 1.352595019595964e-16 0.18873465686546062 -0.009055841224310083 -2.0290521624433765e-10 0.14366404814126374 1.6870332371130693e-08 0.0012219779609935213 0.2987342929718279 2.15401653516363e-44 0.620378041597849 5.7491510190135986e-08 -0.13575358856532693 -0.14032872459812398 -0.09888280585591523 -7.85359915945301e-23 0.18460247916128902 0.1664939695869966 0.14543330936716564
1 4 0.43981526184025865 -0.5160519396070142 1.0565730452038459e-16 -1.9755735234516837e-05 -0.6952180323228299 -0.36923578201539564 1.5847141687039475e-17 -0.28932728495140436 -2.810812692917398e-05 -0.0006446866661913979 0.11738023263842082 -2.4553743496746904e-07 -0.34797663269091644 2.534901578288823e-38 0.030450380922150484 -0.5091895207798698 -0.16130464072544787 7.101137830794231e-06 0.2646639563933261 -0.11552009682753522 0.347322196937166
1 4 -2.33064244454659e-37 -3.283847595518763e-43 1.4143177093011257e-09 2.4083690312796437e-05 -1.033850410440168e-06 -1.612256016980151e-06 9.21915772637472e-10 2.737230348040486e-06 1.3257943278682896e-25 -1.598077859796018e-05 -1.9264672733868084e-42 6.326237288143908e-05 -1.5485233449715995e-05 5.348357327180048e-11 -3.4986471939982634e-07 -8.790626701997444e-08 -2.6432782226030553e-07 1.5860242839817469e-37 2.382781926277571e-42 -1.8390302404977262e-13 -0.1315253262923658
1 4 1.767539970570361e-36 -1.1151136519728724e-06 -3.284604106293166e-07 4.905944355229705e-05 -1.8840450474751485e-23 -1.211693524484932e-05 4.3391776038050124e-05 -1.3904612910388053e-44 -4.354387860637244e-26 8.788584153337165e-23 -1.9099827418231453e-18 6.170484450098407e-29 6.78407048440514e-43 2.914277524264586e-07 -7.567111601147854e-06 -5.244773435112496e-05 1.3486311193883835e-06 -6.699277484384681e-43 -1.0311238859210247e-07 -1.4981535228356377e-06 -0.21558084974106864
1 4 0.3863599606666981 -0.0642929881277034 -1.612297522826985e-32 -6.22861344405944e-11 -0.7582604109236786 0.08227308454847299 -1.0329720624642445e-05 -0.13839422459210032 8.242882833018614e-35 0.016622692724490906 0.2735774740841952 2.6096372874855042e-05 -0.6237830261067188 2.3486731619185875e-37 0.165733043476648 -0.3254858874213762 -0.3447859852163429 5.187520932273619e-06 0.07607604270980234 -0.24562760734809616 0.16953772344861412
1 4 2.351369831380464e-07 -6.869326799305296e-44 -1.130039973389315e-16 5.730954720120576e-07 -1.2630048731376495e-32 1.297071688764907e-08 1.1243239013899468e-09 2.0174999126321455e-07 -8.420716735429862e-19 2.1439357850912384e-26 -2.000711961757134e-38 -1.4372571324323402e-07 8.212208276059513e-43 2.5429983206506608e-05 -5.6852232868621796e-05 -1.1565177755336561e-05 4.250765036987678e-09 3.6315896411306675e-05 1.1750149144803239e-14 -9.72302734754807e-13 -0.2390826699275923
1 4 -1.2775049670667689e-05 2.878625033229311e-08 -4.6284789542003245e-06 -1.7063036613178118e-38 -9.07509388310367e-13 2.5569946771607718e-33 4.643960110731135e-11 -3.895832292117232e-34 -6.859427115538589e-05 -4.8040894423824936e-39 3.9075239179997162e-25 3.1450554762892976e-12 3.6009993310680935e-06 1.765727218614488e-33 -1.3910144002936783e-10 -6.871550398287422e-41 -8.122755345094629e-23 -1.6671254016364383e-42 -3.314937824083665e-16 1.2935859642627543e-17 -0.24284403678942346
1 4 -7.719404341723417e-06 1.328371895548588e-28 5.8000834783280066e-11 -8.185467129495214e-07 -3.4712213616736536e-06 6.888152261046603e-07 5.575245578018851e-27 -2.204475035707061e-06 -9.69672223624465e-15 2.728870687010576e-05 1.1791182728766999e-25 4.730717789578501e-05 -9.616823225850256e-10 -1.321838899547091e-06 -9.725799967543784e-07 5.6232888222834904e-27 -2.1928193316329435e-34 7.585670493895121e-09 4.158465479997026e-31 -1.922254853473988e-18 -0.12039293662460954
1 4 -0.1634422494286435 0.5452211614066871 2.9529873025608585e-08 8.155429776591988e-12 0.3732867589799702 0.3267758557478158 -3.468865672379346e-06 -0.3609322441088799 -7.79573751950096e-06 -1.423954510478578e-06 0.234571557412572 2.3837625895037424e-33 0.37442611494896916 6.713136922452312e-30 0.2508676458310507 -0.34280009441394815 -0.32687749725405807 3.9769940873799185e-05 -0.25137309646282446 0.1344967428401899 0.3412892782880829
1 4 8.734395358645555e-09 -2.12747153575739e-16 1.712761514332099e-17 -8.866216193998554e-15 6.578682014997646e-14 9.54751831128378e-07 5.909364306859863e-05 2.2475433105008432e-06 3.581098414494707e-06 1.0245455441483058e-21 -6.739635322894038e-08 -6.660332914639159e-10 3.397741079648973e-13 1.3239045300555599e-05 -3.891511676351874e-06 -1.8563965895271065e-05 2.515963278618016e-18 2.2645244161842392e-14 -4.288050289828387e-14 -6.069869566643822e-07 -0.3262605522776588
1 4 -0.12531655252710108 0.16308442365281964 3.061544125648286e-05 -1.6047288478506095e-39 0.20946409057324003 0.21222695407387965 6.716677333214318e-44 -0.556356184745491 6.011062737242103e-05 0.0025506997963285266 0.12642007356258922 -3.4727803024489326e-05 0.08372026882115823 7.672796050470003e-07 0.06923616665114186 -0.4781922198407561 0.011435793392226655 -3.0060294737204267e-37 0.21845988003835826 -0.05230162088450389 0.27806154744275546
1 4 -0.2956302617358435 0.3528707687233756 -1.2753591968263001e-05 1.0282276646506248e-07 0.3151078422423715 -0.03872586436715043 -6.385911131345574e-09 0.003690000651529086 -1.6998239159782913e-16 1.0788907371552537e-17 -0.056113202501861664 -1.8794503766355973e-09 0.5649923177616777 3.04832537841415e-41 -0.03245643085943899 0.02989647413084483 0.3078173554274157 -5.427551864834801e-18 -0.17265469167675088 0.10443007989044024 0.14887881632700434
1 4 5.828532057026354e-08 1.8359926784011674e-24 -1.4403616957838662e-06 9.814586543053872e-11 4.3685327916710355e-29 5.197661436220624e-27 3.666546822359229e-05 3.485071513807604e-21 -1.1048772140917786e-07 -1.28554316042375e-09 3.4925804269476835e-31 1.916695799031028e-18 -2.8134594729990245e-40 1.5200442929483755e-08 5.313875626256914e-16 1.6742391479972337e-15 -6.649294389173366e-09 -5.4019188372394365e-08 -1.1097722321410555e-09 2.559270270975636e-38 -0.359353898548446
1 4 2.8505320542693534e-14 2.7409225274270096e-09 3.1358529101948296e-09 6.334338015230806e-10 -7.62221009720539e-09 0.009218041328154911 5.747041670994213e-10 -0.03324580362860954 5.223936906598278e-05 1.9261142466817068e-18 -0.00010909035146008503 -1.2873225877694673e-28 5.041293256566453e-24 -5.390190298955243e-07 -1.9125744460648025e-08 0.043968942703565835 0.0042688213305622945 -2.2818085489165638e-12 0.06674805516339546 0.037068078248245144 -0.26309570649898123
1 4 1.3403656055961912e-07 -2.9231136851031857e-32 5.277747931943978e-09 4.8336265014947185e-08 -1.9733997301482873e-17 1.5515216940202851e-27 -5.7742960150564145e-06 7.012688020087154e-06 -2.0450017315360335e-08 -2.653002069986625e-09 -1.2145357065120093e-05 -3.147364757148668e-05 2.0244907477615967e-33 1.2527354260527906e-19 -5.18482373954053e-27 3.141007309057662e-07 -2.7048267528479528e-43 1.8511995696691614e-05 -3.753431845933906e-09 5.640447440587165e-05 -0.30601284707269455
1 4 0.45827334579798906 -0.5233059529053915 -2.895941376362651e-25 -7.362388575829555e-13 -0.2699929834292431 0.17494588034411926 -2.2259312291723735e-10 -0.3623684633035304 6.026328238454668e-06 0.005622829993504298 0.2950969768237378 2.117344065304044e-30 -0.39192128437248025 5.324588591427012e-05 0.26690512173125086 -0.13824600354343405 -0.2828385499396605 1.817954325735783e-10 0.3772063255665158 -0.09483326259221625 0.013921014091245732
1 4 -7.943132142902404e-06 -2.1359394983901946e-05 -1.4154757485492558e-05 4.184073285331674e-39 3.910430422708698e-27 2.0350603850819574e-37 -3.3753386786964444e-33 2.843236164514783e-35 3.3953566575567504e-06 -6.36414174675702e-19 -3.317745569957737e-32 7.74926376324788e-08 1.97905062589499e-10 -5.051546735854726e-36 1.6128924760178601e-18 2.6454296115954914e-07 -1.856191662829873e-41 -4.337974105017297e-27 -1.7204749153358675e-07 3.874273821214904e-43 -0.29255961383564166
1 5 -1.915964679589455e-05 3.110013025259412e-38 0.34009769096235243 -0.285774373521402 0.06516202680987275 -4.044335182529417e-34 4.527186080068754e-05 -0.5567282251373842 -7.795630427606678e-37 -2.8633230534863782e-21 2.1298626321292856e-08 -0.19594171577625455 1.5147131890324885e-28 -0.36967391938552013 0.18396112470595286 2.8162049574466778e-08 1.3961684067648257e-07 -5.096226835904784e-05 -0.6929540615530588 2.190150755834516e-05 0.3535852903534397
1 5 2.595939192009254e-40 8.885471667952087e-38 -2.019725012038563e-10 -1.618958488445157e-11 -9.405981405913342e-07 -4.130779887361548e-08 1.554354944883156e-40 -1.2914298045126995e-10 1.2459950948901793e-28 -8.444614552545399e-08 -3.8829139099056183e-23 -1.6733654058642538e-08 2.7786342232612012e-18 1.3517444952327286e-08 -1.265142238759788e-10 -5.6326516127289754e-30 -4.344382402089252e-05 3.652144275802558e-43 -5.559323191878088e-06 -4.1394225928065785e-31 -0.2641476940840222
1 5 1.1635454479559841e-29 1.641460551222658e-43 0.06690934987508518 -0.05482650028066157 -0.15446770873492757 -1.4810657632391252e-05 1.0662040087911787e-06 -0.02956227505832269 6.970909859217458e-06 1.474021779890017e-05 -1.468313965979471e-13 -0.1331488498117156 4.6040543876412025e-08 0.12242172526416625 0.19133098691150952 -7.26215510866565e-37 -0.01684911731118135 4.86271407219703e-30 -0.24654094448799893 6.3713607214023834e-15 0.24727177437744186
1 5 2.6889829411102636e-35 -4.358381067694082e-09 -2.311339882556076e-32 8.896213671358978e-12 2.956124794051035e-12 -1.88722331987816e-44 -3.69484114824748e-05 1.2487285219021477e-42 6.817336484447048e-09 2.838536732426945e-35 -1.6572660154059794e-05 -1.6168080096412365e-07 2.895519282089371e-22 -2.0437714635440592e-07 2.6967374312274354e-06 -2.254994563817119e-07 2.0144433648097512e-05 6.09301389664198e-19 2.401200556197523e-06 3.9241479412430555e-34 -0.020163720383008343
1 5 3.407434556770968e-07 5.295140017175375e-09 -3.90543805171513e-25 -9.462042497973211e-07 4.480260662871953e-06 -5.396549256813819e-24 1.417302805424038e-06 -2.380675599172242e-44 2.422833167833142e-06 4.5050030661171045e-13 1.374535676429065e-06 7.856826775448101e-09 2.655578649706196e-07 -2.6175853531604224e-06 -2.182415222286019e-07 -4.607125572839126e-27 3.872652024890073e-06 -6.651003249109737e-11 3.0062313751217455e-05 -5.85565429217607e-08 -0.25179207328030173
1 5 -1.202424109578398e-20 -1.4875662946911772e-10 -0.42041359925092764 0.050754849168303764 -0.35152836625186307 6.012903291471583e-14 -7.043167854750371e-35 -0.47708378545516444 5.819014633777639e-31 6.881442278597057e-07 2.895401029078415e-27 0.23907946186119874 -5.483001782725525e-38 -0.07989855716229366 0.4413307029912788 1.1361254497878146e-42 -3.926493733551841e-05 -4.741414925068081e-05 -0.9248564094459872 9.701274668372801e-07 0.21694959333493596
1 5 -2.6502745268360335e-07 5.874132055049717e-23 -0.23765920492876383 -0.19855057048182206 0.09052832160589448 -1.5631377624290496e-28 -5.173122714572203e-21 0.2174393938197957 5.630878190248333e-30 3.2515157796221736e-33 -6.094391293062709e-05 -0.10493032888433351 -2.488063265912536e-09 -0.06868090974377508 -0.14813791541312 2.1115795012680746e-05 0.001773097858692247 -5.737474208364946e-34 0.037812053350240786 1.2571707690180294e-28 0.2938431267556793
1 5 5.4300610845178956e-27 1.2125729171564354e-32 0.08998939017219847 -0.005379946463121191 0.21451524928323218 1.83535713085051e-33 2.777382828316073e-09 -0.28958925504377797 6.6658716609923345e-18 4.8705721409160175e-40 2.2154531117900646e-20 -0.08075860851080065 -2.0949035821946823e-16 0.15463404081344514 -0.15201365469442193 -4.97241170996119e-41 0.0003442540526912609 2.4271900945270196e-05 -0.26348914387896355 -7.995161595655027e-07 0.07842072663382586
1 5 4.2219100992134474e-07 1.3512939829749778e-37 0.07687284186527389 0.1327987878141816 -0.3553208231025115 2.9748835013853905e-06 1.422921110893511e-13 -0.8254208278587313 -1.6482618377548205e-13 -1.345440761200698e-28 -4.4169400802265383e-26 -0.10448171469211304 -5.10793750103205e-11 -0.29317781866430803 0.5109054675021082 1.0170045974386027e-18 -0.00036032570013389464 -3.04779686058899e-19 -1.0419061662191513 -3.32451089378328e-15 0.3016397437584908
1 5 8.038034796184421e-14 -5.87791671126649e-06 -0.00036938761816711975 0.3970272404191819 0.17892707992676246 3.943780661225426e-41 -1.2322200063249455e-11 -0.06774911557570035 7.625764767626357e-18 -9.231651144251437e-06 3.1027549614140167e-06 -0.1610455090557979 -9.231312098129696e-13 0.1945542574170244 0.017901206596941527 -2.969502865866782e-07 -0.007969541663394326 2.2540354959318062e-37 -0.30873983242337016 7.2845732600498845e-22 0.2029212697014424
1 5 -4.3144174931872846e-05 -4.972727400696543e-42 -1.775333684733641e-07 5.11358118024597e-40 -4.0743423641253396e-12 -6.450964035976734e-07 -1.1542052580018903e-43 9.935549557747412e-08 -2.0005206238385584e-39 -2.4109440380630276e-10 9.951960843036711e-06 9.675011932331428e-39 -3.93473327617603e-37 -1.1520698333111577e-07 -6.041788563490266e-44 -5.523680787625146e-36 4.688857388257381e-23 -6.687753426939151e-30 -5.250733622122278e-06 3.6824763376588796e-20 -0.17229909924083747
1 5 -3.96892333720727e-11 -4.157212888934742e-07 0.16737812651080114 -0.2753382883888497 0.132169145714541 1.9914831459264686e-43 -3.904108301508317e-25 0.21143632440648236 -5.2560068133682674e-05 -1.3708790935117058e-05 2.5211450031289356e-07 0.15457684275558842 1.6804747698363736e-39 -0.22631466970127984 -0.027818438193236105 -3.665727491522961e-14 -2.1384231180943547e-05 6.584431101512978e-05 0.11961943687834353 2.3570508055460004e-06 0.12157130748220037
1 5 2.0746009728162008e-41 -2.0630118089332614e-13 6.301971444403724e-09 1.9725706548238413e-15 6.273842688277915e-16 -3.2429448785568554e-41 1.500542334180397e-05 -8.386312030398701e-08 4.560007669557919e-12 -1.3704864670593332e-40 -7.681599843129357e-10 -7.985679694695203e-20 3.5054291289384386e-10 1.488494319832564e-42 -1.3152435676856276e-41 7.89312986467122e-09 1.1322158664227027e-25 -4.174208756347298e-31 -9.236582364692749e-36 5.4494957508705343e-05 -0.33562013662188694
1 5 1.1603942515718379e-07 8.165842840944254e-07 -1.2595492038964139e-05 4.4170302187476866e-10 -9.649981181115972e-38 1.4342725083543651e-10 -3.7867795499042916e-07 3.270701178671746e-08 -1.1893162151967455e-07 -1.2935498976802565e-27 -4.291332717294028e-05 -9.678735279357091e-07 2.000098879849691e-05 -6.690581878948208e-16 -5.190034376987632e-07 6.243419325049707e-06 2.5127666400041916e-25 2.0135431185118063e-06 6.806032297882265e-07 2.1500423004191848e-21 -0.2828432451367856
1 5 -8.18860244791702e-12 -7.262330940919712e-13 -0.08949823114367896 -0.07284693018404509 0.2026327421444418 -1.0482030018163812e-14 -4.799070473606473e-22 0.1587496931380731 9.004602149784266e-13 5.90576438829882e-06 -9.536547206224834e-14 0.2316908200273177 4.582134628848112e-06 0.03521329887594965 0.12774959733829166 1.0394997168466308e-05 0.0031697251361409834 -6.796664084328094e-05 -0.39126268203934295 1.643754035651503e-32 0.09890238557353433
1 5 -1.9068344098404319e-34 4.320183468036794e-22 -2.3703445925117803e-17 2.1879947249498327e-23 -2.1423604113823393e-05 9.299495284235736e-07 -1.267841697477029e-06 2.4118239745072566e-38 3.0919514706157642e-46 6.175293765647442e-05 -1.4299801670965215e-08 3.4852624331737535e-06 1.2724968229216094e-05 -5.2010529498977393e-11 1.6456718339841248e-25 -3.106071947362524e-41 -5.978408907005148e-23 -2.2663849877723082e-37 -5.142546322095e-16 -5.043310596146148e-07 -0.1919812220582381
1 5 -3.7766775027055023e-38 -5.075378002883511e-38 -0.20504204660783062 -0.3171992649735303 0.050154624118291614 4.613951228573054e-34 7.015980119500611e-10 -0.21882179346118188 1.1445451358007763e-14 -3.814355837999297e-43 -4.008540351045666e-16 -0.06227461364661538 -1.8260839103619533e-06 0.15692593000280192 -0.08059178008155055 5.417330816623641e-07 -0.025360425105624917 -1.7938980053085639e-09 -0.1051775843806218 6.851964133453825e-05 0.31075059662270393
1 5 -3.045481218908173e-40 -9.712114691956585e-38 0.16986971850163357 0.02482352572029011 0.023935483286132167 -2.930754915620961e-25 2.227079392917207e-34 -0.13648227644179145 4.503368964064743e-08 -2.4356156206903135e-09 4.9986792646808645e-45 0.07392362104542503 -2.096990670630338e-11 0.1193894332461337 0.14137738645056344 9.37168855000922e-06 2.6835066595506155e-31 7.264284926140579e-39 0.24635871572897527 3.7404020531329096e-26 0.24193344901865804
1 5 1.8972876510023188e-16 -1.9960370087135626e-06 0.0967334209033575 0.15539479312034063 -0.004135213234532693 2.1688545699251577e-06 1.3503029558306664e-12 0.3931808116558933 1.5666541278938894e-25 1.17729526896625e-05 3.10864912036649e-17 0.08714687618629292 2.589581820425043e-08 -0.38667089154462575 -0.31224414590293686 -7.00704497098379e-40 -0.005764792910492138 -5.232457873215499e-07 0.16494963495171758 5.203392792933095e-39 0.306289621664666
1 5 -1.8830542930016393e-10 3.985663483256534e-15 0.054829943008941416 0.0439561320678085 0.2491479813682598 -9.451232198969932e-44 5.023590011761123e-06 0.27299423992030414 9.4955938703608e-06 -2.3767459697986394e-40 1.903655552344309e-10 -0.12638269355215448 -3.419302173432241e-08 0.07058994712458604 -0.07845896117895759 2.9885466110182557e-12 -0.0017979826658349044 2.556189768285433e-05 -0.09493913939403491 -1.0471780088994808e-07 0.025711240073306132
1 6 0.14678753909876804 -1.192501701506576e-34 0.3964436344000254 -1.9413117866639997e-10 1.909959600849608e-09 0.945158435736394 -0.2443207623870486 -0.20896948386187886 0.8419988762661686 0.2679241954032732 -0.000288118071050842 -0.2194628011634347 2.4673607302465024e-07 2.497145554577913e-09 0.26199658286415817 -7.943683189462731e-42 -0.485197023259897 0.012528888193632102 -0.5256998044726123 -0.32033015564238126 0.2320076901367654
2 2 0.10183295644742853 -1.1630565726300508 0.21258485654196263
2 2 1.2398993342335851e-51 -7.290347571050605e-40 -0.1628311743676732
2 2 0.1675597503706182 0.2908333327240281 0.009312977075885603
2 2 0.42938406169311844 -0.1418219584958761 0.0020699369047249006
2 2 -3.6669127916073026e-19 -6.525209543142205e-50 -0.15495853242679603
2 2 -3.855895126971228e-16 4.2628657445853946e-52 -0.5169916069115605
2 2 0.5016154174897028 -0.39024847457542794 -0.3105011501570243
2 2 -0.14015579355444463 -0.22128994875083371 0.3716820983906378
2 2 0.60765198077471 -0.027135065218568177 0.47206177815141215
2 2 -0.05438530393899814 -0.1322570050657717 0.18831541750561148
2 2 -0.5415841187684892 0.48568713254180246 -0.21922554524587823
2 2 -0.21993289315430536 -0.004615743440538865 0.3314518985541713
2 2 0.35468331391114627 0.46541344932523265 0.2548324973242361
2 2 2.135192738627178e-07 -0.00013103192994066745 -0.4628107985375275
2 2 0.34519830410228397 0.38607779565042777 -0.34820204949821515
2 2 -2.356899018456764e-31 -5.4333491113425996e-14 -0.32208557648962466
2 2 -0.2791661135078804 0.3810701982510456 0.09290297155491922
2 2 -1.5123244884407174e-43 -1.0811278463854031e-46 -0.3550563405910221
2 2 -4.563990553067901e-49 2.226105271833718e-17 -0.20283407994928565
2 2 -0.5879222216589273 -0.023968807696490034 0.26516531216253064
2 3 -1.1827301365516635e-26 -3.839701166910249e-51 1.9848670959597626e-37 -7.232650369379178e-07 1.2501177149770954e-07 6.236522199480994e-34 -1.5077191667576284e-48 -1.2438300624687659e-43 -2.2082154337790153e-09 -3.049197865845557e-07 -1.6066955707874695e-09 4.6728429348512e-09 1.9459173358922645e-49 -1.0189704305142366e-09 4.3660100841261205e-11 1.5023070569822532e-28 -2.1368815751361302e-08 3.369177676427569e-54 1.5629439165573416e-32 -1.393607220002783e-14 -0.12278324483596975
2 3 -0.5495282421735892 -3.5085831606737505e-07 0.16680018104004923 0.1266380323698103 9.413794622677906e-08 3.592596418245529e-08 -4.107903861049182e-09 -0.2429002466643948 -0.38074755026694307 -0.2643974278309071 -0.005735102611557874 0.20599085015448668 -0.25899649114796314 -2.4796584437851095e-16 -0.36184334329380663 6.630309858598386e-12 0.12503767241407857 4.732359746861003e-47 -6.082541034441943e-08 0.15401737593405287 0.37453738192288016
2 3 0.3816943511368765 1.6023055975481665e-53 -0.2795777449262111 0.29611906200653887 -6.502713974979986e-19 -9.293771742916413e-07 0.31529895228821236 0.34546950774793095 0.11431988842571922 0.159076738288586 -0.4258661442024299 -0.1295271024296922 -0.30641073685884496 2.324913758673862e-43 -0.3289716426504012 2.357214236872374e-09 0.11396673375221406 3.48627135882424e-09 6.99101486937025e-48 -0.04011270973909688 0.37489017036395744
2 3 0.6147578825741805 1.5777281319957637e-07 -0.47463397496439613 -0.5857939399335863 1.4813944304968155e-46 -2.699078117976709e-07 0.01840619809543192 0.3655492638837078 -0.05797808496767858 0.13026752644951348 0.06002949213195083 0.16777246946212562 -0.5153031841662945 -5.154062054856434e-19 -0.11219691649266098 -2.5704192310626914e-07 0.0880928276534429 5.742995578662666e-07 -3.62273153815863e-11 0.344410909666524 0.08121231908643875
2 3 -0.5996790326808721 4.4058221304011914e-17 0.5142377883498079 -0.0392757254012471 2.1065347129238107e-07 -1.3066421787220315e-21 -0.4162053239108523 0.12279040962881631 0.06722971233057731 0.14418169136958184 0.31443817044157 0.46067545626646533 0.44114118973914146 -3.7015562913738197e-50 -0.011101527725902508 3.842050640493758e-54 0.22557377567771933 -2.496559911684839e-07 6.018344160213217e-14 0.1267251004752277 -0.20152604912579017
2 3 -0.01024981919320723 5.944520160762527e-52 -0.0011607435076584622 -0.014496090265518555 2.3761682890136973e-32 -5.03688681944512e-07 -0.00027060003666972923 -0.01120995961165426 -0.028699939182690155 -0.00775963447702377 1.673592213749549e-07 -0.007277252723391099 -0.05060049947916553 2.1055446350702655e-49 3.704419225367906e-08 9.775192700089228e-09 0.0036402187597453094 -1.2331916931657105e-06 4.57797162403831e-09 0.0023534707816084263 -0.0031635641525069678
2 3 0.7587013706048715 -7.724541674749239e-22 0.08036829258406342 -0.1505444314483312 1.0359153900936182e-17 -1.2357150935630724e-06 0.4601499590596858 -0.48225334782953405 -0.12216786587175395 -0.11542136723575563 0.47889217081781427 -0.3307545558576818 0.05882790017729174 -1.9546060449420685e-12 0.2704370759100518 -8.505380285175531e-08 0.40139637695990754 1.0416780407838653e-18 -3.681711955178147e-11 0.32011616945086874 0.0954431789379051
2 3 0.7104924711840012 1.2580366424014454e-52 0.3181709646925073 0.2104409500731556 -1.370044272183693e-29 6.326235147133332e-11 0.20120201550200015 -0.755288257476627 0.3332791246806638 -0.18201496446324433 0.7499595866403287 -0.440265549766404 0.07029384939366994 2.1936835368421893e-52 -0.18772600192910363 1.1003704853303486e-09 0.3497545600156972 3.1683042986385577e-52 7.020901755853955e-54 0.30206904848907756 -0.2670622799765958
2 3 -8.06943453963503e-49 -2.2841731218668498e-08 2.0354438110355759e-16 4.485144492616593e-08 2.84262399606633e-15 -1.0228844576868702e-20 -3.6532926162749334e-10 -1.2020664829797391e-49 -8.037586363656367e-09 -2.4335595163106937e-11 -1.0636714855595472e-07 9.288812120742141e-10 -2.6338952292306995e-10 -2.283711320560034e-32 1.4923733724766506e-16 6.28572934552927e-21 -1.1648356162727237e-07 8.085157565715807e-09 -1.4069893156469665e-45 -1.654719861745537e-31 -0.18579376517854002
2 3 -8.969968105697693e-10 -4.116784529389275e-49 -2.0130881102011804e-11 -2.5751759603284556e-34 6.7368085846723e-07 -1.9887166146677973e-09 5.288792142976528e-41 -6.151507027387593e-46 1.2833829898028062e-09 7.69966873104665e-50 -8.70142854173347e-49 9.172695554052691e-22 -3.5422548323350364e-15 -3.255667469825028e-07 1.7638949646160377e-52 5.205245137634652e-46 2.1120734898449893e-18 -1.3567039424950792e-07 -1.7441612548545718e-20 1.1842528619367378e-35 -0.29546309794015496
2 3 -0.4753816194006658 -1.2256373648578412e-08 -0.2988153651450505 0.19762330068615477 -4.7297990282287e-19 1.1394178680092506e-08 -0.6626293940173316 -0.09513859524630999 0.14425374315011183 -0.28859239038523476 0.37673284751818464 0.23694065585260024 0.366130950054549 2.9305729952422266e-07 0.4056186709225914 2.552334727065523e-18 0.10396588889267602 7.721256965365321e-19 5.0318287643372877e-54 0.1715887873772472 -0.10174270799818502
2 3 -0.029788202950319177 8.897616454361225e-11 -0.24228044269521626 -0.4268291820915438 -1.2566190526780393e-06 1.3039734533890955e-35 -0.03176735877555654 -0.24901764949690772 -0.1543085215905728 0.23686331814708095 0.039481629106391004 -0.02978898866153051 -0.2991772620699994 -5.916163389647155e-07 0.35201232449681985 1.9573088194415598e-35 -0.03487540964227704 -1.6582470540345134e-10 -5.953016267555483e-50 0.2242046062111213 0.33631245162923745
2 3 -9.673157273111471e-30 -1.0358469323243047e-30 4.504792983004125e-11 2.600058224099625e-45 9.273542609180911e-13 -9.15391207367892e-10 1.8701429567108707e-12 -5.376952005676662e-46 -8.541412543876069e-19 -4.805539569150239e-09 -4.084568962443963e-18 3.753015157382344e-21 -5.44800056458025e-41 1.3688914782487693e-09 -5.950046455158238e-07 -2.1166429652446688e-45 1.5880517610543024e-10 1.8879552831237593e-09 3.294888911704754e-07 -4.53265458638952e-18 -0.25572504830233256
2 3 0.3343945221579569 3.680512947460103e-49 0.09014529242261918 0.2669829283530221 -3.6289997617987696e-12 2.7540913919370303e-16 0.18045721158875772 0.10334439651701109 -0.33077971735785305 0.13638936286173292 -0.8220677836878029 -0.1668757876512456 0.3522169281583707 1.0464927772219956e-17 0.16886285696270487 6.018888018533047e-39 0.11140315446983685 1.126083546402516e-12 1.1736453961972439e-46 -0.43739617940680314 0.1962370020889766
2 3 -0.2084381062717494 -4.34604342176342e-20 -0.22391639517344367 -0.03860465409568797 -2.5423956537523833e-09 -2.3460670872484738e-43 -0.008433202290132422 -0.15965286738986562 -0.14853673911075838 0.0873794918899924 4.1536342660694316e-32 -0.17730128389295433 -0.3263079691772303 -9.248552760704529e-10 -0.035813945688242234 -6.160748200380362e-08 -0.23209331501931119 4.944163519487874e-07 2.6076551327417166e-08 0.07422196063718302 0.2992974012673271
2 3 0.0688001328419681 -2.75964499225925e-07 0.31445987189338515 -0.30331062800232006 2.245966252168239e-19 7.621988374462449e-38 -0.25749252887725427 0.3048585726915007 0.0826271948300769 -0.11250474041605363 0.4307182001943718 -0.04433657685780587 0.15181564310269355 -5.697087308918883e-51 0.3403472585052161 -1.6587719313858122e-09 -0.14874200562718726 -6.964053982372623e-39 3.790279608749048e-19 0.07568752197065565 0.09587708410787314
2 3 0.4203303519838055 -5.976482883988061e-26 -0.27472548466905417 -0.5129077142682087 -5.863702619308509e-17 -3.12849872572913e-08 -8.853136855811594e-23 0.2058192809649754 -0.3234390886127539 -0.04285402865666307 0.48617103358042757 -0.007157236039889497 -0.33186008062744826 -6.95902163630809e-55 0.04440476034823986 -1.5604044133574384e-29 0.2978816944280957 -7.359125140670448e-39 6.605414855659475e-50 -0.18644465287889112 0.21425609126549025
2 3 0.7657429878331937 -2.8401650877861948e-12 0.2031592047664549 -0.18655463019610394 1.5688640584459352e-13 7.75261069411567e-18 0.7549811207562832 -0.19056722085596342 0.19938784598143441 0.13817050594086838 0.4875250305857428 -0.24970810515886702 0.030766366447186787 9.391067403363918e-52 -0.18241583922263646 -3.69782758186474e-07 0.35444961339562175 -3.657297408367406e-08 -2.1209935168227077e-37 0.5719888361279163 -0.059581688102930366
2 3 -5.299643249443916e-44 -1.0956776819131664e-28 3.754049963137254e-07 2.662722523066531e-35 1.3434550634867515e-10 -6.384108799762519e-26 2.0119357864173014e-12 1.0024145952956752e-10 1.610136865456839e-28 7.562137574170753e-08 -4.253939416933986e-22 -6.178420273106792e-07 -5.717561714346705e-09 -1.764261524234831e-14 -5.179329273349761e-36 4.2476067542126835e-12 -7.362830606712769e-15 1.655310420161013e-07 3.536320929275792e-09 -5.194422869849384e-31 -0.30684205105418094
2 3 3.1152101875741638e-24 6.94644966541666e-08 8.060793976078786e-41 -1.229185273683446e-07 1.3856427605471355e-30 -4.1614176667035864e-18 -2.8357487163258994e-13 2.1339615571298713e-09 -1.6721924576136782e-23 -2.5224938487885674e-14 2.2312232541094973e-09 1.2836519179505785e-16 6.513601649278487e-07 7.367856299275657e-10 -2.714351919203605e-12 -3.996953540802882e-50 2.4409667408144987e-32 5.717621209140564e-35 6.2872338408662616e-30 -1.2715180591989966e-33 -0.3399077650078162
2 4 4.094713733105836e-54 -0.8196149009264975 0.20872806988860745 0.0713726772272912 -0.03903204554389188 -7.482005522894399e-06 -0.14943541661207524 0.4761485174262213 2.7897129083543068e-12 -2.2687258941156177e-54 0.07440595653841812 0.12641573153113123 6.432187154770732e-17 0.23097368136865953 -0.018059498052779385 -0.21821853041805678 -0.19996525849237576 0.25013582143251656 8.732206244458835e-41 3.8564901076416327e-25 0.011256187265191269
2 4 1.2833830240801413e-30 3.002813241121258e-34 2.9066893287087594e-43 -3.0416686636684457e-31 -1.6025410719867933e-09 7.136240587382367e-13 7.380840146984568e-19 -2.1505006651153477e-41 -1.7282556977632534e-09 1.3041861126222896e-47 -2.788938050217763e-13 8.03350649620715e-29 9.598737274575395e-15 1.0046579650978132e-10 -3.675707015466971e-09 -6.020667330418063e-22 2.602645565069252e-23 -2.0446900814901715e-50 3.9372187152643606e-10 2.385848150435323e-42 -0.335152547164111
2 4 -9.529978348778938e-53 0.18522624338352056 -0.0110202892806809 0.2073511487484415 -0.44128618012660337 -3.899020077891811e-07 0.47347038739440067 0.26122024211948547 -2.90388376237202e-41 7.699433279597305e-07 -0.015801387819644398 0.14927609203324607 7.197200549937536e-11 0.386887189454133 -0.225776009779626 0.04219266017706728 -0.04247002907093867 0.19228069995395242 7.754340199309754e-39 -5.4981637151623066e-09 0.07146678744500394
2 4 1.1066182639863482e-10 8.226848511617348e-51 -1.6084333998198327e-51 5.380145178820639e-13 1.8866537325897693e-14 4.3833678105018444e-08 -7.725957801824451e-14 -2.9031158118611395e-15 -4.1051652764612846e-11 -1.244390138395728e-07 -3.1659789186513856e-12 4.904821514202537e-07 5.456847510062687e-30 3.698943013027872e-52 3.740921790875853e-13 1.5119972596958863e-11 -8.433083871781493e-41 6.071382843915839e-41 -3.2513493696352883e-53 -1.2752531671152613e-12 -0.31325871060555777
2 4 2.55483343041671e-09 0.29914611661387447 -0.14119240413226228 -0.09379691737253908 0.2719630903962633 9.562480328161455e-08 0.06358505096265359 -0.020822343700121343 8.158645713386943e-14 6.537886804650253e-18 0.22180622392231236 0.14461505612375955 -5.780580806041425e-49 -0.20791239235462772 -0.06616527290840847 0.11756985183896825 -0.08877823544177027 -0.4141227190269534 -2.290889451267333e-52 6.514286797852041e-50 0.3061052859629338
2 4 1.1152521301554725e-50 -2.5155819674111712e-05 -0.025835905282536955 0.04638571695366296 -0.013457028971000097 4.4020443282882635e-10 0.02187857189575223 2.2808314863390085e-10 -2.8924137799201085e-08 1.5302308238383103e-39 -0.023103020044972535 -0.007245316296443513 -4.571334934498037e-15 -0.015278008705060988 1.2594222463803063e-06 -0.054441512780673544 -0.008285913097989858 -0.09831412565011613 2.5566015251118677e-08 -1.6496148972214659e-07 0.011976281339237158
2 4 -4.75813496806183e-52 -0.06385050804753505 -0.235506447922938 -0.38000807578756035 -0.2572507051817881 -1.0990536361214236e-27 0.07073892920128338 -0.05333611274682211 -1.843330618933117e-16 -9.741791293604586e-10 0.040359402935352076 0.3292243278868837 1.6292087456854459e-40 -0.022720825253244988 0.16131443151291347 -0.3998009020079736 0.1584337939191501 -0.026998246612670983 -2.159996700467369e-07 -1.6803376629771822e-42 0.09647699593288754
2 4 -2.1573350085935543e-16 0.3634255200402809 -1.2553712177046434 -0.37859148511404656 0.15294750683411254 9.660924397889027e-07 0.41858475134341666 0.6705534423819902 -2.1669866753839152e-52 9.130066081098891e-16 0.36168045103181035 0.19451165921371227 -5.460697181582609e-26 -0.1444741610505946 -6.411795142531103e-08 -0.03950152040694369 0.08511497481890508 0.14645902597302973 -1.2443332782592167e-52 5.729025855862323e-34 -0.2902716803828859
2 4 1.4148472492250676e-53 6.001534782509005e-14 -8.908472629766271e-13 -1.9108461490534338e-15 1.1059169695926528e-45 8.916072663927517e-42 -1.304253003594831e-06 3.710018801882835e-51 -5.366825823099247e-44 2.850462860110679e-10 -6.442259511166326e-09 1.2034075245119419e-23 -2.8769445726404934e-11 5.187155598598503e-07 -2.9736492943755784e-07 -5.4057118187124276e-14 2.1100948929492664e-50 1.0690844588749048e-06 8.149210440998073e-22 2.8878872450492596e-40 -0.12038838732308021
2 4 5.122351339940688e-11 0.22437417966033085 -0.32863505792403214 0.31017326020411257 -0.30738310275674896 -0.00013446821766492452 -0.3485123923482243 0.29011689176159017 1.6825120202110225e-37 2.7251520013778253e-09 -0.4220829646958682 0.2509105931122261 -7.075598170630164e-10 0.013325998821507567 0.016591689559226144 0.08601335995468931 0.11349204661093669 0.24179920291259682 1.1545773794442313e-09 -1.3166033306286653e-15 0.15735632827455626
2 4 -6.280053571419758e-08 8.539590829220756e-15 -8.682109583185546e-52 2.676968540775073e-16 -7.61008157361388e-08 1.508822713836524e-07 1.5061481942232308e-52 -1.065221007567286e-26 -1.1134482634208101e-27 9.173857287576871e-12 1.8857109870265857e-09 8.657067673877086e-15 -1.80117367658318e-51 -1.2494735932077377e-35 2.205809620143833e-46 9.425312326762022e-08 6.440863377108914e-26 5.329865518245165e-49 7.521442889571486e-33 1.406922601984324e-36 -0.256209980517335
2 4 -5.392897127308172e-15 -0.449065113240472 0.1395235110718952 0.23743678518505362 -0.1340412053214097 6.123232749992238e-05 0.32645350495876657 0.262318062612494 -1.7581576128665414e-45 -4.0384631948813545e-21 -0.23663596153911165 -0.2540432351931266 1.2832282789784132e-36 -0.28930652628462994 0.19865010907477174 0.15312095597601624 -0.2103268782151164 0.4735738293295417 -6.122793966075402e-26 -3.6086969831759087e-07 0.20758362052670146
2 4 4.562700065770559e-17 0.015279438836579153 -0.32799135533860674 -0.10669948571745264 -0.3042314965084887 5.060939514383282e-10 -0.18981709104590647 0.3413455537142862 7.719036679485116e-39 7.736728759343078e-07 -0.3024221535730016 0.17560913332951628 -4.6912674059076e-08 0.05670614791345509 0.1476776306311116 -0.34423552085657677 -0.19450723969974507 0.006278457528750154 1.239289993958426e-06 4.947061542569353e-10 0.08355065585436602
2 4 1.1643397820452608e-11 0.027935932325618116 -0.19883139636274874 -0.21510481424570685 -0.09927469747559138 0.0038777286775745798 0.044635681604347395 0.15160895563419358 6.199120458427293e-47 3.978050655388041e-12 0.17212907814304043 0.149470261268951 -8.55003290135837e-11 -0.33193366038426575 -0.04107294981834469 -0.03787082677333584 -0.05336722734696424 0.20857250682006084 -2.539375378986479e-52 2.5287375326819016e-11 0.14159114648489388
2 4 5.206864462431513e-33 0.3347801673903734 -0.0381525970089378 -0.2229117587133668 -0.3636866005354961 -2.245718452702966e-13 -0.007186030332351147 -0.247786014960504 -4.094736225209572e-34 -2.776030966482805e-44 -0.20939817327157545 0.006971546398486721 6.758763199573562e-16 -0.3237338250711296 0.11963822988047942 0.34702261609070006 0.32242713788070143 -0.17299077661556667 1.6023754193240921e-32 3.4170546083539705e-09 0.042670035150018576
2 4 5.882119551249254e-09 0.48825463999770785 0.07005971670057154 0.29145667321494256 -0.5115030991559962 -5.346991927145079e-09 -0.41491254750011347 -0.3115692056622033 2.3344126575973095e-15 5.18285505166326e-44 0.007755958177178036 0.08149082704342106 -1.7349025822826405e-23 0.20876772515685985 0.33497586534074686 -0.2650011413240475 -0.35515938776145123 -0.33543627544700916 -8.331141263964057e-31 -2.2030448260125396e-15 0.2060041204051516
2 4 -1.2203038236825048e-42 -0.40657579765225754 0.20599849032375706 0.4368560318049453 -0.7802443142601955 0.006904023134635951 0.30849757674174255 0.30035973118364667 -1.3447688207601826e-29 2.1495793298515636e-10 -0.3473092358891737 0.3243961920257596 -1.102401177683729e-47 -0.14236911765899035 -0.1268051383719892 -0.3641198077219618 0.20407603710049818 0.35598110401307875 1.6390045735693023e-14 -1.4112082472289482e-36 -0.06511592047552232
2 4 -4.312402975516427e-23 -0.3273959268941751 -0.060187998852844746 0.4715499970532395 -0.24221371852711318 -0.004218081272634426 0.28440171811378806 0.20643340004474037 9.708691919056388e-19 1.875643714073492e-20 0.10127547053443471 0.1305814764527384 1.461055243038466e-23 -0.23530505909608204 -0.05405446887477773 0.22997020575461002 0.3168899971621303 0.2704903692503055 -6.628492049286346e-34 -3.124268284562656e-51 0.08265444223394516
2 4 -4.1025145207824935e-44 5.25349311992661e-12 1.5653887485168774e-28 -8.072547162276884e-55 -1.773347216693447e-18 9.989012298797197e-15 6.445611471777946e-13 5.191316759689369e-39 3.9482776396598944e-29 -4.5216614472515884e-11 -1.3922296244793074e-11 1.3809986026090232e-12 5.89376932638881e-46 5.878959775126507e-13 3.108310241201698e-08 2.5078812611138993e-09 -1.4851210398850327e-08 -4.4707075720948535e-13 9.335592331288556e-07 5.347288584596287e-44 -0.14863270437559684
2 4 4.959013096402517e-47 4.655390069825799e-47 -5.098771041201318e-07 -1.115566921835848e-06 1.946668939280555e-35 -3.451475253061021e-08 -1.164519373081553e-16 -3.5828976422398023e-54 1.348567181362385e-11 -3.493858735881517e-08 -8.346229245509934e-12 -1.2062975642131225e-47 4.4463148205303306e-12 -1.9526415705981284e-14 1.0090926870327638e-10 7.575227087705852e-41 -1.0963164404030077e-11 -6.413858770212412e-09 1.001786817554159e-06 -2.6935210207039275e-10 -0.0022748410102717553
2 5 -0.17427795023317685 -5.015267602897137e-12 0.09727507509013726 3.621496358880741e-07 0.05244413134952812 0.0005538949747225054 -0.04814096380086638 -0.7925508135212902 -1.1542906839170098e-13 0.025742499669839686 -6.750438870256406e-07 0.18621246670526514 0.07603452618836666 -4.175830309035631e-06 0.27408345357205144 0.22126344870604994 -0.764548644362225 -0.39262705795468655 7.180479040228593e-31 2.048566730028601e-15 0.22337125595477153
2 5 -0.38487570957050277 -5.030723353390168e-54 0.049609072814253474 -3.311316511518232e-52 -0.2878089267657534 2.3214948600900084e-48 -0.02716566705762132 0.359962095860548 -3.037284007845694e-21 0.21803398644350477 1.3022227282164805e-06 0.04492585238197778 0.17618012771207925 -0.10557636336006333 0.031172903852587523 -0.06714875555879432 0.11541678823542237 -0.0043539271273503365 -5.890406797546649e-49 -3.0378733914833375e-09 0.006776516177243068
2 5 9.730012434862818e-08 9.168403557336384e-42 -9.790050814315395e-11 1.5689310396234444e-50 -3.075526647085226e-20 1.1646671298004918e-09 9.434454722749633e-50 5.123123712068154e-15 -3.9158352488376794e-50 1.685580916186113e-11 -5.688088158330769e-10 -4.208213184839339e-26 -5.254872681936468e-10 5.277920570026175e-44 -7.71544584691806e-13 -4.8402233439836866e-20 -1.2476185833565676e-08 1.1257314927714776e-35 -1.5565924597535226e-07 1.2351258593559139e-06 -0.31032631058424476
2 5 0.1628683112362803 -1.2108574664895762e-12 -0.151245538599629 -9.580363235626411e-07 -0.10165504353380958 -0.0005307273310721947 0.1319480181463879 1.2340050985436863 -2.6478171583590073e-14 0.7052220948674914 -5.295060940309187e-12 0.37992932458323386 -0.2396917284039538 -0.30259968758179356 -0.0820572075820995 -0.5887235823425924 1.2030057515394172 0.38390948582581985 2.719015169808498e-53 -7.766544201991953e-51 0.03314446696865286
2 5 -1.017685261224139e-52 -1.7252401688330204e-20 -2.852736741341845e-08 2.4268059043670454e-20 7.555367342076033e-49 4.376723395025671e-08 -6.81652974585573e-09 1.193971128819101e-10 -2.8402338376434863e-14 1.326820505422491e-08 1.8111908120813386e-07 3.777470747393584e-54 -1.532304627134711e-52 2.1045093413026744e-09 -3.2380426527974547e-50 -1.1550690796989184e-15 5.449408583472196e-53 2.675632883015943e-07 6.459741103955808e-08 2.0812959897930627e-07 -0.041600627672749024
2 5 -1.0050610214147033e-10 1.659974716508372e-07 5.255982041910177e-52 1.265044153721585e-06 -3.072129651666834e-19 2.038399269369671e-07 8.296199662405082e-08 -2.341303460377371e-08 4.3216415910819075e-52 4.3238291435276403e-23 -8.201285656976497e-07 6.23030125276417e-29 2.399498870852533e-15 1.8707457529496213e-16 -4.706837563551343e-10 1.4060615638753492e-19 -1.3646478476793618e-30 1.0436517815844834e-52 3.490393394446483e-44 -3.1488512854408585e-09 -0.3060136198753031
2 5 8.605606824197941e-41 -6.799076490175886e-53 -3.535906863064863e-17 3.839003105761428e-08 -1.831402531379912e-08 6.340748137607514e-11 -1.8737621566511775e-35 -2.238377202438779e-17 3.068235409322831e-12 1.4071358401857374e-47 -2.3509299888325728e-32 -5.068462338107721e-49 9.485108282821294e-38 -6.503231187374998e-13 -4.0082831738336044e-12 -1.1631020725379771e-06 -1.1552171456560682e-25 -5.950747724112667e-07 2.568594890653905e-15 -1.9918467464346713e-10 -0.2781999514871768
2 5 0.25210048331487356 -2.3455195682650553e-18 -0.12353963573710994 8.794916732826757e-12 0.07509435300742061 -0.0012213890302449437 -0.0468020296230732 0.501332999571154 -4.661004997842863e-52 0.0951693825707112 8.625970370213183e-10 0.20439830017674832 -0.19574480392086518 -0.3130291690150591 -0.20382782412723738 0.27567397289653034 0.5061283906200046 -0.017482840782953896 3.224754331309467e-08 1.249807257023662e-32 0.08072196950633091
2 5 0.18687822886282196 -1.3671133633645224e-08 -0.1939009380909164 3.264513256688118e-07 0.3129834039306309 2.571019705365869e-06 0.30056656882254934 -0.18851756311333234 1.5051953806544514e-14 0.04536225081903313 1.0432462486966254e-12 0.24329576241117332 -0.19448329756341814 0.2970793784872327 0.008903034023739327 -0.03634874905353427 -0.20904456771643212 0.2967495934778188 7.224820083061055e-08 3.244420656932562e-15 -0.010741527345697692
2 5 -0.45669093110782694 -2.8420181347141405e-13 -0.3544518508862165 8.908432271908145e-17 0.18583074064300897 -0.0033749503032946345 0.15536038094056095 0.8421038329927591 1.0940876226679262e-15 -0.1264372416591675 1.398185555612212e-53 -0.2260748215283784 -3.175545397268151e-11 -0.12175142748705026 -0.028918725865545343 -0.028464915005302512 0.2926569355956692 0.5172237417163277 -1.300835161920768e-31 7.067687161742805e-09 0.1248574312254123
2 5 -1.0014258380101349e-17 -6.817569756040829e-16 2.55925828298658e-32 -5.149371821072197e-08 -2.16601342648891e-32 3.444711107712486e-44 -8.230147392738429e-19 -3.433320195965907e-51 4.627468290967062e-43 -5.873626179628926e-26 1.0280726525042153e-14 5.1104990940992175e-34 3.506090269849501e-07 -3.5899304453027e-18 5.308806881753789e-26 3.4557239819588337e-13 -2.2794766560515453e-31 -4.035968422757868e-18 2.376452336079914e-08 3.161193147952599e-11 -0.17114445418846522
2 5 -4.921735328906791e-14 -1.8856493333350616e-10 -6.878979243543476e-40 1.1218643100733074e-12 -6.093772679627697e-13 -6.373075941987844e-08 4.623218612940432e-09 3.63980368464293e-49 1.1711801852073698e-13 1.065983427503205e-07 1.3825187645616807e-42 4.375681939682084e-36 -8.474235206228504e-20 -1.6552948596142875e-54 -1.0928194720470024e-10 2.94291816094445e-31 -2.1904957612657596e-24 4.31465021109228e-14 4.290265010840455e-09 6.329557120070331e-07 -0.08830650621192226
2 5 0.19136664706529607 3.2675837871244393e-13 -0.030854015787957444 8.111801889891238e-11 0.1561971845599484 -0.00019356412386171027 0.4037781352419303 0.8160405968724593 -4.142667536096748e-46 0.014753662130502694 -6.648208329627236e-26 0.27243003018940753 0.06757755193424293 -0.18484850663048427 -0.11700454855462696 -0.2716526685466423 0.5142120401640773 0.12314069817120703 3.7848543680736283e-26 1.0376720556046e-44 0.20773932607811996
2 5 -0.25275188525343945 8.031130550172894e-12 -0.12471508161753599 1.6764052164400484e-07 0.34692384643882646 0.0019306200781955593 -0.2807859497093377 -0.64244580377848 3.9095747519807034e-47 0.03736745193486684 -1.4363791005008813e-14 -0.07462897968330225 0.16401043397628592 0.13486567684062437 0.18275150496401632 0.25339392236294406 -0.05637219065454758 -0.3682015755228455 2.229812228803607e-07 3.331543114320111e-47 0.3057251781362595
2 5 0.2049235661654097 -1.030470667435278e-10 0.2400229116023886 5.568860573279553e-19 -0.19514684466583324 0.000997216933013364 0.05879836459625306 0.7814623590172278 1.4831599823275857e-33 0.6131436506517928 2.4919208810306468e-09 0.019035230264035516 -0.21496018579808426 -0.18255414000150522 -0.1653859642982219 0.10479094110846725 0.2532759909951916 0.5225751702674968 -2.0472804999746995e-43 2.5190784987826433e-29 -0.10292577884836845
2 5 1.1040404405162461e-18 -1.0435285938808305e-11 7.813868997769853e-39 3.2936192181140633e-12 -2.8940945403069048e-21 -4.2077431191670816e-30 -7.804006281077588e-33 -9.57586531063968e-31 -8.12171725956345e-09 -1.0238209266649693e-08 -2.4618009764332845e-52 -3.7750166818127315e-54 9.403700528534071e-14 2.4018598726947123e-47 -6.319256779970834e-41 5.067380315888065e-49 -7.247654398767201e-51 1.2846448362899864e-47 1.5514502785707533e-22 -6.576410085177313e-10 -0.0645666156691107
2 5 0.15606282336248875 8.34104088001908e-24 -0.33122373915485254 -4.866729520639324e-10 -0.19147605237778723 0.0012723788510256185 0.32216524237113914 -0.7042156936382964 -1.0398138547903215e-13 0.05929225103950387 -2.3691701045109506e-34 -0.11777839364830159 0.13509004847459014 0.1904434549403798 0.3628174256645345 -0.19238212496782342 -0.38198235127328123 -0.2569415398568033 7.010744019166899e-12 6.418127183284745e-12 0.3413392116623412
2 5 0.054210141137604 -6.2023338346810746e-09 -0.3493903704645262 -1.6543185368671391e-12 0.06463865093336477 0.0002128699495587687 0.34932963428058916 -0.6266981491358972 -5.5258555499132745e-08 -0.09151217186436665 -2.2192890761532335e-18 -0.0262716696083793 -0.22686371085266333 0.3232212134684414 -0.017213639655378605 -0.27532831200470137 -0.5443397524796978 0.279575497338877 6.592497767151531e-14 -3.766368633875977e-34 0.1637161821890523
2 5 -0.07106383333943435 -2.9183116664115695e-44 -0.014405333274006872 -5.817642030286887e-23 0.028702333584108296 -0.0004346302174450641 -0.092394721907769 0.8346674476557857 -1.1553174882095689e-16 -0.3327874840705373 1.0425381137714736e-06 0.25670500286283465 -0.1143569906283304 0.0029301813083083936 -0.20984941789186737 -0.010809390942542792 0.6773553731467515 0.24478162051344585 6.00492324664858e-41 -9.744189336814836e-07 0.34403964749887006
2 5 -1.965099467936041e-08 -1.2152912180122236e-13 -5.664882327232296e-06 2.832981296444734e-07 -6.366454864880714e-05 4.160158488482083e-10 3.936811682757655e-50 -6.522637671440146e-07 1.9618302604011187e-31 -1.6867007407588837e-07 1.9904526037556088e-48 -6.95807166981231e-06 3.378188548805445e-51 -1.1614446799819626e-16 6.366981172335585e-14 -5.641542900618546e-10 2.392138359843346e-35 -1.1745809176303532e-09 1.1412491873490074e-08 -2.4493390612757688e-46 -0.018762634377722638
2 6 -0.3399598690141929 -0.47984723353403386 -1.943204203721531e-06 0.42123581073355604 2.570301063105886e-17 -3.708161867413238e-24 1.2337564654793233e-05 0.4161628887240111 -0.012278462409287972 0.7641924766841107 -3.8315028071455645e-55 7.302866585631311e-05 0.2233905363960588 -0.45587751808889315 0.8943398790203935 -1.2151073244588086e-30 -0.3995120125371199 -0.23101959132749444 0.33580482663317796 -4.730671294904566e-07 0.004360968938458661
3 2 1.5383833084053535e-36 -6.9764323137851435e-12 -0.09497614434572471
3 2 -1.2556700143986173e-05 -0.0008626234460406013 -0.2812302425472045
3 2 -0.05220525651573632 -0.10225481744696252 0.15371386200698922
3 2 0.2926451026348408 0.25952180487898546 0.1341532835021098
3 2 -0.5432878281399359 -0.5795014035419213 0.2269156573926407
3 2 0.14303063833408108 -0.666737922946242 0.1497063994281727
3 2 -0.04120197717794367 -0.7331385496599434 0.25783539679218564
3 2 0.5082567499709896 -0.11354670583359379 -0.03376530675012928
3 2 0.4250968891041828 0.2070688383698366 0.30586702689794865
3 2 -0.6006016908124998 0.5734794056710201 -0.2103305828631765
3 2 -0.3306932955558935 -0.06116294918626431 0.5644979293811824
3 2 0.4548962872383796 -0.7267152248768236 0.33214850070953716
3 2 2.2952955461647204e-29 -7.717575271918707e-41 -0.19334220583570572
3 2 0.5188005366116621 0.2977890051499835 0.23583047532826365
3 2 5.593926033454947e-43 -2.7247348475617214e-46 -0.273972641644014
3 2 0.49952909984200045 0.49059556077579575 0.2600704364772251
3 2 -0.00020905504823233282 -3.7244905163636716e-05 -0.23501964957824656
3 2 -0.20518910142040206 0.7250758027921096 -0.11993588601426769
3 2 0.15221839547540042 0.18483872781338295 0.024584694705722804
3 2 0.37671947637061426 -1.0170034512531967 0.14444709203976533
3 3 -6.320948083382032e-07 7.809144298273746e-32 6.176720542993677e-10 -2.2728449081128188e-24 -5.575886188551091e-38 -2.0316599726166755e-43 3.9274965947921186e-13 -6.803848629452658e-14 -5.2627936348207134e-11 7.05489505222832e-07 2.013731354980954e-13 -9.259034649971648e-46 1.6144803552528823e-35 -2.5007013282301934e-08 6.4329449146791505e-18 -7.074549038669941e-35 1.0382333234201324e-32 1.6620451801458326e-25 -3.2764032724953093e-09 3.1142289316729453e-38 -0.165829529034846
3 3 1.1211988524545452e-06 -2.7710893455953586e-37 -3.2949729050277276e-10 -1.2402520203458103e-05 9.457644141979039e-09 -1.8354205674160118e-37 5.453893905514505e-06 2.7646146932625124e-10 -1.4060927283479175e-10 -3.794184666551792e-15 -1.4817574447204718e-43 3.0250604835792824e-08 -2.702180694538842e-05 -3.08347329281966e-10 1.0556518546108108e-21 1.1081701287247865e-06 1.7856949765077803e-06 9.860096616494637e-07 2.572602364765615e-08 2.752479018537976e-05 -0.3374345025822021
3 3 -4.6418125496078394e-10 1.4648542472271276e-27 0.017906065348574175 0.2003218937278994 0.1571619840489427 0.26264335457606136 -0.045480637416092796 -5.485212988529467e-06 -0.36029236738366266 -0.13369353113743931 0.23374394268043616 -0.39928372215651514 2.5549729427080216e-08 -0.251840709433682 -1.032117251979116e-10 -0.30827973265240743 -3.468981735895118e-07 0.06694603033244473 0.17664844509722227 0.09669979193460049 0.17081491857458245
3 3 9.391800373013592e-08 -8.699867383780821e-40 0.13116468982363513 0.30517979626221536 -0.5056307243606384 -0.3452447866329388 -0.09641313799095454 0.4113028452409382 0.24419296205410773 -0.3811359374290393 -0.11088400037935787 0.3013473266966411 7.566672562735922e-19 -0.2617952069689997 1.0048857483031556e-07 0.2129401172195948 -8.613530800320533e-28 -0.10455951373115047 0.2934049294815621 -0.09682912551193112 0.2383348611644273
3 3 -2.7014133208722257e-20 -9.487977239271487e-14 1.2323635512885847e-05 6.898140980117784e-12 -1.1056615549399188e-15 6.61484989813873e-37 -2.5298719976117225e-05 1.0104252894233068e-11 1.8699588651736091e-34 -5.191352112953082e-09 4.321093916261081e-11 -1.247161364433673e-05 -4.857827033306894e-21 -1.605531282607291e-33 3.577403747354116e-06 -2.550405906421784e-05 -3.488518202796656e-44 -8.181661917016419e-06 3.349918175684143e-24 2.377123421052652e-47 -0.23917204056474178
3 3 9.10840866441362e-26 -1.0581033123053165e-05 0.3242112644119081 -0.3700082961563514 -0.6072642840753238 -0.4365016242622367 -0.3434579441878789 -0.07815063895997895 0.3761250642424379 -0.5995170426213471 0.3114960324243157 -0.12527179083787035 1.5364811089767517e-05 -0.3212719070875732 -1.7219495127705622e-06 0.28454831619544163 1.2991064213931695e-42 -0.39819061563155583 -0.37687846606830006 -0.418131451852128 0.4134516296765266
3 3 5.107960321073549e-14 -3.0955727740998035e-05 0.10733040035779265 0.11346832968331728 -0.055635751864097284 -0.055579598145834054 0.21107580743560977 0.22587006454733047 0.17496522252962932 0.04496984498628321 0.2768225915208968 -0.3368698332230554 8.714351376214061e-32 0.1677224105581247 -6.044675524538695e-09 0.35888253939154546 1.1258753962942138e-08 -0.31609067601474977 0.26466788439619854 -0.32893733674387005 0.02510503839511878
3 3 1.3200134707049417e-05 1.898003760496043e-05 -0.7831347047276885 0.01226951526037229 -1.3898874616843604e-06 -0.209694917115799 -0.039258258602712356 0.29084801824886297 -0.1213573251662655 -0.37089288209038024 -0.6036408118270036 -0.7443259656415997 -3.3584975922653695e-09 0.052607172238812235 5.012094024724794e-07 0.33467684299696887 2.7932787393665077e-11 0.010925529354813326 0.17342247460936558 -0.3839492636033504 -0.17971803922074084
3 3 -1.4191826334743593e-40 3.141143380334882e-07 0.2614968692027359 -0.16731385840908297 0.6041496857926804 -0.029039155731352084 0.22425864890641642 -0.7013042286252411 -0.06861979790207551 -0.3368191674430177 0.23451103007374055 -0.09228316357940376 -1.3149562137793786e-30 -0.008251395941143966 3.5787060971806036e-05 -0.36641648674923044 -2.3564732973361115e-08 -0.4938121633705705 -0.14868732063879983 -0.2613181569064379 0.3970611350509135
3 3 3.8554340881438735e-05 -5.123591714369621e-06 3.693367661671689e-10 -5.657812716884418e-06 -6.023994956544391e-09 3.48177610021908e-10 7.334400911767095e-17 1.253275410158402e-08 -4.80230851220949e-07 7.026230744647566e-35 1.2072546069397132e-05 1.857530151917815e-05 9.472271592768457e-25 3.512991896128892e-05 2.7712037566676365e-10 -1.1155459891542813e-11 5.650404154781293e-09 -1.6213714236958375e-11 -1.5665889232690659e-06 -1.9746852443475769e-07 -0.3690028563172042
3 3 3.754761272718629e-38 2.2956854863677496e-10 -0.060164828996086654 0.2021951921117016 -0.31132619262175815 0.08905616556231906 -0.19202151645559634 -0.07031708411876869 0.2590511928982566 0.13670019144234416 -0.3098777537833562 0.21884694871844845 -3.137869611887326e-05 -0.20550649114573988 -2.669591329733902e-16 0.058082751432941324 1.1077567873049442e-06 -0.1493074937335801 -0.18208576344886668 0.1807975757793546 0.17084988599916892
3 3 1.1344156360936999e-12 7.306169368736782e-15 0.07507096250076173 0.37383569611703255 0.10126184363432968 0.20524806138290896 0.34802207174705646 0.020506941826314518 0.3372205800505979 0.3721774997660869 0.0016179522439927325 0.29408424649415393 1.3158098688591832e-07 0.05549610559804541 -4.1953654768294284e-37 0.2970554363659431 -3.1125428863233826e-11 0.6103574254607246 -0.12379829059166127 0.23415550380780067 -0.1059793914303252
3 3 -7.928997424035506e-20 9.262736919381233e-06 -2.3904560198110232e-24 -5.452304684814446e-08 -6.841139653615092e-12 4.452530875966273e-06 1.8250948032440561e-40 3.413960066983244e-45 7.763780828722698e-08 -4.373892638087316e-07 1.4175926586450681e-07 -1.1878239664538915e-06 2.9221774727369456e-08 -4.212608539591418e-43 9.8292893795683e-10 1.9395155119455237e-23 1.1686369245567479e-08 -3.9355666108870854e-18 6.592600547203943e-44 8.888182646348909e-08 -0.25021427157765086
3 3 -4.653231958107903e-06 -1.6544519218877912e-33 -0.4926050611328935 0.25950933734972603 -0.09129491425864074 -0.33849273666901974 -0.11232967210072577 0.14832878347173914 -0.008340774792374809 0.5620755081324543 -0.13670781968993928 -0.4823811915790569 -7.090040049888444e-35 0.2268707799008689 3.5362568150336314e-09 -0.1350571693424416 -2.073403685716731e-45 0.13287666911419155 0.22795061099310926 -0.39761923540902977 0.09810905932701977
3 3 -1.5432976068260095e-09 -1.818765501115089e-45 -1.3897717982669779e-11 -1.8928525218234678e-18 1.0239569109794279e-17 -6.257080325940991e-34 7.234837246140342e-10 -1.0295806656707796e-41 -5.907864905490198e-06 -5.103174861994775e-08 -5.53541587589251e-41 -1.1582553066426847e-29 9.374456376731002e-07 -1.4100729073271806e-05 1.5663988100494771e-09 -1.0172513543246402e-09 -7.076428989597058e-06 -1.802713141318408e-05 -1.72358594643406e-42 2.7165934344325195e-09 -0.1904135405377055
3 3 1.788091741073113e-15 2.6402745300439673e-45 0.25270552601592494 0.285600222459139 -0.39345497268756446 -0.10734847384859643 0.10779461410384605 0.24211419045866908 0.0009207488244324934 -0.1260111812636485 0.32227160228557894 0.04840445425620919 1.3453307641434873e-08 -0.00041701852823246765 2.711027158483479e-42 -0.05997424257688068 3.4974525141115503e-07 -0.2286200436805153 0.32074678730081685 0.27614352871881515 0.012636704156519487
3 3 -2.7793532248713405e-37 -1.9847440853166916e-06 0.46225321843252026 0.15539373228276573 -0.38824567731560944 0.025283509711374788 -0.41356849395962436 0.12903660483191062 0.1447898561817532 -0.6203151797709403 -0.011831692118246907 -0.1964192640378233 1.574332414800332e-08 -0.3362659183537306 -6.411380933888924e-37 -0.06302125123156699 1.0914155952608872e-05 0.1018409659554796 0.3650233474464326 -0.517995398303879 0.45611379399944896
3 3 -6.502481967370977e-06 -2.578545279668907e-41 -7.405992710242528e-10 -1.0667315299589032e-08 2.3641383883894477e-40 -5.140519078157893e-16 1.3913940021273842e-07 -3.861628950012749e-43 -3.8430605954847465e-11 -1.4301153446499397e-09 4.02886776314212e-34 6.340274750197164e-17 -1.5808922073785336e-09 -4.463423288699608e-06 6.241056419991501e-35 -1.6585254449789321e-06 -2.7074102922543225e-09 -1.0623882749648088e-07 2.1216166937284638e-35 -1.0679351926895494e-09 -0.3854389383514395
3 3 -6.969562347817964e-35 -8.643364220967078e-06 -7.498803495029392e-36 4.4759905615256984e-11 4.821452795439883e-19 1.3100491304983974e-21 7.819788456142876e-07 -8.855857822684603e-07 -2.161958918784411e-05 -3.313449224616037e-45 2.01900213567234e-21 9.648274245496618e-39 -3.623732632014837e-26 -4.1652176139567e-11 -3.452805006921982e-06 2.7017143572013594e-06 -2.3129445775835936e-06 -3.5799017951536505e-05 6.284544088502833e-13 3.4212898697077474e-05 -0.3370980740690851
3 3 -1.925769420367826e-08 2.2039449574750006e-39 1.5562984480256384e-07 2.7979083590588472e-37 1.6584174545013857e-23 -1.0788438498080841e-07 3.684695841964863e-41 2.064469543055143e-07 -2.121872029613107e-08 2.951671413971545e-11 1.526999505583692e-30 -8.547623101589532e-15 9.565523699942769e-25 -3.4182155481391034e-44 5.0546889131458124e-33 -1.417691670460912e-09 9.46713019330382e-08 -1.0633470889079607e-05 4.075507552170096e-21 -5.3524599651151226e-11 -0.15510674510607605
3 4 -1.5651322466666617e-10 9.606981731905741e-06 -0.1867858752657877 -0.3503124037321702 2.651299423150955e-43 -0.3711115502759202 -0.10543929367636684 -1.3012438873489188e-18 0.426365178077412 -7.490434991680533e-27 -0.16892732611876088 0.13404921792054672 -6.261754199389414e-07 0.07240844468942664 2.5505011549027796e-14 -0.14566714271938203 -0.3781003002750863 -2.1785129682823146e-17 7.603554019443224e-10 -2.104135885784204e-10 0.3736139489645655
3 4 -6.866673315626324e-06 -1.0111309959780066e-09 1.8227838110385526e-05 -1.8666866875377422e-07 5.924394904420364e-10 -7.841746687216175e-45 -1.4932159344716637e-06 -2.128483686457242e-16 1.9205687319608898e-13 6.852641263104149e-42 -5.367171138405241e-08 -1.3742269672803468e-08 -3.012864329593514e-29 -1.2451850240805528e-43 -1.2248182743184641e-27 -1.9576642860798484e-12 -6.089902382029378e-11 5.0384538042848615e-11 6.18763390158899e-07 -7.398004747798223e-39 -0.3191951245691618
3 4 -5.436724028023028e-19 5.877629355292184e-08 2.289582667183488e-05 1.2455730759861407e-38 1.3577340690342935e-05 2.1309714309081892e-23 1.3664913434719316e-08 -1.115319916275376e-25 -4.72374704975697e-34 2.3482363444451007e-14 6.102584809359156e-26 -2.264027596895056e-05 9.95184361434632e-37 1.0965521202062233e-38 1.0165368275678006e-16 1.3297789569416525e-05 2.196247991090136e-23 7.241418225333466e-16 -4.73923883446089e-41 4.596491975475682e-10 -0.2155603176165081
3 4 1.3848685508236416e-06 -1.4807031647482323e-05 -5.193224551605296e-38 0.03180064712781499 -1.0650885855797585e-32 -0.08976745340084387 0.34632624504361476 0.022207384182295807 -4.955286726836642e-13 5.783416721279542e-08 0.299472833851137 -0.3401148072377712 6.67454195747511e-07 -0.16733563641560703 -1.3065937822070754e-10 -0.013490469756767756 -0.1518835813693663 -7.425567728815714e-44 -3.200014072221489e-08 -6.105755017877001e-33 -0.07345461984576153
3 4 -5.307751421050545e-33 5.930956873763452e-16 -0.08803931890046081 -0.02598731167663634 3.3216774232453154e-15 0.1408152175095957 0.13819997493648986 -0.5414543727557789 -0.5248306921102146 -3.048740004437389e-18 -0.02803677668757823 -0.27945589405518856 7.404297894548602e-44 -0.3475691881885179 -6.1320061151962875e-43 0.3349561269228449 -0.14123411325609916 -8.09571690515309e-26 -6.353216977152877e-33 -4.02302013695715e-44 0.4035500048373263
3 4 -3.5132787958056483e-06 -3.499298122822719e-05 -0.3264490462644937 0.1766563156759295 -1.3108391972560462e-08 -0.3873670123989594 -0.15049548718291403 0.45982155743657066 0.2609233680638864 -9.793788332744579e-36 -0.23539966687416555 0.3012271507817531 -1.8283073961256997e-08 0.4797129739771728 8.79381001153738e-40 0.33729243455374464 -0.23000266226671465 1.013715552976545e-07 7.658099201457479e-06 -2.670207218397628e-37 -0.046801442786901654
3 4 7.878137511044163e-08 3.501853462154777e-34 -0.02861120912462605 -0.32915059632148636 2.12454582058904e-25 0.11003117188619134 0.13939961424294034 -4.3246743613781025e-10 0.22985799336446744 -7.027927273321214e-06 -0.04904297875989591 -0.04956796473862404 -4.546307660580385e-06 0.052694357813626906 4.666428557111203e-16 -0.01702444717908392 -0.2214509978859997 8.372145579751796e-17 -5.871185544898683e-15 -1.8602881032301631e-06 -0.04970203066020956
3 4 -6.1682057043649444e-30 3.034099770472732e-08 0.07725547171071406 0.3638275174280272 -2.2244965262261894e-11 0.31188333976508614 -0.2081282875770923 -0.6417590732004149 -0.6299646538469772 -3.919553071572533e-43 -0.028355182869301495 -0.33338905538583935 -1.480960248798375e-06 -0.06333515523155278 -6.180754917117483e-34 0.2841247170857366 0.13843731763968622 -1.572218160922681e-19 3.334868347389972e-31 -4.0403487089802573e-05 0.29773511458228036
3 4 -1.6082186967415753e-44 6.859824465099149e-16 0.018262614299389655 0.22780542605721973 9.524412344707981e-15 0.49001698848431624 -0.1586945944987042 -0.4984043655400431 -0.33558111325846807 -1.3638707063383095e-16 0.04794585020060674 -0.09329244520141387 -1.7260311744567197e-08 -0.49654016826801545 1.247170602738647e-36 0.3949659630093645 0.20410710121366282 2.1608878319049494e-08 -3.739230188189507e-05 -7.579845164909981e-10 0.1570628869980925
3 4 -6.190797147343153e-08 1.5406341367888436e-41 2.5957833284779716e-09 -1.3215297986331713e-10 1.2890685751077197e-07 1.7011215796121124e-08 2.237970453530136e-40 -2.3561153033458365e-08 -2.6200721243519655e-40 5.031460769918982e-11 3.685550039163781e-18 -1.2940525732978047e-08 -2.886303409820141e-23 -4.656955086983072e-16 -6.183307112077054e-13 -1.1470407455900013e-06 7.425498896957709e-44 -3.546814161980403e-13 1.2623479916908606e-38 -6.5361884181607715e-24 -0.1529717323340233
3 4 1.6493692672023422e-42 -4.70987548480655e-33 -0.10312974252056009 0.17074258833896572 1.0272233344129413e-05 -0.38403134441231834 -0.21388650403132417 0.6674996153502527 0.3605108558870723 2.470124905162348e-07 0.449321005209629 0.2950476170263833 -1.9345299898937035e-11 0.297383682475992 2.6245475196073465e-40 0.28162831565858926 -0.46402021140719424 -9.789821541043478e-36 -1.1479372443530538e-05 -3.8912673853801002e-31 0.15371792016989277
3 4 7.615075223030337e-06 1.6062837914807685e-05 7.89792279999154e-45 -7.43255999518416e-43 -1.3647939778138293e-05 -1.9226374299907636e-12 -5.488308801006334e-12 -6.631412825001844e-07 -8.22639486890878e-40 -6.202323029384538e-11 -1.6525342776994406e-43 5.739581458623568e-34 -8.004716519780543e-07 8.665082707141588e-11 8.797047942943402e-08 -4.89326266909568e-09 -3.881129629065196e-40 5.601858172054323e-38 1.444116415188262e-09 2.3758642544829175e-42 -0.01932301705706202
3 4 4.2786420877455825e-07 3.657097216049455e-15 2.6096010428783788e-11 3.332874095501784e-07 2.5839654877135813e-07 -7.465461279517487e-06 1.711485376626413e-44 1.2053178030423955e-05 -1.4348436154367412e-12 -3.483237409378389e-26 -1.0097910722369603e-29 -9.14477045614409e-09 4.101063069471789e-06 2.951101827076399e-08 1.1997007718410187e-07 8.355440023544166e-14 -3.645665229245426e-12 1.2543736956040926e-42 7.361432828424685e-06 -6.669103173703059e-06 -0.2683998731535884
3 4 2.7375483161094207e-05 3.1449431320930155e-26 -0.008679772721365189 0.20067815039735004 4.789553017089703e-08 -0.602320805285357 -0.025514464833444255 0.6919925000637348 0.560144495390462 -9.66259452632142e-17 0.2212469982159623 0.10953446439948397 -1.2289333889696142e-22 -0.15921756424607988 -2.6755015886947932e-14 0.00395825024984021 -0.021521917623049662 2.189500820559146e-11 2.431835913854112e-14 -1.021397959382177e-07 0.20547128561471623
3 4 -4.487194849415203e-11 -1.1672510962368456e-05 -0.3493905955205807 0.17511263316949874 4.4922879946330245e-07 0.7738498447590841 0.1010584956879019 -0.8105583721833403 -0.28858949918386384 1.471575815202524e-14 0.10984900081779563 0.08582467562165673 3.549301287872057e-05 -0.33002298462151375 -3.74769723053128e-10 0.11966551162862345 0.6779289108729134 1.5766894865395426e-05 -1.1262997127463445e-10 -2.6400312172149573e-12 -0.17966412818071878
3 4 1.9943132505196805e-08 -6.799096000746829e-16 0.27236788833611963 0.044518573247025496 -1.372315104686343e-27 -0.5670086037882881 0.10695474137932576 0.24448080625200194 0.5304508199186985 -3.251771704125935e-05 -0.03430769141503421 0.3314948702293293 7.119076521992085e-07 0.120971318246289 -6.685471962376343e-07 0.16416285155018795 -0.44662339184580596 -7.747000393483352e-41 -1.2277274053158618e-42 7.596596582961187e-19 0.24271848875737367
3 4 -3.693498169542195e-16 3.230459250412137e-44 1.456752954202599e-17 6.005965900908748e-23 8.437164208691272e-32 1.0716503628116416e-10 -1.243511956302564e-38 2.9148711439991885e-11 7.097255676488241e-13 3.348678451328282e-08 -1.912852124139256e-05 -1.0558860429507306e-05 2.2521046129227705e-19 1.224456107452043e-05 2.159893354156645e-21 -2.434658599483726e-29 7.102379843239613e-41 -8.711911597430791e-32 -7.36865451752081e-26 -2.006722743560668e-13 -0.35930108769388364
3 4 1.995374698512594e-11 3.844871672901078e-29 1.481857764985051e-05 -3.358993944788177e-17 1.3005923018949906e-10 -1.4499539185434837e-13 2.876993248124925e-10 1.0922891741518066e-27 1.0023695146805883e-12 -2.878380469652606e-07 7.236896792571804e-45 -8.98767903914507e-16 1.4098443099865097e-29 -1.6559396733843784e-05 2.219515419393622e-05 -5.444479448544581e-09 1.0486899594797162e-24 -2.244947359696251e-05 1.4895067712351948e-20 2.290464786560722e-15 -0.23185620804744042
3 4 -1.1413311876427054e-27 -2.306931607541106e-06 8.33760691913925e-09 1.6128032859425158e-20 8.687468640610924e-36 -3.107203055583791e-05 -2.6100378681378407e-05 -8.054370184897503e-07 1.5902531593195611e-07 7.941394987998149e-14 -6.023653310106461e-06 -1.107040718730269e-29 -5.953351734525634e-40 5.6415745717159086e-43 9.32166724367338e-06 1.7476422731600718e-05 -3.219943783342475e-05 -2.4821486921264215e-08 5.636022195957026e-07 -4.112407641996036e-06 -0.0027834468756319786
3 4 6.255660890569634e-21 -2.403374102485045e-12 8.389074968156345e-26 8.663199435732555e-07 5.27446334134888e-10 2.0375530880519583e-08 -5.223393092212101e-26 2.0843035610040377e-14 2.868362584270562e-41 -5.857426165423483e-12 -1.8835557810455044e-05 -2.585621381625022e-40 -7.949802756616922e-08 -1.4040866996745945e-13 -6.700763560600366e-33 4.448822755969956e-06 -7.922355097117118e-07 4.2456470789597674e-19 -1.751250224395576e-22 -4.344305274897703e-06 -0.3369634333077763
3 5 2.7060389631708645e-23 -3.5237349941918735e-07 2.427189903730949e-23 -6.5778742859374154e-46 -1.9933372952721424e-07 9.536152089936185e-26 -1.0254833202228866e-25 -2.6887422502552786e-05 -3.3378723423327303e-38 1.7406714006396013e-21 5.22994633105754e-31 1.8224877136761117e-15 -2.591020039681926e-12 -8.643076672097135e-09 -2.771074187843324e-42 2.1511225900892377e-14 -3.493041132872036e-46 2.9085372019924057e-26 -3.1632624032580335e-05 4.6426942443118176e-45 -0.0701032821981517
3 5 -0.15543115068160282 -4.3857656944475456e-08 1.724953899952346e-42 0.000876387049912214 0.0088927893277851 -0.10131255886989793 -0.001604251453670154 0.4927428046738785 -0.006611987503818948 -1.8249107314479562e-05 -0.2259514876378749 -3.0304041162049948e-05 -1.3333456229154641e-15 -0.30953028999605986 0.12153824542981274 0.13520070570483536 -8.342605907003794e-14 2.1669053182359415e-16 5.966080254772886e-09 -5.557801459221875e-06 0.3634244497586483
3 5 0.49715842692749007 -5.704677445767398e-07 5.757640643788415e-42 0.005076981906242948 0.10790758586023842 0.4553521300159919 -0.029903564538543384 -0.030349571197308987 -0.34020200202027906 3.596619470165278e-10 -0.06038445078535648 -3.000709978790771e-08 2.0183936912326188e-42 0.1518777604620935 0.23233939318678262 -0.26956956213410177 -8.251798259214079e-10 1.6376774064078831e-12 -4.646673991272734e-13 -1.8080211088183502e-07 0.24948256848750858
3 5 0.3501195838689167 -8.412930916450082e-07 1.097233767974526e-08 -7.63640763231575e-07 -0.25249022731095616 0.3474795337730321 1.4060381353126036e-05 -0.37151008268773406 -0.4029381176898991 -3.260648281393635e-05 0.09351391283700144 -5.034705906466165e-06 1.931921792711118e-12 -0.056271338691135576 0.0389563769601048 -0.06890106735995992 4.62655151616348e-07 -1.0001899265727933e-21 3.662287085794216e-05 -2.5138276675128e-36 0.24297308345896138
3 5 0.41293965014787914 2.3477270627942313e-31 -6.05802948429606e-07 -0.003087675806903278 0.15466725427269856 -0.19661486144259957 0.011020468820749106 -0.11791369376528038 0.22113443258317886 -6.550783323208392e-12 0.36714817448552806 2.854370119085859e-10 3.297109775047556e-45 -0.12733240021129352 -0.5217172668466725 0.21179550915010362 -1.2776547155468185e-10 4.883877267325772e-17 1.0895018912137473e-21 1.9110797385152006e-43 -0.24395443047889298
3 5 -3.475328382877081e-15 2.846050176770064e-05 -3.2496472293279365e-07 -2.5350011873667895e-05 1.1705588434907282e-05 -1.0302230826335927e-07 -1.0160489990270593e-07 7.35359138639517e-32 3.5546266706618895e-06 3.4131556822163896e-08 -1.6858571275099157e-44 -4.769829829104859e-06 -6.893735066233657e-09 -7.061324258985729e-11 5.167435165098704e-09 -2.845375608136306e-41 -1.2796223330103938e-38 -5.609783192467065e-09 -4.2134201586595186e-10 7.399636981269373e-44 -0.33187873866744505
3 5 0.5425788136948979 -6.93792520092246e-13 4.68591821103807e-09 -0.006483057151275929 -0.33858247547039333 0.03443484720769875 -0.0018971051024749533 -0.24862411647263538 0.29086261461604446 -1.4947326211774422e-44 0.37235816445682784 3.624415956353649e-43 5.080490016510753e-44 0.2072174035905747 -0.25626548942459554 0.15003658881845083 3.4799400520500993e-23 9.70064048647286e-07 3.8469770380694804e-05 7.8922113047154e-36 0.20537284986539242
3 5 0.627981167710338 -1.7338326213051264e-05 -7.936957053984989e-20 3.6623886254427763e-06 0.0008039024852403876 -0.07782465731528145 -0.002620486628766106 -0.21898345517878842 -0.4018271622505506 -3.6484515333382737e-26 -0.020300816055809048 -8.16272672778444e-46 -3.498512104280009e-08 0.052879543760041114 0.07180535616318028 0.11800191881046213 -1.4884247385889197e-06 8.278397047345566e-36 3.073803320260312e-05 -1.907841522318916e-10 0.3352077185281695
3 5 -0.6770446505840501 -7.953326708674878e-09 7.367411175925672e-09 2.951892200616273e-06 -0.004296765981339808 -0.39551537094959294 -3.2475811404125425e-05 0.1020828466213615 0.30352086671361483 1.558508565573844e-43 0.03421551392242479 2.0126668379522675e-39 -2.2228823803416776e-12 -0.3544106446844172 0.12803693259554938 0.3336869685820429 -3.8924936372610006e-05 -8.25556358851277e-08 6.324042480638985e-10 6.654209816826487e-06 0.30849995623659054
3 5 -0.02295993947086076 1.864780659340865e-10 6.416056948184983e-35 -0.00017502554060865627 0.1859252432515451 -0.0004723561653221425 0.0027075019250334177 -0.2607766884559466 0.4080574899443901 -1.2825694019783993e-05 -0.1552816406907082 8.736031806679717e-14 -3.7477467472303036e-06 0.06168977918062596 0.413458482975496 -0.15762261269120015 -1.7624770274098367e-06 2.4045745254444755e-47 1.2049085196668997e-30 -1.0959846115722724e-05 0.2361036509191963
3 5 0.591790747663803 1.6290715678978157e-41 8.001083391424826e-15 -3.9318201694448515e-06 0.09487413750707416 0.42256643881976114 -3.2514256119492475e-06 -0.26856383576423637 -0.27229139492085835 5.991211311087394e-43 0.3840974191841347 5.734130448498154e-28 1.203347319129492e-43 0.5999923201068853 -0.6616014305722338 0.15646845097685533 6.590086728796061e-08 -1.0601350852944282e-13 -6.169243605868347e-09 2.4496174256994226e-10 -0.09430338612516237
3 5 -0.01699549891098861 -1.015722417635319e-25 -7.700824783651455e-08 -9.07216870219555e-07 0.01393911841020266 0.1933020599997954 0.00012165331368782628 0.08075155258343301 0.20595680276641942 1.06400141939087e-12 -0.1332842910027029 -1.5587670371949363e-11 8.09431694313564e-12 -0.03291287103728241 0.07231301842182007 -0.14398568855848626 8.448842756493783e-45 4.300555020783783e-19 -1.8493484181132537e-08 7.106244370039551e-09 0.18735162565535202
3 5 -0.2585719174230851 -5.299117449614767e-34 -1.8033840754523648e-45 0.0007786588092962778 0.26761723987618063 -0.13307339048885863 0.0016530277883851122 -0.09033850180429032 0.41140131859595863 1.532069330157395e-06 -0.13171108940488677 3.406888079935106e-13 -3.04581117925352e-34 -0.3045168837456959 0.003041909341621982 -0.0234722240927387 -5.737341881195926e-24 -4.034479828443836e-06 -2.5361213074213618e-05 9.20527336927812e-08 0.3578833280213673
3 5 0.03321386227751377 1.718278154040338e-22 -9.585491100993424e-08 -1.0687838691566095e-06 -0.03871537744892773 -0.5250019959300574 5.6307632569574285e-06 0.22728354585268903 0.49674469294221 -4.617202669927555e-08 -0.08154102271649481 3.7752726608817368e-06 3.1360481395987336e-12 -0.3169727678765039 0.08407757246933242 -0.3762495662178508 8.648658833647992e-21 2.887674504021965e-44 -5.467359683137116e-07 1.5802231428456152e-06 0.18717673198471166
3 5 8.1529600197805e-32 2.5699726459590194e-45 -2.84815135715289e-06 -1.763104665181427e-05 0.014956469049865034 -0.21652170622634553 9.013200228679208e-11 0.2295668664214164 -0.21675921308998022 -8.164694725507696e-06 0.23651880601771041 -7.914329220301358e-07 4.679827804319095e-45 0.0702166972833133 0.13711189487482991 0.27343011829789277 -5.070372330160508e-07 -1.777191455647077e-05 -7.18688419105563e-15 -5.321936947176981e-07 -0.3915858585663977
3 5 0.528659287227904 -1.4648966484793676e-21 -8.739135924010585e-12 -1.0765293988438445e-08 -0.4227256755753641 0.2870485913921838 -0.0005308608993657191 -0.30238199462791954 0.13169920943131055 9.912986287194288e-11 0.3719649410489921 4.574491572239923e-08 2.3094223724238685e-05 -0.24669567193561495 0.0656183750278532 0.08507413694094108 -2.3390321586243146e-07 -4.071138812734316e-09 -8.262539900040047e-07 -6.621034331504419e-17 0.1517589127883385
3 5 -2.1134330355321648e-14 9.979694940382646e-07 7.860574718112708e-14 6.768869703674371e-39 3.1291802473961863e-45 -7.026230610021056e-32 -2.6650187089914127e-07 1.1269163655979362e-17 -1.4917337354978435e-06 9.332474313211186e-06 8.578794530502746e-08 5.838885970004073e-18 8.070448906385607e-37 -2.2422238776264056e-15 -3.1039609958254147e-09 -1.7681821100094264e-05 2.5844950514048106e-39 -2.0565843457240897e-05 -1.495905603393925e-27 -8.147180341222285e-36 -0.08583890502923225
3 5 3.1781157420719746e-29 2.1155828571329933e-11 7.518849737547238e-44 2.98544969093429e-10 1.047369254460649e-08 5.129367638498573e-07 -1.1082233086942168e-11 -1.4573085706532343e-09 1.2887846581422468e-43 -1.0290036552635647e-09 2.995610241587845e-06 1.2835450530280399e-13 -4.215145304672031e-06 -2.117444739630634e-07 9.571219472878665e-07 -3.274329543838932e-05 1.9343968767016713e-08 4.625671798597695e-44 1.3641684152433718e-27 -1.6833574688493845e-06 -0.3238596463907959
3 5 0.7095900431994389 -2.1837827589680276e-39 3.1649901123373352e-43 8.72280193197452e-13 0.22394750301084856 0.05322795829123809 1.4770333804340827e-05 -0.377771689823087 0.013276953164776605 6.017267671763375e-40 0.44693432080348333 1.518818972686893e-09 4.887838891209751e-29 0.28290277501781075 -0.31547735606517924 0.1478515484432439 3.652589738759388e-29 6.805595874346513e-46 3.228233640783395e-08 7.929154130408716e-22 0.2671359077816786
3 5 0.08848187039490797 -7.262419985122534e-09 1.1992741131728232e-42 9.763879430804718e-05 -0.51255876024645 0.5706661147454458 -0.012248010431831872 -0.6396030356005982 -0.04907194004510236 9.444247157891245e-09 0.20251643270438874 5.601424167352169e-07 -6.3025870614071235e-09 0.09749614766454592 -0.5973468557571076 0.4301172761791387 -1.5298656063537887e-12 -6.90333234696759e-06 4.01232471011216e-38 -4.5403480642350215e-18 -0.0710413542151809
3 6 -0.0004952109663056385 -0.26991148095630185 0.4853891527309952 0.16269707189766555 0.646392495670395 -1.393317661244899e-13 0.4810897669189073 0.2012588887817447 -0.14207619799111193 -0.21069819505029488 0.47329118647058904 0.002441589399421919 -0.3038541404762546 0.9491384402814841 -0.11912128734347595 0.21079971226528588 0.0007136613829010976 -7.692521402523301e-36 0.11379823565070736 0.6711963061706699 -0.06710302031766989
