Number of NNs: 1
NN configuration 1: 2 50 50 1
NN Layer Weights Bias
1 2 0.13659186047815963 -0.14801478094302978 0.36648670603886246
1 2 0.3119318401609549 0.07723682236825441 0.20566224205896952
1 2 -0.33782089783473646 -0.014522296337527864 0.35461137665295545
1 2 0.31327624115223324 -0.37658967870002025 0.3653888034162222
1 2 -0.6260470379200814 -1.3807420931036096 0.18315646551939171
1 2 0.07133542413936093 -0.2994910326443503 0.32845485442545225
1 2 -4.802094039152328e-79 -4.4132548090623894e-66 -0.30612743703353873
1 2 0.04296197291812121 0.5050311565804851 -0.003315150491373452
1 2 -2.3040770841821057e-78 -2.4060657113973423e-58 -0.24648025379023814
1 2 -0.003207083718978404 -0.760216082164721 0.266414099752115
1 2 0.06501395211010204 0.31121902144097596 0.2690476884525951
1 2 -3.522476665391167e-19 -1.6565710670190598e-65 -0.22372187200357208
1 2 1.176687260298047e-69 -1.4956023736839377e-18 -0.22379993973399642
1 2 -7.038879879020841e-47 1.7766983205079389e-65 -0.31189977531663216
1 2 -0.18035185916693464 0.507997666225604 0.22265052936440563
1 2 0.22494165737606844 -0.7591737508690557 -0.09105662787177579
1 2 -3.4495721936106567e-50 -7.2112517323999555e-68 -0.16470724645021345
1 2 -1.153373357101915e-18 -9.999387256264965e-68 -0.14448884985228333
1 2 -0.26371968955882785 0.3916934410600619 -0.303731339216116
1 2 -0.2000099068934255 0.36788547461333404 -0.09706995502204024
1 2 0.04158131513313348 0.3341785498711374 0.23313209554929445
1 2 0.24213492992943836 0.2038234632257012 0.10070058667240808
1 2 -0.39730820937231237 0.02372993028184046 0.21384133389404206
1 2 0.2095205353019745 -0.34763508530672355 0.3009246738170003
1 2 0.4694442668082769 -0.6378499496728711 -0.2766456604348813
1 2 0.3005154802412627 0.43008840111758406 -0.006059596669244599
1 2 4.009602997237785e-44 -2.9618542029586826e-60 -0.3236312779338805
1 2 0.2909962007877328 0.24958380523045992 -0.09874617857081551
1 2 -9.113769319431714e-58 1.3602189806321946e-76 -0.1476574176315677
1 2 -0.27994359868286584 0.4152751048816382 -0.27914792407654665
1 2 -6.948078796523663e-41 2.2431407696487447e-19 -0.3329209626241871
1 2 2.6204230053409317e-33 1.2152585025741303e-79 -0.16670636395848756
1 2 -0.13868537013894572 0.28746708248230574 0.08883314138500945
1 2 0.2607325653642668 -0.732625124562048 -0.15660249422888345
1 2 -0.18970983410639122 0.17928992046486625 0.00925691494674062
1 2 0.005025848738274012 0.16279715768734956 0.04918616159112593
1 2 -2.956162296337189e-22 8.892916318877088e-47 -0.1760815307173208
1 2 -0.019174360488547922 0.3625261093492881 -0.28644870097169484
1 2 -0.006061413173848695 -0.6746791812101217 0.14014022707312268
1 2 -3.6119508316832417e-78 -1.5002622546443066e-72 -0.16729730937324191
1 2 -0.0013801339050242764 -0.2104286325680573 0.3131699877731369
1 2 0.24444506620462542 0.3387487949367326 -0.10956927477847016
1 2 -0.03400324183564857 -0.3094256135127827 0.35425743116333885
1 2 1.3699847384293342e-35 7.607838796222959e-49 -0.32432756094607246
1 2 0.5075540351172845 -0.03474154332645976 -0.16053959027604267
1 2 -0.305650439035921 -0.0599440089851027 0.36805002287373784
1 2 -7.289375894595193e-61 -2.2655709201293193e-68 -0.21710975512877245
1 2 0.30929521878084665 -0.053893720049523884 0.18978489654412306
1 2 -0.26817032714685524 0.016954969425577258 0.2521428755473684
1 2 -0.12137570305594916 0.10225110355490831 0.27573059504425795
1 3 0.2070986817120595 -0.012606776724157219 0.22668618892244824 0.07612733995187941 -0.438335779677758 0.14273258973746086 -3.3863406644778895e-76 0.1751557566385714 -1.5074128237013601e-34 -0.1504885485742204 -0.006022383824961414 -3.861306405318976e-38 9.575654013497567e-36 4.2752059375562205e-54 0.025613406557799857 -0.1161049063920979 2.046806839273752e-55 -3.3715942400358503e-49 -0.39512204716287663 -0.16564300176199487 -0.20011929374935855 0.15014160700886403 -0.3596520740303491 -0.06995446039187414 -0.19100540740705144 0.14366788344916356 -2.1797678868783063e-71 -0.15114577138332674 1.7295839003447514e-36 -0.38684402062427675 -6.274498027143861e-35 8.772083925679475e-43 0.22810205971714587 -0.35618100010405573 0.3183589679240233 -0.004300067162240297 -1.0467459585738569e-70 -0.3254149043910172 -0.20010748294362976 2.223640593352929e-65 0.22195796162183945 0.12108530123432579 0.1524795391235827 -9.45971665143706e-44 -0.020467700618497245 -0.05456227130797362 1.13381553698887e-28 -0.07281587226897167 0.25372007451700784 0.17370744098582996 0.050392071964157556
1 3 3.601136298188088e-58 1.733550428327256e-49 5.858446931462401e-73 -1.3634901773981368e-71 1.1886755970277402e-32 1.7079197427515084e-31 -1.5413086829330458e-40 -7.265331521435054e-79 9.923427411125763e-66 -2.6881125821015803e-53 -3.8933494257567967e-38 1.089167798095568e-46 7.80035582254507e-36 3.9972316534659645e-77 1.1902738265253534e-44 9.567116337152364e-33 -2.6907481247707976e-56 -7.771308349030832e-30 -4.702256770937703e-40 5.924505203487042e-33 -4.438924989482363e-72 -6.702721389900838e-30 -2.0751008150705145e-43 2.683000107281191e-47 -3.648558748938259e-53 -7.502503112334816e-29 8.115528213902304e-47 -1.4066532694594498e-70 1.099093120047857e-78 -9.23346787812207e-77 -1.7385339773125054e-30 -8.536940597645269e-82 -1.99380880753184e-30 1.1877852115925589e-73 -2.687854539826541e-36 2.2589360890220407e-47 1.3072391808745146e-57 1.8571257834453645e-47 -2.2920683374199688e-30 7.425976373478943e-69 -2.66346932001645e-33 -1.498274639081295e-66 7.066902625419009e-50 -1.0005733955015479e-62 -1.8341911566585212e-47 -1.1101280692505922e-75 3.935820680578081e-38 2.480666091033232e-61 2.2368124671487797e-56 -1.8111853909302433e-27 -0.10545871481506702
1 3 -0.09304235237430047 -0.13734838732340782 0.0723948368511584 -0.0956595203616595 8.352993584641969e-46 -0.024525990241050535 -3.7082906387368855e-53 -0.06059569264652976 1.3895496621709127e-69 2.5841866554627956e-32 0.031211522287474043 1.551080632355814e-77 4.555590927547476e-69 -1.9391869791177294e-66 0.12112121976458899 6.561193221725065e-11 -8.47230547064693e-53 8.106273429331974e-50 0.18564430466406787 -0.14180101777437254 -0.053494077485657925 -0.004415937125245457 -0.008051237557317893 0.210254270186459 -1.6747497946875298e-47 0.03595184443467091 7.236169779352502e-63 0.10019118803778332 -2.9566265380716445e-67 -0.028879718915927093 3.0044314374886668e-61 1.0140470315693297e-30 0.22760745468831128 4.257953449496073e-67 0.04822000733680492 -0.05157103944481652 -1.2188963805269862e-54 -0.045720370095470066 -0.023531617114502242 -1.9100511586560423e-47 0.18959168128182516 0.10980511458111136 0.028380839085313248 -3.696948572183448e-76 -0.0029242948009519476 -0.047531173423915815 -6.765216542347226e-33 0.02730831453548144 -0.2070254833521502 -0.05927324451562792 -0.10791029554199333
1 3 2.0736273825061425e-73 -2.6319998032874668e-79 -1.096846372099754e-30 -1.3808039062030797e-35 3.4797894000007115e-59 7.289047402565414e-28 3.2398623400291154e-59 -3.1838180033638755e-70 -1.8102686732449437e-53 -8.314712490495831e-80 -2.576340951469086e-57 -2.034752657096209e-27 -2.4514847331188006e-71 7.986309448197966e-71 -6.790653358934437e-55 -3.0052257235544192e-59 3.088057336694594e-50 2.8204668210613315e-74 1.691991660969515e-32 1.9701203722999946e-44 3.522927882857032e-38 2.0018967176399643e-32 1.2978462381884227e-34 -2.808890960420974e-50 -3.3335240185021988e-56 2.6764850631547177e-80 -8.265246550102176e-67 -4.339921297252054e-33 -7.716747379377265e-70 2.4610781028361073e-55 -4.054557140234775e-48 -5.728383694812982e-69 -4.279666381261951e-71 5.588116767822515e-63 1.1383462790234255e-40 8.846382989578337e-51 2.279754741371808e-50 7.016316005067822e-49 5.720124443268255e-46 3.360472186056996e-44 -7.653152425607536e-82 1.1233380385727206e-69 -1.954134339649032e-77 -4.589594553611771e-80 1.4332306168658856e-73 -4.906730199156732e-34 -4.132871241476376e-69 1.3291124905195937e-80 5.797919492789854e-78 1.603243363797467e-69 -0.010972304011212547
1 3 -0.17827504857081555 0.016319608271131738 0.0018303352744093934 0.021300603980641302 -0.5389653380493175 -0.09320805026743446 -1.2074935027491735e-28 -0.12731396503203696 1.6111788965044063e-74 0.020355953984226044 0.17022108951629336 -2.5367641691373536e-61 3.4678456722760322e-74 4.4987515667543475e-79 0.22624482714008287 -0.0021552015851925873 -8.675196643972671e-82 2.8020681952093337e-34 -0.44208607152124824 -0.2222663834737854 0.1475661859300058 0.22188133539122104 -0.21924835443825674 -0.21798693798869295 -0.2948894554678781 -0.08764157234996586 1.541497493352019e-51 0.21980832238004352 -3.004948208020786e-56 -0.15447118742820512 1.0182526443619907e-67 4.4959559414247797e-82 0.10200599046235921 -0.2950606990920298 0.020159519673962307 -0.053838164498035246 -2.929746443846314e-59 -0.31419024467939305 -0.28381939655637345 3.230573690708593e-67 -0.11902166361099091 -0.11873745749613375 0.1384783037788658 -1.9060410469691504e-47 -0.15961035047162253 -0.1951709537704786 -1.2640286816143635e-80 0.045582716706192024 0.264485443200876 0.18381685386364824 0.15204874288788117
1 3 0.17221009237876767 0.06017825690469297 -0.1708298044771879 -0.013193093039169573 -2.6707588972582192e-05 0.16546373215491925 2.8101298486112815e-55 0.028385849758288263 9.9638809266672e-71 -0.43887138881376947 -0.06699494075256338 -4.573342945552115e-62 -4.508807571276455e-57 4.481863448869535e-79 0.006565789940533644 0.36480187175079387 -1.8336903285473924e-75 3.9157756611601297e-66 0.6084556089239602 0.13347248329859213 0.2571077638257153 0.16492973875165207 -0.041791083002703955 -0.05430767886770452 0.40519314340488327 0.18691204171724513 -4.372631112085985e-54 0.06401247887041059 -6.04846539425333e-76 0.3995135702055632 -4.760596030961489e-59 -4.135986827780758e-71 0.271861124038457 0.556081276667306 0.011689673518172435 -0.1720470972213944 -1.5408821943034631e-72 0.2367385768373427 -0.08138707673215714 -9.887601153444942e-66 0.06628815473017188 0.07908456732474194 0.1064311271000301 -1.6114958251623984e-63 0.2498775844848487 -0.21092693894208447 -7.057150307170383e-70 0.013121620427677168 -0.2808108841928653 0.2028619454957921 -0.15092803978577968
1 3 -2.0152040980397934e-70 3.3063432405912754e-46 5.67055362706374e-79 5.893690111184435e-46 -2.3012043472093137e-79 -3.033886788172755e-80 2.6324323535010576e-41 -5.192988814206704e-77 -1.637392053114322e-63 3.661039583161774e-73 5.851355975232825e-29 4.737448135999423e-65 -2.3211907958190134e-40 3.118699894615399e-64 -1.857657546256486e-28 -1.3037836340721315e-47 1.0964297547813547e-70 -1.121894080884192e-51 -1.8041768049090196e-74 5.349815456714249e-69 3.629567973224524e-69 4.6472874846598425e-62 -2.6461200054595497e-28 7.646683693309718e-77 -3.835067727638714e-62 -4.43549818624463e-67 2.2340773240301243e-71 3.3357972452415296e-28 3.8855302464822456e-67 -1.0544333351089177e-38 7.561076372934537e-70 1.5761282852847925e-54 7.608064766693232e-73 3.496556272600465e-68 3.032639377907028e-79 1.7491185589001088e-75 5.8050429096767625e-68 -7.353823426506358e-44 9.949073171062495e-81 -4.782437958630205e-66 1.5463132772314059e-55 -8.875282510253583e-29 1.2497974744162635e-55 2.8704795549530334e-30 1.3578065993637492e-69 1.69499323116236e-56 2.036903403980637e-49 -3.7833365418459144e-32 -9.914420238127007e-66 2.7247314758830512e-64 -0.08233164715716404
1 3 1.0427990529891696e-28 2.470558804368103e-68 -2.976628014036695e-29 -8.578317336453721e-74 5.514570143891437e-54 -3.981812740870426e-55 5.1911728795394125e-54 1.6284590942996602e-69 4.681864233072632e-44 -8.956289684020285e-76 -9.633429838838007e-73 -3.2207248939434835e-50 -5.376440263122527e-46 -8.681744220944832e-80 -1.2210569472757691e-71 -7.595432556747396e-59 -9.027320780304626e-80 -6.582876936080883e-32 -4.22658979368377e-71 -1.4694280569174505e-38 2.1365187859910924e-77 -2.1750907911762446e-61 -2.1080046765170122e-77 -4.419071072657711e-51 3.174235721498328e-51 4.233482468799928e-71 -1.225877793428268e-78 2.6313132816622013e-56 6.075742399196821e-55 -9.267649617066954e-60 4.6442040158400966e-80 -9.477271577102907e-44 1.4772633366168248e-51 -2.0724219797783616e-42 7.9433934201548e-52 -1.905471302845685e-68 -2.887682969132502e-48 -3.985287919098183e-78 -4.009364851624677e-55 2.0884092851842432e-36 -2.9469298889165407e-46 1.4881505912449551e-60 2.0354444517721965e-59 6.921214741637517e-59 -7.457110513316503e-45 -1.6097571330454351e-32 -2.8651722335493317e-67 -6.576719918557792e-61 -5.668959011902424e-76 1.3537276802499868e-35 -0.1969001045990204
1 3 -1.610114317741718e-65 6.626134084962832e-66 1.0110596062440012e-67 3.695013862170321e-73 3.0551603606903245e-60 -6.953954337943588e-66 1.5084989107917392e-64 -3.371153475315663e-44 1.012524972231491e-76 2.0013474358993413e-67 -2.037601795277547e-78 3.899712946752579e-77 -3.9746929495947064e-67 -7.543082654442334e-81 -4.393942177675615e-53 3.3155841208794746e-43 -7.622533945138256e-76 -5.4527798095257245e-43 -1.923579089789608e-74 -3.6922232847136713e-38 7.023267249568277e-41 8.14744446098379e-75 6.2553998380802424e-74 -1.5004933445894957e-30 -1.8751621457766747e-47 1.5271612031880032e-76 -1.4575589380524222e-32 -1.275325386985329e-35 4.875486534371798e-37 3.0122387834613907e-44 -3.6352455042805644e-38 -1.1105896959625114e-77 1.850068292794672e-38 3.878571955663152e-70 3.628306090356323e-38 7.46782621058602e-46 7.652908219802554e-47 4.6636370766515505e-36 -5.3350830398940446e-70 -3.810232240613857e-28 1.7982468055850307e-66 2.6123562507666706e-36 -1.148040313235865e-72 -4.115830840516474e-55 4.2333715228054345e-71 -3.341202684202815e-31 -3.1037009123053466e-74 3.812891186648258e-60 5.2094423348831086e-51 -2.162163708692217e-49 -0.11358253782216607
1 3 -0.2419879470560275 0.16211073439473567 -0.545710604384863 -0.03713564027579219 3.6190767772365174e-65 -0.016510289778502694 -1.0622593916749365e-64 0.041450312001748986 8.45963693414082e-53 0.916110324624006 0.1150663984568146 -1.5589090336249406e-68 -1.3059813232203993e-70 1.2030425341824204e-68 0.19789367311164352 0.8261570098292458 3.262981534186088e-50 -2.4649892271214664e-42 -0.13163288010391824 0.3886268176288199 -0.1564216493480171 -0.020834761468385362 -1.0717963455052922e-10 -0.08061310554139463 0.42680399155163545 0.20548542638459985 2.8661595075870844e-49 0.23819392386102162 8.931933130751831e-60 2.3485902769537974e-06 -8.543440381935223e-80 1.7912566705605596e-36 -0.10689576180541961 0.6807617486490747 -0.2040764384489165 0.17044411972654505 -1.8046143963009629e-68 0.9886173282514406 0.5445731433692321 -6.5198251138125755e-77 -0.07537640581083507 0.22564191100595435 -0.3071608067076044 -4.522679633971745e-74 0.2183891485163023 -0.8137334493809371 -1.1495836975937204e-51 -0.04580386942229423 -0.2340724600975933 -0.09336550339330331 -0.263253706245705
1 3 3.1827555821462086e-34 2.957573787849025e-49 2.279242400508281e-38 2.840722123837187e-63 -2.7589771784110306e-76 2.915881038141909e-46 -1.647052684032842e-62 -1.051392121023002e-77 1.577049978839355e-57 -2.2929538219521325e-64 1.4424943416261564e-57 -3.423507776788005e-80 -3.5804695257407805e-78 8.52094441431669e-70 9.811984161568248e-63 -1.608436249628979e-75 1.2028787393288534e-50 -6.81878113404777e-30 -5.685042431858041e-54 1.6435876859280298e-41 2.1564083942650427e-77 6.961839997884604e-52 7.281110702963038e-49 -2.2354846616694824e-38 3.314797093155971e-56 3.7849223175606573e-78 1.563298873058774e-42 -2.018689519945036e-32 1.0227261590774359e-67 -3.7655818202522744e-51 3.9943578228591075e-55 -3.967899343036044e-72 -4.2736815884494e-53 -2.3312945318147427e-60 -3.67300161268443e-44 1.4960951687277618e-79 1.5984446658654155e-32 1.6949377258952102e-69 8.179939345448059e-53 -9.797488016001024e-36 3.251745851391197e-51 1.3931601339845545e-70 -5.64788771807846e-37 8.212211321887739e-46 5.136750989230368e-69 3.9528423300223335e-41 1.3846316147791724e-63 7.609592858778467e-77 -1.916265868364124e-58 -1.186485756434874e-78 -0.16589733986353228
1 3 -0.22764789882190534 0.05299318989302053 0.2544809132195655 -0.10904869680209502 0.5014900754950329 -0.1454296120335246 -3.0655898422372856e-56 -0.6346535460551842 -5.580998143871299e-49 0.46079392976241684 -0.1100304794131009 2.6018060152616764e-64 1.5872565873742305e-37 6.31489626345404e-57 -0.1348081242580037 -0.03623170921070032 2.8521287810869916e-30 -9.337478883994866e-29 -1.238157726359743e-11 -0.3611402335882367 -0.2348466951727887 -0.17633140725431304 0.11956896006819247 -0.1640675784261697 -6.858698121728528e-36 -0.8867388245817452 1.3435917312767718e-78 -0.352413911737807 2.286366833811996e-80 1.0269019613238701e-51 2.8044665000651485e-64 1.6011573509408662e-72 -0.17920426660100325 -3.7496181552920824e-05 -0.6149698039131677 0.0857664574039485 -1.92266364185233e-39 -9.06316949993548e-05 0.38449755674970904 -1.551396988738072e-39 -0.10513286681113203 -0.06634776846003422 0.31734883948098963 6.748495730389818e-29 -0.3223974263849265 0.3007597824699623 2.3809598981274194e-50 -0.09119688402813068 0.07051816398722507 -0.1904788214977647 0.2238431897077438
1 3 -0.013629739806345695 0.18631508429694074 -0.9717933544946677 -0.0801426555013585 0.0013190802870159768 -0.36992571171691 -1.0908886837097725e-33 0.011206593569111554 -1.0640742004866853e-60 0.8628662858216296 -0.017568019386762716 -6.270349039753689e-51 2.8941595282486225e-78 2.0412193936134437e-32 -0.08306687670723087 0.8408495455852957 1.0654405539731265e-57 -2.129703732829985e-80 -0.0024906898446399074 0.7401299272194746 0.04119790294721337 0.08564075011193376 -4.903003257375812e-49 -0.18610059872535958 0.5340494452656106 0.2037660937747184 5.0735174903695835e-39 -0.07722552644872999 -6.927944249325096e-61 1.6294289803292958e-47 1.2610067001740802e-36 -6.924363089383946e-39 -0.022213752679800348 0.8607979479370973 -0.2926268338697999 0.10479009263826455 3.9280047172152055e-38 0.7353927597992659 0.6927345478961594 -5.473412800487012e-50 -0.3376047085358851 0.20332164568312586 -0.5067231956905475 9.149832864080452e-68 0.3291457590610402 -1.1870944630057654 -1.4562441139550235e-74 0.0722295279553334 -0.650345346042007 -0.023066931309275982 -0.22565586114283057
1 3 -2.465428287028299e-74 3.732892711664506e-76 -7.520953966912327e-79 -2.0788224903427317e-69 7.766135728407602e-80 -3.9258555415592433e-51 -6.076273134095858e-66 -2.2815897520529353e-50 2.818693779943282e-75 -8.412636880750266e-33 -2.4237674912482887e-70 1.3912590460794893e-69 -3.6098402901229024e-72 1.6918809821466222e-69 -4.4527328987379256e-73 -7.396311571995766e-64 2.3667393672634478e-79 8.474699301799957e-39 7.763306551602551e-29 3.7845007723721205e-78 -2.3738605619234652e-57 1.9650961086344765e-47 1.253537870045934e-63 2.2427418320493375e-38 2.797548790007749e-58 1.7978613159927114e-29 3.7628579854865855e-36 1.3033690669864016e-32 -2.281558249116728e-50 2.1677245256518033e-36 3.309477526282433e-69 2.7498520580333144e-60 -2.890751648338393e-50 2.89354968763684e-56 -1.6371404118774333e-50 3.2524166182390094e-31 -4.8314413940085426e-57 1.4133536413147523e-42 -1.8860303518304476e-77 1.8280453039194938e-68 8.238842228615185e-33 -9.103928869192995e-30 3.2451297106606556e-46 -1.281008879289718e-42 2.0067105617959382e-64 2.8331291112198378e-58 1.7150869542919107e-75 5.424624912520851e-70 -1.893660450322011e-72 -3.920852142071614e-38 -0.08022187732702454
1 3 0.11761922196372065 0.07474870894829173 0.11466178123127826 0.011777234900654202 0.46484718887061277 0.1195293047517595 -9.530386393739783e-68 -0.35267368298827456 8.964913860434699e-41 0.2431835848509443 -0.3190566430406718 9.575883020280045e-73 4.5887245251211244e-65 -9.619606242524113e-61 -0.22218088713837514 0.39220166091907227 5.297647452638085e-41 1.3930755208733598e-47 5.974999888275421e-48 -0.2418011417504441 -0.0867156502965893 -0.205334824170748 0.5314329764043025 0.010862653666926937 0.6939679435930297 -0.12200841862776007 2.8981550515579183e-58 -0.08833546239557254 -1.5548762342250846e-32 -9.76564743423363e-67 -4.135725158760704e-70 1.4840591029709518e-63 0.08162193654185547 0.43489599176880284 -0.22696438126299717 -0.15464054704294114 1.1221611125006356e-71 -0.0003450755074557024 0.2704309433894184 -1.745403484002431e-60 0.1918436993196781 -0.0854799775605713 0.03405923758314928 3.585337736756925e-41 0.039536952372630926 -0.08757455073162745 -9.319719832795071e-29 0.10463300465743604 0.050727996517506035 -0.2953478515328692 -0.14148988804624066
1 3 -0.17364018015309585 0.218928647683172 -0.033589846773449124 0.11460664733282305 0.12937430186174922 0.21957776656256625 -5.934362862515066e-72 -0.05683607594158536 2.8935357370516893e-36 0.0847260547430943 -0.10877120954439087 -5.079764138482925e-31 -1.398191596460427e-68 -1.9680917622430255e-74 0.1576044977258033 -0.17666403910457035 1.2528792667446752e-75 3.804255141282295e-77 2.6503695645004723e-64 -0.2819258936923957 -0.11764342694663592 0.004371106081806824 -0.45439728859459144 0.26602450879565376 -0.4934922940201613 -0.10373067662791048 -1.4393637574868346e-69 -0.03475422206625496 2.6854085091100807e-31 -2.506336061235013e-71 3.1734325144547106e-46 5.281662094792452e-36 -0.2001277125560106 -0.5986200951776498 0.34789014250762357 -0.09170555227282788 -1.4236729792686277e-36 -0.6115416553313291 0.3341758210414592 -1.880524286545182e-60 0.07866746895772816 0.09146228278740466 -0.19880480297474398 6.153818716795425e-33 0.014141976298534304 -0.33360911519769815 -1.816741112235463e-74 0.10066734299498942 -0.19256953154351258 0.0022229111474856254 0.06151307103765206
1 3 -1.5967928532477506e-63 -8.836102775883936e-41 -2.7944625512849473e-42 1.0419293726646878e-35 -6.042002385820314e-46 7.89921436037693e-49 -1.5523964634289805e-55 -1.1545654309429352e-78 1.660699052456749e-32 -3.842636969897075e-30 8.238714807089686e-46 -4.651589766789207e-43 -6.638927516500966e-76 -2.9301366080820194e-41 2.2013733038520556e-78 -1.1131374965827992e-75 1.1824971909413901e-51 -9.867217121514883e-40 4.9776464691350954e-73 5.668692133056952e-54 -5.019565112411481e-81 4.945673502298588e-76 -4.0170147081953576e-44 2.2003020611180035e-76 7.74640292563154e-46 3.119018408454683e-38 1.6190045505588798e-72 2.7707945508116283e-77 3.599451611714105e-38 2.459955249597036e-75 1.957167455403306e-59 1.0082208570428887e-60 1.0820738714413716e-35 1.6882871955315795e-41 1.2208984971589585e-30 1.2746777950836156e-68 2.1329341985420855e-73 -1.2340534858819964e-76 -2.6018259830215995e-45 -4.204050605785376e-28 5.208011964058954e-65 9.959084469632999e-47 -1.3984152850318556e-45 3.3132958835499044e-78 8.481831831867722e-63 -3.6485902400684136e-68 2.688686155138046e-71 2.4302714523970863e-50 2.5516425507515797e-50 -1.5914921186945517e-72 -0.20569910917804904
1 3 -0.3164063441663758 -0.1368983942823088 -0.295612894012453 -0.2764679446945075 3.018503623010838e-49 -0.5493007014887834 2.739226820310179e-50 0.041970690782143424 6.07848821930888e-39 -1.613322341499703e-67 0.032651182874881224 -1.0013510037700058e-52 3.049772521155119e-50 1.7670926927295187e-54 0.2134049951116852 4.1600767382941843e-07 9.387363188385686e-41 -6.293767053861278e-78 0.7734438746966543 0.1510348428474399 0.11870089197511811 0.23758990263951477 0.4620180711517656 -0.09030673755265994 -0.000307298474393432 0.17444061559638074 -1.977655118414638e-36 0.24907537845657282 -3.783695283132267e-31 0.8479938574650913 -3.0712474474727763e-60 3.1917639017905566e-72 -0.013491791246537212 3.0101126139049647e-25 0.0796083640081057 0.22953538220416075 9.380705852683055e-41 0.30946778094908023 -0.007845605527699367 2.006614530356075e-66 -0.19479800968971223 -0.1346302246433571 -0.48347007577172063 2.2924516940930296e-56 0.4587266081800034 -0.4502767441937962 -8.241092984260707e-74 -0.21857575786333913 -0.21618217418596047 -0.1548950176921091 -0.13727902682594106
1 3 -0.03598244377340455 0.04289644175765535 7.071536044980405e-44 0.081416632808176 5.815205797435108e-73 0.04830897224492395 3.1599746800189876e-74 -1.8060309115609255e-15 -7.855519179537196e-70 -1.119917428383978e-05 0.07383278612336727 -8.692220892698241e-80 -2.0422011733757575e-32 2.0549805682215704e-57 -0.0012965037258990306 0.000605935458452979 9.044598611112691e-66 -1.3374248718639325e-44 1.583698984334181e-47 1.447107793456135e-79 0.013069571549709351 -0.09127097694025176 -9.873915453367843e-80 0.06295225683655746 4.2726544488701674e-07 -0.007333493477565216 -1.4308183779323816e-72 0.01987338579387961 -2.1411944763045373e-62 -1.3186216090715896e-70 -1.1134117415705841e-50 7.199530527285513e-53 -7.180101559692342e-36 -2.5430724795246356e-11 -2.2352307324601865e-47 -0.024641433707206957 4.877093596211683e-69 -4.6160580489781675e-33 -0.004650157614140131 6.235054719948817e-69 -0.09223470606523906 0.0012104977939527354 0.06314977059729295 -1.2271011544942499e-52 -0.09868679515156903 6.741383652416109e-42 -7.197748810663085e-79 -0.000333826796679354 -1.085544272226884e-52 -6.528477903543613e-05 -0.1070702518576109
1 3 1.6590896924660915e-77 -1.702656393467135e-28 -6.577048178574514e-42 4.540619897313428e-80 -1.5198553798476718e-79 -2.86872171449785e-79 5.905228663187943e-61 -2.7310199362142687e-46 -2.1237207007257672e-52 -2.3315470926172056e-38 -8.947905219193094e-30 3.076031892142483e-82 1.3785985819382816e-69 4.034421069193095e-79 2.96739064866666e-59 3.201183101265178e-67 -4.2895290527819304e-41 -3.453138044988537e-49 8.578659167121567e-82 2.9748291520166283e-40 8.14757827507709e-80 3.9116146582835015e-38 3.37876909412968e-28 5.851856759230628e-76 3.6565647951220777e-41 -5.795173112053214e-29 -7.505053632114174e-53 2.336467476599352e-38 3.2249888021553837e-44 -5.903173744478046e-35 2.261760522341035e-64 -7.69576210872019e-77 9.143344612144462e-76 2.734712467154986e-38 -1.7631249073862762e-44 -3.3129663156028825e-38 5.21333456663393e-71 -7.039215367510845e-71 -8.498858734845065e-39 3.0555301708825514e-57 -1.5090268348406119e-56 1.4684357751018182e-76 -1.1305123740094224e-55 -3.550134729533671e-78 -8.739283449850436e-80 -4.100556959326513e-33 -7.667423198566205e-77 -9.502566497602074e-71 1.144108060681166e-31 -9.260651836304718e-50 -0.13382828294872007
1 3 -5.5896568394242444e-67 2.4364979113321895e-68 1.234934520885097e-27 5.202772963687835e-73 -2.825756957542033e-59 -6.026502431478653e-72 -9.784585436363858e-30 1.2226084558906246e-71 -1.0640270944435662e-76 -2.1490743194176538e-78 -3.78164494197624e-30 -2.171726254792523e-76 -9.579460861592558e-80 -2.6627149454096553e-28 -3.3220069685101564e-30 -2.2412418247911934e-78 -9.942272914400981e-64 -3.813005785205228e-71 1.7139193937992163e-32 5.017424468263283e-68 1.019438716455808e-62 2.784443914711283e-75 2.509917553447341e-42 -3.6070984125695e-55 2.1898766562785643e-44 3.9855741445599256e-46 4.889895146561057e-65 -2.5011257327938738e-64 -3.786868492674166e-61 -1.276729571292223e-32 -9.48550354240316e-77 -7.106742488476622e-62 1.3247988171862269e-74 -1.6152338584852042e-28 -6.821761434601458e-36 7.373406630414769e-81 3.911966972356152e-39 1.5005149385949897e-76 -5.4643951911076e-37 -4.763219261053669e-54 -1.1844581685820123e-35 1.350895900105156e-66 1.026331288474554e-37 -4.758196974766023e-33 -2.5013586996018863e-75 -7.661977588168929e-41 2.7813215530799043e-69 1.1918415957259106e-60 -2.417977584215571e-75 1.4677928471593087e-78 -0.05951873050799822
1 3 -3.585509562206064e-55 -1.6535824176730422e-28 1.2298236848416545e-58 5.2848119212963264e-39 1.5205889463304233e-69 5.8074278253338855e-56 1.2479916511865871e-29 5.93389816202394e-71 2.711589935915428e-79 1.306889041234326e-74 2.9709917032770167e-55 -3.0693545931776595e-79 4.858824184924385e-78 4.3880238385222934e-79 1.2633940794040447e-76 2.3481009071445916e-71 1.8364413558818933e-79 9.588399178186003e-30 -2.167153510473245e-77 -1.9721100173462532e-47 -8.139264206934611e-53 -8.343550731532855e-39 -2.97209408998109e-50 2.5877745658922213e-76 -2.070366022759105e-62 -1.5844564873730114e-32 -3.959888306435167e-49 3.162179774597968e-50 1.3291282784111227e-67 -1.6709316386827738e-40 -4.11636768581282e-55 1.8109594239480567e-66 -1.7468494856928274e-40 -4.772082709908796e-31 2.983023076674472e-57 4.591291911767879e-49 3.439501732078285e-70 -4.355927202211695e-29 1.3673243111181635e-71 -2.4510601058813187e-40 1.126028918917944e-70 3.945926857136439e-38 -3.761484101423516e-29 1.6869877558233016e-32 4.3161715324044273e-42 2.003594575042532e-32 -3.4722771004933694e-38 -5.542395913352729e-66 1.5831847937831622e-36 -4.416304758136674e-58 -0.24086241900567903
1 3 0.2354830510916587 0.09289208553316176 -0.20877052622443906 0.09518667438203943 0.5943307052019824 0.02292874069128904 4.654384931275574e-74 -0.00012723456475291633 -5.680885817733985e-78 0.1542518708205871 -0.2236987549899146 -3.0705922887096735e-55 -8.005723377404645e-45 -2.1557869620200593e-36 -0.10322089458962531 0.2650008133463216 2.14617691378807e-53 -1.6570320312790606e-39 0.4709154671717441 0.17771512487057733 0.2109229914963843 -0.15124786265463525 0.22942368739470698 -0.0073894473336171 0.45836460780825566 -0.02046359503838742 1.6244643899639e-44 0.12536728609320907 -1.866645451149545e-67 0.43665762850206863 -2.5744787104119517e-38 -2.0357722248719512e-78 0.07271655503966819 0.45195806119816995 -0.32275316678495264 0.2182124683107956 6.332070979874672e-66 0.027832749433840117 0.25184802013842816 -1.9376743186504968e-32 0.10516182191113922 0.23017780045316133 0.11198575410343814 -1.3858025605809785e-78 -0.11673068433642457 0.13223527692361856 -9.197963716236199e-78 0.10543969310903986 0.1979296676793343 -0.20930437578553945 0.1849931115738731
1 3 -0.12120160867784899 -0.09873501665308726 0.0007420666163086046 -0.03706895982998393 -0.1864680047805714 -0.14318447382108532 -6.785984787351996e-80 0.10653943120979736 4.7044907711428663e-54 0.0035313385392659077 0.02318824963331279 5.216980483018344e-67 -5.983066143390397e-39 9.022170813279373e-80 0.0571908648518927 -0.12594752740813478 -1.0851358196784942e-78 -1.028440805124503e-60 -0.47711889204175656 0.20575999231562447 0.20313404025926018 0.01302660378161318 -0.345546386970798 -0.12038471499095367 -0.2924885484034473 0.17493633908158435 -3.200917705804711e-38 -0.15665136029722507 4.901426017238141e-30 -0.30168016007429144 -9.40702463332023e-46 -1.929132818549831e-58 0.14385952666651824 -0.4925565511229871 -0.0025363498956782774 0.09397241016866922 -7.157793496126982e-33 -0.027258698984313438 -0.16648047758883958 -1.1364154215759769e-69 -0.10891349412972905 -0.07083019643830409 0.005183559318948457 -2.4515794367193197e-40 0.11756399292194468 0.2320788840830381 1.414020725845833e-53 0.08257457851353879 0.031016319512541538 0.05856322179388195 0.21879264769746978
1 3 -6.327438294273034e-75 -2.8906906390380108e-46 1.701265702826907e-71 -2.1733210543118706e-64 -1.2434891426781296e-32 2.1487635050279687e-53 -1.7361202540766e-32 4.438040584545572e-67 -4.084646915277469e-61 -1.59755127854823e-79 1.413005121122883e-50 3.168439975702164e-79 -1.2113260511567551e-31 1.3712408352536178e-75 -9.60109523660508e-70 -3.0005644227410545e-80 -1.2168579681082648e-71 4.281586662113168e-71 7.005259915062178e-43 4.1697426824987545e-47 9.146466797467617e-57 6.070740330375882e-28 -1.5803104052640986e-51 5.7840247176025225e-36 3.196338934281633e-55 1.666974614651037e-42 6.988770236922658e-44 -3.252186390113445e-50 -2.3423627417812745e-71 1.560401027545474e-51 2.900462261076517e-76 -7.13552230818356e-74 1.7001199293803466e-57 6.8758456513742405e-53 -3.2511396953612563e-29 -5.254845957932794e-54 2.3161048068245633e-66 -3.6063573722183135e-56 -2.6755123873471604e-57 -2.260298381824085e-80 -2.256401078781036e-65 -2.242634514208962e-55 8.697486370427215e-80 2.0706646386194007e-59 1.5770316366411474e-33 4.316088590671844e-71 1.138897401382763e-35 -2.2676021663206167e-37 6.772006681185299e-57 3.1779843168334825e-62 -0.20115904262176737
1 3 -0.20371079000691092 -0.20929266894457832 0.23302993199258432 0.08918627306236412 0.5038000391416095 -0.13529785795457905 1.5718607139649855e-72 0.10144595322049484 6.284135839176363e-53 0.1809139217294282 0.13965675215605838 -1.5109245173803503e-66 1.334964157756913e-71 -7.8908218134045135e-59 0.07731152137950253 -0.11778020573111396 2.3586883801382592e-79 2.1981629812170902e-50 0.5207482733983023 0.08148982143529986 -0.11767272026461134 -0.1419837442106478 0.1140080761051072 -0.03270279353989436 2.4632002011846797e-46 0.06922498275936712 6.258626634772831e-62 -0.06933075302068194 -1.4556007336028901e-78 0.2474935874551564 4.218110153759186e-39 -2.871568914759133e-73 0.21317211005989126 -0.0016346089601686825 -0.30441506820239705 0.11322643936836854 -3.066805367733331e-61 0.17987939156118246 0.37520389731495163 -9.003131098960454e-70 0.03923968126200597 0.1465507807351449 -0.12819555610424835 2.1742520173295323e-78 -0.051295580467591355 0.0372411597122415 3.259835182906281e-78 -0.10860212095664291 -0.016062495025356952 -0.22710777381045563 0.11729955299703902
1 3 0.21790332373281956 -0.16668147368470346 0.04796748617099178 0.1825711464847018 -0.28897490918164104 0.03892509162303029 3.9353853500873177e-44 0.24810159193983494 -3.432911954866274e-38 0.22079915402069503 -0.1689368191704977 1.920149528376646e-50 -1.2694161519872033e-69 -9.412871908429493e-41 0.19780806721724228 0.09559658038006105 -1.771246046279931e-40 -3.929138049345761e-30 -0.34148043261304145 0.10564658109425627 -0.19308703698156687 0.059445873704754945 -0.3877553099421878 -0.2155150174762723 -0.35277156485633343 -0.1309327754261537 1.666966055860045e-65 -0.11226450389160408 -3.401501683300338e-43 -0.28481550559449026 2.4481700504565913e-40 3.7848411806735726e-44 0.24044406250663014 0.007609817699703471 0.2581132805201531 0.18775073410926174 -4.195140973973863e-80 0.2623931355337211 0.19396776206003766 -9.51185963013466e-78 0.0892369845161084 -0.22255105316392845 -0.1945447712827077 1.1728257090037234e-40 -0.09779059259902129 0.13125949493959832 -2.621027398180393e-62 0.2173967205074359 0.16768817580117323 0.03657399198238527 -0.010942066463886327
1 3 0.18785166927608993 0.21381971786008422 -0.1320756360349883 0.13168040766876432 0.5322562687314762 -0.23037738368509633 -2.891060772760596e-46 -0.022986000252343892 1.0066720720851251e-50 0.19173854709373894 0.19984092647626306 2.3792070033007907e-44 3.377902123881132e-29 -1.4778254170855984e-35 -0.13783264234270007 0.2687967077358993 -9.186385211146238e-68 -1.5056119514143904e-27 0.36876785237566145 0.1257282196281492 0.10607179879768742 -0.11368382211278578 0.2237786368318847 -0.08476194825788898 0.358724830123133 0.2322334004192539 9.45731785521817e-77 0.25490934881677996 -1.966811535437476e-42 0.29563103673488134 7.510296495407198e-53 -4.0150357131489465e-66 -0.220066900162184 0.27590752481129893 -0.19475587486927598 -0.17661724806636486 -9.50716393949787e-74 0.027667372789912492 -0.07277266877865081 -2.159808626826059e-42 0.2251517819296316 -0.1540548829009217 -0.09001536258640903 -9.848432517120341e-77 0.1302582183430748 -0.20915137622160584 4.624201973895431e-72 0.16893379536221279 -0.15018670535641945 -0.008046805845622505 0.0710327115270452
1 3 1.296574000542237e-81 -3.2001019510058403e-50 -3.8441225931352403e-36 -3.215754646567462e-59 -2.9073090119734786e-50 3.333679290680482e-53 -3.071356328116664e-29 1.4758163422354888e-68 3.355663757852485e-33 7.59371748371437e-37 2.9480130598503896e-33 1.6221082075317705e-44 7.262752946728487e-64 -8.176901082326261e-63 1.3860661992834055e-71 3.244581778349371e-78 -1.2995432409713563e-75 -5.549969392144269e-33 -4.311646622859871e-52 1.2809965610927187e-35 5.3613420236709976e-45 4.725007898821503e-48 -2.792753465083463e-47 1.2502773376920253e-69 4.025402789797342e-65 -6.3520061165935416e-80 -4.236027831302365e-67 -9.797754952825612e-66 3.0080217038354044e-60 -7.247379056157485e-51 3.3619083651346656e-71 1.635447117014153e-69 -1.79536960045129e-32 -1.9037691699783556e-32 6.38437353146759e-62 -1.1543847402505318e-44 -1.851204700790929e-73 -5.464901464334904e-79 -1.0236943246611058e-62 -1.0934064638341915e-44 -2.2239315981793694e-57 2.1500757023902956e-79 2.517641315277222e-56 -1.9077025603980697e-50 4.285270078517183e-54 9.178032027866833e-29 1.5821609716450708e-68 4.292541128141296e-48 2.9975797720590856e-44 -1.16927935846568e-57 -0.12605892892006582
1 3 -0.09206205894331908 -0.06927272037835705 -0.0137847109774096 0.10852983232832832 0.6138754797215867 -0.10454269237751704 7.795916053474174e-49 -0.06904924466112901 4.532196368583227e-37 0.2204677259035972 -0.11120415914972347 4.159592343614581e-71 1.0620751752576069e-79 -1.7967717548966387e-32 -0.19846338146096343 0.37984438842443974 1.3529210400403708e-70 1.10385642075027e-53 -0.0006233132722725755 -0.03522082962443609 -0.22700783077769437 -0.10054593858692588 0.4206850378150871 0.08844780371671704 0.3633466291283644 -0.22375110709652204 3.8582046860957864e-54 0.1623326928970714 2.0408886929457566e-32 1.368273219915655e-47 3.731283429822588e-38 1.779938874209716e-47 0.026694320397843557 0.6824602621309902 -0.010643413078513065 -0.2559012999441828 -3.473386554990122e-38 -0.08301630988966739 0.2770952166166703 -1.2543359962721744e-35 0.14503617205373434 0.18463008249948343 0.18076330402325075 3.106657411810854e-79 0.07273875228257129 -0.09501421449511958 1.3132432681418606e-35 -0.15639244186828688 -0.036652815556045375 -0.12906798617885212 0.001457105535732568
1 3 -0.12841240054937617 0.2222139293236718 0.009310741731010309 0.2695908667299584 -2.0913845710090755e-80 0.08222225489530198 8.226758515129e-54 -0.11671214572291123 1.4475596061877797e-57 -0.2826518936553211 -0.09451205154288506 -4.0354268629182846e-51 -9.249202598553801e-82 -4.2886260505361197e-54 -0.05846699137645126 0.005032176254415532 -1.2876286331222804e-59 -3.410208881239397e-46 -0.02587023216317743 -0.40421380025360415 -0.019993508360230842 0.044400570092515274 -3.3700673185906855e-13 -0.05054254211450477 0.20992420330058842 0.1452108297078234 2.4693464671049867e-57 0.04742948229432523 -1.3355486706742287e-35 -1.3547589263802164e-71 1.8194044606471064e-32 -2.8952058815665444e-46 -0.21798656011794346 -0.14960061935331967 -0.010103547440281267 0.23119008497050592 3.0184753089534756e-37 -0.31856688796437405 -0.31551803729650263 4.530514130628124e-33 0.05500905172904246 0.22217666531011587 -0.07361589017373572 1.7955114962683937e-77 -0.20440000572087214 -0.08671652464156224 2.1565217353575077e-73 0.13204457296888406 0.20702544661918157 -0.19117153460097852 -0.1557348548265156
1 3 -2.316871413754938e-68 5.352244439379769e-69 -7.527852587031426e-34 -4.897256657309365e-28 -1.2136302010266515e-74 -6.563152783697201e-53 1.8410809525468928e-57 8.507821790508738e-33 -7.394151796850512e-80 -1.1080139808603555e-78 1.4315035457964409e-69 -3.7929148119088492e-78 -2.1194119473345396e-33 3.212088393379043e-31 -4.3396668354389635e-79 -1.372231659544388e-63 -1.782870847509913e-43 4.02984493900938e-77 -9.772956564353357e-72 -1.1362602274852034e-35 -1.8315039664859518e-55 6.128077791362633e-76 -2.749467512000575e-50 -1.4611209417596628e-51 8.534763628962028e-80 2.6954685562526395e-46 4.779161351961389e-54 1.5975422390370192e-72 2.691819051417246e-64 -1.3946549805255012e-50 1.2194879165967766e-51 -8.307276820721111e-48 -6.155079029736938e-76 -1.438876530748595e-77 3.627660790896607e-45 5.671784109376972e-54 -2.0096605126996625e-68 -1.5265041658153596e-30 -7.454067368156394e-30 6.935644971851448e-28 4.126148063163513e-32 -4.560184876203794e-69 8.411822303145117e-63 2.0377104613404117e-73 8.763927322612533e-78 6.254031930821999e-41 2.3543389925597308e-68 -1.357909784857555e-35 -2.983980654109344e-73 2.0316681113199748e-44 -0.13815509734857606
1 3 4.261615686673549e-71 -9.614793938096499e-70 -9.381124051753772e-36 -1.9865061782683113e-47 -6.130961020579458e-76 2.8677738459597784e-57 -5.252214125227777e-73 4.46552323692784e-43 9.219379180790508e-63 3.0037465209562805e-79 6.365964771756224e-49 8.447170671868057e-74 -1.6855946599437594e-74 3.221425762069252e-56 7.415116917066613e-74 9.623617293324575e-71 3.3946676025590026e-72 -4.222651156051878e-30 2.513811484764744e-78 3.179992226185448e-67 5.601980749092321e-73 9.322062892740087e-61 -5.2620192144136514e-33 5.041236055545314e-63 2.671374675535056e-78 -2.314207303966816e-41 2.234658239679064e-47 -2.1278180456322464e-34 -6.258780826535399e-79 3.1897954545150428e-74 -1.3465388814667227e-35 8.063498894510888e-53 -4.8056351186545775e-65 1.8283343306195709e-32 2.5093320086112975e-73 -7.2004662805975345e-68 2.0983309213478317e-73 9.032799827274286e-59 8.559410491117634e-46 6.3237305075064124e-58 3.510778489754511e-70 1.2014140532954554e-34 1.9706674126616322e-75 3.283548577717252e-58 -2.6595390848546866e-65 6.904095805177833e-68 2.1721930255223246e-77 -2.1548468990087967e-56 1.1059411839125163e-66 1.633776184008083e-32 -0.001984948956588406
1 3 -9.838331151339867e-78 -2.0229262400043375e-32 1.3744521950437418e-71 3.188644381116118e-33 1.6140652399050624e-63 -9.159389206279619e-53 1.2249994993347844e-33 2.373211309532418e-41 -2.247146094303311e-34 7.27347371364635e-46 -8.15399261194814e-63 3.836553015154085e-66 6.011397138350316e-43 -1.3544532325085113e-47 7.844013729667201e-49 1.6164604453590821e-63 6.997794595664666e-41 2.1690472137016856e-50 4.4450395038899244e-67 2.7553711401430547e-29 9.025627310024262e-52 -1.171858580080605e-38 -3.8860669431112384e-66 6.4509386333707175e-62 -1.0076227056546985e-39 -2.9444237199186645e-41 -4.695745928592306e-30 -2.2169013944978903e-73 3.417303302143211e-29 -1.8233917619771756e-40 4.2017438537995044e-69 -8.875645433146013e-39 -1.5583343809367118e-45 -3.991071303215513e-77 -3.5057187677212266e-43 5.401308568784992e-81 -1.3178060348490147e-44 3.445840404238263e-48 -2.378199867194709e-81 1.3310840064072731e-77 -2.009953840805641e-59 -1.668245638500085e-69 2.42147168223754e-41 -2.2056669660021603e-73 -1.0029875687039174e-38 7.669285308208692e-68 -1.7932484358624444e-32 -6.896719805757371e-43 6.417819151029965e-77 1.0975310322774747e-66 -0.23962502636916466
1 3 -0.0011906033554708476 0.15617740366690233 0.0032092929057606356 -0.1436677077177169 0.595501136600687 -0.18400318862472606 1.852428482351338e-77 -0.10909694492666111 -6.84310378864843e-36 0.3355165342952737 -0.2279264851882732 1.1731777381024772e-63 1.9428912531722046e-78 -5.25187554764438e-35 -0.07165789312896945 0.41568120418260707 -2.2071008843764305e-67 -3.1564588809249275e-67 0.011642076552929297 -0.1097717879567053 -0.11483721230292575 -0.16377265148083114 0.20226975408350303 0.15124480942236207 0.6872196820196161 -0.3166850710455017 -1.1066785788213819e-71 0.0016076389090968065 4.464989064126034e-65 -9.598698357816423e-08 -2.7916343476320524e-75 9.759368614626216e-78 0.03438501179080689 0.29710647123098116 -0.05098677749741094 0.1888251241217141 1.9378837881140277e-73 0.06930506812990168 -0.03766280935132846 -3.978913302729048e-65 0.12703236447542354 -0.14973657219471573 0.03553492999576922 1.66434206413962e-76 0.2501800070121082 0.03318220668321328 -4.0088833204368005e-44 0.019443598187878143 -0.25731970413933786 -0.2494711508106141 0.06567247704618895
1 3 -0.22179014799689067 -0.0650919482373438 -0.15377460871717427 -0.14928037633189448 0.3844553899753897 0.023617608222193977 -1.1651822150475125e-66 0.19437409101073505 1.5581958099013868e-29 0.11091522234641904 0.20155914040715245 -3.6594796023071705e-79 -2.1294182017792623e-81 -1.4319228738255928e-77 0.2111113832315784 0.2861532676243301 -1.4401526305342618e-68 -3.5976367454510236e-71 0.450887661153409 -0.15763688691169467 0.13980582324476382 0.03892727493556722 0.25724681313593495 0.19750792637389525 0.3209746524943088 0.123711573373455 -2.022028776798828e-32 0.25843687546426697 -3.4411512426647272e-77 0.2503363466015925 1.5745462023966127e-51 -4.336513517377898e-30 0.04936128730653093 0.10068895837016308 0.010057755514093063 -0.18108491460744122 3.4749085598576803e-32 0.25167132557861444 0.04902156035634296 -2.343281841226385e-72 0.0009477921426614067 -0.17835194253972333 0.03363922280230612 -2.0147161335047488e-32 -0.05511192067416521 -0.00024343422159187322 3.243032916087691e-59 0.07643749785323878 0.0792974412643566 -0.09894429869853276 0.18419219247276694
1 3 -0.1947095328067481 0.24922019278102986 0.14811121668097357 0.16732757555187047 1.0144299530326403e-05 -0.159001257087242 -2.203553262192611e-27 0.10244376507390217 3.0447037278318913e-33 -0.176843051720034 0.08812723158574534 -1.0172524130373181e-54 2.838091535501409e-76 -1.4047554012811188e-58 -0.11332698875565655 -0.3878735707878498 -1.7971982544569719e-40 4.511459478124558e-54 -0.001301814034076994 -0.29218766263777435 0.00035009983381055243 -0.07619572985708857 -0.26319531684707664 0.0565811490519871 0.2551334603220747 0.17462522241514358 -1.8024270506542337e-58 -0.10625258668981703 1.6889333885749687e-61 3.229682382023131e-59 -1.524177572708411e-51 1.0691221609763553e-35 -0.1901516217086686 -0.08172727987513018 0.526157338355088 -0.17808739766568044 1.3249307360399129e-64 -0.9450090577474194 -0.32851625072873364 -4.3895316887898125e-67 0.0683835862875977 0.03148534531818425 -0.03672783588954357 -2.9827456084926216e-50 0.18129629113461734 -0.3154644326931034 1.251150511045597e-27 -0.21595414935963836 0.11737811587463592 -0.22574103928391784 0.061635070661510215
1 3 8.572389434428126e-74 -5.1804432643132534e-30 4.325048016196147e-69 1.0191708965209333e-71 -4.72669358174966e-71 -4.150669240588606e-46 9.746896769666351e-67 -4.4180016324039585e-68 1.3592263417560754e-35 -4.674122532258901e-34 4.930914035819544e-73 1.824074525958645e-77 2.551633306271925e-77 1.82817967787905e-47 -1.4411934198204598e-74 -1.522145456999501e-79 -3.5302963113989083e-60 2.368277939474225e-34 2.0827676653302985e-38 4.720014874652651e-45 -2.995547415015445e-57 -1.3008496971334583e-74 2.989863215582216e-53 2.564999996258605e-75 3.0834317262716107e-29 -8.70265100011748e-80 -3.766287234005218e-39 -3.808687818746393e-44 4.636636394395123e-28 -1.2971696648818633e-50 4.809890204100444e-61 -7.820762212783279e-46 7.656881822335459e-71 1.2362321052785653e-35 -2.2286266963372733e-50 3.311676662585827e-36 -7.405636704923316e-30 2.7366610467176863e-76 2.414288690080373e-56 4.722278555795331e-39 5.302979975992041e-81 -4.535599919723319e-53 -5.322998214386333e-41 1.233833956162018e-78 3.246271117141886e-68 6.585332633822775e-74 4.384949131080196e-79 4.23697379035472e-71 1.184848417963273e-41 6.862139475118803e-72 -0.22522744811591722
1 3 0.15644114381936985 -0.16022242257252553 0.1081076795180441 -0.08145013147389868 -0.4421931574360844 0.08319663946261663 2.1889870709657505e-41 -0.07169230342988195 -1.2930390592334491e-46 -0.1336426878248042 0.07155631453266909 -2.38062806160374e-47 -6.239573110722354e-69 4.0962838051817614e-38 0.15772568836960588 -0.23179590556541252 1.2494982630400807e-58 1.393661716567538e-47 -0.46001677008372754 -0.07797868044323902 -0.004408833914692394 -0.10153693261746695 -0.0015065999403823117 -0.10416946628698362 -0.1609704944163527 0.1743236133586248 3.1840139584416675e-77 0.0842582123111 7.893244227840376e-28 -0.2403467738483655 -6.689360223956601e-62 6.12500695861639e-76 0.1693458313910145 -0.1609522924511256 -0.09914046565466808 0.18721984306383133 8.593537187748509e-45 -0.1295546936071 -0.31828532781297125 1.129605802975876e-77 0.08500799322805805 -0.21858710103982598 -0.0722122210372276 -1.673212268337661e-67 0.12797978440147761 -0.05513033362640396 -2.8185957843320537e-47 0.09025982957636003 0.2390796980912419 -0.08545492908004321 0.24679617865162803
1 3 -0.034156166197965576 -0.16607213428266854 0.0902652899706005 -0.3156153499273363 0.6265844441459945 -0.08468585941549667 3.4801607932697716e-72 0.12444490780084347 5.24199515394753e-81 0.02801310160851424 -0.09875157370440703 -7.907371338165205e-38 -5.667791995227832e-72 -3.182668382768791e-78 0.13146376660842565 0.00023434585315420064 1.1054108857804528e-40 8.40271864100393e-61 0.42067240440503856 0.07914891167362646 -0.1520688642982003 -0.08667851819753974 0.22388230233212794 0.14393996321026328 -1.3301997561842048e-35 -0.12080706113678444 8.267820804976672e-48 0.20720956597582332 -8.401255581152214e-42 0.22062384199341423 1.5786611651853695e-51 6.859111448609154e-33 -0.07457048409259116 -1.5895107525187744e-12 -0.09487932143674835 -0.20775393073776705 -3.821569503048233e-55 0.03219274226999985 0.5816725852150675 -1.815840062272988e-36 0.15310173563118837 0.08102155430906545 -0.2148382966891215 1.419338093643949e-75 -0.5513011132669806 0.2282219948676627 2.9635344171559726e-77 -0.2637341981872458 0.2241897559246324 0.19512659034815452 0.16645256265900826
1 3 -0.17363560772789907 0.057211459483401145 -0.27133771272426765 0.08353202515662114 0.3294852888741315 0.030757086336098492 2.4032383864384532e-80 -0.08262860029753943 -1.235921327889919e-44 0.06613706981872518 0.0007662091847562729 5.161645156481189e-49 -7.239422956453745e-79 1.1216570801112992e-30 0.02035222673918061 0.3536495986206809 -2.598062895214966e-79 -3.95708454435566e-43 0.3162078630594518 0.12970827500246143 0.18770946349000336 -0.08888835913020593 0.33125956947860774 0.17887619669076849 0.4759532293163249 0.10848337776351874 -4.4704489116337e-65 0.2638955062388335 1.8574842937182523e-28 0.2573160210740682 -2.2775014080547803e-27 -1.3647224132901993e-35 0.18443048648216548 0.1941901072176019 -0.1794166835541001 -0.24718401886954505 -1.2346926088151447e-32 0.03317405392808531 -0.021730940826565934 -8.990417985029358e-51 0.11524216992186755 0.26102429595668847 0.2041372468532563 -4.918438760178701e-68 -0.04924601377680872 0.22378076666447633 -4.993399114613853e-53 0.09226714555527173 -0.1770559947115619 -0.12008861691457363 0.10155030779729914
1 3 -2.8321918803869897e-58 4.674766653942864e-75 -4.759960100505872e-70 1.877486836798743e-42 1.0116386817241549e-75 -7.27537672893444e-82 -3.2434177293823925e-59 -6.765929979462521e-81 -1.4487294036446385e-74 -1.257232442586728e-33 2.5313270175737553e-76 6.4100699574998e-78 -7.504333382710825e-49 -1.0890672142940202e-30 -6.849545782715593e-36 -8.917883007782823e-78 2.9321305376247238e-50 9.832131666048987e-74 -6.344862907911182e-81 1.0960178431347279e-77 2.1519679407332268e-32 -3.500459212380714e-44 8.583328714436441e-41 -2.7222275652303196e-50 4.208203496121369e-36 -1.2551446532750567e-74 2.6321975130927746e-79 1.6522639789534703e-40 -2.4797710209394427e-61 8.289402534900493e-46 1.769950920014492e-42 6.003747833190266e-51 4.121480138327078e-55 6.30242748106017e-80 -1.5815777186329114e-51 -3.961375332989555e-65 -1.2295995806669084e-32 9.29927141668333e-67 -2.1296100335320857e-55 -3.651057581169826e-29 -1.7472318054020137e-77 2.1419177324764996e-76 4.248218684127718e-70 7.264860468679949e-58 4.02120460135836e-55 6.762397272411811e-43 9.075223805843972e-41 2.568422096603992e-46 -1.361823452946775e-51 4.3668843716851415e-63 -0.060966425918792005
1 3 -0.2564145641135361 -0.04627249455093244 -0.4218581681149242 -0.19689383496525198 -3.158352593222877e-49 -0.7610718155667726 -1.9411747337255057e-43 0.20078346678063919 -4.0052637445774556e-54 6.445317713528047e-76 -0.2319249209884552 1.9666425382272806e-42 5.443610523106277e-65 -3.694320252781324e-38 0.22185832064080546 -1.9745131649686786e-40 -4.0544348054067173e-81 4.421033654646257e-48 0.9067156448201957 0.3078062300482202 0.05216419953221179 0.14458350320828922 0.7461141047694103 -0.17122916097676122 -1.930088621823729e-05 0.19347197237387292 2.5158398979304895e-66 0.018483837317383435 1.4397967715189733e-69 0.8646834490519478 -4.693890160938167e-78 -2.9357464429708507e-58 0.030990383174459797 -1.4408045714478861e-62 -0.0343819398932376 -0.13586800531150986 -1.6152686557167805e-47 0.46804162898584895 -0.0007351633620846437 1.2759804196969532e-73 -0.28254669405996435 0.18278338462381943 -0.9107594302391416 6.070805360807725e-68 0.5037551661313341 -0.16737883302559006 -8.93247785632812e-66 -0.15364973394127301 -0.2248142038398616 -0.2435037986444051 -0.00466018358322345
1 3 3.3347502365178495e-44 -4.5866026234907883e-63 3.1494161651519627e-78 8.664830936021298e-34 -3.436835302095741e-71 -1.122484958484744e-75 3.807302917241237e-44 4.0226830809008605e-44 1.8339708022134407e-66 -4.004704351149286e-67 -8.84697061438027e-48 -3.120682689296897e-59 4.437849599896241e-59 -2.613423182659555e-65 1.2662470997460929e-51 -1.2127197583569843e-27 2.806108655573039e-62 1.6961737488044986e-30 1.3169359862712425e-57 -2.736829722764856e-72 7.760112487633758e-39 -1.4487606883453667e-51 5.874503265209055e-66 -5.566312440932332e-66 -4.573556549020298e-46 3.7856697959442745e-68 1.8492384807134607e-46 -1.0936709999493854e-35 9.283012752254748e-76 1.4821374898365874e-42 -3.602930290309655e-46 3.961501259236938e-61 5.202458164267621e-31 -3.861475197066748e-77 6.445378271597723e-49 -3.9533407125154115e-44 1.4789593395851034e-55 -4.802041017206866e-75 -3.3649164648692265e-39 3.5090326096102457e-59 1.2793544425809604e-70 -1.0649552069683032e-62 2.623317656020412e-56 -3.0104867618139927e-57 6.182016495537489e-73 1.9788253363606783e-80 -1.303539499153406e-66 7.578194751400146e-50 -1.4141816062527226e-31 7.859684718920018e-36 -0.20334481280501648
1 3 0.11620669639216367 0.07602696683270077 -0.20472030437576885 0.22951164529458298 0.4465131150971831 -0.05053674981328469 -1.0180889321544774e-27 -0.0491751837154937 -2.4366440910835256e-77 0.14271390377121948 0.17121878577898944 1.0575543261932578e-30 2.688868828832881e-45 2.3700327032615686e-59 -0.22936794591947618 0.407085433911366 4.7177903888134224e-61 4.817120784885298e-64 0.3584629102991816 0.14743750192928387 -0.050089268532503985 -0.1285473558496215 0.24236647996661256 -0.21307637926190995 0.33895598455547493 -0.1829185442762174 2.1864420110792027e-28 -0.06920968127999017 4.896759976676372e-56 0.08124014118667744 7.482463499820541e-80 9.795792001354352e-33 0.22813281018294732 0.22799505439096723 0.09028903671473942 0.07303130718971959 1.7683286844921264e-66 0.31178666100391733 0.14548541822542224 -1.7896657275998582e-27 0.20448318429421494 0.2836374037952667 -0.13869253563092912 3.9246707297210615e-38 -0.1521799845185104 -0.17686817043413627 1.503507009884315e-51 -0.17294376458283012 -0.05101234516815875 0.06378554754122426 0.18502140443399726
1 3 -0.1425863549005178 0.10797829463538222 0.1583909704737833 -0.19699445501847945 -0.46779790931420123 0.13322888853566187 4.9744903337259586e-48 -0.15457871731900857 1.8764394863226153e-34 0.13334805370411482 0.08810213345631292 -7.838721800524921e-51 -1.2499904415970013e-28 1.0616225301058483e-80 0.011178398397918923 -0.1732066912672083 -4.889252062898875e-28 -5.590886488688229e-78 -0.4054547078944865 0.09799076200366795 0.16052845415480582 0.20585403613235498 -0.06462293273268341 -0.005424623387942993 -0.10830405657199899 -0.03716856466902993 6.826225668793e-41 0.0619050938728963 -3.0243399384654843e-69 -0.3493965812285027 1.8436448116658577e-27 -1.6227275518418727e-55 -0.21675297500524046 -0.3045383283381215 -0.04185880419446734 -0.195416514973638 -4.295452069637162e-33 -0.2949653972695672 -0.2363127019384966 2.128424856934355e-59 -0.0917739916138614 -0.1758572111529821 0.12416371225638095 -3.692000701173534e-30 0.017802228566443017 -0.04532689749019847 -2.264567215075638e-64 -0.048693355965045815 -0.1553808746755936 -0.1893986818673492 0.19846326687991453
1 3 -0.1617683152922725 -0.1163335520849721 -0.12250024372385585 0.18428903491969334 -0.5045730338008545 -0.14137627840729702 -2.870288195624052e-31 0.21075678826930383 -2.0824472799025217e-57 0.1991569172466182 -0.035217659001083416 -6.465911278697024e-46 -1.8615552638214236e-64 -5.833235754771738e-76 0.07841359566414481 -0.22044272475362744 1.7495305171374076e-40 -6.731040171383463e-66 -0.5001785981662773 -0.053523976947277306 0.08200892016776525 0.2353486089519375 0.056081465357141966 0.059011669894179976 -0.4807498490830257 0.00040354151542657484 5.363336012745616e-34 0.08559309608144375 -8.7113332982374e-43 -0.4890345590259112 8.93110913640147e-71 7.538067428580262e-46 0.10979670522590801 -0.3961405638046185 0.22131217512414475 -0.1049371336392582 -3.4002805928875766e-38 0.03936313020060971 -0.022577947505376075 -3.904239727905929e-67 0.22778805898641713 0.09206649687052189 0.24128978804051043 8.268637516896775e-46 0.11229875492530307 0.03902505132478082 -9.207453427642054e-71 -0.0645859266093845 -0.08903064302292765 -0.16971278317812855 -0.03178324166673817
1 3 0.1813946216124843 0.05415963299198626 0.0185822915249818 -0.22856753394795065 0.24893827718479802 0.17635117563016023 -2.1406998087993785e-59 -0.02252569034930527 -2.944673391363497e-38 -0.022086914997618605 -0.2523980798379915 -1.9488945974382758e-38 -2.8746247376079583e-44 1.6971422234324092e-78 0.2131435254479638 0.2611636032288768 2.0034312255683718e-79 -8.512395269582158e-46 0.38210888373881724 0.1846997268878109 0.22619275212493864 0.05325574610758168 0.25268263434696325 0.05805375599922999 0.2786226978094775 -0.01839464674628413 -1.2575195578808642e-75 0.11113254531160632 -5.256246293601572e-54 0.30828734232481836 7.446797921657363e-70 -1.0482712412699708e-35 0.18615004995533704 0.11527436034518103 -0.05147131625789909 0.19048889292767987 2.58887034840778e-57 0.17078578138663106 0.21273304220424388 -3.246493156403747e-63 -0.0022335522055944297 0.24659030090326736 -0.1752758526759166 6.788886212141477e-53 0.05514424642372059 -0.004752977490129978 1.7124998608904749e-31 0.13363066592635775 -0.153418653480149 0.06723226111269218 0.13045960965689207
1 3 3.4393756665370604e-71 -3.6591775110017006e-78 1.3179959310772075e-76 4.450787849589184e-76 -2.0103161328956777e-40 3.344341813677618e-72 -7.848737067155193e-49 1.8069782318506964e-80 5.737156066614517e-73 2.5403285259126682e-42 -2.84993967322656e-80 2.3425638018809725e-72 -2.694491998452638e-28 2.306718763639576e-74 -2.1000363409086246e-35 -6.035371823580231e-52 2.1278091853602344e-40 -5.872771674453821e-73 -9.957372491504562e-76 -4.981027015430714e-75 -7.703526282625805e-81 -2.8569468613358524e-41 -7.124049933209807e-35 3.47990888752103e-38 1.3093389528247519e-35 -1.6598821877942966e-60 -1.620675782044755e-58 7.105076205700139e-78 -6.571235443987304e-30 -9.961464842587641e-79 -5.19748983666161e-72 -1.5618848146586712e-58 1.4017355794186775e-40 -9.101520424456412e-28 8.76443153503543e-53 -2.972278878730991e-58 1.362585413932568e-52 1.3581963976659415e-70 -2.6286247480147596e-66 6.304953142181306e-41 -2.9598795905815884e-55 2.338372574954008e-40 -4.3110150490446724e-48 2.964649609990308e-78 1.6908215266455895e-62 1.5514646375717868e-51 7.42960437432239e-41 -1.4874159692828151e-41 -4.093190006062341e-55 -9.071938499401155e-60 -0.18250632255939053
1 3 0.2048667443829117 0.146423512702912 0.05561626560080757 0.22468079569235969 0.35866589967585255 -0.029896818499431977 3.23051569250814e-80 0.22080235343428026 -1.0986480130521812e-38 0.17197504862431648 -0.09807470034158504 -8.555314801190986e-74 1.1750217185967842e-27 5.218934027635424e-63 -0.15953010729741968 0.23423605640655124 3.014313097936088e-41 5.840335571725243e-73 0.35773312111721606 -0.1974474691093239 -0.23717023708300988 0.1683178053722452 0.15629266690692287 -0.03971063703366595 0.08143979050297097 -0.06418905958932684 3.155018674584896e-56 0.025536355542669885 8.595642951113589e-78 0.24375398906054896 3.2153102026436244e-60 -1.0164685387602383e-32 0.13839138630229458 0.16642843894562284 -0.30915840675111833 0.15240726567057647 3.136790403273273e-71 0.26014886993583103 0.09499953731769545 -3.978584582764117e-55 -0.0019594557763215293 -0.09710862106045638 0.15363142592165993 6.292336541931562e-76 -0.0660315688952716 0.10129633030723738 7.466847017940839e-76 -0.165216272783905 -0.24463370132477327 -0.07647853231935897 0.22101202738333076
1 4 -0.3637338775646543 6.092529059223674e-25 -0.206481598977157 6.062614289397256e-64 -0.23086012425083485 0.3105727950184685 -2.33941628605386e-19 -4.4626792249565974e-76 1.2027430373028441e-42 0.7601083859174843 -1.2896286289553845e-18 0.6875856628998263 0.9704473363607682 -3.969123538267581e-79 0.4991506344607439 -0.45242912517380374 -1.107647812453416e-79 1.2170475506678746 -5.866232711059661e-16 -3.611566177080246e-38 -5.122097019689862e-23 -5.264737755154376e-26 0.26238109996521897 -0.28940759995835635 1.1963738113957657e-69 0.3693715787433889 -0.2273947823360904 0.06861982288555445 -1.7435820739253583e-50 0.5253298685172918 -0.3957310066525569 2.7697283480416427e-75 -1.1585131083419341e-18 9.045714065652697e-79 0.3556562894198325 0.11301292889786269 -0.6853118561522382 -4.1072400607140424e-17 -0.2114588324367294 0.32752294408252064 0.2065236912359877 5.122351550895807e-37 1.0229784581960273 -5.2858523932826554e-18 0.15386534835200905 -0.36211870397447454 -0.2772486099371302 0.05946943306898824 1.453566307810004e-40 0.09043463356265358 0.16078325077015673
