Number of NNs: 1
NN configuration 1: 3 50 50 1
NN Layer Weights Bias
1 2 -0.4480688846564663 -0.06574848829857621 -0.1026417028288191 0.031241231314990396
1 2 -0.3812493836086564 0.10402244117306662 0.08150038130855582 -0.15834131071952987
1 2 0.1336559117275326 -0.027451750702839915 -0.3608814956229851 -0.3900966812605822
1 2 0.5218090659327014 0.0932554877845901 0.1313172029742564 -0.4543218636512456
1 2 -0.05816727828610179 0.29370992615170627 -0.0045886247044139555 0.31367804066624194
1 2 -0.16208584078972188 0.4079345359879377 -0.15531390544505513 0.19134781339088247
1 2 -0.3400362837935738 -0.12657753194283466 0.34104170042379506 -0.024173893871181417
1 2 -0.005643009516867036 -0.12338685534112237 0.24830495347022483 0.25921816187116736
1 2 -0.12434555239923765 0.15376094790696287 0.1551321072524346 0.30572207948079344
1 2 0.04662002291083222 0.7473062589848694 0.03617973165954475 -0.21849738711223146
1 2 0.17261662628910748 -0.2324835615816632 0.11376533985437633 0.015330425435771072
1 2 0.19146024140032103 -0.316329317380583 0.01894122660969108 -0.3629912373810627
1 2 0.22010689518516513 0.27589580008239406 -0.23866917058862083 -0.20661182669223363
1 2 -0.2204278972835011 0.0048252739550080515 0.058917712792751646 0.26422778476165887
1 2 0.1360429537670985 0.19204919544777585 0.33182475183887966 -0.4409718964356013
1 2 -0.016323951210877083 0.0005819750318250964 -0.00822054255959986 -0.30533119208142934
1 2 -0.006569265794343357 -0.02881613565257825 -0.10955257403066103 0.18731829898624563
1 2 0.3667906007822314 0.2963120675664325 -0.05849084349189525 -0.4821094481254832
1 2 0.3234271254756352 0.3423316278115895 0.3203056604998147 0.011422871010804818
1 2 -0.424717607772859 0.2715247413501456 -0.3713407917441422 0.030303598732675803
1 2 -0.06298675983736923 -0.13861139623167537 0.24078156055506234 0.3831269083247142
1 2 -0.267708503868024 -0.26535240785470016 -0.007306650646616067 0.26197634220781885
1 2 0.17457391156995808 -0.16873823436283505 0.21872540880366398 -0.07081507198471904
1 2 0.2662004641107588 -0.020080628934417324 -0.3943985658339954 -0.0191477386596795
1 2 -0.06671904166138383 -0.4975473221889858 0.1599047835436235 -0.24395865192066954
1 2 -0.39273588432183504 -0.3913753942293163 -0.32534656887709185 0.11457715902501786
1 2 0.16901240098384646 -0.07625486419959543 -0.08647781714102129 -0.17911791243361613
1 2 -0.053473088538093703 0.2155492887596599 0.12334287122286172 -0.26155844711613474
1 2 0.11415169768746834 0.05834993866084663 -0.2060060747276722 0.16662322897343432
1 2 -0.04725135286817332 -0.05854641543874148 -0.48413280411581283 -0.3506012583456683
1 2 -0.3215916759124074 -0.2360231779138704 -0.481674257710659 0.196140393438053
1 2 -0.16641106994050855 0.10789677485742043 0.14438245730205812 0.17866893137060597
1 2 -0.08302294717706153 0.0405855171730353 -0.19299939112961756 0.3126678852449587
1 2 0.19063914539358623 0.05850226546159207 -0.2226097182759618 0.29984790398096306
1 2 0.25948472531486205 -0.38801472967811024 -0.163641902256608 0.15558660741643024
1 2 -0.04323404703385775 0.09537254278440742 0.06494615074400231 -0.2877050748282376
1 2 -0.0651848775476521 0.17559796966373986 0.3478823165749583 0.010712913861992284
1 2 -0.2670541499755839 0.2981142979642159 0.17344440986355325 -0.14346085289040636
1 2 -0.22438972294593942 0.07711475629041681 -0.2569075848768363 0.10081009286189206
1 2 0.36644478518063156 0.3063979974476709 0.303285290323505 -0.21544923876927574
1 2 0.10871951792985456 -0.017782552702443447 -0.1405133975329537 -0.16214070106423695
1 2 0.30378162399042813 0.050709641615043814 -0.035327197260529325 0.33748777689367243
1 2 0.22124466811248764 0.4142877173664596 0.041640465421976296 -0.45613421807227084
1 2 -0.27070940968257307 0.06722069347929992 0.21497072867641404 -0.3699044372669202
1 2 0.06830131130087788 -0.1601815703270327 0.25452592507373706 0.019344177491524145
1 2 1.642095954611652e-142 -7.7973920055821e-118 -1.9889516742687357e-152 -0.28823929048491903
1 2 0.04451245990597448 -0.0508854354053119 0.6351960320983935 -0.46049548729521184
1 2 0.11580141538131603 -0.18751244596629432 0.005998962576800668 0.22031297741052527
1 2 -0.32355772189157267 -0.03399813089125684 -0.04960301289564822 0.18971773159478666
1 2 -0.127166530281886 0.21344708377098712 -0.05092363665719992 0.2587634853566867
1 3 0.21427990641242065 -0.18607688138483874 0.26526248214069137 -0.07753113661520278 -0.09457810931039448 0.10102439144954586 -0.044820963518929835 -0.09724930931326381 0.2213471377427367 -0.1192979849526592 -0.18086269247050996 0.12267939148127914 -0.09268635534568524 -0.10221438135004177 -0.06870786903353632 9.935050378385937e-156 0.06181167128814626 -0.17294918899593265 -0.03486602269685296 -0.09124554978983986 0.08532990144535756 -0.1537413336676886 -0.12709592291329105 0.03832324435127988 0.05376045101333169 -0.1495883009953849 -0.002342477595386651 -0.33417717976513667 0.12791870280606193 -0.13157554358291812 0.04440891007526969 0.061151415118404114 -0.0027537221700970915 0.1779457736100355 0.05974297367587316 -0.017279685115004616 0.020109211648753195 -0.3433618632639989 -0.08836689331423324 0.021674197786862612 0.18179168570108445 0.22871379339732822 -0.0554987793648834 0.009283706192893232 -0.020413586468496833 1.1751869368208569e-129 0.06224100847398483 0.24045837757410687 -0.2217301291621035 0.14926323540887218 0.13849255552640682
1 3 -0.007175334628439238 0.007980823117595516 1.0425478936281392e-05 -1.0753513467471061e-116 0.16425097615940545 -0.05152323302357177 4.3443311567642144e-129 7.137835693975283e-139 -0.08602380696676326 0.185986106481949 -3.741803960809745e-139 -1.3751743645059166e-08 0.015492898086097676 -0.1505679831412467 -4.631246794609568e-120 -5.3347994208539806e-61 0.14561352017749601 0.031470744306060006 -0.05715701948581302 0.20004215287279276 4.329739011196361e-05 0.0968976675249214 3.4208363279661563e-109 -0.14782850516775983 -2.1966496315450676e-127 -0.07108767983276096 0.01936019563522844 -2.3085995776904646e-112 0.17417509512657517 -3.0831715937225604e-05 -0.0421696358545719 -0.0748115279364827 0.2062241992683849 0.04696054978378919 -0.09392308273349899 2.0463889607462294e-132 -9.033934114785451e-153 4.436357642551652e-135 -0.09235282590515143 0.03240885583521357 0.06578179775828619 -0.10730338157375313 -0.14526988217378375 4.827190954409895e-128 -4.244564997741878e-153 -3.5290051941291113e-140 2.3604364187137197e-113 0.0669172325920943 -0.05759083106544303 -0.20485508545095502 -0.2598787496810353
1 3 0.00622748798568957 0.02666148586600127 -0.13142156370987768 0.3914671752155727 -0.08757763139057159 0.048840271722460145 0.13727002228715426 0.03222772063938587 0.07370340750218485 0.517694306314722 -0.12685063804480645 -0.2978351701390651 0.2780961065810675 0.03389027391600123 0.15135970165802537 -1.5992556921944077e-125 -0.23780201761993888 0.29593270953754314 0.21474998730698017 -0.27558709727914343 -0.0154262906209268 0.057243495062524345 -0.006882682251966224 0.38075631682833266 0.2504089242522097 0.18871324019444424 -0.03011389174953915 0.2347487073410301 -0.21291684771949848 0.29856571084931366 0.1392150411271328 -0.1133309894874201 -0.11574239486046667 0.0888787521974881 0.02711696065263198 -0.0004060754140155815 0.05260873166398609 0.1523424261492428 0.03307768392011022 0.17399786312635765 -0.142130219045928 -0.046187199320099966 0.39612325090524925 -0.017428902294397645 0.13089958845646088 5.780312270107829e-140 0.3544717113441902 0.1390228394389904 0.14568855741046144 -0.1236142989276961 -0.17089773807065026
1 3 0.09447885604337303 -0.18780711456013685 0.0024280354295264602 -0.04668315005440501 0.22648025521839638 -0.16123454398239204 -0.17637722247661736 0.006360239334009596 0.15007429534744302 -0.12760028990853683 -0.05092081152534319 -0.017338673602211 -0.020067018449366286 0.1761703758892953 -0.20883601571165636 -3.0209271789513995e-133 0.2404672533224788 -0.015172892508080748 0.06331169159334554 0.14265157267189377 0.19465191919337727 -0.21962656767521174 0.17896668588225334 -0.04266928914785324 0.005804731361369398 0.11410799831076313 0.0472262616911572 -0.3885184533908809 -0.1816188282583167 -0.20903183848157747 -0.145403198370005 0.1303667086755082 -0.2087799191734187 0.1062764464368534 0.14268520809772584 0.016651813287572065 0.0073488971390977395 -0.20225579139779415 -0.024572464586530028 -0.19885106100400976 0.2665937281933718 0.027531114862013893 -0.15458300686251844 -0.053046564323952834 0.2236275763172932 1.9019386961750768e-135 -0.15579667051795426 0.04024104836618133 -0.12642715249732034 -0.16786244713300918 0.11677820042676329
1 3 5.630101762722272e-145 -9.702513781940338e-149 -0.20917077935001496 0.43428973241839114 0.058095540028516794 -0.2916411076284342 0.42847347656127754 -0.08325700225166448 -0.1279208117788185 0.1297217935909536 0.5933843933986427 -0.41513428694417753 0.04159760246673843 -1.1494311343099057 0.6158094343110017 1.0952978728681049e-131 0.12279026088255525 0.2902875643900074 0.23271385836650327 -0.017339955863372666 -0.4026306985720847 -0.23015649999360616 0.2969497773697732 0.3338433879438283 -0.09845614660564622 -0.3402026961903321 0.2858929767401043 0.2641010094806393 -0.09964533654862336 -0.19138143296630358 -0.41074488265325815 -0.5910249424257299 -0.08163602950699807 0.2594807350768591 0.25616320204392085 -1.0695848105955237e-135 -0.028395368951532714 0.13813839964003752 -0.514361919405462 0.24589685756216392 0.10200877076777654 0.28049781694526393 0.3387956152177241 6.190935718741141e-131 0.05865114177363996 3.393041129138911e-113 1.2218717037602944 0.0601026788137049 -0.054850923008867514 -0.009805018046414562 -0.3176886930174516
1 3 0.4137720791412602 0.684746934918208 0.007526075350651285 2.409645578091644e-144 0.0200942674297692 -0.024894831037005842 0.43654130743568076 -0.1388131387691236 -0.24553010590094232 -0.4167272074530918 0.6123900441391765 0.04009148256102294 -0.23348179433750132 -0.05301246592159781 -0.006643117227680045 -2.747590955448739e-99 0.11526580214091683 0.0249558417565291 -0.10429216781165593 0.23323326715735052 -0.28948380103037935 0.08837403899835312 -0.5521669533186454 -0.13321295070415498 0.711978991935935 0.30076259098036195 0.1304881222919647 1.368361829248253e-05 -0.20131446772345266 0.38400425168848334 -0.07619268125879704 -0.1943312350421882 -0.09910459962304473 -0.31258318808996527 -0.11938349936790124 -1.4110771346563173e-07 -0.06605921710834557 0.5176816174940584 0.2275334152732005 0.017519297838354833 0.059839525575836966 -0.2655058540129918 0.06186815304859819 -0.0343874260760893 -0.41089059219534574 -7.628976024769318e-149 -0.9145291035448424 -0.053703684992305725 -0.08807351688440841 -0.07819536751613819 -0.22785693843116384
1 3 -0.10160505516300558 -0.1818328288759671 0.026669483486582785 0.040685757159219384 0.1878473259517164 0.023905554787178318 -0.07973723027458057 0.2585486220648032 0.018797408270347832 0.3153641713540753 -0.12623031403502682 0.13191285630191468 0.16515467532775782 -0.01810216034600039 -0.1079572205893121 -3.549368085342007e-114 -0.05083992573207261 -0.07121339473924641 -0.24222009194293662 0.13405935698750965 -0.04485022545470653 0.04946094223661809 0.0741028213860639 0.07375721275744032 0.006006597250456207 0.1277238281079915 0.04539492977072995 -0.0647765313005061 -0.14803646257695996 0.061618958685425544 -0.15623426550864764 0.09759971325467404 -0.054684950067807984 0.1286207991174745 0.06324379206074902 -1.802002168636973e-12 0.09031788454047669 -0.05869972190752814 -0.009229936802974913 0.07294127511481344 0.06122690896815497 -0.0713371942956294 -0.16486136963383993 0.03248446053292081 -0.08443851503825124 -7.229631597876155e-113 -0.1132730739297283 0.19127468476010323 0.03678960079066517 0.22363768592357317 -0.10705075110549685
1 3 -4.954012258217611e-125 -3.769525407736782e-126 1.0113589001723555e-138 -2.6119009239610875e-153 -2.5763388245716092e-138 -1.5902020011513387e-117 8.785108831621149e-119 1.8352741941108695e-142 -2.068435922141367e-137 3.3242317414050346e-138 -5.730046816523136e-147 1.540003969049816e-153 -1.1850994480610475e-111 -6.942618023935058e-121 -2.3134135072286375e-131 -1.931340153099911e-110 -3.8128047417474397e-134 3.118819042366365e-115 -7.643833624491745e-141 5.118426176036852e-149 3.301166509346887e-114 -2.118025147418544e-132 -1.159101293929269e-147 -3.4036759331291137e-140 -3.443822314413161e-124 2.746097817852253e-130 1.0351579948785198e-126 6.895023838035749e-123 -1.0422700182007528e-115 6.22558667054416e-151 1.6267363356144057e-134 -1.9056246331760355e-132 -3.986663140945138e-127 1.2348837627085297e-151 -5.9596257507088465e-151 2.0982172456876332e-137 8.127460403770559e-120 -2.0525903857052014e-132 3.030584295347609e-114 2.8986275008214443e-113 -1.1853291187980167e-132 -5.532897424136112e-116 -7.661987822721797e-154 -6.336190844487719e-151 -6.941658902937144e-113 -3.4585768742539393e-127 -8.201298483843699e-116 9.662702384648005e-147 2.2712838962174508e-139 -8.855811696031327e-153 -0.210474092756266
1 3 -0.14548147968431369 0.09567678309972072 -0.03507393428727111 -0.37162504721042233 -0.0574193091983579 0.1276964548018417 -0.24020552179840615 0.22399263864631946 0.2169873251234067 0.12302120615313068 -0.14808444755898031 0.04655414883270206 -0.18916686348540623 0.01769305436636395 -0.24251999496968346 -5.7911351403469115e-77 -0.12296465270392483 0.14287396381729278 -0.10590709271194558 -0.20902213572976772 -0.042696570456283424 0.16906934240811564 -0.21109117427339597 -0.2643500968321223 0.12850101901665706 -0.09252203381781675 -0.19400633659789537 -0.0733305898534669 -0.023481333185192993 0.24805517627434928 -0.00042828314998065025 -0.14806246381531218 -0.12591241955141932 -0.0584905605209773 -0.15587395879431534 -0.0008997815818557986 -0.14867778170799878 -0.3686557633987547 0.14186359843136437 -0.1115242847109295 0.0900101222335377 0.143514613761242 -0.16105669559616487 -0.050928723900386615 0.09076264438341983 3.7743236536601e-138 -0.20187872368232854 -0.19798069182462663 0.08741203152951872 -0.04005473831705297 0.08619974708671085
1 3 0.0701061568694042 0.15317928018914329 0.3230831283259654 -0.13456991996597698 0.16807113030650994 0.13831888183408442 0.28464788883760844 0.13791529418190063 0.10845770848682285 -0.06588258798555412 -0.19782487512183738 0.37749500367098254 -0.2552379875135772 -0.22508295058775551 -0.21965164848054974 1.161599316517567e-118 0.2539883232607241 -0.37553306866429975 -0.17596662377093972 -0.37009843230677 0.12704751915235882 -0.2479536294325675 0.11935408710141965 0.231002408291886 -0.02532910098186743 0.027686370855104354 0.041902591869596315 -0.27542893186221246 0.06041359580781854 0.14956318700603202 -0.18701825811796605 -0.05150076658084184 -0.08523716792188689 0.20728584465003652 0.16738967072345004 0.010696981380983076 0.14215853508376075 -0.039974920929301584 -0.19643506674679842 -0.006472535084818954 0.40512356260585974 -0.06431059384832952 0.05073413690542703 0.25515119192939145 0.2290991092891343 -2.545593003942328e-148 0.1181034701413908 0.0407353013634457 0.04994139399854836 -0.024490304191724266 -0.08644545545694866
1 3 0.6142553464173407 -0.5277716840588002 0.1827799985665141 -0.01032364893706514 0.1186270040179365 -0.09075094682813564 -0.3871403848011785 -0.1210909791861638 -0.1190879349181803 -0.02740271275378686 0.068702951835689 -0.14351180950663853 -0.04836919784607173 0.062343573761798374 -0.17543075767144795 -5.517114496047434e-144 -0.19347819392680696 -0.2202204879102895 -0.04164408303503404 -0.06244277758251838 0.16695072460914612 -0.20247603598904138 -0.285625033304663 0.18432493121834995 -0.31163597408407895 -0.004234182925027631 -0.06549141087482997 0.0458006341026747 0.1711043906394423 -0.3132192756571245 0.12361186839912433 -0.1286930567276651 0.15077670967252793 0.018356012793193054 0.1237752532398088 0.0007537038065078535 -0.13655832854818828 -0.11831131832450376 0.38188525217908226 0.1353852925653154 -0.05399072488215581 -0.003464939237240877 -0.019213205965084107 0.025715453472275693 0.127502640969887 1.545802872522727e-131 -0.08933711618186096 0.18305369497447335 -0.15801948000516292 0.10017120725097176 0.009531210329051534
1 3 -0.005489532320161709 -0.0012907137960964858 1.081196871616615e-06 -0.00021428631151127934 0.036511763494849636 0.09980927280435191 2.2643335070756066e-22 -0.00021744337345917924 -0.05749075366035647 0.040944946963205026 1.67423351311243e-132 2.8949037762682516e-133 -0.013111150569546547 -0.09849562216919139 -9.064528844152288e-112 -1.8998151268144218e-50 0.04803145017804049 -0.0016908939866491011 -0.009093277007164755 -0.024064180019804926 -0.002533211670821782 -0.005572604118420337 3.342607281983632e-147 -0.0044831589197054395 -2.853159401059949e-113 -0.03984811697388721 -1.5935470594417265e-139 -3.452473621595594e-149 -0.03001631401400544 4.188789329454714e-06 0.026401687909999964 -0.020614751293153356 0.06024913864050185 -0.026954272897896536 -0.0002425396768473145 2.6111336623185234e-124 -0.0005564049076258357 -0.0005548576029534071 -0.04547333220071446 -0.005702598876077259 9.707705426837e-07 -0.0581360614063359 -0.0011860156934829502 5.354634005017914e-143 4.3054666794822814e-123 -5.386804188271676e-135 5.995004419341852e-122 -0.002678635450129446 0.02606930034377609 -0.04088177041211374 -0.019980978979970608
1 3 -0.019854757337209754 0.5416086203255047 -0.15657353432894155 0.13968348271435652 -0.16874087049083625 -0.04129978482116714 0.1254830427946052 -0.2098080452903348 0.09505420799267571 0.26238140182267633 0.4381832947575973 -0.23551315796057576 0.4782370175170544 0.059978330267865 0.5045463909521534 2.263957221581694e-109 -0.1879422250901347 0.6514203797201346 0.3821006968674511 -0.05414639006653815 -0.07366537634115568 -0.0438614550025626 0.012833346067427687 -0.12734750844147347 -0.03491250317916129 0.31244191927628734 -0.16838269275861528 0.44087044756180066 -0.3196008352321376 0.48139357275856764 0.2774690126252332 -0.04718729298268344 -0.1712519614441458 0.05168486092915501 0.2602573890468626 -0.0024559227571952363 0.18225135868975212 0.39022183261702076 -0.08875612448201821 0.4145119317426843 -0.09919485368713758 0.008926543643501764 0.3440313393821675 -0.2648065048625062 0.3014669830835447 -7.248340101096284e-129 -0.22226776217155825 -0.1606562351417646 -0.16386446092806364 -0.38305325909446875 -0.15890138504660756
1 3 -0.13403638269324242 0.15723858318883446 0.011438488352466207 0.19763245527447837 -0.01645296939330646 -0.1496526773062142 -0.17717117456385567 -0.07155180520346989 0.10577518764373783 0.04547439071232308 0.15690423815353685 0.01757962003193846 -0.19748775890362044 -0.19154886511406782 0.01485398724706563 4.974368112183213e-122 0.1909441754734014 -0.019382213940376897 -0.15558258467574698 0.1736839167694704 0.1238518415980239 0.13087299012853498 -0.11851152795473696 -0.17771025454438014 0.17350526786271922 -0.19345985258767534 -0.09911332460292553 -0.0024841281159566765 0.09454350776482282 -0.04783472578151089 0.1640254647229735 0.16198608947567472 -0.23666067979010538 -0.13520459494418643 0.029457072107238233 -1.5223552510394328e-18 -0.16443745095681078 -0.044287959764951104 0.19502831375536098 -0.01930909342845506 0.03018973438743502 0.15141002741901732 -0.057530067882220585 -0.0059834144635064895 -0.14576372254701347 -1.403529128036908e-144 0.028290237576090987 0.11407570418138147 0.14326100939063297 -0.06615586380648864 0.07967174101330325
1 3 -0.13082664179075768 0.25233829042273326 -0.07974493615097758 0.29056470630060866 0.05190145402714716 -0.09712640863668383 -0.042327659439569044 -0.15606358360525366 0.002545293065806248 -0.16758034284993686 -0.002161746157177121 0.01632940831024996 -0.1477376147597698 0.12997806605968873 0.19848776807618043 -5.768835112717394e-95 -0.048080709923248414 0.0012207492535859484 -0.2173009189548546 -0.07413367160749104 -0.24606798747536185 0.11874068345506376 0.015222993799823368 0.13978353225353743 0.015476556255283457 0.10748811635437704 0.05508407200607067 -0.02955241344306004 0.19533162158432327 0.044119981713373245 0.037496550814097425 -0.022689212975954182 0.16412576841913118 0.08035536874024675 0.1665948418086126 0.00010782816558905172 -0.11876001873371338 0.3335963892480379 0.06672676339454181 0.22374116073491138 -0.016940149689695334 0.10002235274161023 0.042797813127167725 -0.19589959055989803 0.04637427879371639 -1.1934883110002466e-118 -0.3967234239525165 -0.10711640982653854 -0.19717924568280085 -0.0019515762892317484 0.19427189363914202
1 3 -4.3229530235236565e-119 -5.720912450376048e-125 -2.920179021886575e-109 -4.1656780095621315e-134 2.7285677495068957e-153 2.5717822028460486e-151 2.2343565348476808e-150 3.031675488809863e-133 -3.815800038073983e-140 -5.473241087170943e-123 -1.6680276013250452e-122 -9.818568402378614e-154 -1.1868340817932142e-111 2.6114090427751197e-149 -2.1333440393947315e-115 -1.1587008545531275e-120 7.92345114380231e-121 -2.917015687788309e-142 2.615782401124335e-125 -2.340796988699102e-152 3.8408973354592367e-153 -8.095185247659808e-153 1.8773898678160972e-149 -4.019106628250242e-146 -1.8812062323785192e-128 3.5568510087441825e-133 3.476937251946764e-139 -7.509290177733186e-155 -1.2997069063901269e-135 -6.277341082126087e-132 -6.006238458689331e-128 1.4669691572741043e-132 -1.7877963713195357e-154 5.353458358966406e-142 -2.258500531474333e-140 2.9988649539370955e-137 -2.571050383459373e-147 -6.879724129918188e-153 -1.5173240455688044e-153 1.9489044380604934e-152 -2.5273406752281126e-126 -1.3935252205602538e-132 1.1288276083054962e-116 -9.884607760736427e-146 -3.508625162942328e-123 4.965154582238225e-156 4.2959336497646045e-121 -7.604916130026152e-144 -6.638723336437313e-147 6.783049500256885e-113 -0.17787660127147376
1 3 -0.03203348720850324 -0.1152977665210187 0.019057061613362018 -0.07513957661089973 -0.10720615528020501 0.1679737832463939 0.0918220735294287 -0.1375056503284556 0.029014512806029683 0.162825942706959 0.08729888930650641 0.16089882520284307 0.007330410856537917 -0.033542128196248966 -0.3063132480386936 7.561805832131355e-103 -0.09938372061720324 0.016456306222669147 0.06336242359684603 -0.028589818821918467 0.10868425346420205 -0.09789534666719032 -0.13057106499080198 -0.2224758953158794 0.21585915676962206 0.014302026470368236 0.07775177359861017 -0.15868247976998343 -0.02016571322876876 -0.03650932518074949 -0.1441162516284071 -0.09586823245699515 0.23223078568668806 0.26284591664679824 -0.03825923312782295 -0.00039494563028555666 0.09665084305475481 0.10512388539359419 0.02292615212535553 0.03573620984367317 0.17727646422100146 -0.0035936009923006325 -0.2613542685875598 0.023523549441905774 -0.18964117434742456 -6.559061078322742e-135 0.13348513188121958 -0.22766222418838644 0.18232220351700748 0.24581618104567635 0.2327043563550621
1 3 -0.10340083220132928 -0.03926314779596058 -0.19103996111020374 0.47794153844461273 0.05597625000180961 -0.0850556981836059 -0.13754920440400992 -0.22306929961840402 -0.22908438775112572 -0.14939827401229477 0.08378284172048764 0.08871509004739334 0.20008576004833054 0.16935679959680655 0.31201001499179326 -1.4820350886475426e-62 -0.19146950306364144 0.28280343775888456 0.24303067664297098 -0.13450394122215278 0.1689732282514592 0.16050785670178208 -0.026090103170294046 -0.3088903470797623 -0.0010243168478606586 -0.2519009449025173 -0.1384854806115247 0.6119781437275613 -0.11900639928080325 -0.027349282931358538 -0.05857682867125341 -0.006940515223907896 0.1588227904467353 0.2035663871264999 -0.23525869450151818 0.013701115449430076 -0.028008039661633302 0.3582916902923743 -0.1291541358993646 0.2004225655453889 0.05332956267093586 0.039383563150070175 -0.013343022697502547 0.16545048520266134 0.13096124067462964 -7.415613334296883e-121 0.20395903175274238 0.2157747388545196 -0.19854951812316315 -0.20568252909722817 0.1308114339447849
1 3 0.2039633805492146 0.005959497509514458 0.07711826629358477 0.022414300756272904 -0.14803134728920317 0.15182117577464416 0.1672543096680921 -0.07679908578989748 0.15420979037922478 0.21147410219656762 0.16306608139886275 0.1101418314268733 0.1282497548123539 -0.08176983370811651 -0.16720774739290756 1.3366908032133972e-100 -0.199275504186668 -0.12142398387374959 -0.0578616395022965 0.17500758333779382 0.09216730746391139 -0.18264255538968438 0.1446542812746927 0.06059560027331289 -0.09041884714657596 -0.14006252980163247 0.1649818652868588 -0.24525452209963644 -0.15609654803251813 -0.2642904006548774 0.2435265391533231 0.27491327905062124 -0.019814612885298143 0.08728457528790855 -0.021854669119554897 -6.212597460138288e-05 0.1629349591476029 -0.09014972223957222 -0.11098191456230765 -0.18164769925691887 0.04758065513018872 0.24508526610339537 -0.24083816197349986 0.13520248906696433 -0.1763076448513083 -6.550671694202846e-143 0.12879396997685966 -0.1541483271769969 0.10564481070627839 -0.17788581778073362 0.06535107237701883
1 3 -0.051637878647251355 0.5045745927975128 -0.13474949291483304 -2.457533602449437e-122 -0.18600010284367693 0.02937771302843143 -0.14366643427943454 -0.47841372914302255 -0.040557558429253605 -0.3485919682505213 -0.01760392443892751 -0.06993804430786121 -0.29691465805813294 0.0896732945944898 -4.645963535613666e-12 -1.66971603768765e-98 -0.08609939584494114 0.02733590607943315 -0.14966401060456314 0.20641302108169096 0.08880177589909583 0.11745208708136966 0.019596029745505304 -0.015287215820133006 0.3027307811487683 -0.18665241054680426 0.049609559072941456 5.227832893405292e-06 0.20782631591804096 0.9544949954270467 0.10195362525348227 0.06579251309843369 0.18570210605524798 0.1209180643917992 -0.06378348217669352 -8.369434262140345e-09 -0.07082558664624272 -0.43319591422455833 -0.15089076830820447 0.029821855916742114 -0.041756478235804396 0.007878039881850672 -0.09185100672530305 -0.0159119796110975 -0.11718903509578507 9.382721793631923e-149 2.489181589643394e-61 0.10103612915179552 -0.08807044000726452 0.1390428663223615 -0.19448965432225548
1 3 0.2333789458496691 0.0961017446540332 0.26771095650137955 -0.29896195924474916 0.1130016332128469 0.25753732200342505 0.189722793866566 0.22972451321985285 0.1644348628191379 0.1675563160910587 -0.18493820665525634 0.22780673781379937 -0.14041931791784246 -0.07091414281374227 -0.3722974246916829 -1.2920299375912258e-56 0.19469126124033348 0.02413902424712368 0.09338662301227343 -0.15266344829653217 0.24799462961599078 -0.09920395158588766 -0.1168930509218578 0.05800686262229787 -0.10811363860391096 -0.11093564092163208 -0.12749052338536487 -0.45273919359586595 -0.07319724158984374 -0.22467443354262392 0.1312874712439871 0.25647048723426935 0.03215760717582441 0.033321981255767595 0.11349067529930039 0.03257623963383469 0.06294530498307706 -0.08412322850030159 0.17825036509191333 -0.09612322059476769 -0.1058886466963471 -0.09121385981676429 -0.09485207454820518 0.15407313317067683 0.09223503368987898 6.907253402194611e-121 -0.061390132633302404 0.17695532467390096 -0.17010744629142607 -0.07223354502809548 0.06816009413601665
1 3 5.609225405369956e-125 -6.790994349535787e-151 -8.291033510284697e-153 3.916971295046462e-142 -2.5701165045600108e-114 8.941867401594713e-130 -1.531519058067515e-133 -1.4686144014727317e-110 -2.743883797028176e-151 2.7126398087019524e-114 3.756006333913306e-126 3.170007965087429e-155 -3.0819707442047915e-145 -7.523390218236235e-129 2.953967064265584e-145 5.785121444719155e-122 1.4449475875355145e-148 1.0297403959825384e-118 -7.052586497789878e-132 -5.430033470404375e-138 -8.055089639303798e-131 3.3184260048045403e-149 -1.8713927802517602e-140 -3.256620403779691e-113 1.0587451433191738e-117 2.154466572947812e-143 -8.75001464482571e-149 7.412768140863406e-130 1.432807400720568e-115 -7.159843343057237e-151 1.4344546747627177e-144 9.738393610248537e-127 3.2123721455070053e-134 -2.1253936045804552e-124 -2.478230863436535e-154 1.9290371964215606e-152 1.269738454371148e-131 -2.6113934005998204e-151 2.609015577893041e-150 -3.4407968127148054e-121 8.274786583632115e-156 5.2544799062714145e-121 -4.439711788134749e-152 -1.7639256310162487e-121 -5.1746270740020496e-154 7.0412892639189495e-143 -8.652961257541685e-135 -4.65541278695582e-110 1.4536757226650351e-154 -1.2404020666383965e-149 -0.06533246588097685
1 3 -0.015577002776611166 0.026192519596615938 0.07427903919552632 -0.18515561497521893 -0.02880512935960041 0.026961867554278294 -0.3331277517592735 0.10542445671956997 -0.12438213734876812 0.26493581641586694 0.1848532216569246 0.2278053942668921 -0.10664908757528865 0.00630732634047847 -0.2421107284745499 -3.1253758745702717e-80 0.04057217647358642 0.05290568172730299 -0.09202984460843434 -0.034908917123287406 -0.03107340064474845 -0.17407277781992353 0.18525810193200137 0.1916598945282176 -0.08730170066068903 0.02396751684544113 0.08098293837265878 -0.25413400245331985 0.0029389115363772506 -0.21375898040481528 0.26832765526029256 0.20593208222242815 0.16258260537316155 0.2302377635912124 0.04212566828339931 -1.7261602362187055e-85 -0.034382759950245805 -0.05398956931133578 0.11897326363509567 0.06605001546854287 0.043173968410849056 0.13996073313595914 0.008422683156506957 0.22275943217290925 -0.17803338293341883 -1.2521197662203886e-149 -0.037515115754924104 -0.18943799182600152 -0.20736476948169563 0.22818809506846102 0.03724605469334733
1 3 0.06801538137409789 0.01579429326090804 0.23157675190309396 -0.25707085439496175 0.13414452105953403 -0.1883616862841722 -0.10998389146958296 0.23444514612414363 -0.009316104169318423 -0.04742182355227889 -0.11294805901247335 0.2984948301109948 0.0969900455664328 0.25816580882639417 -0.2036764320908386 -8.762427719059981e-149 -0.033241339034518744 -0.34051696962266836 -0.142315267390287 -0.2860795151736434 0.06569454819554636 -0.1301896019818323 0.082476825836684 0.01317062980628897 0.19947867097458574 0.003352882843775744 0.134690433311107 -0.42994669054178064 -0.1572861955832175 0.14130504791642617 0.20489873139476025 0.10057676108079375 -0.08780861914960576 0.22489353939099657 -0.20359544601729615 -2.50435182515067e-09 -0.06359230659579164 -0.24488209933899296 -0.04526328918427468 0.10045101491925053 0.20632222577790413 0.11328737218575302 -0.315824393023648 0.05528462952899911 0.22983833325694425 -9.631248230209435e-120 -0.21268052402650323 0.2752577697128465 -0.2245502385357302 0.006166209410265526 0.09252465603072496
1 3 -0.05002933907379406 0.13751273520987006 -0.16389692452747812 0.47719705376687266 -0.01889686511545984 0.14795894794407022 -0.12597337405810663 0.12780523873229327 -0.05744747599219627 0.2342822931490853 -0.24002571092898833 0.004324265733526578 0.10156746198913436 -0.10483090254588107 0.20492532554108586 2.046094292942916e-116 -0.11130372865858362 0.1588004580736974 0.007460963833690852 -0.1955455120191857 0.15042590437457068 0.1618983524140928 0.14485486538448022 0.23450319556613455 -0.23885007577687015 0.18613053543029082 0.07151758974749928 0.2082046285764434 -0.07598691197237187 -0.2772049539403293 0.13339339318363316 0.10156149584534402 -0.10137062695170704 0.02356054686663372 -0.1954696031534446 -0.0036607182574720765 0.19039821206946925 0.3186332441386328 -0.1479454459537889 0.1485598264596581 0.1168137167650883 0.08219345703787012 0.36035229103065775 -0.027040251724515088 -0.25780760603130076 -6.915419221274935e-147 0.7421907314877059 0.17922521869795652 -0.06428066430488633 -0.14286165761924127 -0.14114509474519582
1 3 -0.07712412147160001 -0.13853932340952912 -0.08259165064840249 0.2422649482980247 0.23175628575427806 0.24026454280410417 -0.07954276479433284 -0.3021026957953147 0.028649781074529958 0.465484778760689 0.4596555366010144 -2.082994675584575e-149 0.2758410619307099 -0.12813264440420014 0.0932899894494777 -2.3920053317405757e-85 -0.05653293732379236 0.6269645998243671 0.0494357444995894 -0.1359044287502991 -0.3578416319878215 -0.10972550689219347 0.5589094598387209 -0.1892978015440939 0.0006007029866830435 -0.08279113747334567 6.487423601894205e-113 0.42800546142979823 -0.01745366724987662 -0.3627172085774334 -0.25256288013043177 -0.20325421362987312 -0.11333330309867208 -0.10903111230488141 -0.35033800949193833 -0.004867654756361494 -0.06970188152580065 0.17757334995990715 0.024941910939311508 0.0670410926285741 0.26394284042141586 -0.29472817509833205 0.016378700761268263 0.0919934818128776 0.2064630108435354 -1.1435214202786653e-153 0.6728470230075779 -0.7127031733669248 0.1686159513938796 0.08620572637354978 -0.016922241872720584
1 3 0.2892024608105635 0.03239712218232656 -1.5019015967329046e-149 3.3056120601208716e-07 -0.17758788650284663 0.11637665710886953 0.19676394277984235 -0.008417738201473653 0.11295623384969454 -0.1652206540766489 -0.15812764459309947 3.1866636660571285e-151 -0.5153764116948971 -0.019091381645225974 -0.04566025738948194 -3.743338754421914e-142 -0.10192757160180396 -2.1677451727600941e-119 -0.09170347591301588 0.38371757374216314 0.08950222318356695 0.14143350245223457 -0.07977901728947062 -0.23549712131143447 -0.12693421392020582 0.13769111340973017 -0.00432061927382946 -0.4764181258817506 -0.4508738062773596 0.4493233024843982 -0.0061505850382571085 -0.011424395073126299 -0.08055927954391157 0.03289250705122587 -0.11420862005543815 0.02913374081014913 0.13529263180977144 -0.15741588624540606 0.0813707455082351 -0.1701196154830217 6.190922614315293e-23 -0.44706861164342765 -2.6768330691105744e-134 0.018238514480958413 -0.2467367372525548 4.331068839121913e-150 -0.48809449053970055 -0.1877030047589736 0.16610371133254478 -0.10415279811673163 -0.2753775035490804
1 3 0.021074493104938224 -0.13574261861066192 2.931405108024113e-132 1.629615100488992e-10 0.2012149800022294 0.078382055853713 -0.22109921428914062 -0.027208754939592333 0.1620403010880517 -0.06182961260924363 0.04251829211652343 4.594908665526935e-138 0.16962302900421136 -0.024106326628650587 4.062429900946608e-05 -1.2095030626949736e-103 -0.11326044228196111 -0.010745529899142799 -0.11163455747135625 0.12153319606004293 0.01937067139827992 0.04687827057939361 -0.001291547874670973 0.04812459671799466 -0.1295528190274586 0.16298555863773062 1.4444776186338005e-108 0.0005760320438271387 -0.21059989977286275 0.0020767145892345725 -0.12971053116639691 0.045696297705101654 -0.12456821019342725 -0.19637391540063368 0.1398381337167257 0.0009542590913944539 -0.17865776594270535 -0.011188258441201348 -0.20026864016906687 0.043828388544591805 0.008766724237238175 -0.022682403958253425 -0.024554554935146168 0.05705732046765351 -0.040745724876744785 1.5764346987209989e-130 -2.6922081986001847e-05 -0.15371179460724013 0.007554109298337127 -0.04620820341650117 -0.06144821958682365
1 3 -0.15744801012238052 0.033775327748798885 -8.416359624912668e-130 -6.440744165489445e-151 -0.056582123607338115 0.10899289780576456 0.16673177852203147 0.20520194503218708 0.18942071750747733 9.845148471476015e-119 0.09578632822542736 -9.556031697589622e-123 5.878623284288505e-154 0.16253955951059426 7.576272939451732e-06 -2.576375702339695e-109 -0.039507746370554764 -2.9691031890038434e-115 -0.0002467868500902432 -9.161894610116299e-06 -0.13327480429365013 -0.1557247929959652 0.05958881510330963 3.694713194052044e-150 0.09022129302386728 0.009810394777957736 -3.3533963844815698e-136 -9.445464898513871e-56 1.2091901775077777e-136 3.9248253289527337e-140 0.16510505145559873 0.009696079171467312 -0.022321068307585987 -0.011629520322387558 0.011238094785390706 2.7707931826044285e-115 -0.09698033662091472 0.021356586973541435 -0.09249146678703833 -4.060320813191882e-122 -2.2701113743832202e-146 -1.1220339940485737e-130 -8.081700903468774e-146 -5.204280429377378e-05 -0.045326037861578676 2.5135674291255865e-154 0.13452122720682247 -0.11167919020747638 -0.04260524746735833 -0.08628206505595457 -0.2520644235948379
1 3 -0.1768561349098428 0.07912358600173278 0.09406108218536563 -0.4327816912162568 0.17427988924747803 -0.12347805856919462 0.20582229992241674 -0.017042394403465933 0.1824912506491202 0.043082985821829956 0.08365667304795613 0.04541127140572942 0.1494025285175254 0.1673132080586266 -0.23978735149656666 3.344965931546082e-104 0.1902625079821228 -0.15550289837446984 0.04413975273080439 0.005359200792608873 0.08007475808789044 0.04595633987559172 -0.1392436968624065 0.048800142585637654 0.11197859141539498 -0.16888575499557365 -0.13975265339895673 -0.16979100012081738 0.21017158795475366 0.07746667640662451 0.07029882193817004 0.18882838543632777 0.25019912668542416 0.20695842010236687 -0.10275923843435483 -1.7284277822419962e-05 -0.09227422875570196 -0.16504550018605998 -0.1235748211901827 -0.13694844222649785 0.01166787011539485 0.23034676944827487 -0.3081848286027681 0.12394417155008482 0.07031781718792027 -3.343705644501793e-142 0.06344376675060545 -0.14904301330594313 -0.1529122219971922 -0.15253223554011627 -0.03282672455637411
1 3 4.399505651324047e-138 2.5082180932483293e-124 -2.9037510600498355e-148 1.0750330039463115e-152 -6.826749928734951e-155 1.4269546544091595e-136 2.0218840924502945e-143 -9.301310416398913e-117 3.782442965706464e-141 -2.4267221369008227e-154 7.974662239153063e-147 4.176474061686259e-129 -6.7129068542163545e-143 1.590193875236732e-117 -2.4824855447932955e-131 -4.316294673379826e-155 6.799220902923857e-146 -7.7128169685006255e-143 -2.1784849952206544e-116 2.5776795890957917e-151 -1.415331283147625e-132 -5.9159981428146305e-130 -1.0168895734516394e-149 -9.053879812905556e-118 9.198859771424637e-152 -1.9434971766716304e-112 1.210053634452108e-118 -1.9293043944954044e-122 -2.034753434842509e-110 6.8233120486448425e-140 1.7715119319001864e-136 -4.637243513908073e-114 -4.531689478874913e-135 2.7121511387313194e-113 8.384757935716534e-114 6.389020135955704e-128 6.488306396390326e-143 -9.419829516701376e-120 4.705843393365184e-138 -1.9741884447874134e-113 3.2857383653392134e-112 -5.326572052588434e-123 -1.9767442521101074e-154 3.293796792081969e-131 -1.9315071461200178e-110 1.2722408030657211e-153 -5.141587177373683e-112 3.374546145555193e-112 -2.1152155892279463e-144 1.708074685718186e-138 -0.12494769107526979
1 3 -0.1566169141466916 0.009241684530574723 0.002329099953751247 -0.008709343164524002 0.1511443812684347 0.10520192034094507 0.047080160930612694 0.09421997660599983 -0.20983209967662514 -0.011232718123276355 0.1388607479566144 -0.0002481595861008141 0.030278857640971667 -0.053265924375806746 -0.006443070888094096 -2.05743223961215e-143 0.08018998465404072 0.016288606008134036 0.101798740426511 0.03091616861692811 -0.012811908876092033 0.09174022685049511 -0.09762134977704905 0.051576674173829044 0.0488253403074742 -0.04336220545537851 -0.07795279759183456 -5.6814264504374744e-14 -0.08938315103691925 -0.017693959651652158 -0.1258327586513856 -0.21424719462927985 -0.15397135123911568 0.11107806619611336 0.11437834635755657 -2.3535975216705173e-16 -0.08150436571762072 0.013936068375801311 0.09851103573088708 -0.0783083547881891 0.019436880278085017 0.10715021461556057 -0.10055972563970351 0.00044314149526913894 -0.005896281789280639 3.935511342826775e-138 0.006346752734752779 -0.19506361187968094 0.028000896059787173 0.022089530181997743 -0.025245869273901062
1 3 -0.1718517882021905 0.13780096021778027 0.0909148963733261 0.08042630015490608 -0.1875621247422415 0.16798915166686176 -0.09143965626620641 0.016774915073167675 -0.05976956154386455 0.13029950837381823 0.054401982439179666 0.056355531400411295 -0.10088743341405776 -0.21584722271397933 0.6244253751077407 1.0741925404385053e-145 -0.11795331159991439 0.17268550417721548 -0.2222931358163793 -0.28656127555788574 -0.0512643354190335 0.09762051805166652 0.06637683327687914 0.31358898026035453 0.018595308941884867 -0.1519970060001499 0.14745072203606382 0.3312853502928231 0.09518472337133027 -0.2693053677878086 -0.22611736803249055 -0.15146467790018076 -0.1871136114939735 0.1411829468753638 0.17175448975116356 0.01460134574721206 0.12474701967946424 0.2810552557796462 0.12766202676025368 0.2646118802813822 0.11496734208750597 0.07613119798286419 0.18497172753665048 0.07740580850653742 0.169151281876132 5.752983487563782e-129 0.3081807687974848 -0.30516674128651705 -0.15975798308479244 0.15082211505959411 -0.0669555772099879
1 3 0.17595025827313032 -0.11822477185372583 0.004425905404261932 0.21610357157859617 0.19687161837703163 0.0955298148658121 0.009208853225794246 -0.21927527435121982 0.027537366707560025 -0.13281679045019956 -0.02726610631737177 -0.027792112446789013 -0.231447312356535 0.11579205256062608 0.03735838415985183 -1.1156412475674026e-126 0.14776831496608922 -0.039092239541429444 0.11519153817501529 -0.09393399999511176 -0.13248570062483436 0.21927360085950617 -0.02354290137006024 -0.11791744083918648 0.19527788229238816 0.2286691668819652 -0.0004086269868115946 0.017456136566270302 0.06191418407244343 0.04121293997493426 0.17054962343665325 -0.20067964125315188 -0.18060911145223665 0.14016267683928527 0.1901626989214757 -1.538063828795319e-07 0.15586927498318728 0.048726893060810246 0.02473694697270625 -0.19283516456095093 -0.015304017497777928 0.20188397318957332 -0.07186605473892224 -0.0052870170420202655 -0.07306753778558443 -8.05772056060581e-132 -0.3202104666240734 -0.19677556525645754 -0.19211516322360203 0.06942510529517022 0.015874176822206248
1 3 0.16892973564537433 -0.1674513652283467 0.07320353940893304 -0.11539888510807506 -0.20571432711982404 -0.1687442869041752 -0.11964748703879015 0.2448576986993837 -0.15309839660043362 0.06456315371880098 -0.02436972132188538 -0.0422983286857028 0.03854935737540653 -0.19235013708037274 -0.13798590139014527 9.1857816003751e-139 0.0632893838502694 0.3270443363907936 0.17835569545413396 -0.10616599470179841 0.0971682495226415 0.26404659535665453 0.05882529561952031 0.14550378089607263 -0.11785542147955089 0.28999297920155703 0.1462868577284355 -0.031402357055486885 -0.13472225369853003 -0.0036881198015845528 -0.09362949217562871 -0.17346453139004028 -0.05973289170414771 -0.05739602632620516 0.16974514228650034 -7.318388108243908e-05 0.23464662942685652 0.10979371486543361 0.15706786220573313 0.04006940637482078 0.1520365984548709 -0.1645273013859878 0.012431094360143983 0.07092204591375914 0.09036713985754984 -2.41756778152624e-118 0.022985279626881506 -0.11655877586915321 -0.24369988049730484 -0.025306207033308367 0.18006608612515437
1 3 -0.12160750611958225 0.14304148844553807 0.24047999510059387 -0.38515506949226364 0.09008012007966171 -0.029710550067542904 0.12144273782538151 0.004189637305695531 0.2328828127247991 -0.11556321207729899 -0.07190828259234965 0.13789209691003562 0.030700087838995336 0.2592329307001854 -0.15166387048278937 1.6138052815464958e-53 -0.15098876206603418 0.07258623837841878 0.06837235034350797 0.24796675459797468 -0.006629451131570943 0.06657135351343473 0.034552709245010395 0.061336785615032474 -0.14439851150390967 0.14513617798970774 -0.04224811770387793 -0.3988683841433844 -0.1559743491027406 -0.2526118561600242 0.12335647426790465 0.04358117105826733 0.2590692400369849 -0.011861726363172263 0.20834530682841992 -0.0005617247100181155 0.13043690243709913 -0.23579757310359567 -0.06938459141034484 0.021245886981176167 0.09269231170748295 -0.08572840552029268 -0.3537252130645852 0.22018100020128167 -0.1100697003225863 2.1923343694055844e-151 0.07219019355143913 -0.13575129195630203 -0.07185053227802267 0.2634901523243967 0.14052923328492367
1 3 0.21153474674117773 -0.18314803452855938 0.03756805628337781 -0.10753348706016383 -0.07578936256183806 0.17339377399120154 -0.1475457666545951 -0.12823911831025173 0.050851419549730846 0.045040278407769696 0.13915161047371574 -0.0448829036494398 0.13133568885606062 -0.1642943215531574 -0.44439991079950636 -1.2648341475109222e-73 -0.09607597093713144 0.2715318326673236 -0.1597389784453356 -0.21036798948519356 0.03377493082007492 0.08488215221842711 0.15505886638866415 0.040632272415839964 0.09727375174939919 0.1343290985249251 0.09343392363384165 0.01891494369759034 0.18029272805293153 0.3260274041992675 0.04274058667179823 -0.18648681303125536 0.2089058632476132 -0.09608716990807244 -0.12426756499808755 -0.015545455801690611 -0.06225447963196719 -0.06835830558840857 -0.14757039013320228 0.03271262037149208 -0.03570168350600621 0.006993437592398805 -0.02950133276659638 -0.09068090833477051 0.1647781696880773 -1.9483642515743053e-152 -0.15649400567541658 0.08372311052856661 -0.016148945444048286 -0.14459327676323008 0.21716462959016306
1 3 -0.10044352225123916 0.22136415593772868 -0.04674776866112027 -0.1627679376526113 0.20932940445244405 -0.030903661787334356 -0.2281394840388166 -0.03179432839496303 -0.1988010576120878 -0.1586518729521261 0.14209226743326936 -0.09921175129232106 0.11464218291269886 0.005284560388687613 -0.10193251461624445 -1.3342802447196104e-75 0.1882868092969639 0.0755347573993 -0.18022690391316193 -0.2074021025010618 -0.03160252218180735 0.10589734595931558 0.14351921791205274 -0.1491292207195035 -0.0011809420133433804 0.16856813992464487 -0.1924172420857686 0.0022456057483102162 0.08511767595623836 0.11803596570274887 -0.24597802150414863 0.1911188588476337 0.03027462116275698 0.19271902173879954 0.15566817484160603 -0.007616104322823765 -0.17906538276410752 -0.4109755373655007 0.07594084359747799 0.08110345880798134 0.14887926948760427 0.12661380118231252 -0.12642728518362428 -0.02962162655391678 0.08811739751036649 2.847802420730267e-121 -0.05282153122145378 0.1716772629895566 0.0407320364876745 0.03057636023564609 -0.0022856560673589345
1 3 0.026023157035523267 0.004926455880552592 -0.12660957490548538 0.45646880067405143 -0.030328721786326732 0.1663025683920148 -0.05207749359162105 0.13217881069339668 0.16116741126659426 -0.2666544826044877 -0.10629520912523203 -0.23757294996697018 -0.018751004531994582 -0.14401316118431534 0.3585135632564619 2.35305320016481e-62 0.18883244775110833 -0.01949842143763164 -0.1086637628335446 0.08243543897065794 0.08879686208740428 0.05421799956163858 -0.18490609620787268 -0.232916331329211 0.07565744667089415 0.020568086203372252 0.13769568667618687 0.1565810491559489 0.13671724364954657 0.11269737464522786 0.051987639766212686 -0.1700896073548563 -0.170893438040733 -0.11672405371473206 -0.05607991419686652 0.028598491654857686 0.00316758195175285 -0.06675755529884285 0.025154316770758394 0.12264286126693609 -0.049038558787086586 0.06705857497780826 0.30415381143918874 -0.15276580200902484 0.02717752120111322 2.217550912865816e-141 -0.03557679695618064 -0.19973010158736834 -0.1472927342308928 0.0907483794657473 0.17883042508693986
1 3 0.12543810639630282 -0.16726881445674116 0.1780109047886491 -0.252157518295582 0.26964673098947767 -0.0039400467427117055 -0.08646991091782869 0.06361883968904077 0.12425844747206286 0.14063603869771768 -0.02171889803726763 0.21307023042211742 -0.05608461902423546 -0.16432991957541634 -0.31203852200051985 2.0449122475726746e-112 0.22386855054478222 -0.3055141369224386 -0.010019442489567291 0.16903422991071765 0.2745919031155308 0.1815444199762087 -0.06937412515728894 -0.19318178969227692 0.23574259741406867 -0.08060663713510621 0.07621293899433158 -0.19391040085730007 0.11936308007825307 -0.34557783229328765 -0.093338643219404 -0.14720435101269144 0.0911386923222612 -0.14140335000565393 0.1881086655864042 0.02464140626839954 0.09888513019881658 -0.15345004534096932 -0.02556187360099942 -0.18074129994972626 0.2558088241211161 0.2231390722819134 -0.1927665516717248 0.24578482256259596 -0.09920011011216603 -2.1782790416493007e-123 -0.2153231713080027 0.18806316524406577 -0.21592983017609882 -0.0531805310806723 -0.1148310882462457
1 3 -0.028099674116609356 -0.10851175431141528 0.018326716656289495 0.4291413813750118 0.010551193744174613 -0.029787960438895388 0.06676996142306194 -0.2650418106494428 0.19900661333885047 0.018805404498585997 -0.02967282261608902 -0.22605125423656197 0.08675297780416079 -0.13916099241563357 0.37936040671579346 2.647353429586187e-69 -0.1558466911613714 -0.10309916617602506 0.29031351817050294 -0.172041096532258 0.006888752070090612 0.05345092761841391 0.08032200477706927 0.16702700309725 -0.39599987280845406 -0.251718160340084 0.13940030020087807 0.3457272209799777 0.14495141819141194 -0.07243824597092378 0.020348969377844146 0.014651975561033153 -0.07932200903867903 -0.06360008965417677 -0.09028591510953143 0.00028473530806678155 0.13006784289326292 -0.13386319815817813 0.14967038682663292 0.07492079193169393 -0.03979563037989832 0.1769042692832974 0.32845824360726117 0.09619730124877407 0.10784086323308031 -7.927506915636261e-141 0.6073147088449501 -0.1978340026954006 0.19332867598525344 -0.1922012071317724 0.1616281766255592
1 3 -9.993821400357095e-110 -5.788074193526045e-135 -2.1457316110790622e-146 6.249617912718261e-123 5.552336505295814e-129 1.7085804181896939e-143 7.06232271688027e-154 -9.359332529404741e-136 -8.282307717484265e-153 8.17261903712306e-147 -1.6767955707051967e-146 7.821667593881145e-118 4.809541309591539e-131 8.656050616573538e-148 -1.5636605964508213e-120 -1.0707283809993481e-135 -9.409121697344724e-152 5.755650201167523e-125 1.3564933130401684e-144 -8.35317245815377e-143 6.008722104674171e-128 -1.885646775972797e-133 6.707910836397507e-151 1.3240408950188964e-119 1.7491844441714667e-147 8.458459383958595e-155 -4.453348626081313e-127 -8.601243761022271e-140 -1.154945688579587e-149 -1.4658418542660539e-127 -1.85711767989656e-116 -3.0374681552871415e-122 -2.4098490843951976e-109 -4.148887075087751e-134 -9.172073187360397e-116 2.0438837785428877e-144 -4.972664298848554e-121 1.1112363666057686e-134 1.6745942937381588e-152 2.5809440699720574e-123 2.185329449185002e-154 1.9159969035606555e-110 1.916707852897176e-155 -3.762951400805545e-126 1.4664898626388472e-110 3.102692245340908e-110 3.725700089976358e-128 8.669593824500546e-148 -5.469513834953314e-125 -1.6502910072873703e-139 -0.04055552846523683
1 3 0.0771054178275669 0.21160293169877922 -0.23013913825731333 -0.17861966153536193 0.029841635188796466 -0.013655737470542387 -0.10955745897784301 -0.06797988236454731 0.037885333670896935 -0.08648654913798151 0.033358043746409126 -0.08949373336886085 0.15143905620036507 -0.06883563873469739 0.08423772244312433 -7.145628811601678e-55 -0.14454458461275851 -0.036534138924574654 0.02591243646481483 0.2076381053400029 0.06840120040273258 -0.0626997843539904 -0.021014949801251338 0.2208596717070866 -0.15075958998684288 0.20015884285612864 -0.21872335191805006 -0.11219700467047833 0.0025553027296983622 0.15750656148579698 0.11013481378886972 -0.1919884742463478 0.12451025986695899 -0.06499341920285921 0.124843164502288 0.00950268661938058 -0.16893080594426385 -0.34348609272601394 0.20087860499183183 -0.22720030726764176 -0.1094509237386629 0.02360172044601287 -0.19443485967524926 0.07222460917032325 0.12348885376957652 -6.688105611125096e-140 -0.05937259166078472 0.15652821236118697 0.22036533921042553 -0.16813528581414094 0.17164798850507187
1 3 -0.013016775829208618 0.03789426966492313 0.19721307848647826 -0.33151080387037357 -0.0883129767465855 0.06252717612765392 -0.0064593169026967755 0.19298305006487929 0.201554690545114 0.10308994422949898 0.08210033219149157 0.24662322026155487 0.16927980227708223 0.1846349242479422 -0.14850053288135703 -2.9751826404594107e-133 0.05422020323424844 -0.31878050279978654 0.085937398464028 -0.02774214090775336 0.09966337427809308 -0.16861978497970376 -0.18551922603964946 0.009258995939265708 -0.03452873088243644 -0.07129905226001183 -0.03432428828275518 -0.421833447006288 -0.10740298728014848 0.01869730412121209 -0.10111057504804082 0.17667692620743075 0.009955032152791655 0.14187464657330467 0.06582982844120677 -0.029523892333037927 -0.12916723684212114 0.08777940204215619 0.231827476935966 -0.2636247575008883 0.23568146187330918 0.08785359482077058 0.049722519619664576 0.06350127902311087 0.19241577134283372 -2.2064511786468127e-130 -0.07003083475364015 0.13358153894708136 -0.02078952810756163 -0.1740702342552628 0.005670620805831357
1 3 0.051085972814995925 0.10627064497185502 0.10875209114151486 0.705565132809435 -0.3164333410066459 -0.32873762403917106 -0.08370161806537761 -0.02264769400521787 0.03518887171503103 0.25447514064664795 -0.010126869693860154 0.05821910620530288 0.09831953422699376 -0.2993793084490457 1.004948304256752 -1.0078082705524563e-154 0.04165862553709486 0.3188188483470193 0.15434199534563323 -0.14868884983719424 0.06304660303976657 0.1248600491423033 0.16220390112167665 -0.23104849829737445 0.35676462580174145 0.3210530222453859 0.0026864800973554308 0.2039927485307954 0.12408780796105078 0.4070560503145901 0.011511925105968783 -0.09097811795665284 0.10783785715503015 0.04795465500877648 -0.08145222626087417 8.200150379782826e-148 -0.04163587484622749 0.2759282907603361 0.0051369162192623575 0.13529335581900576 -0.06098441116729805 0.17370906326936944 0.27164909806055154 -4.8839768661439225e-05 0.02099598650724805 5.670686643993738e-131 -0.5065981639613608 0.16024260896728448 0.06663661512507114 -0.30439507045666614 -0.23624507881396825
1 3 2.5072917741768223e-128 -3.5393335134726026e-149 -7.058747619220286e-121 -5.716857566752132e-149 4.865283345792713e-113 -1.0021286324307835e-153 -1.1417841338906223e-112 -9.577535865714174e-112 2.3385170347124107e-153 3.51415603299609e-138 9.397507978901859e-148 7.737626900652008e-138 -1.0182103389203074e-116 4.116939896738529e-114 -5.499005204023964e-122 -4.716963912470111e-115 -6.96629897596088e-143 1.6386078312816804e-140 -2.88669453511766e-113 -4.5452765082321716e-128 -4.386502420357959e-133 -6.065300098676955e-154 2.097777710638343e-139 -4.9415866344830896e-127 -4.156417155236084e-124 2.7389497523626944e-113 4.730404658229758e-135 1.0519427967087587e-151 -1.9924897902291913e-132 3.360270006637839e-140 -2.0638928520437897e-123 7.249787357229036e-142 -9.34242626372109e-119 8.365077809673346e-118 -2.1948020036409847e-153 -5.873006459630643e-135 -6.764428244973224e-136 5.039635763762548e-126 -1.8343777729285488e-152 6.15455326546924e-127 -8.04453398632559e-145 5.5522786983594896e-123 -1.6930231432164172e-139 1.4208194395984515e-110 -1.4889387813431804e-119 -3.51969200239874e-109 3.489930713251844e-145 -2.7147782528768314e-150 3.931336567794313e-142 -2.512360232120082e-151 -0.013517628441690327
1 3 -0.16468722067336608 -0.0870086882366471 0.006116068141994348 0.5152805311448424 -0.21303276532350626 -0.05073646852851172 0.19615192255106617 -0.18154064133063297 -0.14705943775355504 -0.15502578213245774 -0.17659769370188175 0.07617023408212201 0.07376404584590023 -0.11943179219108889 0.3128155009721193 -6.982202833437101e-72 -0.04886979318841058 -0.07931487894833834 0.06383216940553496 0.06727733807023648 0.0874784085213538 0.1447723558775064 0.09605396845109411 0.1864974847007478 -0.04646849970981123 0.15793498815841817 -0.22379153003652802 -0.0434123394564902 -0.127966884411346 0.23064696108614147 0.2098216735598124 0.17073616339025163 -0.13101520643113054 0.14837898829255258 0.08129348752246314 0.00865799912382306 0.15857999732802777 0.04943686212950052 0.18894126933434566 0.07411641721481387 0.04870169129356153 -0.21899522621089895 0.2533361990929863 -0.11850560761831623 0.11756261696597321 4.874368074348782e-129 0.0882376803716072 -0.042967102012162334 0.09352598332828507 -0.12123573308714877 0.15423744485768587
1 3 0.08630422064177261 0.007096516292940866 0.01905434629874804 -0.1755143777006876 0.10043185789483135 -0.0674301844010233 -0.031468687937898816 0.2514310546509769 0.033064814396133735 0.29986421712646283 -0.1791828237321052 0.04098166401698486 0.07379878307057489 -0.141437218641655 -0.044582020600719634 5.718516545662619e-151 0.24191637368273444 -0.04705368732899929 -0.18984921876707972 0.2227888972074072 0.0010508606977654759 -0.18816460050865608 0.1298071023063598 0.11522899472995357 0.02775644254652225 0.18562852501308738 -0.027523815509924426 -0.04744772476217112 0.20425667128550673 0.010619403608039656 -0.20698701089754623 -0.03373124119747311 -0.05445902025252845 0.23640418551949371 -0.14367134017044136 -1.8842814579264742e-13 0.060016660352785245 -0.16823047831702184 -0.011193825677593071 -0.10904066988082485 0.046024612107502985 0.12014351633761813 0.008127603596164951 0.0351967475232334 -0.07166725897954551 7.607517759199466e-142 -0.06567337524127652 -0.06172384567685812 -0.18035402237335837 -0.09068715522453608 0.16871109164064196
1 3 -1.0334641326231147e-135 1.4098497053637834e-141 5.342599599405424e-130 9.000384877751296e-145 5.5342034949550175e-148 2.305211938281804e-135 -5.739059494150362e-125 1.0176441432088104e-110 1.775339423817841e-136 1.3489474730721134e-137 -1.6822080979656085e-142 -2.879848413359133e-129 7.25396200503222e-136 -3.5254249359748526e-127 2.905346069509659e-133 -5.930080142102531e-128 8.201378471239078e-153 -3.290865134466544e-149 -8.702203987014312e-130 2.0868324876208922e-116 -7.856086151606179e-143 1.9284157492635303e-125 -6.039741793892906e-146 2.579731839163324e-146 -4.859894817222284e-114 9.688731070398273e-130 3.651692140726181e-138 3.042809541539018e-135 -1.541726329835944e-117 -2.3177184108122443e-145 -1.9263242901364033e-110 -5.208531115962391e-134 -3.942565196708393e-123 7.40733974338619e-141 -1.3705775360352355e-151 1.1206215432155522e-111 6.288516268762944e-127 8.311692831179456e-117 -8.699727566689898e-112 -1.5849435905556062e-148 8.870868613959348e-147 1.9500547270038398e-146 1.2042220245860751e-137 8.028060297175272e-129 6.64399299870124e-135 1.1400184906127452e-111 -9.219457389237658e-150 3.312579049510224e-147 3.5698600264384297e-153 -8.519186620007376e-115 -0.20277473977534477
1 3 0.10050951083050376 -0.034012643909098986 -9.341556718052102e-14 -2.150399761041355e-116 0.13101191317168578 0.16085901780694756 0.09177048072658786 0.06592733761747589 -0.05077210211942347 0.20890779873359067 -0.07590109431792338 8.585268002002806e-139 0.06912780037843008 0.06225137958923665 0.0020552976355703973 -3.456091126629563e-75 -0.13196086727216433 0.12065169628808782 -0.1547229146199256 -0.0814852907110732 -0.18233235772925346 -0.1975737597350496 -0.02374399734399834 -0.11608939694891166 0.008723327024415806 -0.08904648667158648 0.026481797291089588 0.003760644626343667 0.13504584741232675 -0.09054656774840247 -0.03317032026392136 -0.18286918414229028 -0.13749523723664214 -0.12778636996326137 -0.1654901171781969 -0.002135174846402202 -0.025880852954299597 -0.0010026986156860048 0.10640786612011183 0.027657664252039773 0.04553690436017031 -0.12223183152451542 0.06857310864643189 0.014494061388105984 -0.13865752186911798 1.3974064438055119e-124 0.11325729740904336 0.1637592562497033 0.18187817662887373 -0.2264548771755595 0.039245035376875285
1 4 -0.2388329327653731 0.16704533661160245 0.197723361878714 -0.34594400022040905 0.9957447597899927 0.6997322129315282 -0.05079306680525935 1.6148917663679621e-100 0.16263914481858505 -0.3710612890347039 -0.3124273722679163 0.002496320117997051 0.7367864510287809 0.025257045551685797 0.09081172912882057 3.38244741605921e-126 -0.08639442898447466 0.2952082284373082 -0.11519687707206086 0.3505778084770602 -0.27604552536642263 2.0666347893131205e-143 -0.22428420140891306 -0.26045148766591725 0.2954345539270508 0.7887322691190057 0.6061210631445718 0.06324462511812104 0.18854905967973237 -0.1003206893346145 -1.6654337308682087e-98 -0.009213525227208386 0.35476499325247574 0.027752322195195384 -0.23957660419235624 -0.2947308767325726 0.1629582620291203 0.1492617413697191 0.21217294156839256 -0.3124655123702728 0.2593672003072917 5.361263900030355e-153 0.24757742768926191 -0.264716431674891 0.4970543985472538 2.840141144713248e-97 0.19320486266581233 -0.047184357879121924 -4.5651005441662965e-152 0.1426159979334231 -0.31513135971359924
