Number of NNs: 5
NN configuration 1: 3 20 20 1
NN configuration 2: 3 20 20 1
NN configuration 3: 3 20 20 1
NN configuration 4: 3 20 20 1
NN configuration 5: 3 20 20 1
NN Layer Weights Bias
1 2 -0.1955569377449526 0.6709274935225256 -0.01926281472440462 -0.2839739808150861
1 2 -0.15813131351291926 -0.2831413338711217 0.04057917319986334 0.4550038801531608
1 2 -1.2855875703481708e-160 2.6170482019613464e-152 -3.388870923340025e-154 -0.4563006229770612
1 2 -0.1514474833540731 -0.515140642105316 -0.03932346226144981 0.3277023229845728
1 2 0.5066757648921911 -0.2719345544601113 -0.4340669970296994 -0.05898687624016487
1 2 0.3078694732874585 0.22335045338046872 0.39434938509327 0.22447557738236287
1 2 0.45764797920196293 -0.870579622705781 0.019683087823316053 0.0011218945872310702
1 2 0.07421357920361782 -0.45242930712429247 0.5178198949897085 -0.133403959522591
1 2 0.4252694262197329 -0.16016743654308851 -0.5485769721016249 -0.21343147570178614
1 2 0.12108059193491563 0.42483712804970575 -0.6130995094725268 0.1891039021128963
1 2 0.3248082375972154 -0.1722493981853229 0.466703640128182 0.19313216210426457
1 2 -0.5360280244062853 -0.03138564819125428 -0.06141106496144354 -0.41225564655978914
1 2 -0.16133436574240004 -0.09266603285962288 -0.2865779543249797 0.5146154268949852
1 2 -0.36942249495912877 0.292909219549889 0.15584252518618746 0.19715548870423927
1 2 0.8527966769479974 0.27347744620973713 0.15866213742615098 -0.07390122290337926
1 2 -0.5192927151739402 -0.46025049352197445 -0.5386382900501027 -0.39983236829020546
1 2 0.0678720994897609 0.09181680102242247 0.7039532468926345 -0.5753953899388518
1 2 -0.16790938666077548 -0.13757650220636428 -0.5718737269488784 -0.5616582282574493
1 2 0.7791564342141709 0.16930727888171612 0.5009874703472535 0.2001404917055007
1 2 -0.4468536645036122 -0.1899765817702744 0.1409214228897904 0.7167414907941058
1 3 -0.03625391195816586 0.06362739889782278 2.884996196323015e-146 -0.14885869120746217 0.1427269874577263 0.36257480300219463 -0.12898770672610305 0.18614562603776752 0.30203303577891943 0.2634130938287046 0.20260260950587528 -0.7522310753768124 0.40378651499402984 -0.3152097786007207 0.21141618547433588 0.20976303930083265 -0.3893064820188775 0.003216925144768452 -0.1478722646498912 -0.2706381925624951 0.3746783961210575
1 3 0.22686716899259338 0.13786051103121194 -3.194275100188414e-117 -0.44851793597655726 -0.15400818162483187 0.048680396702787836 0.2527646154404088 0.42519895500484556 0.04916462059268479 0.3065072564224813 0.2914289423131934 0.07633315225203342 -0.22925059313584106 0.30592878927342154 -0.02740512963406012 -0.3041889286065945 -0.5446238342379037 -0.44075543367281106 0.040744592068996825 0.20282012779765982 -0.20510297763496763
1 3 -0.3823608186920996 0.46193762931850446 -6.120732372667264e-107 -0.27269807139181074 0.30973389299277454 -0.0661652980911105 0.3645311570589314 0.22057746868190767 -0.22698021502519075 0.12867749043990814 -0.018068644036991863 -0.390259637105115 0.15895491528846578 -0.013456253240490984 0.14633347717769773 -0.3146389642893612 -0.1655631052385196 -0.26447083655940024 -0.21739193715206237 -0.1118999755467177 0.342164078933983
1 3 -2.555710014654812e-11 -0.0219453401067903 8.600252881548799e-139 -0.24043620170285687 0.2265962428353177 0.06216019257616888 -0.0580328916603363 -7.633758266687738e-103 0.23158128496932978 0.0037446009318159302 -0.005500832394198593 1.2295751099740128e-159 -0.03815673946777745 -1.7069691982002385e-152 -0.09881593630150076 -1.589813653010894e-127 4.1161124583120666e-132 -7.135567246256133e-32 -0.1148019040077635 -0.009341890325963411 -0.1776536669509038
1 3 -0.42682905463201637 0.402050771768041 4.292166111230209e-152 -0.16144687732473967 -0.19509635028029876 -0.045101928402294336 -0.08933257311296985 -0.15307854022356418 -0.3612804195776896 0.130301150541592 0.0648326069605692 -0.8118690638778144 -0.181016925371275 0.0817161742136078 0.3176820555458471 0.23123531398967326 -0.0516454495123132 -0.30678658736110537 -0.11367350655245717 0.4089342577143532 0.44647535750472067
1 3 -0.013728466276837867 0.16300316940057097 -1.3606151694664114e-149 0.19381046182013814 -0.05255514172283702 0.16560226863388394 0.08041675250054942 0.17616457477607683 -0.153035963284797 -0.04961790570565809 0.3316069004002585 -0.7419518784722827 0.46909289370544505 -0.4510438617997354 0.3462275909719833 0.05862251904445734 -0.770426404059925 -0.43258085173109473 -0.26014103143674977 0.27512212408204456 0.42463635198649236
1 3 -0.46167374548394763 0.3747329896131629 -9.90447259395839e-115 0.149564096669263 -0.2624365789621898 0.08531164235934094 -0.4273155756831796 -0.072885702459898 0.31757020997095914 0.11345692819646702 0.049541828309514487 -0.5306504213779535 0.294131191410459 -0.304688873526582 0.19241730108866908 0.14275457581867373 -0.16818168625134705 -0.12162755120383655 0.20872745279917307 0.17883422254617692 0.3551512839622524
1 3 -0.15888289777464373 0.05424712247244934 1.3302133559976286e-102 0.09031446728050563 0.14631112680416325 -0.33807277308667727 0.5758658592458578 0.20141307523217178 -0.34142807916680906 -0.49758026769028796 -0.10519137267938826 1.4822656922742172 -0.2741662022593258 -0.28055286874322694 -0.34921021146868453 0.26968246781026295 -0.08417454583326443 0.4606311669932399 -0.5792178554133425 -0.1088445177203282 0.0020157450357809357
1 3 0.1314063118944884 -0.5794642192645975 -6.700828948644827e-95 0.4526693877384485 0.17804169698692832 0.20470083184918056 0.1237318548005349 -0.09870724778934169 0.4657921083965545 0.029337430161253047 0.44949206343260906 1.6941503185371676e-24 -0.6481691476169125 -1.1239825865717679 0.29158416292948175 0.027147018646103936 0.21240174717840019 -0.018258963232260735 0.198115037262237 -0.7716528471037106 -0.19422029293381077
1 3 0.8515946493325358 0.200953975332419 3.5807299506487225e-114 -0.30157197855502965 -0.1843963568904346 0.023429755007569796 0.5686442669973361 0.29681583777434467 0.09683288698443772 -0.38666295379145427 0.0727511851425353 -0.4884586270870351 -0.13085135514309026 0.0044004385391325325 -0.06547018991660611 0.6296331108656797 0.6768499347302279 0.40364597669897945 -0.021662362588084426 -0.06869730444118566 -0.15419046198805897
1 3 -0.09872198682139971 -0.16268407989714764 1.1619707334569973e-162 -0.25928121213097904 -0.08783347609733698 0.1083745934675615 0.5422400222159692 -0.04118245156472894 0.3433089429212973 0.14498301942998046 0.023271467016940862 0.13843058312290019 -0.01978612295825908 0.009044202825605955 -0.2097355231503247 -0.12315617465404528 -0.1519411878137323 -0.02903227966019372 0.28856233963688727 0.2005758299043854 -0.07125575732870087
1 3 0.9722665909692572 -0.8290283760222055 -4.559610717066502e-129 0.03614590436495485 0.5870648805558087 0.14147091429246633 0.2834799152181142 0.4472158530709839 -0.4581025448989555 0.15146577443145615 -0.04604944807578016 0.0022886523903791114 -0.518305531534757 0.2515651138335778 0.17094986829257103 7.315175102431657e-128 0.6270971617701252 -2.0376670350924903e-84 0.3518223542761733 -0.6013009520413549 -0.4094802922917243
1 3 -0.06562357245216552 0.042845361407972765 4.3549541630858824e-147 0.20392114920685792 0.21089457196866454 0.27209172977813323 -0.18049542416686634 -0.12576332379429883 -0.0837718338898739 -0.26048221528583837 0.13342406939942486 -0.70997063541972 0.20081774305543462 -0.11690564450449109 -0.025289246085113348 0.0391351638143692 -0.3317600844774029 -0.44621317362552193 -0.09355015744929591 0.2131358495234694 0.05358704564412057
1 3 -0.46537298540810906 -0.25809474764612195 -3.151448695805339e-108 0.11575039741241097 0.15819470839734753 0.22612754041109245 -0.060211148664451736 -0.07720666021160628 0.3231912624356718 0.2472552666959465 0.22193546984895604 0.0019516829094974784 0.24362959671454698 0.17199095953242816 0.19623286924456984 0.3012030320308247 0.020415936978152943 0.1311896665872812 -0.3123552712066593 -0.3250019444364262 -0.08331769151625247
1 3 0.4476385770408125 -0.18161354972056748 1.573096316242007e-118 0.31231118383565604 0.3446314618446324 0.36373797073153435 -0.002322569485874856 -0.18345357270541215 -0.04558909128357139 0.32307221306791645 0.16093864452333112 -0.38544954761371236 -0.2617579643524827 -0.3262330003579426 -0.12635805345562998 -0.10155176258389184 -0.25111225931112235 0.45207457900174075 -0.4249786589285436 -0.02055967804250451 0.12673233670359288
1 3 -0.07906352935884803 0.1877022462539517 -1.8438341274807107e-143 0.3055270132003672 -0.2608462244695107 -0.09168709396218269 0.37197269772797553 0.2969677171996349 -0.01866829732065421 0.23876962313144287 0.31794860596534374 0.32998326345529566 -0.16902216744341617 0.08303146342902293 0.29812719333892274 0.17499283438351448 0.7767554616866015 0.07727470413844441 0.37750134099349475 0.10553674049905197 -0.04855355568522347
1 3 0.013686065171067123 0.16559149815200264 -2.8579662817280765e-100 0.25627094332686656 0.029618983117981928 -0.10311494314431865 -0.0033119963021173075 0.38513653017823923 0.10297494049992763 0.3209123708012888 -0.4267561924157217 0.508142682250575 0.0414434403576996 -0.061551801512088826 -0.5724497947302322 0.08914173397640786 -0.06173076725297946 0.05981640765257842 -0.4047862791002239 0.2729921046518607 -0.13890076985877545
1 3 0.11106742461421339 -0.14104547531430053 -2.8352116951804614e-124 -0.3324349287910872 0.05039258087181657 0.08910745510412321 0.44670139478309245 0.23501341054814998 0.20336359469708562 0.0446126900009403 -0.12550907279702175 1.2456917612561138 0.16408926810018318 0.2677254106699738 0.09942461835754894 -0.5008279409416825 -0.1267912340281592 0.04799582946989779 -0.2346609338351843 -0.3839830701244392 0.13035599118856384
1 3 -1.002777528314625 -0.3467988264742297 -9.453340843290638e-119 0.16076308189846 -0.03358922317358062 -0.06337400331760677 0.10156217355043436 -0.49701977814573267 0.15361148354957574 0.08070241002845996 0.19853267554931286 0.7304320722770136 0.40726877552196217 0.1869873300389536 -0.4815800109476137 0.37145057117803765 -1.2438476351235164 0.02628751079996503 0.04134991942742131 0.29562506440357184 -0.057224651582642956
1 3 -0.439605572238674 -0.1981118880150718 2.693505762279407e-112 0.04993996315908495 -0.011308041673010734 0.0012597877100330775 -0.3154441987308151 -0.4577182726034715 -0.0163475919467074 -0.3916370415948993 0.365921193882612 -0.005933209628842982 0.0813733027407536 -0.024828287085520397 -0.2921992140688704 -0.00592959184411 0.1867239652704825 -4.100070381660762e-18 0.06658590084482643 0.04322465011485361 -0.02932819175393266
1 4 -0.4445728264951767 -0.6534155361345567 -0.568845943978345 0.06305859340097268 -0.3858063628318382 -0.16983717692664027 -0.07068865779641198 0.24945909290785825 1.1854801862776805 0.44096362467437755 -0.4402588859470121 1.3561575362537632 -0.45620908254839565 0.5547682943929084 0.450078824317366 0.5176475836923977 0.22715480560972642 -0.5098528620080681 0.30733067727001867 -0.5963572136254719 0.009315291049651618
2 2 -0.25877182697897494 0.36835917543106983 0.33356392062254403 0.4076095000997163
2 2 0.8568044237652632 0.29834171853939445 0.33962076633890514 -0.49329457736345617
2 2 0.108524860917165 0.29551962048752084 0.18377692857211908 0.5445788098338257
2 2 0.008800489012469584 -0.299984347130468 -0.2676974459473872 0.5552573546268876
2 2 0.5829548170636262 -0.11733568985988384 -0.08201536949284371 -0.4917829509228069
2 2 0.10509936294142477 0.02810823883047322 0.27410152569698376 0.39108484260317067
2 2 -0.47320726102136784 0.007768450952971247 0.048837023746917764 0.08911722080125102
2 2 -0.6747757888789906 -0.19300044376365283 -0.4767124982698676 0.06544206089773297
2 2 0.019448543207438027 -0.7677721822898459 0.4401317970304567 0.018686071615206693
2 2 0.03795832145071913 0.04149750640615655 -0.29802449498058475 0.47033783595012213
2 2 0.4555050654974607 -0.15082385448250346 -0.03810509657024324 0.20319416507200272
2 2 0.3507128159486852 0.03727706862709834 -0.26746771670536856 -0.07447980528485937
2 2 0.3478293359350704 0.04768280841223581 -0.517655894052169 0.5550230279760829
2 2 -0.08212745925577256 -0.08572780411153735 -0.4859194842313336 0.35589720034922445
2 2 -0.059482218415809245 0.3381610463192136 -0.39555385858723396 0.04265113853676587
2 2 -0.5017282925721455 0.03805462930053764 0.4162070807485171 0.06318201400526544
2 2 0.33952596094914334 -0.3591811496031448 0.04295219712209666 0.47440239297798675
2 2 -0.02341580400990485 -0.354060649218879 -0.04660210127678669 0.25818046461578825
2 2 2.7602242096068245e-177 -4.473394935671097e-152 -5.5300450791815055e-189 -0.3937099870572537
2 2 -0.007726361866842108 0.08209773092904099 -0.3259305333461947 0.09088461163368178
2 3 0.09872703524272555 0.4608446329572969 -0.18258867180098778 -0.5181131134092227 -0.3754061076072526 0.3210431583964706 0.07789210127664106 -0.41350047673056217 0.2815533964181901 -0.5147188233268899 -0.06390762130221786 0.510154969479117 -0.12430813672178405 -0.2662996073632117 -0.32504674020495933 -0.10075529602284158 -0.18957408936854858 -0.0473596628818919 -1.9963332058182724e-125 -0.13724173697053843 0.1960648924234072
2 3 -0.03887889754663327 -0.018041840739875033 -0.0353968279560903 0.5020057343100252 -0.3001640550437438 0.08453010302791203 0.5647684140055476 -0.20576061494702502 -0.4076117201896897 -0.06299062813346352 -0.16275976486590438 -0.15686950724326976 0.17975404063464187 -0.21458859299879124 0.04871998005053893 -0.1904742012456642 0.19489139843187156 -0.6865574221786278 -4.647479708398393e-167 0.4317068620862265 0.2702820872448909
2 3 0.21328225714016036 0.03502667468879311 0.14962344321537213 -0.17662446647005978 -0.06481103862992606 -0.20065044818088118 0.4772657124502334 -0.10614893659855258 0.4342783235531513 -0.11599451906119063 0.21617633481142573 -0.2195799706761641 0.008407985483109264 -0.35461562008950315 0.09859787407790553 -0.22292134671704908 0.4175096764660716 0.11794081534130829 9.271255732397469e-174 0.06642250903485059 0.36168776089548954
2 3 -0.40920800604173063 0.9197023497710478 -0.04757476070029685 0.10316141719556211 0.887944411499157 -0.15921454867140886 -0.09714320112079826 0.2334432043518635 0.30268359117487953 -0.17937441866720377 0.07515657859239137 0.3922395887435053 -0.30902465265236406 0.29198920251225136 -0.01611963723656771 0.09063254203844458 0.3026962738525974 -0.4799545714947967 1.2544493813834746e-128 -0.4514563100360168 0.05227861410302415
2 3 -0.35402376375751315 -0.32357887306319066 0.07606810935529827 -0.057531035639529333 0.6490753213035187 -0.14657343046485444 0.19882040484214014 0.21772050737321044 -0.7644865390156186 0.13906942766694638 0.4016624207460907 0.23604833738505204 0.2552515841468113 -0.1275531383257079 0.05394858935423574 -0.13401257987623638 -0.48054110353955876 0.12430170632303007 3.659700799988786e-184 0.1982089837242995 0.2663072479591669
2 3 -0.5171636068068645 0.5342822838321711 0.20823703092317566 -0.4222747558339034 1.1750080838663988 0.20707390378435256 0.013419226370023385 0.21522562542477122 -0.000599841334652807 -0.041122785981498995 -0.02231600178029902 0.6882755517459928 -0.04433108962228017 0.09305589816841811 -0.12162088007711358 0.12933544617773243 -0.4338904573001188 0.18041478748423476 4.0733452365860675e-161 0.2243281385080704 0.24570488272475952
2 3 0.3909832353037032 0.5209104943215241 0.3547459561642884 -0.4792097096912828 -0.00017961643075251453 0.29261889429124804 -0.25099100851491557 -0.07755053458510197 -0.010589317104246838 -0.29713858026115847 -0.44598521756907245 0.6079247340059251 -0.691175569374993 0.09034627206625497 -0.013596824531379312 -0.3500166888218123 -0.5099183245194051 0.10259846596395397 3.7958335542605333e-174 0.04326954909929492 -0.3206046789128334
2 3 -0.06404818712272314 0.8511962325313801 -0.2840051934345279 -0.5397476857547833 0.2565307763031607 0.11372614580655634 0.22740110593139956 0.08518818134435839 0.7222755055309118 -0.1044406918990018 -0.1910316814275553 0.0840922358474538 -0.16017038564093522 -0.21976877777749676 0.22979640796154188 -0.4764886076876358 -0.41561789967606144 -0.21244373685782922 1.922876712104669e-133 -0.04643934795929156 0.13088834322588097
2 3 0.3266929218417955 -0.18872865715489773 0.014505150516816018 -0.18559914807004968 -0.03510232500118999 0.1804753718684008 -0.28484319728999624 -0.5723123195158794 0.09287090500588287 -0.1625469810102378 -0.07761333544301709 -0.05419379615963517 0.31363248951431083 0.3362089773876391 -0.3244305265749705 -0.3554991158105607 0.11006789615926714 0.452795138940193 4.724324898617576e-181 0.23733720868464198 0.10226570963759707
2 3 0.15938881586193127 -0.015726471277275247 -0.3059599174133781 0.11932224682350412 0.010281143919591111 -0.11677313976050432 0.2620516643101161 0.35703918269320595 0.030152821904532067 -0.045385600158586004 0.10743353011613509 -0.088883189783646 -0.4462259495426563 -0.09870419946305836 0.2762939449734808 -0.025454118243700426 -0.41069783104269714 0.20234314535629352 6.752312794811867e-187 -0.022019495850587677 -0.15827121001902084
2 3 0.29793646959039133 -0.10675869066021604 0.30871934719322136 0.0003741940556530355 0.3185259358095974 0.06660357245268496 0.2303570098136832 -0.25244009873437134 0.090182402005026 -0.01928954232620533 0.11919636242040106 0.018877664571137615 -0.1965509382202529 -0.1913721306249051 -0.2271344585485972 -0.2985485549879893 0.18534776526985713 -0.13395185035801244 3.8521851042229183e-165 -0.3804658785745275 0.3073948891952502
2 3 0.012115070485973557 0.09833891604246572 -0.24205980797370696 -0.4134681186607616 -1.5530503472437023e-122 -0.16535748771299935 0.11415903866207076 -0.14020755285720599 -0.09792238145186108 0.08660370848699762 -0.3104072973722193 0.05817598636137772 -0.10298982964087566 -0.08884008992496366 0.1676987953128296 -0.09718096895736668 0.19482030481049448 0.1782512575807155 -6.973193023573854e-182 -0.307746450550746 0.18964940496359037
2 3 -0.07404598596360654 -0.013639493119205195 0.15452323754750308 -0.2654950816121897 0.18007213904288616 -0.23994987367625542 0.27013908716514945 0.14851593012596379 -0.03433437835560822 0.08494346069297169 -0.3239885423197659 -0.3492869766001369 -0.19008374180856438 0.2553082607905647 -0.14753069016525025 0.008894914618458118 -0.42367490229193633 0.21700006789613896 3.1522633282388673e-190 -0.3254216855584069 0.12225700033624264
2 3 -0.10755593963728524 0.8911982365111409 -0.46045625712097404 0.028912389001540827 0.37246919361327363 -0.11808470323540436 0.22170577562325752 0.3741849244103462 0.07175256515535273 -0.23522024095554092 0.45102456050108425 0.20030378055916426 -0.246244504253158 -0.35848228349689454 0.2547601762798294 0.25615199343214445 -0.502393493208575 0.11968307253573197 1.7032588637979376e-125 0.006276709692300715 0.23977552467851707
2 3 -7.715177964077625e-140 -8.3723908707281e-127 -3.1207219703292094e-181 -4.42133047582313e-130 -2.2827373357871364e-125 4.689063761602331e-189 -1.4843208053247562e-183 5.709566696260027e-174 2.1043078333672438e-163 -3.6360760085106786e-155 9.020431112748014e-133 -1.2498129572308923e-170 3.043950875407209e-123 2.9317448272293856e-131 -2.7004333190742335e-168 -4.150862236633555e-152 1.3805651035314523e-140 9.017227863331623e-173 -4.046479921847507e-121 6.741828357660497e-142 -0.14344776010571456
2 3 -0.08262726512379245 -0.42529116640641884 -0.0131891134031035 -0.018478450114690466 -0.311926516779376 0.3880915306739115 0.4518880722423981 0.3557527498225934 0.21077768088002197 0.42388709589705004 0.24061825566060674 -0.05439813987891619 -0.19249686724421003 0.2347128452219525 0.13963656017158255 0.31168674123562456 0.3183455464062219 -0.2008230621326802 -1.6308585969164892e-178 0.41938458138323903 -0.12583929144298536
2 3 0.10817054433551 1.3516900471004951 -0.37982903414702957 0.3056695063892694 -1.2845860865146 -0.31312215405372723 -0.26741736149587214 0.05884260751796183 0.3249716058291611 0.11468388576145326 0.34971265723976447 0.1434255543555269 -0.26720362090888705 0.20753178789385068 0.7538379520097707 0.21464528182836365 0.01301863849917801 0.14038522418566257 -5.655467082678528e-151 -0.04497562130419102 -0.46100421148276355
2 3 0.4575459880840395 -0.2866130503765254 0.21844188944623782 0.4132898505202492 0.17188236354148861 0.2844586469557263 -0.21770962355485535 -0.22934768552322385 -0.018065365731592488 0.4248662014343617 0.24853188869395834 -0.10298548763680421 0.31681811413815725 -0.32469884009895683 -0.07500246029301526 0.37116266924206026 0.255136556389019 -0.09671614898716566 -9.744856672326339e-169 0.4047618795080987 -0.1470090010467513
2 3 -0.11553061670649978 0.6336881747430396 0.1399646571307982 -0.8747844840554092 0.27565767626514914 0.3217541151340241 -0.00802485818205881 -0.3631135973439503 0.6120393407503467 0.016665909004710794 -0.35569869965757095 0.5618772717049197 -0.1528814217372447 0.22018687725833636 0.43723904287500903 -0.7354027783527053 -0.2914043662507831 -0.45746321911982396 -9.175362045318366e-123 0.3192501501969308 -0.07895207007124858
2 3 -0.13313483379801683 -0.42041544095281136 0.15552781052397283 -0.02976898470671988 0.00034061144693031724 0.2358821393096766 0.12639354008324463 0.04149901073774293 -0.3448003625738294 -0.21383886686897555 -0.5483253747526506 -0.3336194400995115 -0.007151594495434177 -0.0005021781202541538 0.044104945644647175 0.25163468178109943 -0.08908615845105627 0.17436031168667024 5.609066658165083e-142 -0.41819420768572163 0.0853829432732658
2 4 0.47159409986855927 -0.6300343667105328 -0.5067496830479422 0.34977302511297664 0.2051799365019391 0.4541276554583306 1.2670003947654138 0.72735855996621 0.268193340551164 0.5075752184811024 0.09635869674346856 0.29366564080804003 0.5028378434280082 0.5322847949127385 -1.2921722012451797e-188 -0.3025947875344964 1.4488624789676996 -0.6206108546014676 1.2341366233944393 0.0935668263438664 0.16941780760297515
3 2 -0.12578122547001402 0.2847201636611567 0.35812827276072035 0.04318492910046964
3 2 0.49367659226189764 0.10391858477611006 -0.7438491659706208 -0.0303086528694914
3 2 9.772091943997161e-144 -4.116997862351134e-105 3.300083234345491e-151 -0.43847962208491087
3 2 -0.3866969844378185 0.07957070388462766 -0.46142860443302774 0.37085152394179904
3 2 0.33891795521363904 -0.3554893321039707 0.4958883689378046 0.14894870621110937
3 2 -0.02417471519326325 -0.48861675800384996 0.0356496950657975 -0.2454156742547915
3 2 0.15730416849402443 -0.7307331966264348 -0.14925077436308667 -0.2773392845273801
3 2 -0.30613097689964247 -0.5136150957907015 0.41008202823810735 -0.154101078583632
3 2 0.005644841718196292 -0.05892082248324685 0.14664031214869624 0.4469857397219323
3 2 -0.6722992499586237 0.2198953241586253 -0.11915638751258621 0.12441239391809189
3 2 0.16762101649093267 -0.10227417041338814 0.04050658384446415 0.3338539642539761
3 2 -0.17731735411550262 -0.19564249729171887 0.5744818270557739 -0.12258643749729509
3 2 -0.5748957583872595 -0.021371581559520143 -0.05252237868445848 -0.4963215012169352
3 2 0.098006427189719 0.15378642397013037 -0.2728279318625686 0.2498671015120445
3 2 -0.08415676949125118 0.5142521216162041 -0.3393969473953967 -0.4022078347358207
3 2 0.36413039778823886 0.1436246773498929 -0.04501735338464413 0.44869256437168126
3 2 0.5718824933604801 0.5569104378156385 0.49117426924666313 -0.29218030202625417
3 2 -0.4473943691018554 -0.14495911809061737 0.18202092401981762 0.10594460673688985
3 2 0.25029966725870423 0.5055567658775109 0.08073667627343366 -0.3577578427006979
3 2 0.7729281663505108 -0.023225945250168287 0.2677118243438159 -0.743446082563843
3 3 0.12582969499423585 0.6078214159329672 -1.5373618654893075e-121 -0.8574455242479533 0.29874436948242983 -0.534074016184253 -0.09521994306369226 0.06792710073191427 -0.16930595375652643 0.546468692916625 0.13384024436751557 0.28497516395809586 -0.16022367889270334 0.07496162442242635 -0.4148018403767434 0.30529726074363056 0.19885605438274945 0.21589164661798985 0.19178916718839265 0.39754138722504795 -0.5014063301977881
3 3 0.5327223301441323 0.28457486919227837 5.215877029312034e-110 0.08057044921038509 -0.12612332502019263 0.5179996591466104 0.0037310265255529325 0.06321994940683992 -0.3200265566542833 0.6444558425859285 0.10037619107899673 0.5252694841597868 -0.470414065934739 -0.025044908423150748 -0.26902847124642365 -0.3735613733053989 -0.09086566207270269 0.0076459517421269595 -0.04095041771320826 3.591268172640983e-117 -0.5329551706144103
3 3 1.6046681117520724e-90 9.396700153461899e-94 7.790466908811768e-89 -7.512594896448129e-146 -7.901273870452782e-89 -1.146419635235803e-147 -7.126878631999036e-84 -1.4606467360648553e-90 2.8860040020105355e-132 -6.174156787199179e-93 -7.356497623417324e-140 -2.606073972550504e-106 2.8508892275255852e-86 8.47457662120402e-147 -1.2322939905963442e-151 -8.859675655012579e-147 -2.397390044784213e-100 2.2217297984818944e-112 -3.4829459320298194e-125 -3.5873008122228228e-146 -0.2963851989439865
3 3 0.10668699015876408 0.03262817296098606 9.02081572606823e-148 0.1811562580277265 0.3542461215951039 -0.34247660530811513 0.06312430874186936 0.3027667731019928 0.10327746389592182 -0.07645111881029973 -0.035829384383420496 0.04998694018584516 -0.4994532506323381 0.3859079601151933 -0.04037214588958564 0.47344780408598053 -0.13437587999563333 -0.3383671140377336 -0.09203004576394476 -0.6759370590945941 0.35795225877360326
3 3 3.364808548682119e-152 -8.11675003106668e-101 -1.4132824432661608e-103 -1.7483346934546333e-131 -1.2788456854725438e-98 2.2893060727874582e-135 9.077806337530813e-126 -3.897530473371919e-121 3.752649588042743e-142 2.4571663208732033e-102 -6.052796592118762e-118 -3.338574006986933e-87 -8.430794251717514e-146 -1.7005496985570836e-131 -1.2979852190251603e-114 -1.4826600038288548e-145 1.089851963381241e-83 1.526368135781688e-137 -5.208413261227158e-95 -1.253878545113123e-134 -0.30558571592137956
3 3 7.524964937432034e-84 -6.73083775365758e-133 5.0933578830281464e-89 -5.0616376699598423e-116 -7.477313993149206e-100 -4.17752318906889e-102 3.702829843961697e-148 6.788730670650782e-110 1.1677112268224576e-151 2.4877616383952953e-102 -1.2242681555565508e-114 2.2778890335466605e-135 -3.932529341327636e-92 -1.9015040747129004e-110 -1.2070115920004283e-108 -4.647235834516963e-111 4.141619207850101e-148 4.235626251640136e-133 -8.253422554344234e-105 -1.5087370190637042e-141 -0.33945432123760244
3 3 0.2977438153329689 -0.08955011288181047 1.1977889307839081e-149 -0.2317288664116285 -0.24148404562541145 -0.2540763581134465 -0.046147707591663735 0.028244273093459105 0.047994019164070256 -0.09912301155944157 0.19773500054863352 -0.16938850870912414 -0.007312278791320324 0.04240916874706591 0.32680821476628524 -0.0067558860118467155 0.3833935451137713 -0.19097804858155998 -0.18127283885587883 0.22680504520520475 0.12652985417142446
3 3 -2.7950845812203026e-109 -5.642581872699237e-124 6.194500561763605e-113 7.775917043586155e-137 -3.3410734661998734e-107 -1.6618070488507266e-93 5.203097266361526e-127 5.747515896564831e-139 3.4352783205303775e-124 -1.0633721168290998e-148 1.0619822118326013e-125 -1.1121012150322869e-147 8.505278870056695e-145 6.719623364867376e-152 2.5189567261697134e-89 3.0886664174103087e-138 3.0031148567399753e-147 1.9719889498206447e-115 -5.835547891832167e-89 -1.6409310643058486e-147 -0.2438520109693876
3 3 0.06723840009522547 -0.28006564929378 -1.9580383188513246e-113 -0.3026819777799416 0.145137419846162 -0.23430436318984613 0.051945639374444096 -0.40506775464612105 -0.04296457149755113 -0.0004649993705227099 0.3857661549046254 0.02495496973504174 0.11451858711696396 0.3777496928996121 -0.22989072165091679 -0.18674392661169326 0.17993659043640453 -0.06796789693864598 -0.2624162553477928 -0.3458550547623745 0.31576081620060975
3 3 -0.1685196247065235 0.23226174806387234 7.449679641223671e-134 0.32072125554388664 0.3026484081463726 -0.2943579960674554 -0.8303890554985468 -0.2384207158530476 0.11889711441664015 -0.15321049851020643 -0.11983181716496989 0.14149418968956914 -0.0037536206929505867 0.0028153811519361395 0.010054701865039772 0.42625269652192727 -0.37011126398435207 0.18020833385190865 -0.5443664885686051 0.52288344232044 -0.13026283620625653
3 3 0.37669745073182237 0.3710525231629773 -6.027579940262048e-128 -0.14533493775466577 0.2690921755998661 0.046203523995804074 -0.4456060661122126 0.2501256940031892 0.3060198526858519 0.39849957349240367 0.10880817814551547 -0.05890926172909517 0.10752372087051507 0.12323113002090873 0.076516801725 0.13674229403524962 -0.19449378326381503 -0.02244281751598292 -0.1443860392376909 -0.5913449035235233 0.2705972106163626
3 3 -3.0342150169179197e-94 -3.5361767726988576e-116 3.484516647002231e-142 -2.6157153548854858e-118 6.893308479607767e-101 1.8857964460533185e-112 1.87438157989505e-101 -9.86604335343699e-126 -7.148627451421695e-151 5.175985272552917e-139 -5.586906695873712e-130 1.0161760245766448e-131 -1.193931866297925e-99 -5.5673805863843466e-117 2.8846074210600663e-129 2.2233187308237222e-111 -2.950940562274927e-94 2.16991428358629e-147 -5.506817148167956e-138 -1.9885365454308843e-90 -0.3203265426281402
3 3 0.2468688427767339 0.20912613019828868 -3.69305283063512e-122 0.21451671927727628 0.09200640050471791 -0.22386240255831993 -0.4271936592846206 0.2882246217738521 0.39278208782550617 0.24169047110436792 -0.15218211408274332 0.33193591258886695 -0.12022595763070325 0.23416861048631357 -0.19831317108364438 0.3452192472922716 -0.3097107089707657 0.13979073143727128 -0.4314107673522077 -0.164038550101362 -0.1094636080133505
3 3 -0.17830374893534623 0.5848396765155203 6.491278496690541e-128 0.15305949045333883 -0.25692384952410946 0.23872312669675866 0.210246814783062 -0.20583439556314098 0.14552493309273987 0.3834920168738753 -0.4656117021624324 0.5223859086648757 0.6031288944691321 -0.13175380596347908 -0.4824532807617293 -0.13926745476794464 0.8030533693199355 0.5311136156212417 0.6464994992749833 0.9578601600830193 -0.4389257305262299
3 3 0.13261603262739372 0.13496382444088195 -5.089209486364938e-95 -0.10832635271273955 -0.09655606066672032 0.3777057781276014 0.2857583335734275 0.3441912607849232 0.08845896963329081 0.03769673690752366 -0.26413371990471074 0.2553225655935364 0.13244218037614341 -0.19312005799329787 -0.46918868771991157 0.23366883874268823 0.123427886740724 -0.17687788222597037 0.14096214810212865 0.48104854137971487 0.3067531892687966
3 3 -3.2838676525390126e-146 -2.5186674511940264e-87 -5.680541127275381e-92 -3.367446960287012e-89 -1.93689471549779e-113 3.28877140218064e-90 -1.702817935352783e-96 3.22236136004844e-125 -2.533075285672055e-143 1.3458079505661668e-122 -4.445871398615776e-150 4.945009864024371e-109 3.3742789760649546e-100 -3.36382208356701e-84 6.083244239773342e-118 3.252327386585064e-128 7.291865817567658e-84 -1.8756390957638706e-95 8.214488450125734e-129 8.552077201306476e-115 -0.3552771015672826
3 3 -0.06421289124556126 0.3252049176308585 -2.8485881217907493e-123 -0.10282265024399508 -0.3491364621252513 -0.10465916737752108 -0.5436466721012547 -0.16364125040945052 0.46573375687578583 -0.2504979185992819 -0.0937028531859357 0.11966760032987825 -0.22089483951543268 0.3034014692892729 0.4805601583863284 0.37073637490266304 0.09383020561166516 0.3772166431982516 -0.36185985173920077 -0.9281969914019894 0.12200590735760938
3 3 0.2007277816669402 0.2310114004725282 -8.062134805821012e-134 0.6905822444796905 0.15099715800349106 0.321752361065576 0.13112882362039138 0.3033660448629975 -0.29419618278595994 -0.45318812302531986 -0.49243347119373176 0.5740444527918559 1.3297953791430612 0.18846463886165554 -0.40592368817513663 -0.47674252132916 0.5398682083782989 -0.7897876489097782 0.29914035409972217 1.0601665369246314 -0.01861357289909116
3 3 -0.00031950167868022116 -0.03559769992484362 -3.327346889398155e-116 -0.3580360386097034 0.0578375852046339 -0.28407868171993783 -0.07981775215121667 0.2597998527909025 0.4166058819293738 0.2818188009895031 0.028490246118098098 0.022464438818738785 -0.42406368317264564 -0.12461624134078494 0.19411929339474399 0.21313720028927124 -0.34258078377409384 0.31075573857563954 0.07274373927979916 -0.4618780795533713 0.16578152571029506
3 3 -0.27210050348425574 0.18489594973153928 -4.2833502915550454e-120 -0.3980745615694819 -0.24186299848075865 -0.16303392360220761 -0.2731802303598749 -0.21684021033619308 0.12339100429277856 -0.19917213674227371 -0.21965549658135008 0.06366621957025331 0.2466220372331027 -0.08418653721328172 -0.3777169737991669 0.11466844749397259 -0.3056441179573297 -0.36439978359798453 0.15206826063827725 -0.27631406363497657 0.07725245793965584
3 4 1.1760144529721348 -0.8010732993627401 -6.743496429396772e-109 -0.4947421654846569 -6.685223887056272e-78 3.752830599767947e-95 0.17986393809685794 4.06066150467597e-92 -0.4310271199424624 0.6018900323071917 -0.1036687287536503 7.792480918261495e-92 -0.5036010974243659 1.304456734128519 0.24782906073675515 -1.0433427639802322e-74 -0.3287939834266171 0.9480680097266704 -0.13935694039397917 0.27355069304767266 -0.10562983660233348
4 2 -0.6109520487632124 -0.7356024546109755 -0.03368849958580849 0.07576443113709243
4 2 0.021999262165170095 -0.33118525745924365 0.39222691231774476 -0.01225231267452856
4 2 0.6016158777574316 -0.2002857753391392 0.10466211283646787 0.43101092438920696
4 2 -0.18732728985870772 -0.38367433796647604 0.02727137774764414 0.3903129318990883
4 2 -0.3287876407692476 -0.4458893093218285 0.1772162184921172 0.10813303518140162
4 2 -0.2009751900448707 -0.2971198453690472 0.6237608642838692 -0.26639903547997706
4 2 -0.5932370382067471 -0.04871395533362607 -0.09629728458881753 0.4141152278138928
4 2 -0.002547068679338085 0.30296122294056843 0.2724096910207636 -0.417177709190046
4 2 0.21715724824608965 -0.07754161363270064 0.35949488103193045 0.5877858656017222
4 2 -0.2690009269647573 -0.2691137185229188 0.2034805533265891 0.698207804881971
4 2 0.3293950640030229 0.2531080657535679 0.29172084459175324 -0.516381855265514
4 2 -0.8131512596381067 -0.3236176333633104 -0.12165998935223726 -0.4945924275649247
4 2 0.28537040302052613 0.23052886170451997 -0.349532767450215 0.568503271439591
4 2 0.7504882891389016 -0.08871009618589279 -0.4195653125340449 0.17898197823346212
4 2 0.06812220863066645 0.019616031399283335 0.49792854580736584 -0.08615168527258536
4 2 0.5899649711751154 0.44551973507073994 0.40753278193975473 -0.16960942011981542
4 2 -0.474507518347883 0.3892956832364289 0.02055554365252904 0.7097964184662524
4 2 0.10943653187607248 0.04717285988214057 0.580739574632975 0.43473369322419864
4 2 0.031140416732103788 -0.30482175290439123 0.2599400361334738 0.4311716548555407
4 2 -0.4907572802281878 -0.3813506202775796 -0.11232626474505747 -0.18741786038919767
4 3 0.18917927378437632 0.018344761665636998 -0.16289496124336927 0.2121852167512786 0.467913097044491 0.06432151799406093 0.560244894130082 0.5661178334499419 0.25767582598544775 0.33401231841783646 0.13755611430093068 0.8183181277445079 -0.15577198651427848 0.10290198193905406 0.3237031863824705 0.4218096919213474 0.1584001289830615 0.21183512992654896 0.2007304753457422 0.22817817049082065 0.011139839499410744
4 3 -0.4665964008573529 -0.038505566287612286 0.006300616705573809 0.3277461748877911 -0.15873358647755947 8.43225868960607e-65 -0.28388022190203127 0.4278230691672797 -0.4030567035917236 -0.37588746596469985 1.0502669470957315 0.07794762831509448 -0.00975589847785419 0.3580997015885108 -0.3332112379588541 -0.08332965201230078 0.10273800908786143 0.2937241017770407 -0.07150831143597519 -0.09609443467838664 0.10024163505362728
4 3 0.4814122332714951 -0.20601312590086918 -0.08188228934887819 -0.34809291043112717 0.43713036425305013 -0.06765719069885076 -0.2531206804015352 -0.6394358405187606 0.31122483224463476 0.09223898934197075 -0.24983027313329495 -0.11035365180910896 0.38243623796513976 0.22322294685075744 0.2938786277004057 0.282077540231581 -0.22845131925024217 -0.2418225496340279 0.28317538724084884 0.059202738762295405 0.03456102503743873
4 3 -0.06823661341874765 0.4002046924594666 -0.20673187596228687 -0.04821292641126017 0.1842833401460468 0.683556131572151 -0.08678199534431612 1.0231393967832574 0.1884535837959761 -0.32260931695143147 0.40049419749012416 -0.25829388114570384 0.1703451339875344 -0.07118237516073013 0.2671061867244268 0.42117073298460933 0.03763230312017488 0.2812907542068696 -0.5049287474330362 -0.06329584316147932 -0.17252300516690522
4 3 -0.055026809970452624 0.12336793244482867 -0.08148806497572902 -0.4255846641252854 0.09519711068470631 0.010853529985829906 0.24395868407643603 -0.43270575971157105 0.2013203876208328 -0.20580151799066662 0.04838097631819419 -0.1326274982416764 0.16621408150681907 0.02739689021898087 0.30690973478898786 0.1446869058117582 0.26439649174193725 -0.25039455415051803 0.09165656170266852 -0.4355559339239425 0.39879640962998286
4 3 0.21707738053867945 0.03222338965073911 0.1751795408807901 0.43326134178037007 -0.2264840525990899 -0.23252611378569 -0.24756774861748668 0.8975269079699324 0.1093657574915265 -0.30584535516293104 0.6469793280415749 -0.5871860709603856 0.40340898717187784 -0.06680633006184837 0.14141635697402843 -0.10716102283893833 -0.19233853089734967 0.3231463842043576 0.04246503828505842 -0.0798272759222533 0.2521263822362902
4 3 0.14201501116601803 -0.34019748766060864 0.342821692900722 -0.38908421479101707 -0.020357538080397832 0.15350804974607127 -0.03417186716433778 -0.32806974158404917 0.21024668143506875 0.1969588484752866 -0.5106690331116561 0.016145667422652693 0.2547796699725396 -0.039760759342505655 0.27254806654864705 0.19628323641969703 -0.17485026981770813 -0.0320503976777753 0.059917130676032215 -0.4480512727500899 0.29710466491647786
4 3 -0.19280075098893218 0.15867310773567417 0.19206060683197634 -0.13226931926178695 0.09989391098908214 -0.0615989418495021 -0.33368797116868 -0.7714870535554313 -0.03169914570894878 0.43113794976350756 -0.4226004061344486 -0.4249721374936036 0.2565218917394847 -0.11859388574787078 0.2564628526256683 -0.2501327677803917 0.1308239478987775 0.07999889156779988 -0.1571199131665109 0.15104379219411324 0.2898853405656273
4 3 -8.805434401023313e-107 -4.218048533433862e-105 -2.6772641438937115e-67 5.601189400567266e-69 -1.15941568000077e-56 1.1133850446552623e-57 -2.613491381085653e-118 -4.29966763001465e-116 1.9160706691512473e-69 3.833107102972874e-75 -1.7364650171460433e-117 4.9788465026634566e-117 -8.483792211474672e-71 -4.5251194450648544e-98 -3.531845827610608e-117 -5.323191085072139e-107 9.93004118163227e-82 -1.2273085210674188e-100 -6.761708429200016e-106 -1.9870553606485972e-104 -0.2149088515565194
4 3 0.448896692421758 0.11928773498122355 -0.1928742903733394 0.3218616520583911 -0.23107530830638037 -0.1440697331096447 0.14626082846525823 -0.41244827174384613 0.23405932663145954 -0.10422185437801067 -0.12479670187835103 0.06951650913667197 -0.15834276777700218 0.36117901665416213 0.04893993008134295 0.10167584101301616 -0.336340054479444 -0.1828641095991095 0.1928805125678006 -0.044483853858129536 0.06816079212775226
4 3 0.16541111159631874 -0.0736155953950941 0.191827546672112 -0.42364696653623946 0.06119369487929059 -0.20582600548178726 -0.7768204624043216 0.9813318539598069 0.3631607971217591 -0.1178977784287176 -0.5282965335257845 -0.10384510157931273 0.3450729546650031 0.3230041777999353 -0.20911790130693625 -0.24623634430175623 -0.5572248462885762 0.25537429920746435 -0.08396749167942646 -0.6090593033069815 0.07424321363219158
4 3 -0.2525927922707922 -0.28288601203203634 0.3634556057527154 -0.10789692476997796 0.17729526626674247 0.04977461317417789 0.13752363741011167 0.6435485830241452 0.1238381712651179 0.26022268850859837 0.24624666711838514 -0.5489915292249019 0.08282234798484557 0.2799333382593371 0.2693353636273415 -0.001244883493882431 -0.37439320034728774 -0.2045611667336595 0.06429286443318029 -0.3020960453059638 0.2546034274163737
4 3 0.4614650720060381 0.49797982322205026 0.32043040892681257 0.07222471183180237 0.09820910634451147 0.02918264249294823 -0.4807159091551687 0.6515518827540564 0.1869169999614244 -0.3954053527349582 0.2200731384926777 0.5328418833703529 0.2824866084865905 0.18872117038648156 -0.17954441295147294 0.3948572543657822 -0.3184944014350494 -0.19682150863033054 0.061248214528627866 0.6073309697475242 -0.10607936662449288
4 3 -0.16035815823512134 0.1474308138257525 0.249793530874937 -0.06743032295019175 0.15823075485246077 -0.24897316742259096 -0.20897214379901607 -0.4772244439568969 0.27811471010446154 0.2507502580700328 -0.03452349442150638 -0.08829377446990809 0.013341714103529355 -0.16585306176810424 0.3371536644034069 -0.3873070130454368 0.3671396146095096 -0.3279754561153285 0.382636816492244 -0.307533742882367 -0.06828068620684424
4 3 -0.19321892327774304 -0.1499427792635766 -0.1336553725234634 -0.19249173857911694 -0.06374927759711481 0.09262952422951355 -0.4263011933505573 -0.6676669382848366 0.35684587006078705 0.485702155557018 0.023723852401127267 0.0958163450330886 0.3277505699812759 -0.06232301254385842 0.08488633070908788 -0.1518218337648103 0.03234743518597542 -0.5086805570910318 0.08604920093756083 0.19280820457848877 0.04515347898428501
4 3 0.0229358078954708 -0.20714050737947293 -0.20249197687171985 -0.3616260217096709 0.12911600252198918 0.2705693562261123 -0.17230568406972835 -0.7273031676276677 0.022537534969051493 0.19556899857504578 -0.5204120885650456 -0.3062321867605694 -0.04397934355504872 -0.3048419864898719 0.28327421915496914 0.029509533489836044 0.14783440648309215 0.14716704168866399 0.5001305917781714 -0.31914769152825345 0.31282452807800737
4 3 8.308474079194221e-106 4.495090794187035e-103 -1.2520258479785504e-82 5.741321739851877e-65 3.5251923778437466e-70 1.5936335654349154e-97 -2.000415641318849e-85 1.8482148135966464e-115 -2.8122294291126327e-89 -9.977476718604078e-74 3.148032517966234e-77 2.9008533595815084e-53 -3.7038164251207347e-53 -2.8463281157251515e-62 9.101427842446152e-121 8.194259161153929e-111 7.980435590443765e-57 4.787793403058576e-118 -3.603287483734142e-70 1.0899360202522344e-73 -0.2800393166381945
4 3 -0.9523739671488888 0.42368553776300993 0.0838864789366691 0.2395707580649726 -0.4454858025793262 1.0399218339768208 -0.20661702258249795 0.6792946424770985 0.3888501224921639 -0.7688637169545188 0.5027316622903912 2.9462161550435097e-111 -0.11191614491730352 0.46148111405939 0.14724181567803213 0.5002995641745144 -0.5713874696904147 -0.052035646435679976 -0.3350150395404952 1.4040310433846771e-64 -0.2340070021491008
4 3 -0.03184326991328805 0.3275617405525578 -0.1482263451729861 -0.23514176511946233 0.21945239006541398 -0.3743197034505153 0.09654147454672656 -0.55135832063964 0.04434533237005498 0.08542603953551842 -0.2900011151468998 -0.522771389162589 0.2833494742719886 0.24957552856601334 -0.04327327738375821 0.20208841784685602 -0.0038056805201687784 -0.25095104966591797 0.2436245826890323 0.05523806410299737 0.001413216867856849
4 3 -1.847263790005365e-111 -2.0827676840242436e-122 9.79637417930811e-115 1.673032351782378e-89 -1.8102759956404415e-58 -4.844537936977532e-69 -1.8070583486158395e-116 2.683622095778767e-87 -3.1702418026204813e-71 3.961773419897094e-75 1.6705648324838775e-86 -3.046776383773419e-78 1.1435910039308309e-114 -3.632374914606772e-89 2.4652414360240395e-81 -6.186546603868742e-57 2.987719287004987e-89 -3.191131615747873e-110 1.2805038684921608e-85 -1.4023096328920101e-90 -0.18169383924107885
4 4 0.18088581827517816 0.3183744181569556 -0.44132354034791477 0.5002675167557008 -0.10462021767183768 0.5359463498947421 -0.15406137499291478 -0.1854443810855282 -1.9472577554072245e-70 -0.37253666337454294 -0.5545020696601309 0.23177472052333611 0.4714586205020156 -0.5043896295036805 -0.9002681951293624 -0.6923374664686804 5.289920940181723e-34 1.3037138059741153 -0.26911515319708706 2.307100659673139e-50 -0.13146044587968758
5 2 -0.41954875674658204 -0.18713392965481662 -0.12649660907956 0.647736923051498
5 2 0.21142029931726264 -0.44421232099282365 0.0157947247938473 0.26041617608923023
5 2 -0.4079782714394531 -0.06779781902773699 -0.02025412503298377 0.23387768499109693
5 2 -0.3151995237531926 0.5819694590997941 -0.4506107998409864 0.4737724304449593
5 2 0.7406154988401124 -0.43930069958181756 -0.014209524652733495 -0.2805163383505941
5 2 -0.4411466542632407 0.1719193286816892 -0.005554142474503461 -0.3154232203379799
5 2 -0.12101028748034319 0.3148035197926447 -0.3257774556818846 -0.05819104667784875
5 2 -0.1542425225641801 -0.09617025123254656 0.4649009012536999 -0.20085574347409407
5 2 -0.23130470178378387 -0.2913467306833223 -0.6304419362487707 0.26879930503798566
5 2 -0.16491470557945062 0.5456352744816267 -0.31093050528030414 -0.1653325196077264
5 2 -0.18666215371592346 0.22970205690555506 -0.2923672573564234 0.21272713743261693
5 2 -0.038366067794486536 -0.06124029837675603 -0.5808350006181362 0.6264086324449487
5 2 0.367369082968659 -0.39021290306484036 0.45609322987492196 -0.3288778038122202
5 2 -0.04270827165941863 -0.45787512049836815 -0.3290814646682041 0.557801276347536
5 2 -0.02179677963518942 -0.10874720544909455 -0.5530392399630985 -0.3839158301811337
5 2 -0.35235857453124053 -0.46173508225661136 0.36862267297908247 0.527108869980502
5 2 -0.488180390303919 -0.08792227136672069 -0.04081079649714728 -0.3789341984410856
5 2 -0.30082480510182985 -0.2893752128541858 0.2966359554968415 0.4946396087473148
5 2 0.41492114244863576 -0.06682287328981117 -0.23080082348972183 -0.2752022620792339
5 2 -0.6567814201348614 0.2566396787297668 -0.28862882892093183 0.5238362828564865
5 3 0.1681245129230476 0.22300332105128465 0.19119553619009957 0.1593063540644865 -0.7441511632463079 0.07468040836577575 0.28008533244938144 0.004137355529126216 0.3245395298171776 -0.855634615543032 0.26412640990971165 -0.2897915902657547 0.33232566676850983 0.4651980574856735 0.7287920431861392 0.053863057698405895 0.4171926980671128 0.3593266731000404 -0.625163361796439 0.39851743986154164 -0.22255689571288437
5 3 -0.5528633272865237 0.02287625802009996 0.7738505115627573 0.06063763330536011 -0.20970154711057354 0.08489590489900811 -0.12051940886825015 -0.5176632249738533 0.13299254466945395 0.9588903099196623 -0.136401754999854 0.35977194867610146 0.2476943266752647 -0.007674074640162371 0.6722178135705036 0.209182697123166 0.9824658025134375 0.08105027286249679 0.3529333653711509 -0.52880031877167 -0.09283699511942176
5 3 0.417230006687521 0.43972477813703115 -0.5598731522665612 -0.045183051713989265 -0.06808472621229227 -0.6349813721176664 0.13443346935443654 -0.6832268505824597 -0.21766538597975518 -0.20090621756032448 0.1403341425568365 0.22096127804507043 -0.10656906118286323 -0.07991782770241651 0.03992565288682588 -0.18142446493067585 -0.6147452750029546 -0.07775593916225745 -0.17793132838519932 -0.05146158680792656 0.34240249446860926
5 3 -7.935980132177413e-126 1.7391640709956202e-103 5.661450876424201e-132 2.297956235491381e-99 5.9189575516503356e-105 1.2916909400425408e-109 2.1494823876421793e-113 -7.6395405266215935e-115 -5.672016513787318e-103 -5.344660612475553e-118 2.821441937724197e-116 -3.2079258580075006e-108 9.566046464948201e-97 -2.49119856977609e-105 -5.780767062099276e-77 2.726595995251649e-120 1.5907406989767904e-87 3.15489218948935e-137 -2.3549769867968167e-130 -1.2310531502431462e-102 -0.1253923741009464
5 3 0.07660368622708552 0.013991423829798939 -0.13550899109021508 0.30116056982586914 -0.2778170989408311 -0.08476463015859899 0.34211665470770325 -0.2417658739523144 0.03794116815677954 -0.04036513046519915 0.1334676861023831 0.035938594564385744 -0.4956216090614561 -0.25486943956735747 -0.041304003011079234 -0.09214024977595744 -0.17930350602486828 0.1241411597066592 0.2724879076910504 0.19394182759629602 0.4018444873814248
5 3 -0.5399810195231797 -0.19338900706958223 0.3677842446482201 0.17900383181606397 0.8222282649301221 -0.7473508609386333 -0.020064538620063417 1.0028427204777346 -0.052003253516690724 0.4929590771271369 0.2678178484595984 -0.5130366194913931 0.35166901562964714 -0.19039555288084406 -0.9907412718770577 0.0251785134546831 -0.0326981816626238 -0.4179185423788086 1.166097318309119 -0.009066459100298447 0.29847526865128493
5 3 0.0051228960198442365 0.135526811374574 -0.08829255962730291 0.4483565498146981 0.04862267751522772 -0.04521754663255493 -0.3231397037004476 -0.06506890387386814 -0.09086558114102934 -0.04885231846138442 -0.2579239247053881 0.1590351913451 -0.048735848898752966 -0.36464030383058726 0.03495054876199607 0.295823390827201 -0.6739098446750665 -0.26036507584459434 0.14681826078489157 0.21513606917812875 0.13713426941807022
5 3 0.48326244146757297 0.04448729618436669 -0.25831514787935883 -0.19258064098029537 0.16431021451895722 -0.7560335102206477 -0.3642088982463864 0.26343412023645557 -0.10301624770641936 0.0004057825324589113 0.3764638761426015 -0.12634766587732074 0.029476254336520583 0.11103675972274242 0.0378477682919203 0.41441242119297983 -0.1323989700511663 0.15654850451480554 0.20273592678271304 -0.25316908629935597 0.18896309919966828
5 3 -1.358384827929235 -0.48394149362673766 0.10998520997527673 0.4143973729145108 0.7996995017476405 0.002074925603384872 0.42334740529927084 0.6323190954998272 -0.49500363578568934 0.7495279153072946 0.2557496391902606 -0.501812360890673 0.7041974929339649 -0.42678501650274514 -0.10922022530096337 -0.019476109563315545 -1.0804572200782003e-121 -0.25481423099204065 1.1148152061349017 -0.9387418791967643 0.22996693247626054
5 3 -0.06325242521379783 0.19384393045184792 0.07420185450569895 -0.13440790285068865 -0.42194208630544605 -0.13918354525869595 -0.19497684417553823 0.148331735353373 -0.11880608667701474 0.029938876082940165 0.06006013365395505 0.5086925605483886 -0.35945316602474564 -0.5511190393963308 -0.7105664213996493 0.23074693585700196 -0.23475743555195278 0.4326151614302937 6.536515407419646e-07 0.28019943414047216 0.017685113908259966
5 3 0.2865073827982272 0.333108755162548 -0.369266267576585 -0.13214551675054254 0.3496238800841577 0.22741884319215905 -0.09962628460599389 0.12185693159617007 -0.32498893104914883 0.0018035023823918023 0.5990363242947365 0.12609696709669124 -0.25041417870615884 -0.5924233810762873 -0.011088048027833615 0.4284703621318171 0.3406023773564066 0.10344185266300755 -0.15735183038832554 -0.38080190038177747 -0.03995462795755792
5 3 0.10648971957583954 0.0602782024159746 -0.12177814637545376 0.1236861155773474 0.00679166472840332 -0.00831763931226247 -0.09216881759017705 0.2905747618387956 0.07726072844557695 -0.009482865467862832 -0.014913212498010319 0.5099431438349721 0.02859770280830155 -0.6823062535823493 0.08780882402979114 0.1983282726371034 -0.6164714673855316 0.029169399285791958 0.25934452078747144 0.03313453657473073 0.12030314831436895
5 3 0.47788025669340084 0.28891072393623585 -0.3849569529190292 0.050057625264487565 -0.05072164792277817 -0.012239713440537068 0.09261702310885643 -0.20602333805425796 0.4195280261410627 0.235124824531866 0.018693207784885008 -0.17357490500001188 -0.09472046080273099 -0.2763397772808092 -0.34916985419743624 0.09012489587736058 -0.5183042957152771 0.348681595011377 0.24117414865729453 -0.0515913029781645 0.20041889718217928
5 3 0.14068905721317393 -0.22420204503124744 -0.09572063367935658 -0.015226240152881093 -0.008067338879016703 1.1222558613649183 -0.12711610037008286 -0.0811211712005249 0.31594814416856754 -0.0022543908359786645 -0.028353227411666345 -0.45455359576542986 0.11923438534990798 -0.05324797030324427 0.29321735619230754 0.28726151666158706 0.3622436259864978 -0.27705590150311016 -0.23032303685745104 0.001962231958842298 0.10725964312263343
5 3 8.66441213697527e-81 -1.2275608655289054e-78 9.291088028528922e-134 -5.223437074715086e-132 -4.1939098983809425e-132 2.8067218767747786e-104 -3.270862104588201e-126 6.670045775440068e-120 -3.717564469360745e-88 1.8552394840021598e-87 -5.105647201031646e-100 1.0893640868791323e-138 -3.457666990930956e-82 -1.3532055415206777e-100 -1.4170648007706463e-107 -3.132827741967516e-85 3.3075000587979813e-124 6.376984524490453e-118 3.1082052775451183e-124 -1.674988797387626e-96 -0.35336367373912836
5 3 0.13543673414177337 0.11121958327662793 -0.20405809807607364 0.3439763092493951 0.1299515890305811 0.3827008625225574 -0.2510203929857436 0.3724672694176478 0.048803826110630354 0.00926674595116963 0.18611490877585266 0.2046032189170874 0.09644712248270687 -0.26604746693751125 -0.03217987108694182 0.07920203651764741 -0.4572266791455481 -0.18955566632752838 0.24745004665295395 0.027204851379664448 0.42271471610870887
5 3 -0.0460814570049786 -0.023897638088798554 -0.1337958714004059 0.29118474528918037 0.014994937573369595 -0.09305994369207286 0.051553328871109874 0.364013141186653 0.05551276109893852 0.5369003988816908 -0.16420200622303074 -0.6571608994783527 -0.04209442717916988 -0.30006651015816155 -3.7036239759749555e-117 -0.19344921207911345 -1.9405820174540073e-80 0.14600701695976218 0.2059425352801958 -0.22676010332871122 0.06747042357280336
5 3 0.28694253329335884 -0.2275974905491886 0.2047025043893795 0.1571602739795713 0.29075439083901256 0.28105246417247937 -0.10856579386620382 -0.03483677449758842 -0.006456995373932565 -0.18336062951532603 0.2013868436393262 -0.4264185875721234 -0.019412556011852555 -0.1312905214492088 -0.02059193804220917 0.1308190401298445 0.3656244217415359 -0.1541863427672678 -0.29936114420636156 -0.1858752120739483 0.292352209253755
5 3 -0.12545775762806927 0.2571548323367931 -0.2350160733201609 -0.1774289431883231 -0.333308014264936 -0.6596459142768846 -0.2333843201910106 0.4089743608894873 0.3685383080195072 -0.24522282077708318 0.032764465917733944 0.5187018357745605 0.323192519747318 -0.318284753990992 0.30061828168439486 -0.04642206411704998 -0.4836104543521876 0.2831815781839669 0.0712553938261439 -0.017386829190748788 0.17086663413054534
5 3 0.4581316595035386 0.15879957714936974 -0.36689255426677025 0.18832249701099574 0.04368778690547289 -0.1456694332986933 -0.28726298221265484 -0.1603634574982865 -0.31929224311337645 -0.14363334047922138 -0.05669282539125897 0.29528552933646635 0.011538191007128594 0.08139324023107702 0.18304318012876608 0.4559908236335902 -0.4660349454196359 0.1751142830652249 0.037729226378779686 0.3681846360017939 0.4121291051113458
5 4 0.5162972595722403 0.7703698522607743 -0.2991463896883078 3.5639244042354887e-141 -0.14870071774619634 0.793612058018368 -0.43352329904804526 -0.348838613031601 1.7426692358465343 -0.5057994016861032 -0.5976797263489789 -0.2829094543297039 -0.13612705140166365 0.22099376064625273 2.240989411144032e-126 -0.5037696578045943 0.8325957624397143 0.2542638634916109 -0.38919953498305865 -0.16583129714396502 0.3916367276982908
