Number of NNs: 3
NN configuration 1: 3 20 20 20 20 1
NN configuration 2: 3 20 20 20 20 1
NN configuration 3: 3 20 20 20 20 1
NN Layer Weights Bias
1 2 0.016529504359560757 -0.46439194320533045 0.1089531412427193 0.17545013470465637
1 2 0.15893781037461358 -0.35825936941751535 -0.11606340281323123 0.4816570122703214
1 2 -0.46807164785584315 -0.14712311198004652 -0.1352688053398503 0.09001415053419816
1 2 -0.309093220905175 0.21209174365640238 -0.06647757015462934 0.4625040595452411
1 2 0.5283306766325314 0.11897406681961079 -0.0585721845899787 -0.30163907813520535
1 2 0.12424044893707982 0.24194108432305944 0.5063164395276665 -0.499746640575312
1 2 0.2087586703487757 0.5435184392537341 -0.4262836038555693 0.38144384158921596
1 2 -0.6153262178812174 -0.018536723107221036 0.33847819286736486 0.012886699610376853
1 2 0.5534910863676051 0.15499281084711378 0.19387269191658066 -0.2885087189475919
1 2 -0.5238021774713205 -0.6020525881592722 0.030354207392333833 0.13418384268228714
1 2 0.09230443596735846 0.08022715397407514 0.3531330246753533 0.49843921858796314
1 2 -0.3037238891654454 0.4466120613441585 -0.2553307280234478 0.5710377831266594
1 2 0.5810527313756434 -0.2899410034448769 0.15191611136030717 0.3212334072032629
1 2 -0.4869601154424388 -0.26403453009928685 -0.029792491589234915 0.32976398869340395
1 2 0.30702728357688913 0.1330495771890869 -0.6964873111788256 0.5222713121653053
1 2 0.2203255838675476 -0.4363940593016355 0.21666910546476206 0.3849747818351565
1 2 -0.4044162761354833 0.08392074557206868 0.1422344330006322 0.23232324687356165
1 2 0.5526510817863783 0.17469071982595127 -0.2480110460679934 -0.2622764560783758
1 2 0.40089464409981557 0.17970555376336855 0.5531948546386205 -0.22688368327864125
1 2 0.32899718195767436 0.1948490646866452 -0.20137951702255735 -0.025671955257502047
1 3 0.37635072913891887 -0.3783788202080433 -0.2024865143207892 -0.28390156374258546 -0.1649182017202593 0.37795074102338516 -0.1921854396325823 0.263508342629808 0.38673225317734033 0.2152663348892063 0.05438671333864288 -0.0687614591734804 0.34460985092043506 0.03567860721033297 -0.06572851050316798 0.27136324634488856 -0.10042682664006045 0.28331468247489455 0.1451685630067487 0.19539967824288415 0.26470549112941216
1 3 0.08629973982392032 -0.032260360762190174 0.07403987487749346 -0.14966853065846303 0.2759874940271153 -0.09896254474121216 0.23542082397331868 -0.00951907219824726 -0.16677263084598185 0.17299885431715006 -0.02309855229684972 -0.2523352183105926 -0.003593099995246035 0.038983253793783534 0.14116976847375778 -0.005193219829239992 0.019428625413229497 0.1614836346020798 0.03800485016012407 0.148311524473238 -0.3736673885012338
1 3 0.17596528741440082 -0.16805189320115152 -0.0024610862518857457 -0.17413247045087207 0.1356930029052567 0.1575164545721735 0.08551640313035347 -0.0581967619810822 0.2552494879727318 -0.04491733712988673 -0.13562211375854746 -0.3875794719869039 0.0013114533614242258 -0.14531368856685073 -0.16698651297322264 -0.0009546610169174041 0.3459888092502691 -0.15985677853310198 0.3287531786558566 -0.06325341773867031 0.07836808967612184
1 3 0.14972231526499324 -0.35506887752157473 -0.4568831206568467 -0.24911242992133278 0.41731190230436177 0.5316778200972476 0.1395794215828665 0.23421532047380736 0.19211612550100937 0.09710003205662918 0.30249226246481836 -0.2734382837714777 -0.23481033249813896 0.10537949741436438 -0.17231697264139567 -0.11640053127308579 -0.058067167702874845 0.43895947133505575 0.18338064829087272 0.3368106993267556 -0.028091564200038617
1 3 -0.005576113518959119 0.0024631450730123582 0.11220293932688573 0.07374097587472693 -0.47796126400231426 -0.11934718644441689 0.22223863484662362 0.2981773227654696 -0.08155882990495458 0.36451787062853225 -0.06315130983978917 -0.07192997549747493 0.10988354040519555 -0.3001264395174622 -0.08577348492414594 0.3924271996124501 -0.21514220791497707 -0.247920013496024 -0.025722098314388618 -0.012650242133972806 0.020617066979087575
1 3 -0.13887417959649107 0.10807688109500589 -0.3886695392254577 -0.13313060619942377 -0.01186502407152659 -0.165095636725103 0.35396232499751507 -0.42500805928889973 -0.559833062980434 0.07070254598323318 0.27688260039074075 -0.015224700597836368 -0.2902047033240208 0.03719729077619992 -0.028739668574594385 -0.14350015152558734 0.29994649286108704 0.1846441444299094 -0.008474671309251251 -0.05596249302116089 -0.20128749771680643
1 3 0.1701733268379925 0.2425264466434701 0.019095889050811707 0.1380170805553068 0.1674389465345004 0.12749804922180744 0.12279528956170896 0.07603329695535443 0.31739258716228647 0.2035529479331942 -0.3204268246896056 -0.23381965201267005 0.0013280312083917506 0.10457178090908574 0.22880738501611547 -0.3358475016216404 -0.2816158797657566 0.3481341639294653 -0.41392900322186854 0.3285266166495886 0.28040471134649697
1 3 1.0570342679843414e-24 -2.8082256218177276e-20 1.3722798391921246e-30 1.0680690592079144e-21 1.253615483045685e-21 7.6707025926711156e-59 -1.8565577388192297e-25 1.2994982045621392e-45 -1.1783437138845878e-53 6.760443226740468e-40 -2.104244775217285e-31 -4.954910012819862e-65 -1.0695525198394213e-78 -3.710073566318183e-23 -2.8161466612875572e-27 -1.0011386440753616e-32 -6.411380241483958e-25 1.4536937521522978e-71 -4.744880646630517e-64 6.72674663867737e-21 -0.37572382922828157
1 3 -0.06387046805077623 -0.22191460274899363 -0.17965519973734229 -0.08859963244417507 0.10096041040944717 0.13851108427802578 -0.16658101231232136 0.38868371470719804 -0.30321533766459924 -0.06946459520350641 0.05773462836476877 0.1391234621765948 0.002317721307931074 -0.06382661171826841 0.2853909428807052 0.30102485780965316 0.37376372654675927 0.3159296316453878 -0.08066758611958612 0.45964355816401037 0.255246790774676
1 3 -0.11957300131890732 -0.47433703379961106 -0.034253240889375765 0.18521851430981343 0.2763315783859838 0.2937161061345518 0.1853877241242277 0.09823784842786243 0.24589155021481568 -0.45474660812009965 0.1395138135285662 -0.08324746389954682 -0.20426690198773387 -0.2954789726722813 -0.05419141126459985 -0.538297097919189 0.13814419208011514 -0.14757451583588108 0.20580989414657025 0.31406000250371446 0.1530496237896471
1 3 -0.009851360493272761 -0.4221227411351749 0.27633975834396 0.32566619890652454 -0.28016481181890707 0.5096816294636514 0.29888191121348523 0.23272952519114443 0.09713122127468851 0.304913149203061 -0.24838386992146558 -0.2808314830016114 0.14072987576095974 -0.029825731145564114 -0.3127924651363995 -0.29422557914555014 -0.18732047648658082 0.2643296476246437 -0.05707328488012977 0.2849607578087083 0.14737535651984776
1 3 0.014368498982761442 -0.21961573931056227 0.11582258534541039 0.013632484553323346 -0.3341227930394792 0.04198898467430212 0.12293663727654547 -0.10189329648531749 0.2822672390228087 0.04968088305719364 -0.1700261492314884 -0.004332931269408107 -0.04102022277152249 -0.10415623694054553 0.3330356984342304 -0.35176720871008027 -0.3999626588244357 -0.3243728374897379 -0.019988323550538187 0.08611978330538483 0.32230027031241865
1 3 -0.007137206781931615 -0.5096668281669078 0.385581215709948 0.22438327835976932 0.3142156434765425 -0.010822962464273207 0.05739498306509087 -0.06988928946048277 -0.2640197157593187 -0.2631522942483158 -0.14433455612238252 -0.11107002075125515 -0.35655512912321097 0.07004355575307723 -0.12840205716509348 0.08499175808085707 -0.24566048987885658 -0.20823569513324958 0.028161460776876954 -0.24424866051489932 0.12833131556725474
1 3 0.13341527471604545 0.2204208258080499 0.04040511776077514 0.15561565539185399 0.005264407835128707 -0.12086868095821757 -0.04172489741687006 -0.08381792810682136 0.4470304288367463 0.09510202349147856 -0.04982468752640493 -0.4134061923861074 -0.18194398207496137 0.1561879285667615 -0.4294809030319809 0.12737975248092376 0.28520401950367025 -0.41981429347280397 -0.42302926395180157 -0.22128853117878497 0.148061647284016
1 3 0.30081422976972055 -0.25130580742358105 -0.11481380809968567 -0.1041888407464984 0.2659613520219149 0.4546750425735715 -0.08468055096114895 0.0693522192936725 0.04674528155900908 0.03224298130707954 0.320050994970707 -0.1453918725374837 -0.14271117089094243 -0.4083372762624 0.07210148753789798 0.1322061153337046 0.3489471980662985 0.18586421219712995 0.3992710882469268 0.5407701241242047 0.06093508532606503
1 3 0.19707811786517815 -0.18615397622957403 -6.065589132036731e-34 -0.3215573113388693 0.417573079311844 -0.1177750198142388 -0.05637300410611367 -0.28602800502360876 0.38010553015476717 -0.23874061476343797 0.37404755367698794 -0.44473280824558425 0.26828318248424254 -0.5163866979511639 0.2486824194530437 -0.3198574577034797 -0.22453321619684918 -0.0406677860720344 -0.0017029428349979517 0.35633836140296693 -0.13881330450854729
1 3 -0.3011466974035608 0.23728980564213942 0.21062709123652082 0.22537064645414462 0.17764041351544377 -0.2703775013671386 -0.33727956919656776 -0.20920291584480757 -0.13499547508493312 0.019449788569386794 -0.25996094814235493 0.28558212647688036 0.3662682488383331 0.010669918181865582 -0.16545495143160366 0.09387114262105264 -0.1168946946064213 0.17464645544933302 0.39059457406807624 0.01367302115796838 0.3510280592499123
1 3 -9.215125296699626e-21 2.22087001971698e-68 -7.888425752674384e-51 5.042179157571661e-64 5.430583184481494e-71 1.4962081939209596e-69 3.6467363836829023e-75 -6.791073991366037e-27 5.2424292247359795e-62 4.1622462253674166e-74 -4.953887457165439e-20 -5.465123033821933e-50 8.894738197346333e-49 1.4835181298197256e-37 -1.795080704143586e-52 2.8341051641595924e-46 -1.634069411508181e-36 1.4445847255227339e-30 -5.177189169951204e-39 -1.859860769825111e-23 -0.3766464979551544
1 3 -0.1352139374108203 0.19097164653825843 0.28605549423666893 0.13058359648307433 -0.013879328127937554 -0.22591828911643067 0.2748846864087882 0.27100737949512094 -4.747904192279555e-06 -0.25341747350609944 -0.4096224331582466 -0.06386628340600271 -0.021629292821628256 -0.21832959118302322 -0.18608340114365185 -0.46524590923371123 0.29580343802609094 0.01672258445029471 -0.13382847111708093 -0.3085454418250235 -0.1160305330827718
1 3 0.13870152731788116 -0.33547490549442266 0.15566515952793838 -0.02373763950472988 0.3239178784638911 0.17265724203024524 -0.021155644652788377 0.19036147295553155 0.10329100708710309 0.20700663954724433 -0.3109472626653217 0.17205931269608538 0.46042387869700546 0.28442169417490354 0.06116778575370852 -0.3635685038298931 -0.03724147241532751 -0.2614598577940271 0.4020869332479382 0.19591987835635077 -0.24919673777477622
1 4 4.669642013922648e-62 2.831906397120164e-28 -4.65764953226141e-42 -2.711098481098116e-65 1.855871494865414e-47 -6.452259216608625e-67 -1.2059441180727539e-20 -4.999758745234515e-34 -9.49160885327148e-74 2.1603220122066943e-26 -3.5903790253306056e-37 5.935356432683427e-58 -1.5757965631280952e-66 -5.871607575851545e-67 -1.683123364353399e-23 3.729638320737719e-27 2.992452736484689e-60 -5.001724844667183e-78 1.3351292653286218e-55 -7.033688825593301e-40 -0.2912871456958748
1 4 -0.21927130820809249 0.03544758480849731 -0.2636420879515345 -0.3052064238458524 -0.05296396843500588 0.27469733530247115 -0.11579448700858506 4.3817931415187134e-63 -0.08642966218801416 0.5240605356746818 -0.22004917761906165 0.07380949358986501 0.44462483265054503 -0.14957853582002803 0.41128809658734017 0.059260917725758325 0.20336055833613492 8.59691993029708e-71 0.24502869533127547 -0.2603580791241823 0.31098300550142877
1 4 -1.311396610603472e-31 -2.0703406949641973e-26 -5.0634312344964236e-64 -1.059675889243154e-59 -4.5019781626228333e-32 -2.7988861740157294e-52 1.225860307666044e-46 -5.113394969363546e-55 -7.735589167715691e-41 1.1358108574413852e-25 2.5832800493584863e-38 2.680308430731829e-54 2.282748706115642e-40 1.7324907920553343e-33 -1.1403913513040073e-58 8.792971718375048e-27 2.8529264550923764e-70 -1.0242101147293062e-19 -7.408281716117795e-51 -9.436081132176271e-22 -0.14826624824839063
1 4 -6.9532772840199675e-40 -1.9379247871062494e-65 4.3810417940357995e-30 -2.090133898520839e-24 -1.2545848063707607e-42 2.1030782314730436e-76 -9.770967387169848e-81 1.0008742246728332e-33 8.708854062324376e-23 1.1669181078546445e-55 6.417286713470354e-57 -1.1873335494700422e-70 -3.817230098528954e-25 -5.361654209169996e-25 -1.3360917620444219e-79 5.449686273589527e-63 -1.3616152869824038e-42 -4.19334652364004e-26 -3.9077751347283544e-40 -5.646522617960976e-27 -0.3684113827543065
1 4 0.3620491229933226 -0.39083565829109695 0.10997443021643874 0.32036498167071314 0.023587771760612282 -0.2521539485655515 0.1668288382595241 -6.362334984799545e-78 0.3690891896623387 0.26905928955250213 -0.39723326685816635 -0.21664578875073787 0.22831452264086582 0.07651932258957791 0.6003455730585127 -0.02602773463463087 0.07127355317969472 -2.230230910070594e-61 -0.02035227696735564 -0.39919427274373925 0.00932035186079089
1 4 0.29335241915913446 -0.27391674881130584 0.05362885042126728 0.3841692210724768 -0.37961094456511046 -0.10865858071317001 -0.054315395732212945 -1.386777362902883e-50 0.24744799543966825 0.2212919532061819 -0.1330926514163886 -0.04505180884118892 -0.25855108040003266 0.06977399246478337 0.02539036229073316 0.23263188774581406 0.25674459764250035 -2.875378398622716e-80 -0.013403584341327386 0.3849880579781105 0.09216044286465433
1 4 0.0946268250454726 0.3099001588154991 -0.32664495110609415 -0.13303293831014118 -0.2159725771041551 0.1275398043956452 0.22949660550387943 3.4701467339614416e-24 0.042068214600222385 -0.41914111210738075 0.22153264966701613 -0.15503649920115992 -0.30857806097640705 0.203538515002854 -0.3992910105265537 0.12120904612030091 0.4348358972525137 5.030586973498453e-69 0.16265534685944202 -0.2970249287513652 0.36660935387606125
1 4 -0.01992502955570444 0.07550649193133226 -0.17145417668830776 -0.13895720307218662 -0.2236900290603158 -0.1794845214561772 0.12135124927277112 2.1899040697924285e-28 0.10306090802543456 0.06470925397029755 0.22751728558928547 -0.13035587258016446 0.009765236550887376 -0.07615080042638903 0.2641243045808215 -0.027000729215110247 0.31002555976159857 1.6951398348135404e-80 0.19585468280805773 0.17688503303692205 -0.3977688058372627
1 4 -8.922815215125278e-30 -1.565724824016617e-36 1.753908904357673e-28 -5.809468002994223e-66 -5.015321595312136e-53 -1.3285720677226398e-59 -3.962039062298867e-61 -1.2932085229785835e-45 -6.120437049151715e-34 -4.443079053893447e-25 -3.684069535324418e-36 -4.32784776557437e-47 -7.260111191314926e-70 2.8938697256867557e-26 -4.249043741102262e-32 7.545608812462769e-79 -2.923585730029997e-22 3.5812506206819407e-79 5.0052664845929855e-26 4.5452300679790203e-73 -0.12707911396339905
1 4 0.37501492922552976 -0.33779411232657874 0.14773555373384312 0.38777577176954403 -0.3273610352579795 0.18347428589861015 0.2649514329459974 -2.340669929997484e-72 0.12208249198423829 0.358806436618941 -0.2996897661482337 0.06213043022889052 -0.2861421130684333 -0.5166173413410139 0.06406103993972848 0.4875427438757119 -0.14632291821957444 2.6997324080706664e-76 0.26030450432372676 -0.209700976288389 0.18137333313529522
1 4 0.2040937499019847 0.31387110362736464 -0.23085718865420563 -0.37345792413087747 0.2800552232067569 0.0009811144945752741 0.191052638738856 -2.0680743023732442e-72 0.21208949203313404 0.026269437157668662 -0.4529174336372985 -0.24336560823247846 0.14819449300014256 0.1601157065702224 0.0009598479144448582 -0.23994660645091126 -0.2319244748485675 9.009935318322357e-51 -0.11756093954263887 -0.29349587125203697 -0.04868355932003895
1 4 -0.10301160557438002 -0.09176505183881888 0.0673620609950081 -0.512005780401634 -0.06800521118191283 -0.49390387190527935 -0.5803926059909654 3.275936455420055e-58 0.09764327683069567 0.034726582658453665 0.3018017989711996 -0.20370664688702417 -0.28959141606627914 0.022869704750259456 0.11746273675171597 -0.19341617245105933 -0.41907997860192453 -2.5476628404968808e-71 -0.4056327933739628 0.08585614758422419 0.1888460198140218
1 4 0.25931612654813835 0.02373596070456185 -0.4758417451442913 -0.415571902722219 0.22785210343639284 -0.2766275464185423 0.07899660554637619 1.2824136979520145e-27 -0.01835251035658656 -0.038082154513356545 -0.38775703665356337 0.204227272290496 0.3271608626271657 -0.015277947887305162 -0.2448156706035818 -0.4338108048382179 0.33386220890621343 3.909017814499107e-69 0.11179252828844446 -0.3134263203792947 0.2988637428023536
1 4 0.2156877444438651 -0.14842648769528302 0.410287668315239 0.2826263728845217 0.12386804696289855 -0.12331485358320346 0.3442832114549694 -1.808120966930267e-74 -0.4343057707209372 -0.12292109455513081 0.25474109230626146 0.42666998364871017 -0.03931849167513696 0.05439930850283573 0.00039812997544966375 0.40919430673103524 0.017824892474334688 8.860102764654521e-32 0.711346193557386 0.3180551962081787 -0.2153188942806398
1 4 0.10877761796642127 -0.39273834401836255 0.2471992692459816 0.27715752555456885 0.07217582470966093 -0.34618568928560756 0.29154548378447565 -7.506919651432488e-40 -0.3723293814438881 0.019298468759343507 0.1319106706939861 -0.10027023372805378 -0.33131486658049897 0.26158914260105914 -0.15688219548603932 -0.017712588394922277 0.063947871754887 -3.43679153253084e-34 -0.14033831959352194 0.4462170679519138 0.19339282277020045
1 4 -6.181511356973564e-45 -5.726876016484007e-66 5.829779574777297e-79 -1.9858663425466998e-57 5.368775317397541e-23 3.1917003256321537e-82 4.486096207410573e-57 -7.154908035706242e-22 -7.626927123784852e-22 -3.21262182277259e-44 -2.911438931127267e-22 -3.2359197085306434e-47 1.9677172811408158e-47 7.210427582093059e-69 -6.208733571222565e-28 7.772950853273078e-62 -1.7855358311862109e-59 1.9450630902401626e-64 1.0948756825767531e-70 8.222889484337604e-76 -0.15851686480222654
1 4 0.21710719134523043 0.2573775907658034 0.265522105688708 0.3450094503106765 0.22465457070525072 -3.867151611462186e-61 0.207273410563567 1.65324242303737e-30 -0.1320404826211279 0.17430538130905154 -0.15298060652939696 0.10322776486741853 -0.007002816640737805 0.1491442828674981 -0.20314433729709128 -0.00016817718655402452 0.18026394234314386 -6.664846591172999e-23 0.007041747179505088 0.34067396322334603 -0.3517968210782857
1 4 -3.6031494796311497e-38 7.55997577828331e-24 8.025317506179031e-35 4.594860883577592e-20 -6.412500417914276e-31 6.750523454497343e-72 5.440674354985652e-57 2.0860844303184915e-47 1.43006677412348e-42 6.011843468522746e-83 -1.0184760664867228e-72 -1.5658453807156298e-55 -4.401029204747076e-21 9.44809105868718e-78 -8.453429684649331e-20 -1.1709933110756663e-34 -2.1480228469413018e-34 1.1330618884399007e-33 -3.5118080154759894e-63 9.841214162225368e-25 -0.3513991926316348
1 4 -0.23712614652485275 0.1212789239078582 0.6605084671014835 0.11135188363278956 -0.2864215522678275 -0.47362936860256744 0.21069977347504723 8.765478341748262e-27 -0.37403984959199804 0.3953525291521679 0.8126107960724159 0.3078959955520444 -0.5582674325423901 -0.46061941375166204 0.31414143067132033 -0.44727051624464453 -0.2378352953830729 9.37677689401945e-61 -0.10300694612207958 0.0169847930162046 0.11131519213094514
1 4 2.6346292573834195e-46 1.543463952696837e-69 2.8778413923953107e-37 -9.761999753304975e-33 8.630415785623763e-73 -1.216665665845816e-31 9.164831153046676e-61 7.737176046586867e-43 -1.603392414777368e-22 8.481264654890762e-43 -3.853874444967465e-25 2.628710041362913e-40 1.9071713854033782e-26 -3.793590489616372e-53 5.472183510765047e-49 -4.847698716489998e-66 2.4123760783175777e-27 2.061263703532941e-49 -1.0418547163688546e-43 1.339966027342736e-77 -0.36667214802998294
1 5 3.012420183145938e-58 -0.10486508583096245 -1.816339649434653e-32 -1.3208056539438947e-78 -0.13517829656762806 0.2569700571907245 -0.2674056555038197 -0.18837329238651968 5.9751836512496996e-40 -0.035223466751037165 -0.02292514730275609 0.25856955337779136 -0.16368345357028663 -0.13537042060927973 0.35933263293426443 6.261825204520903e-81 0.5250913307956624 -6.035739916785707e-75 0.2792679214751988 -2.569118197830557e-45 0.14887558462771527
1 5 -3.382236475446574e-54 3.6742822498442004e-73 1.53799060010863e-67 1.4597864319452645e-74 7.312309500678942e-27 1.6258725584480244e-36 -3.856197426756529e-24 6.355172814877778e-43 -4.007837433536465e-49 1.2884248461676157e-42 3.1185394725815385e-57 4.4469569352385024e-54 3.3816531346988685e-47 -8.729607767829615e-56 -1.690571238968494e-72 -8.066797644993915e-28 -5.603126755339151e-75 -4.570067947438433e-28 3.3303402194912034e-35 3.129444060584104e-66 -0.09399908832771847
1 5 7.562141668929533e-21 8.137542886512613e-50 2.2482412075987558e-58 3.0532068604644834e-72 -1.2026968712658118e-68 -4.298093494488267e-67 -6.750410538185053e-24 2.6637720696476186e-62 -5.452100504382159e-26 -5.162521742226013e-20 4.9222709514437495e-49 -1.3951985680861997e-29 2.0966976384107742e-45 -1.6392662074149267e-20 -1.6804057637462506e-36 -1.3918714234709785e-24 -1.7775329904914247e-20 9.656491655320988e-60 -7.138464807371363e-66 1.7766198977245182e-59 -0.06210724998555173
1 5 -6.503467350358596e-60 -1.2902017810557501e-79 -4.787290660597145e-54 1.3247074517730052e-76 -9.600328357000642e-34 2.4908848261471273e-48 9.284377952887334e-56 -1.1244496208941498e-26 6.491123314379792e-24 1.478129555635836e-36 -8.287701587826043e-51 -7.642421849072265e-24 -1.7489653017149923e-52 -4.1583569121306135e-27 4.260345067355621e-77 -2.435436655946824e-73 6.994480207933445e-40 2.1634778219251186e-82 -7.585593344733398e-26 -7.023373365648852e-48 -0.3772512847228885
1 5 -3.4191533001072546e-60 0.34258376305487914 5.0236481469039984e-73 -7.618297868039519e-42 0.19877218463257068 0.27032257985651026 0.27652291175517046 0.08386269520993167 -5.258726484299089e-57 0.05517834711320234 0.2970703894246463 -0.14052704704030694 -0.32889527355425635 0.24526191436885092 0.02369483415928416 -1.5417648016964118e-21 0.23505694711281136 -6.626582720981718e-70 -0.2828324652517132 -2.4979669785836686e-40 0.04158702917466838
1 5 1.4767768370396193e-36 -0.41378752501637456 -3.990199761819948e-27 -6.876320035303563e-26 0.2674182025481412 -0.26503064526503445 -0.11030489810790894 0.2159473625725901 4.396211085809161e-47 -0.22572478317423367 -0.4272412001876261 -0.3797836312387456 0.24946073247016076 0.6824754456963598 0.38330106342669884 6.90874916636792e-67 0.027224172733653802 7.505802532952717e-26 0.1875973592274553 -2.166305121781184e-22 0.30612789416759567
1 5 1.669691861937373e-26 -0.04800402907352875 1.8034644338617846e-56 -8.186929002911595e-43 0.2791896298915538 -0.03204247884219263 0.09147765991366191 -0.02909389373385047 -3.151899537127384e-21 -0.21030574664412566 0.39400112855400954 0.15438232211446776 0.1525559291474607 -0.029772287859982607 -0.36905734571821913 -3.577429050533313e-53 0.025321658723199626 4.8480337604688235e-52 0.25827378440412063 -8.717854123018295e-68 0.2190238643485144
1 5 3.756763588948731e-45 0.12691528420711945 -7.861311709584208e-28 6.565988382566956e-30 -0.3174836338103489 0.30788990308486736 -0.0003105084684566502 -0.06435355996047805 3.610585320682644e-73 0.10788398227953505 0.04151939566031003 0.3525310025572924 0.15110910629476343 -0.6433373477608171 -0.11621587626557862 -6.036579763975278e-57 -0.12505901758907909 -8.077701051379724e-29 -0.4461713187194119 -3.8579069732210334e-47 0.1074913086480916
1 5 -1.0215012666162688e-30 1.4577722748645642e-74 4.4099130859990387e-51 5.736134324480925e-53 -3.014286346083326e-47 -3.057622947999088e-49 -6.057797807560136e-79 -1.5129670232501586e-34 -1.3713898118467127e-25 7.203158013410926e-31 -1.332342599837099e-64 -3.890004996397741e-47 -5.858865060816913e-40 -1.5638571807218925e-62 5.858092761108283e-41 -4.3887027020590236e-42 3.442761804903831e-46 -4.8940070765254566e-76 2.3981506361039045e-77 -4.992703312347737e-60 -0.37098022689927285
1 5 3.619656461656766e-62 7.731606849578242e-51 5.999748771235168e-32 -2.4813044586596504e-54 1.601169863937613e-22 5.425346896589026e-74 2.5888691015610366e-62 -3.093399649540034e-23 -3.78882111048641e-47 -1.1376369009976061e-24 7.353684342348264e-35 1.6487052138856985e-75 -1.3515330934426457e-20 3.203755892286665e-22 1.5284239188764984e-55 -2.816566781035522e-57 2.588063218084212e-24 3.4751045163224124e-82 -2.681792654656071e-23 -8.97290398335913e-68 -0.22490149634241807
1 5 7.914580956693358e-73 0.08864266570247345 -3.98375427320101e-31 2.097046876408089e-43 0.5227849246899833 0.431024542422658 -0.39076569406126926 -0.04039288973149483 -7.261563147544268e-29 0.04599800743127547 0.3066175387401577 -0.2522698334783974 -0.4900084521130709 0.37519320381692417 -0.08149165720993985 3.835478255860547e-22 0.22754939372800997 -9.4024597013402e-78 0.6919669814913808 1.0808349114904974e-20 -0.11622177435350152
1 5 1.28757626893637e-76 -0.355881205369803 -6.329035606297725e-26 -2.7461040371570196e-73 -0.14928721639638454 -0.010085563800394515 0.4102755321691192 -0.1802087436324987 -1.5568762401338174e-29 0.12232993435430123 -0.21149755461458802 0.14769480854693823 -0.2151980671948839 0.9234414357116589 0.32054006726339535 7.553333427004855e-32 0.47500741433365073 -2.6728749677899164e-27 0.48003083914678024 -1.0274626292568513e-42 0.0054578201453406175
1 5 6.65831389636606e-21 0.20095858236578265 -1.7462665635827397e-57 -5.6944540085254284e-74 0.3302598086669452 0.05663376973376216 0.04316293328337718 0.1434471193083109 -2.948526068003969e-42 -0.4102100200190047 -0.0041456724103404044 0.10697105005533558 0.015592248446962904 -0.5531577911914338 -0.17218954050864596 7.860934401226144e-62 0.13660349990973325 1.5049564073097842e-55 0.03292731223987835 -1.1614398102103866e-22 0.16202560465567659
1 5 1.0220244027908101e-80 0.0773564332473078 2.242530645420031e-51 1.1551463950793013e-22 -0.05614087011605564 -0.14812097764036003 0.003618543831533841 -0.24861464147517778 -1.815582601925522e-52 0.10349717621827771 0.3687992074026369 0.3443641975832242 0.20872867453381677 -0.582010649370181 -0.2955643940373453 -3.4174142777166502e-46 -0.4995917216904058 -3.5899615230589244e-24 -0.08133361547513882 -4.0819110434522704e-79 0.24492645115865636
1 5 -7.528264492358573e-80 0.41168542360398097 4.032989042360891e-40 -9.140268248367665e-41 0.34748068475325633 -0.26015605404230663 0.3839317640756328 0.18772554306557274 -2.0600214483393345e-74 -0.01795692065439697 0.38460364484612075 0.05629122700191343 0.17068462022846345 -0.6725075983585145 -0.3031806956770525 1.5779676164658961e-78 -0.5036808906268124 5.681145694137539e-53 -0.3505058687062362 -8.436770703330262e-51 -0.09694742946353738
1 5 -1.0977847059762972e-55 0.17424676289857197 -2.7499469484791517e-24 1.2214863876651036e-36 0.24634419170420827 -0.34626989364840177 -0.21620887041788392 0.23454395517732562 1.1370531261041918e-59 0.010535462416943015 0.13661357444679234 -0.1197045274302906 0.263252873363283 -0.4977352534610909 0.27567192868665197 1.685672912419938e-51 -0.5036433464709756 -2.3302114822268836e-48 0.006764718437849031 5.699986618637667e-20 0.0631560413878583
1 5 -2.5108262252023744e-80 -0.17836902587828424 8.922792216496737e-20 -4.3075535046912795e-40 -0.10683801853635294 0.03696325135672005 -0.10854391569598996 -0.21942301670906006 1.67285626226493e-41 0.2857757209150333 0.44306024393735716 -0.04017872288743838 -0.05715975272968678 -0.4365998566009256 -0.32091243454491314 5.852497424783092e-72 -0.04705789830580125 4.025255321221604e-36 -0.20364753203745695 -2.240572647329385e-64 0.39480120941927405
1 5 5.5109574162240506e-49 7.29392518842771e-42 -4.0186260755079963e-45 -8.186808034095217e-26 6.167447228979362e-20 4.063883642158233e-32 2.3621878753719855e-77 -7.310018474435925e-28 -6.184949141525885e-39 -5.1199610691058405e-23 -9.201776970310075e-25 9.962745995994266e-50 -1.4636134684718384e-34 6.3128532159858615e-40 -8.606338923084484e-28 -1.1023214873180267e-60 4.610802703780389e-45 -9.41937817697858e-69 -8.415645043049879e-61 1.2335712595490137e-37 -0.24596963376405445
1 5 1.4345236340287219e-36 0.3806281766334182 9.440402077343217e-59 4.757782638896131e-78 -0.34380732275280596 -0.09132070094688437 0.04351446928645791 0.32753632693262824 7.2067279555162936e-40 0.19229178046632295 -0.10010568730233345 -0.028005025031652003 0.0585914001744142 -0.005676332671198917 0.03332212951304056 5.200024620014329e-62 -0.21621272735239438 -1.1743489059570765e-48 0.004885910766997458 2.918734619736075e-69 0.09585260224846381
1 5 -1.041933869921417e-80 -0.1387325513769437 5.882481490093172e-62 6.328830452251686e-77 -0.3268447846603259 -0.2933521821964369 0.19171730042917623 0.013777566407270816 -4.3735450840350356e-30 -0.26277974865870624 -0.02089023084955089 -0.10112490559435733 0.09924573680148 0.05968146219690694 -0.33489254189062523 -2.7290468027773496e-59 0.2555726587842227 6.521292021897788e-33 0.2993539432464863 -1.8108369476266051e-25 0.31717986844464824
1 6 0.2625389981298262 1.1257572174096576e-14 -4.772337704616278e-58 1.2003215595835635e-36 0.4277034801203466 0.13067030899857884 -0.2491440233838826 -0.2813668069064644 -8.2209374549392625e-25 2.9801889386180082e-80 0.7131786545776194 0.871977612617711 -0.27803291627929755 -0.45871415475618926 -0.5898814225406618 -0.11858816881264501 -0.16964038162076026 -7.597343913900477e-21 -0.43174905627259524 0.21303899983760388 -0.3789803078011615
2 2 0.07974163751732381 -0.07744646182888067 0.34694277470678564 0.40051062324808184
2 2 0.24923237709532853 -0.3489932538566378 -0.3576112939415459 -0.34005018660469044
2 2 -1.696343746251993e-111 3.6294071487102175e-106 -6.174345545919754e-109 -0.3822859563141572
2 2 -0.49185844746487184 -0.20617079141381467 -0.41163189002311906 -0.170021095267455
2 2 0.49444454693883844 0.48771505155086925 0.42985876780347515 -0.31268774636521485
2 2 -0.25213013759798475 -0.11020601923948864 -0.09182677387731088 0.41168734110963756
2 2 0.07854001796402649 0.10451064075126272 -0.17093616056564576 0.15151824672332004
2 2 -0.36539569901051766 -0.032953031089388324 -0.3005616490046577 0.39551881233612124
2 2 0.022109103038750615 -0.2671712148705306 0.21069066707874587 0.402901539417014
2 2 0.2945666974697033 0.3747173548790621 0.14179895801061562 0.06398583604008842
2 2 0.18756458719171729 -0.32319701132773576 0.1029957235448827 -0.0993857966191145
2 2 0.007866908081791309 0.584952640224453 -0.5343159171940061 -0.011252468845039542
2 2 0.3689297854793374 0.19416788558954703 -0.3425242291630573 0.315332551173129
2 2 -0.4168500853513634 0.00167471869149165 0.001239686519837918 0.3018039181390605
2 2 -0.3085133454701493 0.2345030096300343 0.18827944868048316 0.3873475139153914
2 2 -0.007391468705146575 0.08262993803656526 0.46761494190944575 0.3235717681458353
2 2 0.3693732031057568 0.13281024099753425 -0.556222230613821 -0.13291076652298905
2 2 -0.19723839197755072 -0.27735643729919757 0.23752489128994356 0.36129288244879226
2 2 0.41613157644173127 -0.07736540698463686 -0.04895549435676518 -0.1191900989307938
2 2 0.27020694320212096 -0.08738990812789019 -0.1049407049150934 0.37850698325225934
2 3 0.11557694104424406 0.4040329286785328 1.944712762357488e-47 0.12363206318856283 -0.2128539326603065 0.3488543887147213 0.1310409542158071 -0.27019821090316337 0.261986366731593 0.0657260949007766 -0.09435836365612686 0.07889207325933047 -0.2138092040672718 0.046746269363994945 -0.30502822481319186 0.33729983248887063 0.024125657707636933 0.13280888047253211 -0.02829414282082048 -0.016541404970922706 0.15185260103710174
2 3 -0.20099418957509443 -0.19369335135222404 -4.640408264639859e-93 0.25595510674529404 0.601175622437423 0.02961290026810528 -0.41471854468461117 0.00022866847647392492 -0.293281285633177 -0.3758888308579524 0.011580984375272975 0.06235517726036468 -0.46442802638227026 -0.05946738561453652 0.33192288687682564 0.04235738827267746 0.08620219552499854 0.19291852425033248 -0.4085193996219637 0.037629726344589574 -0.07452582747197221
2 3 -0.4950950743271811 0.3979113846374329 -1.2767378585566014e-111 0.13324432840111022 0.0656734889034418 0.258546683114191 -0.13831529851187227 0.19802798259847285 0.1366932408097863 -0.14634296886315235 0.12876654149565817 -0.174169562149594 0.22530066278685362 -0.027414716628380416 -0.04345812848827422 -0.24631330679712696 0.2376957420419566 -0.07365976008950531 0.257178811532069 0.09238176456481147 0.29478410231250374
2 3 0.05228820052598874 -0.22956526687944503 2.0652009623629997e-83 0.25407379463649166 0.10489155440799657 0.31349761692919376 0.28223235939474167 -0.14964629998148718 0.08216501678723627 -0.1577180810641473 -0.05940042903401552 -0.05210442379804412 0.17888121898197615 -0.3234444204704793 0.1907639382675105 0.101118946105713 0.1254493575088973 0.037193854324134204 0.10374257242192013 -0.12081483479503095 0.24249790056723047
2 3 0.22945551460679825 -0.22729120430749492 5.3443993620113414e-114 0.24850231744243598 0.4387452903228482 -0.05667011233509495 -0.27781494086980674 -0.14132424791499232 0.03760755596617885 0.10748155573086256 0.22705147328127168 0.04003660712678493 0.2919962702074879 0.36078923761527715 -0.3197795201610112 -0.07564199740226675 0.4736472406851394 0.2814613249858073 0.4505752401704341 0.13388463867928152 -0.09765558729685601
2 3 0.05154742935613232 -0.3294171896721924 -1.701171086164925e-79 -0.11452137811600648 0.20227750437627862 0.17340282790592054 -0.037087914482997926 -0.17353963173476053 -0.11944421278159277 -0.26410433988581516 0.048512642216543576 0.4285014757931967 0.09814291441052744 0.3269341274987585 0.3841384695530747 0.01633355703670649 0.3870083164542282 0.00872807116109537 0.35538870951321194 -0.2922381889137876 0.13281185387584035
2 3 -1.0571674573158269e-71 -2.2116961736849878e-48 -1.267086578950437e-58 -3.516119709304684e-69 -4.341196374525446e-50 -1.7963462526147326e-109 -2.5825338038590566e-55 2.3532136969138797e-59 -2.1355077759853243e-108 -2.524815215012424e-65 2.822539550584221e-96 2.0722789907312026e-106 -1.2745271933289238e-49 -5.321784069074365e-87 -9.756144167355494e-89 -2.397745188943338e-62 2.524119946853496e-93 5.2813956625111895e-114 -2.449809903187164e-75 4.443042143562326e-55 -0.09392348344634727
2 3 -0.04357911792701894 0.023928809761572536 3.2770817155410027e-78 0.18443250354848967 -0.16668126433496674 0.2023272968600776 0.17858568621133603 -0.3251723024149313 0.2610957023395779 -0.45666116570020665 0.25455439127692664 -0.28385652908538656 -0.314540767728929 0.3172902119986501 -0.17694110769798932 -0.504410105569305 0.04689499973849158 -0.07260391524734325 0.20951876176865902 0.04759092398745472 0.20775572464171627
2 3 -1.8125453301029393e-104 7.495300535157424e-99 -6.560179210135167e-80 -4.4134015581914045e-116 7.022632290495794e-50 5.7834525562868e-69 -3.589767012235162e-113 2.6540214072889373e-107 -4.696744615635661e-98 -5.7488791504029865e-111 -1.5889970419738866e-105 -3.8096221653293174e-110 1.855392849399674e-61 -5.532159158253933e-110 -2.1953380960091454e-52 -1.4594491395419154e-112 -4.377606187193412e-87 -4.9393335831967057e-113 -2.0979236552504288e-89 -3.4345038227346165e-49 -0.34742096632684305
2 3 0.1446975183146731 0.28432464232084087 -9.676808938152097e-100 -0.1493118447788894 -0.12327628129375909 0.21249824556645497 -0.14360936168194446 -0.27358811426620616 0.37466769949706996 -0.2930363437236993 -0.044413950490044096 0.26559158755217865 -0.06417442950690172 -0.31128851051889056 0.2571437705690465 -0.26094105661174155 0.12588080187693815 0.0009142743952190439 -0.1863720264425497 -0.31311769660773653 0.4166051213330077
2 3 0.11373860774840414 -0.686750325073977 -1.881760140130143e-113 -0.7011904505619949 -0.29373979456487703 -0.059730656997769936 0.1601289910548074 0.09417142833586645 -0.09310626690315917 0.1694165971739566 -0.30193461593832494 -0.17779555343271686 0.12846647758772123 0.21875918338106604 -0.31708649478922457 -0.2605683369365023 -0.0521109102013857 -0.08037514682344876 -0.3624127242245893 0.23441061201570876 0.25865236394993574
2 3 0.2353192653794714 -0.23638881318839522 1.8109803014975357e-79 0.4408723948766035 -0.2769704512174486 0.3515478291683374 0.4247799464327382 -0.2967682646436434 0.16429159038602478 0.24431820874889082 -0.02954323410024242 -0.2662677728313317 0.1488583500320591 -0.42630925004755443 0.2835733840535966 -0.13810090207291628 0.10166128643155455 0.28088245384255756 0.15412154713177348 0.28408293875915513 -0.2742827544751831
2 3 -0.334947181089078 -0.024411273597342673 3.243581152960054e-109 -0.11696601083631424 -0.24773602097505507 -0.19346630917252366 0.1497623291517476 0.2875831854660656 0.08008443491561423 0.03888816146978599 -0.5334650703256484 -0.2437792884452916 0.17184892111813604 0.2729134000127016 -0.2753020682666386 -0.21010046001343466 -0.053549955408913746 0.2282598886062733 0.142325027020706 -0.2357116978584622 0.3437793133181644
2 3 -0.04721762226001805 0.0982845600427184 -3.7760950706894854e-57 0.009673982751318899 0.013272112928756281 -0.0516437664120216 0.17101681594729828 -0.02336063248959207 -0.015328480543490283 -0.08621490682246284 -3.100018763592391e-06 -0.021667891246657352 0.18051002219659648 0.00015388674844127635 -0.02472995926477715 0.02306964623136461 0.042651563066232655 0.000122337449380395 -0.105226397252632 -0.14580698817255164 -0.14095689957505522
2 3 0.19395161562525773 -0.24067406568867714 1.3519224426027593e-115 0.051097310479854545 0.05886701629217619 0.37668914604648013 -0.23208469330854606 -0.2978333320021891 0.2085576609604467 0.06389771180374366 -0.17710610046603434 0.10789095725451658 -0.14573331421252034 -0.04917316267933926 -0.2644642711726561 -0.34533877049608547 0.35910862754971895 0.22720460198768297 -0.007047715845320982 0.2396003150567365 0.17907034566488664
2 3 0.32912095953378545 0.19309225809811528 -4.012206030319548e-88 0.00746143362450274 -3.0962314656473672e-18 -0.03547145136145015 0.12492649384679749 -0.25171134958364944 -0.3541010665846264 -0.2866959451618359 -0.027438395584994044 -0.03745413224242881 -0.03478729241325048 -0.1612677141999251 0.13467077180757614 -0.06228212111788462 0.18375937078093568 0.2853823636567122 0.0887748371156404 -0.23772973281660703 -0.06891496795478552
2 3 0.3370007622513057 -0.009823468387500972 -1.6007766392171194e-54 -0.6418441995885997 0.0030559160150462773 0.24389586544915007 0.2797143644024379 -0.422045186822466 -0.017359519020209255 0.30696505419351916 0.49858304939948017 -0.06950325696213376 0.269432140628291 0.0020688455977335347 0.2332020074683172 0.1683720333315013 -0.12355453407845723 0.3384428484922487 0.16391205984653054 -0.31270675423514904 -0.3693737565714936
2 3 0.17204028275367242 -0.05893557893515366 -4.081559609049487e-82 -0.2611186530531385 0.5553193233409407 -0.6865028388636851 0.07710719366684393 0.30509533212466367 -0.32881693207738616 0.10525107922967807 0.8565148644751682 0.13890124640273613 -0.28314387773549454 0.4274669874141945 -0.30730980512252165 0.20228000464439183 0.5652811649351149 -0.10413550969495262 0.006360568470081475 -0.09821463204461618 -0.32010360771297447
2 3 0.36225152330230254 -0.28025727589314153 -3.121377182444221e-95 0.3106014660967759 -0.16313389867010092 0.005665528682348431 -0.2864392903602251 0.3995133095185569 0.20479141776861967 -0.1327513926137518 -0.6936558486381089 0.12863066357637537 -0.23036084259514103 -0.33810206334458365 -0.23396523144547932 0.1457389929703566 0.02046971114266302 0.24014078171837802 0.2843370930833026 -0.09071076184855245 0.20207235497243062
2 3 -0.010049564101569661 0.09670307171184396 -4.228056787768936e-74 0.34408033009093486 0.529185310226783 -0.33599915538475456 -0.4002859672417731 0.21647191323244266 0.3934514639545995 0.14924763990559392 0.6801393689262036 0.17136402384992275 -0.21731186597085417 0.5192951510163071 -0.16398144387959845 0.1378315332729218 0.2536530045027694 0.05374124834654334 -0.0836771934860439 -0.0492359767092468 0.05378128678054208
2 4 -0.0018084034818175547 1.687888652506819e-14 -0.014364566442525218 -0.006684305873520169 -0.0031140653393236036 0.09034123394301005 3.432717919313437e-89 -4.5763997153740233e-60 3.5954807650931004e-84 -0.003499427345893239 -5.5392048469612247e-17 1.1830750650098635e-15 -0.000970876990206369 2.4338752476560734e-91 3.154477958906886e-09 -3.7653980681437345e-57 -0.00022443657434758412 -7.0353511435636895e-09 9.585608269751316e-05 0.008358599540092515 -0.14394090378704832
2 4 0.45235828691214297 0.7548967102421151 0.4034879143743385 0.3676614764387105 -0.32645124215123916 -0.30163341133466687 2.2209003273281652e-108 -0.3916433432663553 -9.804227943715923e-62 -0.24043752942337218 0.8548108381759212 -0.33121453785545263 -0.06355501562126943 -0.00016027124223378438 -0.18593245798556446 0.005044212602513012 -0.24953357722111982 -0.15452347197774735 0.4818024838356389 0.4127888525700168 -0.12985965229524765
2 4 5.8616925974603224e-64 9.352770656031022e-114 -7.784113527956843e-69 1.4100410339806382e-89 1.600495393403985e-103 1.7277220522305606e-88 -1.319531988920994e-57 -8.063198802609452e-108 6.08219216786169e-116 -1.416999592336236e-83 -2.3336007133808255e-56 1.6272165961356485e-61 1.700652792894926e-97 8.586104573514611e-55 3.775806277006786e-57 2.0259734980724586e-101 -3.975854004709222e-51 1.0703229627283167e-115 1.2907923178558946e-113 1.3008568017256439e-67 -0.16779196235473365
2 4 0.26343907005898626 0.2971097591752088 0.031607967446635556 0.24886307829349047 0.024560906373711465 0.26061131750891764 4.9149445984885593e-107 -0.2604663858977036 -6.516067532811828e-103 0.23589839796589998 0.26837941784692226 0.07843608648076965 0.20100112351005975 0.19777782947877526 -0.06297742232829083 0.08323298948234853 -0.02742175794464598 -0.06358595157741102 -0.409243067058611 0.4183463832189251 0.1479385384523557
2 4 -0.24218004499129359 0.10920556294129594 0.37577800612397816 0.36146117325463806 0.31361421169357523 0.029025227390203946 -1.666693380768457e-87 0.20736243720514366 -5.437409873357381e-55 0.3198339057420537 0.2869911345055614 -0.16426584285277632 -0.20970815965552309 -0.12343288685013633 0.23189184096692583 0.16697391581524385 0.20958967504331832 -0.3050310162997951 0.1713885779381254 -0.10309008221206627 0.10749701032709723
2 4 -0.23143927244235754 -0.05805033176915514 -0.16205426941558287 -0.34447860971597205 0.39434892254983606 0.32130168668202225 -1.1151153154505159e-75 0.2555287208527107 -5.556701209322299e-98 0.18668794582914713 0.026464771698376653 0.3729749389998 0.3753997327254849 0.015017343755847266 0.3708495881151252 -0.29417124836694436 0.25336303235864066 -0.3901194092473557 -0.3621840882460275 -0.20995400768353126 0.20983840282063634
2 4 0.25349076045091956 -0.0663584948094269 0.056021039935812623 -0.23545707860691473 0.16951204799632355 -0.35139308677098485 -4.265012623029242e-55 0.12144886011941841 1.2035430020222207e-105 -0.013236722274389897 0.37502897949965047 0.08730871689311116 0.298242461233149 0.015746644203019366 0.24382600359116768 0.104162706629408 -0.3250402483008349 -0.19442266177931294 0.227935071010317 -0.05584495757596379 0.31075576020238593
2 4 1.6989051287155218e-52 2.6435740882542986e-90 -8.498426113248694e-49 -6.3007828488572154e-114 -6.423834537426801e-93 -1.6264603998428096e-102 -1.4147149382422956e-52 -6.986313949458788e-86 1.6130665625591199e-108 2.3268178396191907e-93 4.433491610780011e-97 2.2697478401725759e-100 3.933606726711565e-62 1.11226385188249e-73 2.7012724800929853e-85 1.8006600995804683e-95 8.351371426678781e-86 1.954319578788157e-67 -3.3496316662565695e-77 -3.009735464166775e-67 -0.2641046244415979
2 4 -0.2577767766647142 -0.6534034603073228 -0.22816579570787013 -0.23031455290846803 -0.13881899925790261 0.27712424012286957 -1.8432119895581846e-49 -3.038791981964414e-18 -1.9004666061608476e-61 -0.029738458219110784 -0.05617238717535284 -0.19585091317270686 -0.30607074316544786 -3.9569753607928735e-115 -0.21988619373611074 -7.911286491838488e-113 0.1982833269854375 -0.04472540479354112 -0.1423503169358244 -0.1825775508435471 0.14419511663787257
2 4 5.656144292537009e-52 1.217578182869287e-63 -4.2083362139592006e-86 -2.787746326177532e-90 1.7988959326530496e-105 -2.623789260477906e-95 -1.946127317630928e-68 2.548994271859749e-65 9.915715411457609e-84 1.8784107610537626e-79 -2.1570720369204028e-116 8.932983260855912e-116 1.2806745190541338e-116 5.196360878191329e-83 -7.450787567351018e-83 1.4318333191328868e-110 5.398194220248186e-89 -1.0926945732348562e-113 6.558760573834104e-69 -3.924973021051412e-54 -0.20843899183880385
2 4 -1.4803452253849047e-15 1.7037374018550548e-67 -2.170342921108751e-19 1.8213771480906734e-14 -1.217608997242748e-13 -3.487449843222546e-53 -6.2333144766861525e-49 4.1046966887166962e-106 2.966520312389802e-54 3.620756447273606e-12 -9.462054634153026e-105 6.500890714333409e-18 -2.602712570194127e-47 -2.3676531128669958e-91 -7.186952420035885e-14 -5.082315597905959e-81 -3.959370649799958e-38 -2.23764456071283e-81 3.477294626780601e-13 -3.1471041491618754e-71 -0.15872704708960247
2 4 -0.3070254721463231 -0.13042861766664335 0.40171447064042093 -0.3119316248387585 0.3948469277138272 0.10869838114452154 -1.3164746683817044e-63 -0.22917073297083493 4.89677863601223e-48 0.005903816419954664 0.04775597910276301 -0.16881640866893693 0.05353114256841528 0.05685675663999728 -0.36861806816361314 -0.21807897714997745 -0.15956938926684475 0.3240909997145386 0.1669131449822056 -0.5191726650779878 0.3328473035890884
2 4 0.29030699260186194 0.17248586018663806 -0.026492829903068213 -0.19950972162795041 -0.24602307643487148 0.22498942122816687 1.4801347039025466e-113 -0.14182533858412494 4.351110807264238e-116 0.20441087072149552 0.3633248560782469 0.2492922341082031 0.07090340295895303 0.22109815596389912 0.22516344708491806 0.023235507275361375 0.14297384565363172 -0.14025772610094034 0.20555622286752867 -0.6339911225991866 0.40805684499512734
2 4 0.09584339434327466 -0.1642161296231922 0.06365054475490062 -0.009831775694955074 0.05011341181034741 -0.12736026705081097 -1.4402044660973023e-63 -0.260897946582225 2.4911583115009353e-93 0.08297380517134442 -0.0755433642655563 0.0993016504732785 0.330237322074665 0.03834290639108948 0.11283831104699697 -0.11190506762979428 -0.0899349403004047 -0.3961227971883322 0.3922629024650102 -0.215495299451613 0.24414784785425322
2 4 0.314675509600138 0.25453042204957227 0.05572677506547643 -0.05752772556160644 0.058174229300352584 -0.29341970235962483 -4.6292438225650327e-98 -0.11341070649083004 4.2801205744152447e-88 0.418702726765285 -0.230812470895433 -0.14514091786015712 -0.10319165674521412 0.10279030071255904 0.08306736697013808 -0.02281727284163439 -0.33903254766939955 0.1673608840083638 -0.3080099264788016 0.012164030484450796 0.32746637388303435
2 4 -0.3126955482174621 -0.03198250678595342 0.01539902948922219 0.35606967213212243 0.13760658296996392 0.05932515693523463 4.891177280288461e-106 0.20705682455752022 5.832013598195554e-99 0.07895560586817485 0.1459242718594579 -0.14052613027973593 -0.2176026007595547 -0.0930284622837013 -0.03655087025073037 -0.1814997322529868 -0.22304502949249058 0.6070715126982703 0.3120017397442231 0.43001964284824973 0.08142783089786147
2 4 -0.23793766544671222 -0.1358376117470258 -0.16587001179465327 0.05237085934046939 -0.34188997985671327 0.2782172644958395 -1.1915443875192818e-112 0.4308482135594302 -3.417739510073509e-50 0.09578686847441113 -0.39560187560597626 -0.006146283244912824 0.160706972776373 0.030014248167206662 0.18260834352807537 0.009196118923716726 0.29531740009755686 -0.823941630519266 0.02480989116426003 -0.2368022214260217 0.3107449532806027
2 4 -0.23744487945238646 0.20094153712408663 0.1991068344036985 -0.014235838707345587 0.3910167374194658 0.17351477651546052 -4.7956637902487904e-98 -0.009724876193945464 1.9458951870364062e-92 -0.4473072202801088 0.1300706831861563 -0.41515853623887766 0.07568390332755162 0.049376408096494795 0.2542967580228573 -0.16696296421183301 0.11733050025706045 0.3619359409979504 -0.08468698275574624 0.471281565172757 -0.061760011264135606
2 4 0.4264960109890256 0.12939168099554937 0.08004147612517223 -0.3337213320792653 0.5178368586096395 -0.20754512672654332 -8.925473003109718e-84 0.05509350059354753 3.7057572632218767e-113 -0.16331689628669424 -0.19096431443052103 0.022598384838917622 0.056203712034704575 -0.016878006235212534 0.2903475429957664 -0.13749262722594813 -0.1557092763908224 0.17421016935299974 -0.20946158721802274 0.18455715602124412 -0.19673908867468629
2 4 0.3566328088534221 0.04932417712508284 0.13798379377845582 0.1739531732262759 -0.3008838876239722 -0.0810169206518894 1.899960810976568e-96 0.35599997119039173 6.239329797927822e-116 0.4023070477864724 0.20857359511011417 0.29451919226083656 -0.049060981466148415 0.005148485439413712 0.2028691548004432 -0.03677825847045179 -0.11594957827167039 -0.21833137507938322 0.055419140325239806 -0.47479526451294896 0.3468400127150613
2 5 2.9543561090580297e-30 0.5865102161821133 -1.854883391991841e-79 0.24930035432031766 0.22456759998565787 -0.212930897735811 -0.33560945445120965 -1.1700068370987748e-65 -0.048034944390294494 2.3976774954750692e-107 -5.387019836582671e-56 -0.1801765074375531 -0.3755343552026303 -0.3156375100211105 0.36484504668232 -0.0540171854943213 -0.42596299920241093 0.17758768708264547 0.6472119737778566 -0.23471755959840937 0.14700076766865355
2 5 2.042954984437894e-14 -0.0400675450367835 -1.444738186294395e-68 -0.2267676261789198 0.1242258134045955 0.3010210318098982 -0.35634311663060053 1.0175425674095899e-88 -0.622889080097693 -3.47472455805904e-106 4.880368912921137e-98 0.1753498506748527 0.340247533175387 0.3210209577694892 0.155735916970068 0.34389159272405484 -0.1957410152140717 -0.19709479893725504 0.02441694222982014 -0.03424929485237356 -0.0917724206629489
2 5 9.121926046782515e-30 -0.3945756077719016 1.9222489887544233e-61 -0.06311335171364964 0.17810801653380628 0.16408135150412684 -0.3541445712656439 1.499010953024651e-49 -0.34838801685427556 3.6952392809594737e-96 -6.996239874862823e-53 0.22499696623240303 0.02597518212447876 -0.1263881888567283 0.34967360516398316 -0.12245600337598356 0.04369386236292562 -0.12033920362670904 0.07825990316898257 0.2064286385770967 0.0310895112743997
2 5 1.7514531694165472e-24 0.44139909228621166 -2.5978839570461334e-55 0.09940986423707783 -0.050165867923447446 0.2509706313671203 -0.3132455454956064 5.129149969247193e-101 -0.0020076306132178305 6.883728253168501e-50 -2.1971659201587373e-57 -0.15901451363703464 -0.271922619977725 -0.4833675751040765 -0.12395768069486338 0.35779895065250256 -0.446712865753117 0.2576373654239902 0.3732124360778588 -0.09830097316110216 0.15037587947047637
2 5 -2.6751552848781363e-72 0.0001599982525973856 9.014018336977635e-105 -0.07958318023434147 -0.05630959026299868 -0.0003287258764546884 -0.009894876936405665 1.3598903460682347e-50 1.373811063937638e-19 -2.9037252468582794e-96 -3.089511058496348e-57 -0.0004412462650524556 -0.012855886299583123 -0.011172427468385317 -0.01576281133204757 0.011049687629690812 -0.015627587942386424 -0.0024386708680993086 0.0002767641657126085 -0.013483200852528802 0.07744046707012008
2 5 -2.2077681951555998e-75 0.19800195980416233 2.776162990711455e-82 0.33769510552247034 0.19039227298470227 0.007689265727269791 -0.05095891943060411 4.5406618443523815e-62 0.022193236603553674 1.8784030905938078e-93 -1.6674185749181992e-110 0.15702786925076712 0.06694511506236045 -0.023981274243760203 0.33537407518584655 0.29259028231707274 0.2823522007115036 0.28284482534142275 0.20652813074916493 -0.37537068371714627 -0.13833496731699302
2 5 9.644986453132781e-85 -0.5505325031758442 -5.800979822844496e-111 -0.028980257110095213 0.16396156055843608 0.11348941989411883 -0.2621800192113022 -1.921091625504182e-65 6.995354205773094e-105 -1.922975443016345e-79 2.325049131923854e-81 -0.13008534756948087 0.24937572738844277 0.08508948641578723 -0.05699797150942167 0.42784551790928327 -0.6249981029134559 0.3663902614070532 -0.22151485507537927 -0.26100154516031815 -0.11452069178830884
2 5 2.149357820846518e-08 -0.22688748867333708 -2.518889299956255e-110 -0.22028555296654137 0.22719492959614065 0.11520414092116937 -0.2387465650299344 -4.979318083094311e-105 -0.8390358116312063 2.3551604958143335e-59 3.159249916456687e-67 -0.30245790224956587 -0.2289051331948233 0.31348107407018194 -0.007183884079135916 -0.32194633274381856 0.5433005500996652 -0.45599028135618136 -0.4877353862969743 0.26658873903856084 0.4295661549124554
2 5 5.076555038609127e-53 0.5417174763305265 -4.42648477570596e-47 0.3120768336516331 0.11744429334055174 0.11074305384350738 0.22471358897005292 -1.4204518026520885e-65 0.16190450703508413 -3.2622003135720427e-96 1.2096079564644182e-72 0.3078115189948099 -0.07810966601065097 -0.017741154064385548 -0.3824140782165488 0.17308654209576785 -0.21310558520321415 0.3867351741588272 0.19218263640512964 0.21746910943958464 -0.28051604741061953
2 5 7.52960817203004e-59 0.35634916774315034 -1.2366376157260802e-69 0.3429336994863003 0.2727476741237076 -0.26461159884271457 0.045907210568755734 6.466082664820776e-69 -1.0395469593300631e-22 -1.6425268099010782e-109 3.780583554172679e-82 0.05386029692802324 0.15459143201630893 -0.34999246074629553 0.1418414133201993 0.06777994812512525 -0.6828572054195384 0.1300794691191119 0.34730181183759673 -0.47655693722438963 -0.00692050195333915
2 5 -1.7012731159002111e-18 0.23752704656743165 -1.2100495559033158e-103 0.23720263986576245 -0.06012249521059401 -0.30328072013509494 0.18544429847083627 -2.3743966794383847e-53 0.29678337162958046 -1.8157845404604087e-49 7.345118119729947e-110 -0.17734776109687805 0.019590370200043623 0.30073855919615095 -0.24637152883585264 0.2912475587203313 -0.5013065029961432 0.3481008305506908 0.015300924545338148 0.3278316219637584 -0.24611833333163566
2 5 3.7637170219815853e-115 -0.111954698238357 -1.510469951346537e-113 0.10107933216100821 0.23891296341449889 -0.38348754656953365 0.29740684255230326 -3.596277467275886e-111 2.6599407879959006e-94 -2.3169621177797467e-59 -1.634695419058358e-48 -0.07907697821847261 -0.002438730021823104 0.15321188002695504 0.04976501628928458 0.29649757630243834 0.07920130274259832 -0.24742032533883718 0.25828230295078214 -0.2806474108674427 -0.38659497453174313
2 5 5.760748368385545e-19 -0.242067892063756 1.385671738327571e-84 0.01754948160283662 0.2718381085869308 0.3519829495532704 0.2814946904029316 8.324208995204806e-55 -0.4542695572488765 -1.5836936180574198e-83 6.952976802952549e-54 0.23415160607607058 0.14551431303892767 0.022058072067031576 -0.13130291641947847 0.05932658734124771 0.2500085541988625 -0.0849333747343649 -0.10427162338980904 -0.07180991254483347 0.1031564570296606
2 5 1.7122611876320804e-20 -0.2947108311235925 3.8882878039364696e-72 0.04599646391771082 0.028783644114280558 0.19854895826875502 -0.02314339099238491 4.4136878054479e-82 -0.45168355426975265 -2.08764094304019e-48 -6.334485560157524e-61 0.39325168430559343 0.18994003025676207 0.35864847804956446 0.28796371635307566 0.2764052507323883 0.24922990795783959 -0.44618205266427546 -0.46499276328462347 0.3311721583690706 0.28491139689505346
2 5 1.405595796793128e-17 -0.12284551523206105 -1.0471708773881518e-46 -0.08466897176958602 -0.04629329894689124 0.09311907925839248 0.052960217315169984 -1.293606616411553e-99 -0.5144248769087703 -6.822585781668627e-50 1.0331085558398997e-109 0.14948553563430989 -0.0806288892900436 0.1886600140359975 0.15392704048356753 -0.051056016976326786 0.4627214907640642 0.009416331447558832 -0.2235228519755122 0.3567475964493872 0.2532599471951559
2 5 6.795640000458902e-19 -0.3528086789910753 2.0426811115226014e-55 0.08577305031402453 0.05741237944086592 -0.011657953207033058 0.1926868373020122 1.765572862715413e-63 -0.3961903419114024 1.999543743666858e-114 -3.022977268403182e-60 0.021628291018689162 0.37099865601367954 -0.12316280350488099 0.15796779780494297 -0.005284028416148425 0.22049544588213393 -0.04306972476395344 0.09703184564434716 -0.14943413638067993 0.38705452531229223
2 5 6.031697570582482e-116 1.2359540280997004e-87 -2.458314573663259e-113 1.5474592868826647e-71 -2.3580291402622784e-81 7.834719580237593e-85 2.6668729377945176e-55 -7.933854895034264e-63 1.9055272421266987e-49 -4.07754374808657e-55 2.616858079351745e-74 -2.2144796566361205e-88 9.001737662557842e-114 2.6495901678397067e-110 -1.2668381029718186e-99 1.086363908087677e-79 4.495639548930729e-88 4.3430104058593615e-83 -2.22085035827626e-117 2.0437346081743546e-60 -0.13150930627724694
2 5 6.502742587319441e-59 -1.0133620123463389e-74 -2.9457140228157428e-67 -1.8370552926909605e-28 -2.1847150443034787e-13 1.838573825742719e-21 2.2912016023347374e-12 1.2020994146758126e-77 3.320942603108603e-75 -2.3827060965940828e-49 -2.1941823232208456e-103 3.641201108663436e-11 2.0438198922540657e-27 -2.902617910723358e-26 5.322847708900509e-26 1.842469331612132e-23 -4.2796268703944097e-94 -2.31827329547192e-24 -4.9311344113998025e-29 4.5654330894199035e-24 -0.27041877181275054
2 5 3.334832905119206e-24 -0.06140593599728485 1.6074986231469558e-59 -0.1704698136776988 -0.09885610022438326 -0.07559774975393202 -0.1313713922554333 -3.966338589275022e-109 -0.4892791916941188 -3.692871163598009e-56 -5.07438939972909e-114 -0.19281810104543362 -0.10385416415931602 0.161114893628644 0.041875610024078885 0.06701951596593993 0.2661890895008703 -0.43793267148308546 -1.041823793609864 0.25375561654460344 0.3940102040412929
2 5 -9.393785880674888e-88 -1.4318799121682384e-92 2.722521660869511e-94 4.2317123499601975e-82 -4.438464323528003e-80 -3.6550473589002847e-109 -1.4012737569810449e-84 3.0616672082243775e-69 -5.124314804138344e-108 -7.303263124464232e-58 -1.2590721234954803e-115 3.46842055705373e-116 1.0565965841663709e-117 2.646838213123158e-65 -8.701179415024563e-79 4.1713649762678754e-104 1.8587142898596542e-109 -1.0561343256745643e-69 -2.2781095644962358e-67 -1.4753356150061535e-88 -0.3722333459644034
2 6 0.449210503757104 -0.3633420319010369 -0.1791431075441068 0.8883285321087346 0.012170793645244309 0.016789454383011045 1.015530156974772 -0.7535899107254734 0.07542054827388855 0.14776570861682103 0.2766431163417339 -0.11875772481019001 -0.2523564973076315 -0.21479383857182807 -0.2760405514213034 -0.24495817866134145 1.1833292361584288e-111 -3.500782074051948e-104 -0.2575116788445961 -2.7408893532749274e-42 0.19360441220331842
3 2 -0.6752422623739897 -0.0936432503406666 -0.0953845378535704 -0.46409861305744404
3 2 0.3000606305268879 -0.26994777468293213 0.5333534299804487 -0.38050649270701115
3 2 -0.07363285868996915 0.09591901470190602 0.215403300602826 0.2927718669249543
3 2 0.3704124163810728 0.36108480756997113 0.17719688700026412 -0.40281193232348433
3 2 -0.4849791115390331 -0.40803418736436353 -0.2264834161265636 0.37218309420001394
3 2 0.2959228566120012 0.003909204348595598 -0.44765395474165753 0.3554929552543
3 2 -0.5334027076257561 0.17634536510412685 0.2742638084402379 -0.05888871894154875
3 2 0.5576213143249226 0.4278056000540845 0.2669927337202566 -0.40060940689952845
3 2 -0.44912423540055185 0.35764511926531356 0.3641372246591574 0.17220156535008738
3 2 0.5334514910277198 0.3197457265473575 -0.48102255870914257 -0.18826531691275575
3 2 0.08590825307168967 0.17490598476061575 -0.419151212165851 -0.018143193221589533
3 2 0.36324951201421335 -0.4029451429568796 0.40614049896227433 0.31016181618869476
3 2 0.3909550561345656 0.20220641471335707 0.029562992543890144 0.38011498813098166
3 2 -0.022720060939988927 -0.32459458575110656 0.23497639198038375 0.343157090588622
3 2 -0.07760902364820373 -0.16391396275652986 0.12172681465074604 0.5063509951907584
3 2 -0.0284538478425859 0.4054836342633455 -0.10730938112300767 -0.05462853322388244
3 2 0.10443120604189698 0.07782420460533919 -0.36099278875138147 -0.3308458191069411
3 2 -0.20962592581026276 0.3064760076684875 -0.3925002250924603 0.48389221978846436
3 2 0.0742352249635359 0.47928086275694315 0.27272371634474885 -0.5455310060845492
3 2 0.4792859934421339 -0.31325478157805003 0.37207752437830094 -0.29048478649363263
3 3 -0.03461697131202834 1.202235854152672e-07 -0.3173306173823068 -0.21455869450998943 0.032131340382484885 0.28895925346172224 -0.09233281734757141 0.4162025314359207 -0.10049645467132363 0.11068646701607765 -0.05067763127828303 -0.16933115988872144 -0.1200883450232307 0.12362112408797844 -0.34184755335408984 0.1813220891635628 0.2954953390036984 0.30650531316570145 0.22823768908504347 -0.48714619654212277 -0.15690004618160144
3 3 0.3097566184950193 -0.3531363102340469 0.2711548846797689 -0.4844359907115563 0.19862869095177435 0.29665794714617016 -0.20150259027348366 -0.16749888635102436 0.17031667823153382 0.06427575680256425 0.11000356518313635 -0.29690615562604883 -0.40638658097442293 -0.22149770954118675 0.28709542582725184 -0.11524744868183719 -0.3892609399804439 -0.09847702442708944 0.5622035537441332 0.21446805996648388 0.2556665093497097
3 3 -0.6863217707784074 0.14820409239626814 0.20031666449782828 0.04964228591588601 -0.1829695620768974 -0.38498943827728 0.24713101702741935 0.08702972626218115 0.11007991690185158 -0.3427007533719167 -0.12245518112991263 0.10311920630360503 -0.17063849874248418 0.23715230839970772 -0.39596517539446047 0.1729678369862164 0.1582649561514844 0.0049287558293266065 0.8652165549969512 -0.17754995271523352 0.2071759748683424
3 3 -0.7533947994061698 0.3562019869417863 0.11983811558824327 -0.3096004608147878 0.1163120229167958 0.25729262866605257 -0.08787619834229939 0.20409407075864927 0.20593996439858492 -0.21524878738121322 0.000751882264056488 -0.22545298420786666 0.3412106999196521 0.11457847273805252 0.38414285660041886 0.24522281185103256 0.14869836660867639 0.3791274034401797 -0.780726276921123 -0.12678937816046976 0.07917339891562411
3 3 0.2854085526021392 -6.194918839502433e-60 -0.3232501848620104 -0.19333740561030194 0.07045931163460929 -0.0474937143664162 0.02121096012064636 -0.43206783766074414 -0.055877840152103925 0.14241915922750317 -0.3417372079885199 -0.31697733714876974 0.31434004473312604 -0.23962510579019547 -0.330084387437712 0.1533096517844413 0.36968176270116904 0.2629022890369583 0.5507260439702679 -0.01702102001063909 0.09021573084633071
3 3 2.467471116266083e-110 -6.631374329350686e-89 2.0760266191210685e-126 4.930706218388969e-121 1.0278920680570646e-108 1.8855027806450898e-63 -4.37643081971819e-68 -4.710952875193308e-92 2.8325030197184478e-99 1.0977006698773392e-95 2.7852825695166387e-123 6.747444168993123e-112 1.913285010807836e-76 5.6212935964604866e-89 -5.843258189367365e-107 1.0088573207239366e-121 1.4761107286232608e-65 1.2816725519186158e-70 5.503739858717137e-91 -9.12242704443387e-118 -0.07934778518321023
3 3 -1.1037756069140456 -0.03935360123224383 -0.3380544846960469 0.38273987409887483 -0.8161363932430435 -0.10186546176955487 0.2158880085810561 0.47299073514769996 0.5866079195184688 0.5738142857571848 0.03201938400433093 0.27341408720438065 0.3733475312845147 0.23190319661741057 0.28952928106781145 0.1344476125841855 -0.3223886085198506 -0.13439485321784236 0.4642223294195187 0.346838005286381 -0.3803674256808858
3 3 -4.414157283597212e-78 5.753738893355847e-87 -2.9773288221870126e-66 2.130061276740431e-84 -3.715614147232683e-81 -2.4018917866610806e-117 -3.1892499386275165e-75 -1.257880226538438e-115 1.3793066614054086e-63 2.821846394221916e-101 -2.711681319997533e-61 -2.1526930758901646e-118 1.1480172759169368e-95 -1.9849079094699828e-120 3.6601868084192005e-116 -4.293259377515753e-99 -1.2051373163306482e-96 8.597283152887657e-108 -2.948767347421883e-102 -1.0664158363913008e-63 -0.29087010123594914
3 3 -0.874184251468053 0.09848293164441577 -0.25285280393345455 -0.08713406435398564 -0.05812372188737112 0.3903019481682422 -0.2586176088768441 0.2410851506575943 0.11672699192000918 -0.17985481238406006 -0.073310217907852 0.38116713334010904 -0.29364075875830065 -0.039547920380425754 0.2867640026873728 0.17570383786022692 0.3843256363234904 -0.13467034559967644 -0.31368727880397024 0.2170754103989262 0.403565327680878
3 3 -0.5345450294248438 -0.2744597973920861 0.31084010825439806 0.2774410572587844 0.13212604413489526 0.09209196610389873 -0.1887847877640829 0.0022794811853732153 0.11638825629938505 0.371964453211195 -0.40689470384693077 0.19402036012377474 0.30839102142789215 0.13454870853874135 -0.3638872694056164 0.1309295583987576 -0.24129532668354908 -0.1381126368569832 0.5166354701123465 0.12105530624687377 0.31346925699740164
3 3 -0.10386090179083839 -0.3730894771651726 -0.3515976370095049 -0.2465801885859989 0.3108431304504921 0.17233706087768816 0.46616088671506445 0.3147554884497031 -0.6013709874060545 0.08556836891767008 0.2134163262408738 0.04558213136491641 0.14390723167448924 0.07489988591714825 0.25972688030069935 0.2735081118731235 -0.1135595515573992 -0.5317162373409936 8.438727095983104e-73 0.06110335784033419 -0.15770730026181662
3 3 -0.4428386572745913 -0.3794507710343401 0.13781406024012913 -0.22590468281797904 -0.1304597058904175 0.2806411152256501 0.38686472558201984 -0.299643302184654 0.34639223256492724 -0.016218899472049256 0.4493550676155426 0.262621530595191 0.15850739304026606 0.021944902284136016 -0.07255955087283927 0.5120609447555631 0.23182043930785817 -0.33164721864838725 -0.07653540393126895 -0.09642629705977164 -0.1495535974259885
3 3 -0.07601270826199755 -0.1252258892774955 -0.06297212086147227 0.012314734052915822 -0.4552077466971139 -0.20386810001615147 -0.2256960998158952 0.011835410489939522 0.22453943681367416 -0.020088002195264392 -0.0455181883150219 -0.21887781801735995 0.059778755272951074 -0.3810182100835887 0.19013427297816615 0.3599107801988285 0.08516889822933539 0.29184433039355795 0.47949067022691555 -0.17676702162456018 -0.26037540996687486
3 3 1.6894994522571003e-85 -2.235711555547097e-80 0.1871614326392728 -0.006086340259996009 -0.034390647321475204 -0.2057800725319903 -5.491958923899996e-110 -0.07260328883574046 -0.2545842610707419 0.22005858646284943 -0.26529779776336965 -0.30691569886369985 0.035201098097150774 -0.152642614940087 -0.1206823003875665 0.02533073499045782 0.002699919341991801 0.01729979091012793 -6.388813070447678e-107 -0.08360137874174163 0.006951393978749994
3 3 -0.0536535491123672 0.5151170434179599 -0.3175592484999361 0.4054821757295846 -0.05825435327267028 -0.12556184942672327 -0.10764443160567815 0.27106184768426084 0.23495977085918385 0.16801507733493296 0.14719423305456497 -0.09620448675738477 -0.09889859344345958 -0.01886151765336459 -0.35720629396905446 0.4470245706217946 -0.6301316627247552 0.30589833064270455 0.09716683168729222 -0.22670464303711912 -0.1067922637143071
3 3 0.32064810166209856 0.13539756971679034 -0.20693455991205392 0.08454298499725067 0.23220281736566986 0.278345269275999 0.1344651763142771 -0.06320480379775006 0.2547357544788241 0.184306482559133 -0.018047327170043866 -0.20343951254344161 0.11678799462618572 0.20059271332458053 0.0477318346460839 -0.16496524858474856 -0.20830040874951444 -0.244271621086743 -0.02164699471647948 0.46098890074363474 0.005624463286685262
3 3 1.8133185004749738e-66 1.6737761412834478e-76 -0.13296362266902242 0.04394769333638883 -0.03852227223482054 0.2610749775770793 -9.876955828110406e-114 0.16479840535836707 -0.18621754849994032 0.21345843808286893 -0.3407357282447469 -0.4001710146550789 0.15608787274379488 -0.34153915566876647 -0.40718071869625566 -0.05612586325651443 -0.10784824281617728 -0.2754641018201264 0.08124475631565467 -0.23925367210225199 0.16778041977203983
3 3 1.7686441153754484e-76 0.4073113901669468 -0.03833030179740819 0.02858348459406928 -0.7022091114049235 -0.1678350162378551 0.0901074020516806 0.6267132233976914 0.0769989439994781 0.25313865617847187 0.3854688047350906 0.3088680664845777 -0.12740567188692362 -0.09036716913056078 -0.05081016651918569 0.41079900423312515 -0.16119382913445215 -0.18315617653665503 0.19810705829260902 0.4080440839256074 -0.3783424571577646
3 3 -0.15290375465762512 0.02524809077531871 0.2987902536518052 0.27101443498575184 0.1582056860452069 0.3532822264823464 -0.019672010935969236 0.20994112628693518 -0.3971921645158029 0.24811817343519743 0.2964015508566169 -0.08564155509938946 0.3246301550024136 -0.24597068913822095 0.03663856092577752 -0.20889765357693743 -0.42729298921860365 0.17584902223444177 -0.06850460605862077 0.13350200764295425 0.01439145527332998
3 3 2.5005607311703445e-98 4.9288767562598543e-73 7.248462579263206e-86 4.778923082475577e-78 8.204866110615173e-85 -4.6742948121445646e-125 -2.778332227982369e-100 -1.3038872032094506e-61 -1.979548213049493e-73 -2.745591609329816e-64 -3.6096409523539124e-73 -1.067965450159069e-73 -4.2780055062098816e-92 -7.037769971345954e-115 1.0638490037908894e-73 -3.4637266305554817e-90 1.0703283157288762e-61 3.857514799160458e-80 -1.4602168704895134e-97 -3.4214726167547456e-93 -0.17851262614813573
3 4 0.14177866595347213 0.1615671127308335 0.034975895103882854 -0.4021775517093725 -0.296443729331813 -1.1534017863958416e-124 0.6228844297380339 -1.655397682802008e-122 -0.2308220637226276 0.3458637214573262 0.35153447986521724 0.399219202620016 0.5635695662455464 0.00767388240592229 0.6021948836829387 0.17493097158820406 -0.21899890713920886 -0.06555052062913186 0.1554161420143552 -2.1411085474626553e-120 -0.1832160513085932
3 4 0.2923584607546412 -0.21049009255141626 -0.0100543470189193 0.013164693696686911 -0.3362444772724952 -1.9490394169692525e-111 0.2180909949718285 -4.2566938143560695e-101 0.2300237194687897 0.07902796251764235 -0.13977108193452462 0.37808012601261426 -0.2588634180692626 0.019290733480295676 -0.7564925013415823 -0.011631621825058386 0.20282111395897226 -0.3153492607756203 -0.0817552844120071 -8.824488741875688e-98 0.176663297976663
3 4 0.1513971593485897 -0.013798377918759454 0.19114528985366602 -0.07982173965245953 0.05031816300877844 -1.4702830326023652e-76 -0.3575636613943926 -2.710847372001326e-61 0.08759134424571267 0.3321664545401076 0.2878945170257822 0.06254221687837755 0.16500856926930818 -2.0533767550642072e-76 -0.01003830622734188 -0.2902265963202633 -4.448589840904583e-06 -2.9079701343997406e-07 -0.2612250078621731 -6.0718587342738555e-120 -0.2858826422285025
3 4 -0.1011382748883831 -0.15247193739663173 0.3372176866826441 -0.2375452493460607 -0.30372429485237606 -8.327747032274636e-77 0.30629855188623345 -6.195247335950825e-60 0.39092860332454815 0.3283051600212436 0.01978106409167305 -0.04840803828692912 -0.134269070685229 -0.09251819966941771 0.17782708487087723 -0.4036844776509127 -0.061696168992550406 0.5750242347965472 0.46310601158095566 1.7753008721522326e-122 0.2620220420686423
3 4 0.16320961914224866 -0.26597563537497854 0.22777941942409152 -0.16089546853955378 -0.12446357880650712 3.80858470780794e-81 0.15989761076993458 -5.499490617865547e-91 -0.33296503446599707 0.3219625902715341 0.006950203319924637 0.04750129151379212 -0.008736451585763114 -0.01004320401817577 -0.4939796426321753 -0.032869964226137985 -0.4644505569938723 -0.37224582430804704 -0.36772325855145954 5.902497873980411e-104 0.3039758748248166
3 4 1.0930819946164702e-115 -4.463337014238973e-92 -4.0281420254013106e-125 7.378170561258615e-124 6.383188083699599e-107 3.438024504284042e-74 -1.1741513755380498e-108 -1.6225019805578797e-69 -1.7384842986520412e-121 -9.409928258614148e-65 1.1365120434813744e-65 -1.0330424882472303e-118 -2.0622856328366247e-68 -1.3453539384528248e-79 4.1016551761991246e-126 1.5717383092303894e-60 -1.0851328972633245e-87 -3.611740313565632e-127 2.978334846967715e-120 6.404046705383848e-123 -0.36984579948163415
3 4 0.09224037810294665 0.14189931747835072 0.13395577743012543 -0.22445273824600034 0.16680582455399173 -1.4237094418065833e-110 -0.11160470405093055 -4.951573973896588e-73 0.3741498729397955 0.040744111513465915 -0.010345352329279302 0.14414754841513205 -0.2606154154444535 0.018925625818305758 -0.036377494910062404 0.2105958593581045 -0.21949969723299817 -0.3559823839955396 -0.14327957246368878 -2.768387459089462e-61 0.26744629582308915
3 4 0.6650659369347635 -0.03261902389995926 -0.06964800539121807 0.14933202441114934 0.6612324860367002 3.67449485884177e-95 -0.5652049072207074 -2.2994708615820192e-89 0.04715870118019214 -0.28050881605759115 0.8687513946056206 -0.5014331317801559 -0.11505637573982372 -3.8784101885914124e-102 -0.24376518354423832 0.48139860149632013 0.19295123633476233 -1.4338559191184274e-89 -0.2048086561090512 -9.901774978728154e-68 -0.17677669959200049
3 4 0.0431015622781898 -0.0018838931956370551 0.08008721433074466 0.22976104591462784 0.2021857105698334 1.3148131791968903e-123 -0.010739970808299954 -3.607163457143033e-102 -0.1267304762894224 0.09782488246589754 -0.257755983624694 0.3729255729447278 -0.4188671545891878 0.09777415058355464 -0.32917324150797955 -0.3089927437554651 -0.36880904254457303 -0.6820388980122717 -0.16993135243874807 2.7340861187588116e-101 0.3251243895246289
3 4 0.2405994642577256 0.3456982699373631 0.22743334162485784 0.3058336531868607 -0.04020824907972115 1.2185972078710367e-113 -0.5043571609198606 3.2173516596827976e-66 -0.2901545762385668 0.31140504816459397 0.2990972665736309 -0.14861500883480616 0.33500604960062663 -0.036041039101150904 -0.1913766247435058 -0.12304544295946498 -0.1334618061372978 -0.0009038478844893199 0.3136368963357766 6.243394413448338e-121 -0.38078765029827694
3 4 -1.1505877166392569e-94 -1.5383711883870018e-84 2.633247882408893e-88 -6.24405527301238e-121 -4.246467404202986e-118 8.649442292014084e-97 5.7705462351340175e-59 -1.8663448841093259e-121 -1.0901909239104613e-122 -2.3139507500438593e-59 -5.0755565676956526e-98 7.207589547107845e-102 4.505636328021167e-129 1.430926864795037e-87 5.734601887467249e-88 -1.0883909187406844e-128 4.657800548118071e-78 -1.1536639553246888e-69 -9.26710358442443e-102 -1.3673148992655975e-89 -0.10470601323167084
3 4 0.04335791246251613 0.010074547901159586 -0.2946712914909932 0.1872973531791033 -0.3124702243276304 -8.786919251294232e-79 -0.4134283633997422 3.9522366768592217e-72 0.2811269479256764 -0.27277355584659585 0.26308597382770604 -0.16881738693768555 0.08396244790437184 0.0141476641964648 -0.21630238831627402 0.15693703918832397 0.14676589997699543 0.6806951461804299 -0.052253945994056604 -1.1606851928795841e-126 0.2141472674545178
3 4 -0.09876818459424636 -0.19943650574056923 0.1787266827522798 0.003684177342629832 0.16107691865164508 4.886514778910787e-68 -0.019364925347807323 -1.349962662741442e-113 -0.04182694524484258 0.06907713614736678 -1.3927744167593269e-99 -0.25088921428669725 0.0744261781307383 4.064386355357651e-20 -0.001168649874921418 -6.290855096772265e-05 -1.515509614507364e-09 2.665825085097893e-101 -0.1778220286572521 7.040818417658934e-120 -0.033172545205040385
3 4 -0.35305440899358115 -0.27333817431204216 -0.29352165104502304 0.3219815218785153 0.03847614876590763 -3.370714612392553e-60 -0.25076781157634204 3.3651133800087323e-88 0.3775239924931836 0.004875200932126907 -0.004980794016359757 0.131205003288376 -0.22178138172003373 0.30482353210783036 0.2991484348691888 0.3695958362047735 -0.11884904531172875 0.12299401811098552 0.08481387036355913 -3.890195343622149e-102 -0.004955115777126713
3 4 0.32741955702188535 -0.29265584783737564 0.19316274800756722 -0.11806302415459363 0.2885140082336843 -2.5785050085076625e-119 0.09568594434628279 -3.621441049829653e-78 0.047953077303386 0.34566866954619474 0.2076355024299603 0.06681840508538904 0.4090240331858828 -0.025698870155219707 0.0815009094809064 -0.32711247344014954 -0.1663008121207106 0.26799563384369146 -0.2840131159576492 1.132068996865803e-68 0.2206418211269729
3 4 -0.1394237000675809 0.015029605692236199 0.47857496713899494 0.17062800331160985 0.0745043268075859 2.764455887471196e-61 -0.485425505756266 -5.8469007259095754e-62 -0.011061883947011459 0.3836800694566345 -0.006732513581610762 0.025292881362650576 -0.397028261622437 0.025875067910404302 -0.2612510510775537 0.2181638886838374 0.21555479929255392 0.02786248543201078 -0.21130803845119364 9.789647782966995e-66 0.22127096863866827
3 4 -0.31973819987853336 -0.17016172604284777 -0.3180806022574969 0.15237795382173897 0.2090126486345908 -2.8889736107703464e-73 -0.09049257419524318 5.992510780989746e-104 0.10455702330785437 0.06502402925660411 -0.04972012442709563 0.05183909208651334 -0.18290594130051116 0.13712369033231384 0.5112519415882968 0.05758081786959049 0.02460475271964521 -0.05437098356770624 0.34351955950328344 -3.376367425945981e-73 0.2012389969014056
3 4 -0.25358866069911734 -0.008263600322852262 -0.13551513042248103 0.2930329854975461 0.19274685306878603 1.9618044449933453e-113 0.2838416815227105 -2.294414889490962e-81 0.0025331630333724937 0.2800064126737076 -0.13946205399432282 0.19834437412837894 0.2534637090186078 -0.05487199888682737 0.24486172702361986 -0.14039965740736612 0.3528772979931051 -0.023364953329054656 -0.05680820744327754 1.3908472526568227e-123 0.1973006972976763
3 4 -0.3702615569271393 -0.23020980130300048 -0.3288771126469433 0.28416833114555157 -0.40460955825856093 1.7211032272752387e-88 0.07047617096453142 -7.60823553659541e-77 -0.10700474276173004 0.0389973900371662 -0.41302272794932404 0.13301678533502903 -0.2720535361567111 -0.038527869107126814 0.22843669321410665 -0.1996617862819015 0.35392418811795645 -0.6452483556003701 -0.014442549880316957 -1.4394898615894027e-89 0.37931045758880766
3 4 0.34637285720197075 -0.13269351217725814 0.2815795636021654 0.20288496657554406 0.07374335183195849 2.7941755939503193e-116 -3.5839114574610743e-81 1.2904821672630103e-65 -0.016451075060687013 -0.18412786334073553 1.754115990683165e-127 -0.10561233240109211 0.2869147029203964 1.1798209969855388e-06 -0.12083908849077593 0.01563067377852444 0.11255439860105693 -1.8845908476085468e-122 -0.35624104921680577 -6.931171813995992e-65 -0.24934648035586676
3 5 -0.428911644186452 0.13946440750017397 -0.27174224264774255 0.1909739653091334 0.35439072509799946 -1.6579820751773578e-81 -0.062470018780653704 -0.7410266883913617 -0.10149074830165733 -0.10114136287849665 1.2794272488984676e-82 -0.021071898846630934 -0.2866388337021983 0.42676896950146226 0.10135539432949067 -0.18280160685978933 0.15404529148662136 0.33975378756273145 0.1482810984641748 -0.3271759782766147 0.019597202259069513
3 5 1.859471165143938e-63 -4.966118723209853e-100 -3.281906572121477e-115 4.865571521855611e-117 1.0702975070048259e-106 -2.604419091262345e-119 -1.8133722910969217e-83 1.4647265827818227e-65 9.46276042848648e-80 1.7667763333464436e-72 -5.157225063078541e-127 -2.2161350786471295e-81 -1.3568495764312185e-89 1.8815583004005872e-81 8.630009138128745e-108 -7.7766280753417e-68 3.6235726240156614e-118 -3.3336141736539947e-78 1.4317091037954224e-65 -4.0239484126737857e-109 -0.1302184303146654
3 5 -0.5051751963300318 0.24886367019742214 0.12465324102653091 -0.23790311317360507 0.033184181750031655 -3.219721982108147e-102 -0.03849194262491071 -0.7809921608575778 0.22002806736147976 0.3365014110907673 1.2882113787793437e-101 -0.35716834941045517 -0.10219555184766166 0.28675449353561894 0.2301177620151669 0.24854078218037387 0.11871091887021598 -0.022366794174801776 0.32520541685765214 0.07295345514404875 0.24284275051217905
3 5 -0.21101008384383768 0.16890521880934867 -0.35185435240944885 -0.23888600871300428 -0.2120396906677853 5.621907833292118e-103 0.34154827052232856 0.09793176769031071 0.1550614621693669 0.21516584441533437 -1.9495944200890395e-69 -0.16155358557099064 -0.11682328359234827 -0.4178788452726194 0.12869180287550724 0.10114230156675269 0.2616365321609099 -0.11607197439596834 0.27417542857046384 0.19685633066577152 -0.2907192618759463
3 5 0.4374613757138044 -0.24675863101561948 0.025305440380344883 0.13180021552933793 0.1545712374879772 -6.624248617969606e-106 -0.37391598216984556 0.23732744272153328 0.25065199778040376 -0.28900804642250016 1.3714252503241955e-108 0.34575991922989424 -0.07158265577361379 0.19072998530142074 0.16007029126382002 0.3292724208898341 0.1798995904710141 -0.35537025085683266 0.3194964228929132 -0.134943434122236 -0.21190465393276783
3 5 -0.036710600890716746 -0.007500004199814522 -1.1830760563067321e-76 -0.033209343550058064 -0.0016260139383507126 -4.645814510987521e-108 -0.08356579668282668 -2.5296557900024387e-18 -0.046045131884217806 0.12564162848274246 2.864170020838948e-61 -0.528082850395721 -9.240957866479844e-113 0.17510031280469998 -0.08114413599551877 -0.24131079916706213 0.17295519871931844 0.30215694474192223 -0.2972084605423061 -7.029923216920446e-111 -0.16108097375836117
3 5 -0.5557834157685777 -0.11759734497736747 -0.16994221418588923 0.1974166923330412 0.07017961960538849 -2.5281544708522113e-93 -0.13336559972755035 -0.5980239369892125 -0.15234358506438755 0.16881692283885943 2.3528433807492623e-94 -0.1289423268690016 -0.09430365875776377 0.0783063248383818 0.10618823744197625 0.4207790271304456 0.07771625032594955 0.05316432824448625 -0.10822479577101034 0.11163554448494034 0.15209149485143109
3 5 0.38573514205614384 0.1467140560764969 -0.00950280631819518 0.16524111917012127 -0.3421256966600033 2.2404048707067912e-119 -0.4398409829281234 -0.0028646210243628415 -0.5352025510122994 -0.2424134890770359 -3.2927125699826906e-77 0.18887932963921603 9.644827509325842e-122 -0.1196645228807476 0.003451325087061071 -0.13004197292833886 0.08015819638028455 0.1643189923376506 -0.2545969137940364 -2.564730627602712e-103 0.05153367426380723
3 5 2.607886589391409e-78 5.0695165716334256e-92 -1.1125236339942e-112 -3.752176341969373e-114 4.591525806504314e-84 4.713546222582029e-69 -7.392621997878889e-64 -1.05657014598086e-117 -1.842215429274048e-125 3.766315012302533e-81 5.341943983738313e-106 -2.2444615155945606e-81 -3.9653593553384915e-122 -3.08281252255736e-64 -4.886773743002419e-99 1.8033541933830744e-86 1.6314711619092076e-67 -2.202403799453458e-65 -2.850377755519422e-128 -1.2489167824031332e-126 -0.04292299661953064
3 5 -0.15501721878767571 -0.40027378179926626 0.08880646048278737 0.2311978030620055 -0.13009583719134166 2.5819894146121383e-61 -0.3507675373170124 0.40366223972625903 -0.230644181304141 0.33565785427835265 2.09875146258907e-108 0.33407315713893776 -0.14883408363282755 0.18968219283218798 -0.1435665404630586 -0.24429568972581406 0.23433160210734444 0.29975335081034965 0.30268535788041245 -0.3077894368965876 0.1040970736602234
3 5 0.18031542531554026 -0.2039390933808657 3.8076472836385763e-104 0.1309164027156573 -0.5673178135054314 -4.122810161507169e-84 -0.31086480324504706 1.3799928267681141e-07 -0.6543929263859649 0.2633360942164204 -3.7861819847458255e-76 0.22838697086180426 2.4929975900737975e-64 -0.09237119128618024 0.07173411970322191 -0.161935302974987 0.05438292119475485 0.18370908586376625 -0.17680020841346383 -3.8131253276586087e-113 0.04363894701524651
3 5 -0.15801041504051125 0.24430061328758673 -0.006052319987930081 0.22711986443231844 -0.18216409741941614 1.8831876650954061e-59 0.273554044272884 -1.1000032253701547e-102 -0.08319392473560236 -0.16281797349248328 -4.532615434722818e-105 0.2785928377106299 -3.3705991371721287e-100 -0.3187506163663469 -0.10751144099639001 0.14979762083184303 -0.20035364973038097 0.04756453526193117 -0.02177688714207478 1.323333309358996e-78 -0.3656271976024049
3 5 -0.41638992024928134 0.35147391748395357 0.14340875377269272 0.032499902885624696 -0.2685644237814202 2.006135753095298e-113 -0.1472867445509899 -0.4564435337036886 0.23807892729550967 0.18219291421215103 -1.0547555964256115e-66 -0.30500742486351984 0.21967469150787577 -0.0034929655331983685 -0.02143408965938131 -0.03828820789902356 0.4129703545901373 -0.23268093725298059 0.08255222258102707 0.3264065884797754 0.20582400539957812
3 5 -0.02074019582741131 -0.3183034563452547 -0.2955588245824066 -0.02889446906569691 -0.005755956214619926 -5.570679860431571e-59 0.29867456988927393 -0.5701634302102019 0.2943521091709108 0.38682730849938346 4.031471600848802e-65 0.16125230736484766 -0.1306513715535205 0.354664397599547 -0.29498700153284363 0.371601969970298 0.1077512620344117 -0.26172714938584646 0.06497893883711671 -0.08862889128154183 0.36771224014260845
3 5 0.11407781495104664 -0.17233066499182864 0.06758126614389867 0.3188982657616223 -0.014104627935502372 -1.8610407305672837e-120 0.16552511737266498 0.6686617091333446 -0.3724037163712379 0.3146293474870421 2.280331972095847e-93 0.20444571875863418 -0.06703949782839072 -0.11428742932183804 -0.1952489398207533 -0.2898679605941956 -0.33222694595704194 0.1668293234173238 -0.2622549069502734 -0.057364673145723584 0.2546752617864553
3 5 -0.6339486627217359 -0.2583653682791661 -0.04882174426206165 0.04806144997955528 0.07826378782924856 -2.641330744814143e-113 0.1931391509302 -0.827184700986267 0.15849663521395468 -0.17724705837177154 -2.816588550534714e-83 0.004006030443127749 0.009457846333229521 0.1714013890103454 -0.328433199416522 0.4245883531115148 0.10637776942882456 0.18873111931287084 0.203553252273973 -0.16480223386312992 0.23232128958085962
3 5 5.429145503402539e-115 9.361048794835625e-75 -1.626956102282852e-67 9.423298387933747e-70 1.9085390733303432e-83 -4.059993147440619e-94 -1.2405721836094568e-91 1.5213805656675525e-75 -1.4017658979768145e-63 -5.161406498106816e-119 -3.643183229524262e-90 -3.5904663092062606e-104 2.9520631099212396e-73 -4.067305375345899e-96 5.307075177215328e-98 2.5761380431999073e-93 -4.270851014836004e-84 1.390109542012994e-121 8.443916687933934e-97 7.79247915295867e-119 -0.23659048647869263
3 5 -0.12681947857250325 0.100055167219551 0.33979145051912024 0.26853611909107716 0.17686342597393076 1.4821514245458129e-67 -0.17019108866691765 -0.0022044833648704144 -0.2403882778414688 0.255854823865773 -1.4268071908937852e-63 -0.03924130298424478 -0.28198651544592035 -0.3476797836433428 -0.0035245125142102044 0.1874052482966387 -0.3634328012665341 0.23846844286975027 -0.4091638535007007 0.2896040955576082 -0.03251947914024532
3 5 1.4115015229430553e-89 -2.4750270577281996e-110 1.124460446315225e-110 -1.1062985597974464e-104 1.4838272946517913e-93 -3.603317595609177e-106 3.6743073118437386e-126 1.0047635726955828e-65 2.8471211979240795e-97 -1.8480553591979952e-76 6.800385412390721e-95 -3.482663063811987e-83 -1.3062650980276522e-85 -1.6200604203258917e-61 1.6478238761945983e-93 9.528945970647589e-67 3.4485536996056825e-62 6.321385710268998e-105 -1.3001197190508244e-103 -2.5101949512686026e-120 -0.28569916342130885
3 5 -0.4889428133648678 -0.09680699906322128 -0.3044704178041787 -0.4045747585427495 0.27254377701128446 -1.0675587337094311e-89 -0.20583121840285468 0.5891938094411846 -0.20324752995915354 0.12475186655719286 2.3881355027578627e-110 0.09791571376594567 -0.14397486736926246 -0.3819522812376241 -0.18678020618121197 0.3151766983662192 -0.2661168233763776 0.021848988883148887 0.10342842911524612 -0.24109194454584007 0.23516345726448792
3 6 -0.5665356457027165 -1.5355118447523435e-49 -0.4165756023402166 0.4323760596020182 0.07030088878783448 -0.3958131796136082 -0.13595594188528096 0.807775029349108 -2.3718442141784536e-84 0.27069037483327324 1.0828938355470545 0.08190440446815253 -0.3092682483327125 -0.3587539452259026 0.1480211092775692 -0.5603369204461448 -5.86072427244413e-87 0.46360535714479145 -1.3232728122686557e-94 0.5334130527076915 0.42536139636898357
