Number of NNs: 3
NN configuration 1: 3 20 20 20 20 1
NN configuration 2: 3 20 20 20 20 1
NN configuration 3: 3 20 20 20 20 1
NN Layer Weights Bias
1 2 0.3230207530860964 0.17015102305007654 0.2409569187070783 -0.08732158041653006
1 2 -0.11533832688548991 -0.14323323531370405 0.4546629434288978 0.40406506134912307
1 2 0.1673227384899661 -0.3986738732180363 -0.2708111885566688 -0.030162171150541747
1 2 0.2617373753185603 -0.3851144589201474 -0.00707202638094876 -0.4317378573822592
1 2 0.4536463161884008 -0.03772830120915594 -0.29545957022669517 0.04909246880991339
1 2 -0.15180212519028705 0.5814062634304495 0.0133743656066287 -0.2584717773997484
1 2 0.05444405743840454 0.35192027664622705 -0.31022336451611593 -0.0333925423095997
1 2 -0.021177229883112245 -0.3429441075849759 0.3502490602301539 0.05525669672979606
1 2 -0.15171789456725304 0.30830537493122095 0.22776432864153656 0.3529821312069763
1 2 0.09128437236090266 0.16839674379434144 0.5876714580145644 0.45886266090367045
1 2 0.12368761609045004 -0.08068001684690704 -0.15347249530090293 0.05700945664405426
1 2 -0.3201053655932738 0.415604548312031 -0.4036947708633196 0.10974535273730682
1 2 -0.5664495987504397 -0.09444832272901123 -0.06357291851080794 0.39169588242870484
1 2 -0.17208420875698546 -0.06971145948256002 -0.11197775467906589 0.3365046415148868
1 2 -0.4112075527669796 -0.12569854277807743 -0.2928014538744402 0.05086199247821387
1 2 0.5079755950644559 -0.22604937705469622 0.10126981294573012 0.13252144635907198
1 2 -0.7007423417807646 -0.3825456069857679 0.21544578502984338 -0.284546702529428
1 2 -0.34287076460122545 -0.40075525771669523 -0.06436409767485576 -0.059804875563932464
1 2 0.19580253351467142 -0.3855394901379799 -0.21742982403458191 -0.1796822405586642
1 2 0.004333138515965332 -0.02231217783455739 -0.08306915921961437 -0.1309682830438193
1 3 0.5148589377821673 0.36070289006221173 -0.35364932291043827 0.10536332791420808 -0.10603540757492318 0.42573086668981763 0.10156035144509298 -0.04832998218873797 0.21913631890428112 -0.030772861115583226 0.2140223715847421 0.1741743931355802 0.009639685203693047 0.34409747950437186 0.11813590114794431 0.33785276731530245 0.2765911221740548 -0.24035520660805348 0.020128026877855226 -0.03954130938734412 0.24248235409136892
1 3 0.3855830653648205 -0.2339964553884398 -0.16763343881924048 0.21260710325052032 -0.2429703501657625 0.6630744860652017 0.46775847474616783 0.2688776166563632 0.16842757625594915 0.25740147066085456 -0.0046206465531516685 0.10182267596788352 -0.04108342753533067 -0.575682329978562 -0.5696961215814574 0.17929963950121497 -0.501319656133327 -1.1210052052084032 -0.19130456706755164 -2.574940624299613e-47 -0.14031917188837129
1 3 -0.11312449028787978 0.28475838213153826 -0.2606834504700557 0.32327152236699014 0.25934818779892926 -0.26917330183040517 -0.478526878298988 0.1481535505618196 -0.32753701463284096 0.12085204288003161 -0.22834767324874822 0.21650275957528403 -0.2677961775427162 -0.05053555159692261 -0.38229138722045075 -0.28815375705917656 0.44825207083610014 -0.37644708099105206 -0.02034010412822071 -4.256319384551126e-69 0.12197443396735555
1 3 0.36307661946614317 0.04792382582245617 0.17983568580585588 0.12717979544493793 0.1316399755479844 -0.1364081246487056 0.017037283803407285 0.017335475778286268 0.42590840422098314 0.19052477747487861 -0.08982822666501236 0.348992804724098 0.29905682534884054 0.2937893535509565 -0.23106834809808502 0.18049417714680907 0.16332340002352527 -0.00542175890916035 -0.25472607773500366 0.027682654576914652 0.19968817704607705
1 3 0.21035580486363406 -0.028503647005203255 0.351265986813615 -0.2848562667897988 -0.03740095321796335 0.037335087534360406 0.2650394769243066 0.255353229005538 -0.12328785384089187 0.40297282475844154 0.24804369950131303 0.2952454756187397 -0.31046538470144786 -0.13231435917595163 0.23064886027408044 -0.041236403875605336 -0.1834054895791369 0.2725682109261049 0.321394990038637 1.9738911260297496e-06 0.04115021964303041
1 3 -1.834163078844518e-67 -0.19511564842059995 -0.3644460726995419 1.4827005494411568e-20 -0.0071299097563437275 3.172442050186979e-29 -0.05955161245392696 -0.09479486262372638 -0.27090307432705285 -0.1419293690365932 0.3393262948426578 -0.2590482279096657 0.20686616690719936 -0.021243150730339513 0.14907457154928186 -0.052329272810546446 0.20264127187003422 0.27754490647578106 -0.4084390236076532 -2.711647448598613e-47 -0.31043366278050516
1 3 5.809206820206464e-42 -9.034092400529241e-88 7.067266174739881e-67 1.134095395530142e-85 -8.667554414691197e-33 5.152559824891264e-25 -8.28739157765089e-54 6.408257815747246e-45 -2.213129772164036e-86 7.853534295815973e-45 2.6621205571727413e-67 -4.6129693753202737e-63 -6.877240030387192e-90 6.20851658521816e-73 -5.677794137792415e-36 8.890064965168405e-45 3.352207217692312e-60 -1.2484992172404244e-59 -4.642764583458096e-73 -5.148100398362049e-50 -0.26811225734008726
1 3 0.13396844696517218 -0.08282489466110038 0.1292932440753902 -0.05951912794663507 -0.005462914648680282 -0.3157827450012798 0.39310970373206194 0.1266710115100885 0.34410463473989467 0.2410281105418297 -0.10232678988388114 0.13323534161772563 0.3547258705742803 0.28849333999732674 -0.10107538935330283 -0.09804971595624702 0.24914938361295952 0.25311879997651987 0.44699051205400964 1.9400386679580065e-46 -0.30252997681608235
1 3 0.2520892674594052 0.1754294963215934 0.060608313902210324 0.052430699145157744 0.06029071896371658 0.16088446213529317 -0.04130239759801689 0.4206382048586897 0.28813383792996017 0.1300117627135374 -0.34966034846518845 -0.079048660268951 -0.28519177770102605 0.04118827230219578 -0.3819028442982422 -0.22504534589147004 0.2515393806702449 -0.4681528942678992 -0.0223713520594934 -5.2000067359073093e-76 -0.42026379870485414
1 3 0.6115519556778879 -0.10715400454743036 -0.040993885370614595 -0.05156657435716803 -0.07418371970922111 0.2305837415106696 -0.22009643322610975 0.3162206351279113 -0.23979202500886812 0.08687896515951914 0.1947610338468555 0.2304071536880219 -0.07610454508157667 -0.2170174467180276 0.2690050057090315 0.3953426596921373 -0.0764819659781062 0.16211366202150496 -0.028695960234694638 -0.02259529441174249 -0.09118474474626408
1 3 -0.1136371902944406 0.13205312704538122 0.23915449742345993 0.18497736683758592 -0.18487389123843873 0.21211415671892792 0.2544442905331758 -0.03713266350847899 0.35820508467224593 -0.16378469725907943 0.058434725648945106 -0.3453222924821843 -0.16530216433127284 0.44089374473545406 -0.17010106924013732 0.04939197501362365 -0.11603179077374329 -0.04848259925416502 0.18368888509991627 0.0019433850872452524 0.14815560959252647
1 3 -0.36480592852406135 0.0662551948133549 -0.17270573782986637 0.26631737165405567 -0.430606563187342 -0.2049874835066515 0.2285009246894114 0.03857200777890503 0.17084467469354123 -0.0045493604491399905 0.10849855538627988 0.0770019559594413 -0.014875203138639298 0.30731406854214804 0.23457304791811026 0.022233733672247707 0.08105270426485944 -0.010354986613324351 0.1381141732790849 -0.0006653846892264719 0.19678634606588785
1 3 0.03215485160824726 0.2498300723079632 -0.13823063333868502 0.37976142091971093 0.19435417908551592 -0.07302778970776233 0.3870553551421896 0.38379793852661653 0.004528634450092583 -0.2787120308002154 0.24009085366649882 -0.1846210049947584 0.09824901324277281 0.20232907394263863 0.21332772397148414 0.3602862252810331 -0.4222985257855385 -0.03680563197299593 0.08077317184700061 -0.01796887945994214 -0.2151699825072133
1 3 3.2089060556075974e-59 1.2599428445937888e-58 -2.6620693209418514e-28 4.421716789335155e-73 -1.3721951239443736e-61 -3.7405477328934404e-86 -1.3840941613991992e-51 -3.218766246341188e-42 -2.0308178491828664e-43 -1.1119604053986972e-26 -3.956629208742623e-29 -5.3327485067372885e-62 -2.2142734770833808e-55 1.589087333099085e-45 1.003815317011193e-61 -8.312730316482082e-89 -2.70201177287353e-64 2.182574573400176e-52 3.158378308335866e-31 -2.5346960962142405e-26 -0.08457013777644684
1 3 0.304776937866659 0.2162665454282907 0.24328131154455035 0.16515641980712611 0.35270791757403125 0.4765171240394498 0.24430907886356434 0.2637290796499624 0.024027084997356504 -0.20308476225003474 0.07225331141428612 0.28386150828390044 -0.011336996631174772 -0.26373247177681824 -0.10604604073006878 0.27896591311914837 0.3592636843198539 -0.03621338628103054 0.5041644864589631 0.007675655992652902 0.10206282176799297
1 3 0.5185927756262999 -0.014010380185820327 -0.17627764785530525 0.3946803690879673 0.4177314758348464 0.26196982081347975 -0.04707293702152581 0.0856567601285844 -0.01809097701169355 -0.049609720407178884 0.18058192309908594 -0.11851496649260791 0.17053192488161492 -0.32318763454615146 -0.2552025912491843 0.07059124332196774 -5.507333102454757e-07 -3.91104855554076e-29 -0.41392673371205385 1.497427043862114e-06 -0.23894426460992838
1 3 -0.010485654336169678 -0.11458842052226366 -0.1506869978592257 0.3332543294676985 -0.33175795701230315 -0.15307543294556128 0.03906839992080591 0.15112037744249335 -0.09140587514945432 0.21712059226917627 -0.17572300512371186 -0.37696964444841063 0.10826239286937385 0.017709732385639724 0.21796966874450915 0.11822533638315173 -0.10891111867303394 -0.08589329524212326 -0.02146751121474692 0.04356761534024755 0.35955160337741776
1 3 0.16244897912099215 -0.06320605582111671 0.012893698335733554 -0.22419159019534643 -0.27822113803747855 -0.6045455047046434 -0.20185274077792156 -0.12336415576225367 -0.1106570763831001 -0.273369730081676 0.03417351566265171 0.38743945877023533 0.29184237645349004 0.180698594181631 -0.030152709497365336 0.333053865789209 0.35467108093320254 0.036028306339062115 0.13576696280908215 -0.05057216240074837 0.2719141517104731
1 3 -0.13093026297390367 0.13631900623163784 -0.08703333102058969 0.08294542666347847 -0.13398163992022027 0.07845142372323297 0.2936800803386417 -0.22775126680847596 0.07244360938456258 -0.023601481068344834 -0.376183095052674 0.1736898800873286 -0.3253266938804985 0.17271737344561341 -0.0903473407409489 0.36116165478695067 0.10668908840706504 -0.1135472605923735 0.5640724485585038 2.3328852463671695e-06 0.0036103894333206843
1 3 -0.040725130685002414 -0.2560808000171182 -9.937948379793189e-25 5.595564155619163e-79 0.26158993521828133 0.09621077775266135 0.14144864705299806 -1.0203782100928984e-90 -0.04614068043880663 0.24505466472848936 -0.018819083149811316 -0.09861927542850955 -3.6494685822434666e-48 -0.08478157103465529 2.603684974882562e-40 -0.10284404368369589 4.6339026247428805e-69 -7.443930287875247e-76 1.836083673754982e-38 9.461872726785844e-91 -0.29940070084375375
1 4 0.20496838963190187 0.22488958217683563 -0.38988569694998787 -0.21027517452119854 -0.08282781762698335 0.2878899964974183 -9.460143239585318e-82 0.006720893864517573 0.1754373258925314 0.008354518390581036 -0.2389205486013078 0.25659102820803315 0.014080956071186842 4.038016881473132e-42 0.05315268777393569 -0.2820749928234028 0.23781287607315718 -0.07835677592209557 0.009348763252488668 0.04542504986819324 0.059844062464513646
1 4 -0.1702998506960137 0.4072166700736977 -0.8115383102664975 0.3533918953999365 0.15618626201755606 -0.09025448827606976 1.9665143068106742e-80 0.345088282358626 0.2825860853031958 0.43655222447919084 -0.3210230604378542 -0.3998150378851237 0.22687569033085186 4.237877646937021e-87 0.3639698564689982 0.45501400090616406 0.05382543057827056 0.2092143445213605 -0.8541177674557439 0.0011438789008994198 -0.19900619748031131
1 4 -4.061900085864426e-81 -4.783139097560833e-82 1.4940037731998053e-27 4.478827087323995e-79 9.446356624330164e-80 -4.322342679864002e-74 6.010741228207963e-78 -9.85439221296224e-31 -2.596731864388887e-87 7.527628779758835e-45 2.5810343786869378e-52 -1.3771736092229715e-24 -2.303482573743834e-78 -3.3440281534176335e-74 -9.750741938118301e-64 -7.026489143625228e-80 -4.569863569234648e-81 -1.6373079699082777e-87 4.591969326978155e-81 -1.6848171802679749e-75 -0.3581821318357743
1 4 -0.2053337763476439 0.147783270763634 0.1467097706661746 0.14006152728434645 0.2744427970620423 -0.20242302119785138 -5.349557992386118e-33 0.20733573968276436 0.18341982657750383 -0.2524537418947607 0.05218458086917628 0.3669179076572241 0.3964588866003883 -5.60812269775068e-45 0.11257439862704288 -0.3355483885554707 -0.04353421698799005 -0.3159201310868722 0.09498694433099254 0.09796369726053772 0.10718253919813096
1 4 -0.045156139173940325 0.2922335271000162 -0.17836939525237025 -0.11636202515137059 0.1549349877457913 7.362397298831925e-89 3.5006184396686144e-60 -0.07422748621866042 0.49999257048097523 0.24065098670157287 0.04244055725731592 -0.13490733101033306 0.13919269458455644 -3.9495018474823118e-84 0.38666551771439894 0.6012777973793739 -0.26470046711293344 -0.39885225883018843 -0.42959703654073933 -0.001080022486062658 -0.11925373811466454
1 4 7.738508038533301e-25 -6.119652179362746e-29 -2.2787279150229676e-55 -1.5213644003014986e-47 1.1507733410744361e-26 4.060217725470539e-83 -8.647121244537963e-45 1.5584324374948915e-74 -1.406864914961728e-88 3.7910675848316115e-34 2.0617838540198863e-73 1.812449284292155e-80 8.294221016593786e-81 8.78760217074876e-48 -8.239601665506568e-30 5.861615271562598e-50 -1.821241998515739e-26 9.67145399283981e-66 -2.28466548152376e-38 2.9753436729039707e-34 -0.15379732537152796
1 4 -0.32615320523476604 0.2770583448736388 0.21971167266683359 0.19486071617141426 -0.009302896636216114 0.009362258500121857 -3.310873081189164e-46 -0.349820506015628 -0.15319748359562985 -0.07396339664174045 -0.1537703332291542 0.30607416675320254 -0.07768800740441421 6.862689287060156e-58 -0.2227622044095675 -0.0879146093750506 0.10754876297216447 0.017556383588117546 0.31581590479554433 7.892900431653973e-10 -0.0759165063943373
1 4 0.4367299213004471 0.17089945582238378 0.46777535009160864 0.20849226288902703 0.142002921862581 0.0717368084474565 -9.295377657069255e-88 0.25242552460861134 -0.5738759929678562 -0.11409622027782491 0.12621755942865295 -0.23630762294654256 -0.3422093639222366 -2.4135907192727175e-78 0.21350297050550537 -0.5435164928941382 0.1893757730339263 0.30016923395193956 0.3542009454554156 0.1406798856761753 0.4422427514508509
1 4 -0.06340991635917205 -0.29409363601288274 -0.294409553959113 0.42897284417322584 0.0448079146094318 0.1350654587614003 -1.5266815406382577e-65 -0.3192306266403147 0.06324038266862216 0.10685322557584055 0.33792116208700357 0.03418975475036773 -0.24116689501744787 1.1413554315415729e-64 0.30583574679571457 -0.14883769192246465 0.20528573206693357 -0.04592991930712718 0.2514032901694498 0.15159133875615788 0.2866387428842067
1 4 0.34177857309338194 -0.15852430936046114 -0.028494138820153003 -0.032157987269223566 -0.12270141394290895 -0.13162545577842957 -5.155373741381624e-57 -0.36037470885870393 0.17660578704115537 0.25764373671874646 0.21128196042154335 0.13682635260610737 -0.25435958757381427 -3.0781195428674046e-57 -0.17062720952871624 0.019724437833598046 -0.09196006206815872 -0.4050239730040771 0.1228197025012926 -0.037878974948037034 0.030583353723693113
1 4 0.022880345757468584 -0.24112443481744963 0.11055890734069539 -0.3595746631192815 -0.4146945764802158 -0.3333952122502596 -6.022100002725864e-42 -0.2269034744061628 0.18942562523187464 0.2017173307357441 0.09981424607536311 0.15189353246292342 -0.23930417951090688 -1.3769963624947704e-49 -0.26485991271479586 0.1773600384737272 0.16776313983325922 -0.10143404005223369 0.2393169965898075 0.0018567422289942925 0.3253252844640463
1 4 4.037498889848721e-77 7.711207518437928e-25 -2.6418939628506715e-78 -2.037902940533504e-34 -8.830087283720303e-89 2.3020082695656142e-38 1.3593144617463474e-49 2.063681187910758e-60 2.576684534168516e-79 1.6488386608604047e-87 -1.3745368713049544e-65 1.608986603284936e-55 3.4905022261859026e-45 -5.169769601388582e-35 2.2277781395533774e-88 -6.059233890441041e-52 -8.436057982492526e-31 1.8388602291125992e-80 3.442547538400806e-27 1.2110524125846312e-38 -0.2744828836362442
1 4 0.12188332980841975 -0.0021169603969891874 -0.15730865549051146 0.016447171717017445 0.16881799942841366 -0.20092248114973907 -9.544890301343597e-71 0.3087414459975369 0.27309994709369295 0.3520261184706974 -0.05880506780041576 0.23278073017030865 0.12114948101475122 3.640241092626632e-85 0.19360824001073354 0.1650388182662751 0.15165938428689468 -0.16868743526991464 0.024600174904062497 0.012317434463102983 0.25281767836781605
1 4 -3.5793940032806216e-89 -2.7945662194495647e-56 -3.493424099676387e-57 2.2868237765435256e-38 2.0595915381518525e-81 -2.3893374857491897e-72 -3.610267384612654e-68 4.7298234940139034e-26 2.8252616642096677e-90 -4.3254065323354823e-88 -7.414859048022478e-45 1.6029573828580277e-49 1.1838635687040998e-39 2.2036152313847638e-40 -1.576716352447082e-29 1.934009639096276e-82 -5.344513641059551e-56 -2.3860413265466446e-57 -1.513799283182815e-49 -8.177528469533396e-72 -0.13818343764400712
1 4 -0.03483463999933152 0.435857160607282 0.2540088287722218 0.04583636976447467 -0.2424445160392652 1.2038934627468283e-24 2.651881343792024e-25 0.20208141734364976 0.5182825023988041 0.10237518729094662 -0.11469238152480636 -0.35053019915722294 -0.10299170143239506 -1.363643110761908e-51 0.2561294852539859 0.25638094007650053 -0.06139656940696852 -0.3351663334522202 0.12205924874273848 0.11246682879662122 0.0867091084491769
1 4 0.263754102652964 0.41881546326959557 0.04582666650802039 0.17799269423548944 0.3145929285119985 0.09719492501499168 4.790212365461242e-69 0.10144502562536335 -0.2218839114324509 -0.15383407835628726 -0.17524645960480276 0.20184693992911823 0.050787612622031304 -1.64097901808354e-28 0.1498074093608644 0.45272274627885123 0.14576993974097321 0.06611243349168519 -0.08359424231427963 -0.011555327498579328 0.08358722916818674
1 4 0.2240992449829142 0.41284478067380115 -0.15528208011158087 0.3319320704016862 -0.3343356738518787 -0.1752975869056445 8.077689941028366e-27 -0.3264298151990034 -0.3157446684745162 -0.06421179364156218 -0.2664507574715425 0.1076933726819386 0.17068845164815563 -2.3262934434236283e-88 -0.2903670793213164 0.43170783020210346 0.27403774722310437 -0.09386411394569202 -0.08592766701699375 -0.005450689457626652 -0.38096953641213427
1 4 -0.030080664056628948 -0.22199788939354456 0.16054945870344683 0.14014453237503047 -0.059444636359308425 -0.2834449471572137 9.701241822655762e-62 -0.16710821789235272 -0.707563458212076 0.13816808816217718 0.13306782476045803 -0.2465747685534735 0.16315848317012782 -3.806223328582395e-83 0.36514451637039713 -0.5976319220208822 -0.3223422163048205 0.07489271077554806 -0.13796739191443166 -0.019208349292249 0.3069577860638782
1 4 0.1824808376048189 0.25792574358110426 -0.8774350658199881 0.0014339436839783037 0.2476026763857267 -0.09332434257346751 -1.1844685043042631e-32 0.5678963418448812 0.5249048391699003 0.26638083630157244 -0.49286176602671905 -0.49356771180764286 0.3909179757524115 -6.619728527483819e-77 0.22640778193919225 0.17325157602215036 -0.03419138495912388 0.18067382532742082 -0.5750126161898851 -5.152970650944473e-09 -0.24195983864275822
1 4 -0.2508930978429073 -0.27226924387502227 0.17596888031240485 0.03250048384012314 0.2069587586771525 -0.015876600438634442 -3.191597827994589e-69 0.3267101280985167 -0.2607337823749044 -0.34826580348507946 0.41404555146011035 0.13229044704365073 -0.03955031361776238 -3.1201438889581263e-30 -0.10728807975126922 -0.36608944236223984 -0.29948311568036223 -0.3124247983919279 0.329995440574753 -0.08921793518150894 0.3673844216334601
1 5 1.9337345379857504e-77 -1.394696000976378e-85 6.338964733367165e-61 5.984248327166816e-41 -2.0966094872402673e-41 1.6262567226167453e-87 -1.6067871822937626e-45 1.2659841260002117e-85 -1.0132424924230059e-70 -4.721113518459913e-42 -2.9863329880374605e-67 -2.545892999576614e-72 3.001867967218263e-69 -1.3262882890060362e-65 -8.00661364066116e-66 -8.813946393183404e-89 2.577647951887159e-28 -1.5104373320617483e-52 -1.3612712133672175e-35 -1.2785281090441022e-88 -0.18033307873238089
1 5 2.3265142240293647e-50 2.762774131417606e-34 4.3721969160121395e-39 5.90644222781463e-39 1.900171128525881e-80 -2.846882636677955e-78 -1.4659691230742674e-61 -3.231737614644626e-32 -2.5951066699603122e-45 3.6995411152447944e-69 -1.2356467392837582e-49 -4.1585616233964675e-66 -1.5338004369765237e-88 4.792293916435002e-69 -2.3597471778425306e-84 -8.86264613631044e-71 4.2074420114655375e-73 -9.904771364794897e-28 -1.3954264183591508e-59 -5.092032641360707e-35 -0.284338822354373
1 5 0.10266296535993952 0.5257797916409738 6.298000811779957e-68 0.28268361062563985 0.08064616150686452 1.7930712996682064e-83 -0.4033894242157518 0.12932817848301326 -0.0745765669432695 0.1779065401122244 0.022588907565021264 2.473929474766968e-81 0.3447055235309027 4.424706048971754e-47 0.291495215455258 0.26317372501126735 0.25865755216729364 -0.21397770583744524 0.4833191996824914 0.2271780654587779 -0.37088168579903324
1 5 -0.1043749310102694 0.5910616822088137 -7.980193271501629e-59 0.015836037716532192 0.15101636431145274 -9.514943686623194e-27 -0.11659592380115992 0.2672559892929366 0.15059844830366276 0.23388370660007823 0.18411964329073052 4.086989195751419e-90 0.11271264887221409 -8.114353669824926e-25 0.3661975513695631 -0.31121396894503833 0.24418256992528486 0.19935431770578566 0.4223781038384765 -0.1513296643389004 0.20789956442816196
1 5 0.22668158149716902 0.0959548099045412 4.020536012145949e-31 0.2369288961445372 -0.7563349268693736 4.513267285391139e-36 -0.2786672282839351 -0.06091444062228821 -0.011337961197600515 0.1074442301222563 -0.017986100609335243 -6.004084760392032e-45 0.08304928880999714 -2.8434706101269815e-91 -0.3746359580491345 -0.009607950098412144 0.03353992393207341 0.11645505070517775 -0.3131805239096512 0.3927219131126504 0.35731461634582007
1 5 -0.3185743719117316 0.3591102655932973 -1.899055135197864e-55 -0.15900942705951338 0.4923565970592722 1.0942334196814472e-25 0.3236797493374901 -0.03442266715479235 0.054377822494717315 0.16176415671479769 0.12552115571095906 1.969559076524169e-86 0.30584503710572086 -1.876838551801933e-29 -0.015531406692701115 0.1478046455618005 0.15127875421612033 0.24393434928918742 0.6609652909394803 0.31011792724843057 0.19675446138410055
1 5 2.433768911093939e-47 1.779806236075044e-74 5.87731881729419e-29 -2.98752561003209e-30 -2.8583192795508082e-49 2.1184714981844495e-35 -1.614384266989066e-57 4.94523114332645e-55 5.37835041576876e-84 3.407456150159179e-42 -1.6770237420779854e-33 9.811495160918911e-59 -1.0252205185386278e-24 1.517459377058515e-82 1.4875279360109202e-38 -1.3505361691174503e-85 -7.217880096879436e-34 1.2798947878757236e-68 -2.2472269065928948e-50 -4.4772218603022965e-87 -0.003909074996974071
1 5 -0.24694706607194863 0.43934168818372554 -5.689461022402509e-42 -0.03452872613852623 0.25317354674743464 -2.1503275565760378e-29 0.024668255720161694 0.026785472150452825 -0.25335143298337026 0.08042619890231707 0.2940889806125619 -2.905906814905468e-70 0.16744946983482104 -5.368307201440815e-39 -0.2485268586029918 -0.11753240636171616 -0.20673907070462993 -0.03270932744425062 0.393382037984524 0.003018779428031665 0.3156768825925219
1 5 -1.3593623494309642e-07 9.021803701119521e-07 -5.485603787898779e-27 -0.006451554731199636 -4.1065979090559895e-20 8.112395740905597e-26 -1.3836471726770877e-55 -0.013399777062379674 -0.015324888491105035 2.6821131994956373e-06 4.3114999765484076e-10 -2.4365069793988218e-58 -0.03973435319464291 -7.33049315184999e-50 3.768450066965562e-12 -0.04562806367412876 3.377438554204709e-79 -0.008576554739153816 2.070645348935935e-19 -0.0045557949231459175 0.054315052729366105
1 5 0.36569067096943353 -2.5398611050757238e-51 1.2289264587152843e-65 -0.18611672210944027 0.15120938621073332 -1.150114434300133e-61 0.1380693785032506 0.11043753308405123 -0.283263585483127 0.3403374493532456 0.23627921404011426 1.3759344252411115e-51 -0.37307027522737934 -4.301592742565158e-74 -0.3431612536232313 0.12732157743340217 0.3200578375617504 0.14794769984176956 -4.99278503724506e-30 -0.2061051251424048 -0.1364723716725092
1 5 -0.13935218651892037 -0.5887628136128225 1.085444569307439e-40 -0.29983818816145275 -0.5292893708810885 4.232163300789558e-60 -0.08141725562374966 0.20661101270203505 0.4406246035425819 -0.18036964043141002 -0.3058449141508982 1.2604262145461417e-39 0.30153815826410274 2.0464242623843639e-25 0.22982668117455102 0.21616665285064623 -0.1368720425978508 0.17168069195313024 -0.5258621612430205 -0.1142679204686523 0.38772297268807243
1 5 0.0865196902005194 -1.5180220550386948e-52 9.898148336556627e-52 -0.3346453972201815 0.2246980106606684 1.1046583695918168e-86 0.3069770182597563 -0.2283544800691219 0.1783645282951284 0.33502029067914485 0.2760455959209172 1.0521914306035937e-80 -0.05425889350364147 2.441325007328546e-82 -0.3575153205056089 -0.39554135097076987 -0.07157670591472926 -0.18262403817147443 -2.735507787795761e-54 -0.0649094354941676 0.23101034616084853
1 5 0.27368688287189763 0.4527839252686526 -2.6161527304392304e-27 -0.36956498872342247 0.2963576333480069 -5.470629551217581e-28 -0.10804557210206167 -0.05472093409585826 0.027974164313704104 -0.3554067561152078 -0.028242211553706622 -3.326851822600723e-85 0.32387189157624025 3.4398675849949704e-60 -0.03755428508387172 0.23905502036114337 -0.2657009037423131 0.15678083494160644 0.842930724084764 0.3175416756926431 -0.26865149453258697
1 5 0.2395086003591521 -0.5870034486425055 6.474748986355276e-30 -0.15517814990592682 -0.15293051314976047 5.902565779513121e-88 0.1843856504524249 0.43680878190991507 -0.04782494250603912 -0.1441053258496097 0.41628205431936316 1.9900683543577084e-82 0.18089131101224185 -5.485584580267755e-27 -0.23447143938484866 -0.21673124790330317 0.014994424741658942 0.14822133192258816 -0.30155763071019936 0.27391274570467505 0.3336452125452001
1 5 -0.3503199448312939 -0.325727058793254 9.872419422396128e-27 -0.044046225720657965 -0.6625710644497247 -4.599606848643346e-69 0.3187010606669404 0.2132786341958422 0.15333716496326488 0.08929982389648629 -0.3305426961274545 -6.120919139267821e-56 0.1593941581783422 1.3964962174867932e-58 0.04389109574737326 -0.25415023255083297 -0.12047500163089862 0.06361082072769023 -0.37032705894037204 -0.01575620734987397 0.40229831129638455
1 5 -0.31598044408819276 0.1948603682985965 1.7558826628452932e-88 -0.10181006495225847 0.4849772029898659 -1.276147287329811e-83 -0.0612375899303063 -0.1635734519368744 0.20848217918397502 0.14429676169515676 -0.3369822745961571 -3.2094513450147664e-71 0.23530968559672202 1.9528678209199598e-78 0.17772843992835388 0.08533488893840355 0.3003291678110516 -0.19660601214332482 0.25112669544607835 -0.4766876436106095 -0.21845125537717924
1 5 0.18468851658536803 -0.055547848432475594 4.578007443640967e-35 -0.3747552205444591 0.2328729423160303 4.756715935745378e-69 -0.059115243885743206 -0.0288264453307481 -0.40484881342348533 -0.15533284016143767 -0.12907683938194428 4.069674830355285e-42 -0.24102395442233138 -1.035465154351915e-27 -0.15699467336266343 0.22286431128791004 0.155439736119523 -0.3091557375379658 -0.005230367841747285 0.34503119376293717 0.3176167452006717
1 5 -5.428781793054077e-56 -1.1081046479772964e-76 -3.53993750030189e-26 1.529809109037575e-65 -4.094173072323243e-59 6.125506276178052e-76 -3.565787016938423e-63 1.996203760040852e-36 -9.521711663580083e-67 5.9904254913695185e-34 1.0101777563267232e-26 3.9506340344825016e-30 -3.6398932436280207e-26 -7.970601543400616e-59 1.0259683956131048e-58 -1.5795502135186972e-31 -2.572030421521553e-72 -1.9374390213393722e-38 -2.1911535194794164e-82 -7.815369181232312e-54 -0.18887591419236288
1 5 0.18603240138655774 -0.48853121611528455 2.0030399155133916e-82 0.033866723301421396 -0.6283840389208315 -2.195712411051299e-38 -0.2782427517402826 0.3338064611847218 0.21460986763810716 0.15173897520535792 0.2799000117331528 -2.2265578863418774e-62 -0.03450171517852585 -1.8578595775096402e-64 -0.0917556834866152 0.38868748421425786 0.08111383145589994 0.027797142100456758 -0.7899864935206458 0.38040682227561157 -0.10223623203151364
1 5 -0.32921790582333255 0.0583498324398851 1.8983501903943552e-71 -0.23030935345046913 -0.17253178111101727 -3.746470785773183e-30 3.104785540874994e-71 0.3032236303564516 0.004438957154737527 0.20954566671299032 -0.13790868207691073 6.811576143228957e-34 0.1568031152685969 -4.094228623382115e-90 -0.36357859070259074 -0.16420993890158025 -0.6117394569440863 0.16457630831697193 -0.5352406769234628 0.04826698330813345 0.11924848460363592
1 6 4.22230661108554e-20 -1.3402462267532968e-50 0.3726633017572664 0.22158118977740943 -0.5866463177362877 0.1000965517305624 -6.72535673725617e-42 0.2082118406657572 -0.004991348290484299 0.44350316272907536 -0.3000602213176515 0.490477738926656 0.4461045022579341 -0.09254012844482333 -0.5725267022940487 0.8376484759273025 0.47567770659896247 -1.2682284423916e-16 -0.49922704975893634 -0.15895370941880133 0.3962963565468684
2 2 -0.20726961361707016 -0.022284156580438995 0.5108691107586922 0.5111578769750323
2 2 0.1111658449474465 0.4501611923158934 -0.13786424976715572 -0.2006338489554014
2 2 0.32446494303074047 0.2839701011204193 0.3632356791126831 -0.15566478294782551
2 2 0.3868544182074527 -0.10428186632942592 0.17420239876247665 0.6001621854293171
2 2 -0.0712793684797195 0.37287126874392057 -0.34682860536802607 0.47122889710465254
2 2 0.3291130966020773 -0.3841794367311245 0.2669547106684629 0.3194733690395517
2 2 -0.0055050059975576306 -0.26182459157071014 0.3509044252041302 0.10761074444779047
2 2 -0.3974736377890907 -0.054752647990893036 0.41883770624533667 0.4301300580555592
2 2 -0.13280908924339702 -0.24716596488494644 -0.2550659204754652 0.6074346269632102
2 2 -0.4468594156951591 -0.3629727348564011 -0.24768584063888038 0.03420261563893616
2 2 0.2349530840486966 0.7155122014109369 0.251836520129721 0.013670705222208103
2 2 -0.23481574947894926 0.23732815783325426 0.34532026923476755 -0.15151960008605167
2 2 -0.5133818781684081 0.3477017292312616 0.26356815873212047 0.3547747679396845
2 2 -0.08020008094579613 0.17634678698230327 -0.3524601727297417 0.5746183717080818
2 2 -0.14694441994257074 -0.05903524592176367 -0.5245668378262812 0.3274531767477108
2 2 -0.23996427535977538 0.3495806974477841 -0.3033830722079474 -0.11409940867809089
2 2 0.5079342814096804 0.42157156672687024 0.09115624510422375 -0.48848782943182156
2 2 0.5457546300698596 0.1519642323016386 0.2547609255831478 -0.1657961689638737
2 2 0.44084274934359263 0.5637716812268909 -0.2793952218009478 0.12038443371722427
2 2 -0.49452794759713575 0.03848624322100787 0.4157994569066589 0.05213456807856414
2 3 -0.05658042136727549 -0.06893246435975796 -0.060739323623242227 -0.2056477614617326 0.11695825732298037 -0.07922667309072323 -1.682635277211739e-121 -0.25968026229619573 0.21151421648811936 -1.3236410075647858e-147 -0.1725753341730399 0.26795591292225884 -0.2189271148450078 -0.010640430232521389 -0.3024066902928941 -0.047074325301066824 0.07230106014007148 0.26636577198062206 -0.09650705271744633 -0.0031205392947593314 0.07518179497076648
2 3 0.4737974504696004 -0.05266478268196887 -0.000940927996796508 0.29182828847815273 0.368200724095367 0.1228083134249375 0.3219267341657381 0.2194383403925706 0.08561047897540713 -0.21988873990006141 -0.31647021224918565 -0.1632684504672815 0.07818598790985233 -0.2958817605850223 -0.25526644445733293 -0.20152527272020956 -0.15279313956490911 0.3107823947306779 0.0791334509013463 -0.2918328971646693 -0.2303293121412637
2 3 0.14050027467480092 0.07246711150427707 0.5129024750384779 0.08348119054486389 0.03790360713321393 0.20448460552064832 0.13871033444050954 -0.21853361526378742 -0.011549979803220005 0.29802141129772475 -0.08322315806197532 0.3188260541840197 0.46420239082419734 -0.2719415820205261 0.42364557558069965 0.3526004217009124 -0.12429327643036044 0.10832670404578831 -0.1383525013436514 0.5656587350754133 -0.03325404810026529
2 3 -0.12928351075808533 -0.0587981291308339 -0.5142283288736471 0.01186608705346539 -0.07702247534664629 0.1587182508298465 -0.2490104847748144 0.39314117824935607 0.31643806041461475 -0.34990256663836655 0.22629282252205776 0.11054132629739304 0.17990243563344885 0.11811707139645451 0.24182573004461422 0.3726280030306938 0.2564528149967447 -0.40853810716344074 0.4550892356169503 -0.536362116190691 -0.01486429934263838
2 3 -0.15194208122380307 -0.49591806528863464 -2.2779126198881897e-05 -0.3926921727895967 -0.3388354541541228 0.3290548933330354 -0.07216034638277227 -0.3651506638267434 0.24919348259802498 0.005887972819372362 -0.25087655556841293 0.07372018666572394 0.3993294706302821 0.14477917887694294 0.22523600722329673 0.17083522241402763 -3.4160333847275337e-17 -0.1371991652722646 -0.2536554229092698 0.3720083833660959 -0.1949398455144259
2 3 0.33318284220238437 -0.2322269764393441 -0.2904477681520721 -0.36312812910695086 0.3505509151196735 0.24361429014882766 0.15986685494924718 0.18925565800857472 0.00022247347013743622 0.044094923617415724 -0.04781306817197496 -0.2058550553101176 0.11413176644116503 0.2435322224630454 -0.21956760806501052 0.37615132109186744 -0.4233266714940049 0.3453369357886142 -0.1239159099551634 -0.3632585344455536 0.11733922078043575
2 3 1.5928716476091576e-103 2.9650852474855844e-153 2.0244424445243515e-126 -2.853368775109013e-111 -1.150621325930542e-127 -1.0786493745720798e-123 -5.637564042308661e-137 7.93157077932985e-134 -1.3093487241890908e-110 5.5605179178433395e-86 -5.670606820403934e-134 -3.5979912459345855e-134 -2.5233623212707146e-152 -6.780188358599006e-104 1.1194713152114701e-92 5.95753055789547e-108 8.164838265239216e-106 -1.1892032943522721e-139 6.216370828843653e-101 1.1254782020240355e-144 -0.37304635570249695
2 3 0.2540098782802887 0.06341393723265605 -0.375927408146616 0.34535203984344576 0.41250202822623305 0.26584150494524256 -0.04061035730977377 -0.04821541867657783 0.39717577159885636 -0.37578667412533484 -0.29181039978556955 0.2704303050451581 0.3026071058307198 0.37127968435562597 -0.37681228626786745 0.06971957107630244 -0.5621315238581724 -0.2054229099000669 0.08828976628200544 0.11265713243578383 -0.25281031339094057
2 3 0.05643224474797305 0.1758211637222253 0.1963179208630535 0.3911829469370067 -0.41437784478148876 0.1331733104477044 0.4359660301416897 0.18695842911687582 -0.2018221523779454 0.756155683370931 -0.2734677697022999 -0.3680097091770873 -0.37165038071410067 -0.5270547030179582 -0.21784779781773034 -2.395991970287231e-19 -0.018024265845410805 0.14026520971836923 -0.12174118760519859 -0.3398955378997994 -0.050401333853242046
2 3 -0.1353392904166223 -3.2690078615625107e-109 2.1817684659579808e-14 -0.1157155737908292 -0.3178572994137185 -0.33822618948261984 0.196897550782738 0.2680542438637809 0.09393317449736123 -0.18528369353355376 -0.0016235534593917445 -0.1232149513353501 -0.10538993845791625 -0.16430527247918453 0.023869725644098363 0.13236528922509 7.51781356370476e-111 -0.21191514962321356 5.8724609502904604e-05 -0.09180835683540857 0.014343302780595384
2 3 1.2804494242835247e-120 1.8576888582128789e-152 1.2798332510089684e-110 3.010016236983842e-143 -1.9229529091593677e-90 3.7626195792553644e-105 1.082444289037576e-112 -1.4487411659473709e-89 -1.273608157839987e-134 -2.0336155977124833e-98 -8.61227613633792e-91 -2.713644854485888e-139 2.3406097973701796e-150 8.891308757623551e-86 -2.0277809822503534e-118 -2.1784610205919324e-92 4.486260788832474e-132 -1.652121494442642e-117 6.2185145107281184e-133 -3.203703068209398e-137 -0.13986551146606171
2 3 0.2626681762821946 0.3873591279993728 0.02876615141614804 -0.3240032464364451 0.06969571384854158 -0.31178251340005025 0.2128257593635019 0.29441482515455486 0.3052155442861637 0.029832337640535708 -0.2554955331227584 0.1446645230170758 0.1552818697225001 0.2402253913289797 -0.213575984795857 -0.22625124797509535 0.43136788567616663 -0.5163327574093436 -0.0886227008216174 0.35227524382275427 0.18299018040790233
2 3 -0.19592852637811167 0.3860589838300591 0.17328563233721164 -0.11816793622365193 0.11024493016590188 0.39632442022519343 0.2658509543188765 0.24526925579496303 0.3404248484055984 -0.4095552278155637 -0.23377156928748188 -0.05335852613753031 -0.056203431910099994 0.12027239478641252 0.12118322057002119 0.24566782278991625 -0.18655628144918543 -0.13947383142680977 -0.20618684630235343 0.1554929144353667 0.27199968100586946
2 3 0.0705299586985961 -3.040278358627292e-126 -0.18630783565738787 -0.2974748494775902 -0.25648906662886356 0.0706447976958786 -0.026958246725455333 0.22988115018131886 -0.37681889298056487 0.003944359130128147 0.2077569337577299 -0.26110636545626986 -0.3231403577651734 -0.3478262835316677 0.3246132580647923 -8.333280302983768e-117 2.4523650969005614e-109 -0.19182180358225362 -0.05667489655754718 -0.24697064236988256 0.24943095391298917
2 3 -0.008801421514388171 -0.16181744192474884 -0.34883606117761684 0.049842156390425454 0.04817015493129011 0.29410272999419707 -0.4500516356176061 0.3027958573867738 0.21736397867710927 -0.032855871225530596 0.00617736729131034 -0.24595934189523583 0.28943941117855376 0.3635759865600945 -0.1771236142172114 -0.42606118578249935 -0.11576765629579813 0.12246313497361756 -0.3070081207699731 0.316543797460035 0.06651125925822295
2 3 -0.10307746384824097 0.4775366127667218 -0.2848739038794048 0.23637568350561855 -0.24318153889916372 0.29892712681559636 -0.3907343679713792 0.1577923381157074 0.17896726456613873 -0.3729118387038797 0.04387897461190993 0.022684214055031605 -0.06872100713559455 0.34365213097159136 0.0016998848475682144 -0.28684218527315736 0.007587984523119357 0.08413032815431046 0.26676133152613385 0.19151698463350772 0.03369853001545045
2 3 0.27720031124721195 -0.2009615280168912 -0.4239689233616755 0.009631965731611108 0.14841872397164851 0.3025702948666558 -0.045738349983015965 0.3112846593542408 0.1917132195460945 -0.2718669092417156 0.2780921961643371 -0.3636198512114985 0.2871979064496672 -0.23665985026068434 -0.05444809769897149 0.29509120723780663 -0.5897459175845491 -0.26013261375660557 0.10882231934205294 -0.11007766276220732 0.013062627708568425
2 3 -0.2556248670005302 -0.35509043440366783 0.12834641999883162 -0.22092528598214853 -0.23582357358865338 0.21910778581538468 0.45149517349729495 -0.17733754415757724 -0.001870012174610509 0.41266566634828034 -0.16865105413419051 -0.39572269183485104 -0.33746181041191725 0.23462656964436315 -0.09900644282048808 0.5216415861692292 0.43400569016708607 0.1705556896906951 0.31511193355362827 0.2867067420768487 -0.03701854480608375
2 3 -0.02617024106960679 -1.0887161080852463 -0.11152259345770471 0.07073332732893686 0.2930936869196608 0.11933395001127955 0.05766283066546494 -0.05642112206073734 -0.31116958146252427 0.3679565633249836 -0.22345252021651915 0.02248582303223158 0.11888553128828806 -0.3612217497700143 -1.0143417308555218 0.24154713699082953 -0.008100146421746945 -0.021898923488611537 -0.3369938947992095 0.05354070028141223 0.29742411503507704
2 3 -0.0534289461568732 0.1916809677264546 -0.19318373065550953 -0.0488847623477477 -0.20605220919509984 -0.41349173360012365 0.18933427788220894 0.21445997380000467 -0.1491860693532683 0.4481691898544906 0.09073648246890446 0.2968945450580507 0.32000118080465534 0.3651633781269954 -0.32441119804156676 0.23963635247790624 -0.0046150835219361894 0.22625725875936595 0.334325838273505 0.3083629707001863 0.2688706696020551
2 4 -0.05309915318807977 -0.1243506150993146 0.31981833798112036 -0.08507412199391581 -1.3405745504013724 -0.24039868693155297 -2.0480984847531973e-102 -0.1985360786063906 -0.31104241589629383 0.052644602136194506 2.2357465407834114e-115 -0.29449691508239195 0.30041842925957474 0.273306267546695 0.3741945799075278 -0.3286990728562577 0.23057537799696398 -1.1372567134032265 0.0412384112727288 0.09994923140302482 0.22157523958026698
2 4 0.00016143005631707972 -0.19968782793523088 -0.14272343163272994 -0.024021341333743642 0.31516971133226607 0.11906280666058879 4.928513753808787e-109 0.0588685304443145 0.18366113142121968 0.18187045039043082 2.0845263246897798e-92 -0.1910547054736521 -0.3055636102517312 -5.379753894640557e-19 -0.17721303769656738 -0.25492464079714144 0.3317764342108949 -1.52373518860461e-139 9.289469911263474e-94 0.31006563382101154 -0.24248093793963188
2 4 0.07407821668480101 -0.1303708807090262 -0.28228095927649854 -0.01287748125599934 0.04790709378367518 0.3656842228990422 1.5388985925893135e-143 0.14676593487395573 0.0007095149476898022 0.13035074989402626 -7.541969764958364e-134 -0.2802367511803152 0.13584784272602204 -0.2683156277954637 0.38558508316301965 0.07055925302544806 0.1144656587734237 -0.42595761697999673 -0.11607045902865329 -0.08486114654177562 0.19254223959974356
2 4 -2.052168869956835e-102 7.617440694223258e-94 -3.6417255443516563e-107 -9.742602687868044e-150 -1.845177855536432e-109 1.1506132563773187e-110 1.5241150448743147e-104 -3.652645986041656e-150 -3.3435205483970244e-112 1.6205789546981336e-109 -5.519035786548573e-94 -1.175283888925314e-149 -6.070950742572333e-129 -1.112295902963779e-89 1.7408880660540974e-87 2.746988282504125e-149 5.845442330114828e-91 -6.048496608925608e-143 -2.9480862724586328e-92 -4.6430254608181954e-89 -0.04088390015264942
2 4 0.10241115410923063 -0.1288763704312363 -0.17647894114199128 0.1536327579825173 -0.09618212870095628 0.061154363892711915 4.915996130243105e-109 -0.3289307592413793 -0.022449309216095916 -0.0006363766716532713 1.997092601695862e-87 -0.31250071492046616 -0.4533636918146098 0.2642897885254156 -0.07403934286979685 0.32276020690255103 0.1716239401483481 0.20772704550111237 9.393119436053224e-134 0.1788877122003305 -0.038589086490944065
2 4 -0.014787686563209418 -0.1746524581000045 -0.1427553803087125 0.23535489161938491 -0.16215922276421862 0.5053411003741071 2.971280507836266e-85 0.4755336046106027 -0.20494165701261743 -0.07969215070124679 1.3952590574516027e-98 -0.2939434758263162 -0.04638223495900701 -1.4497213482616995e-06 0.42682333517875215 0.1294832014597804 0.4428214292613578 -0.38353734179746707 -0.25117312100222416 0.06624630716243088 -0.16369035173647323
2 4 0.0010081289654983296 -0.06811885330528825 0.11668053656107649 -0.25190446638595826 0.2755670915438069 0.31135301550705613 -8.728755074011507e-148 -0.025464072215788367 -0.09839916770911485 -0.21003964937968822 -2.0358501380654616e-102 0.2744388850352859 -0.16209882098915485 0.12183352388368704 0.29862739587963816 -0.006177560636896628 0.13510395497324545 0.6677976821043066 -0.5155980914690212 -0.001998162682166149 0.30562852243535776
2 4 0.2583853966794927 0.35896074335337186 0.14861643922896997 -0.10865157367633865 0.6439803961947077 -0.001662667672935973 -6.502125004542111e-150 0.3856200405617986 -0.4087772148132619 0.16281691774841575 -3.055015184470503e-94 0.32198038195320394 0.16501398627444067 -0.2004090484685642 0.12262685738477698 0.05849588468492427 0.2482552571647578 -0.12106863408603726 -0.47177706663590957 0.08670326299948017 -0.3104067953528394
2 4 0.014002535774654235 -0.4349109437574636 -0.04620403504739958 -0.0031655968773563986 0.18985905582216966 -0.12890593983981974 5.518524252138894e-152 0.19693384247466825 0.178241365021535 -0.07310659006916749 4.766150223041678e-125 0.38186382045952677 0.3292562826537353 -0.2653171521115317 0.16568145322923744 0.15412873344091113 -0.03560521473110044 -0.5953593138871717 -0.20934850044455863 -0.2450759761294952 -0.24500075368963167
2 4 0.08952379675551735 -0.17347188536771666 -0.10614488251332524 -0.3373219046519174 -0.09560104792503218 -0.2237682218068609 5.8949278597316876e-114 -0.06432700587841028 -0.004421690384318229 -0.1418309056101077 -1.3529630578707745e-100 0.030559789514048967 -0.07117624183050895 -0.0651483198665299 0.30732129784060175 -0.30902070179039004 -0.04126092118238443 -0.04721163657814882 0.4034719896096389 0.07424336422375166 0.12603163941278062
2 4 -0.2837906578290306 0.18770024809210287 -0.36443684537864296 -0.16389346835844254 -0.33347793105104967 0.23700882879114918 6.501336534020268e-87 0.2378260180517626 -0.13258397599551483 -0.05652281533112823 1.0919643102812007e-112 -0.2940949766754401 0.37761065142877764 -0.00717239258528049 0.15557555769159936 -0.022520450062777544 0.059302142570438685 -0.32062490349279604 0.16863472975279606 0.10118353731381459 0.1525343201392149
2 4 0.06930794571977456 -0.3615163658139329 -0.40857782701441847 0.18227935847342888 -0.26286987722424116 -0.055924101049289514 -2.463681431676286e-131 -0.0034867121314797467 -0.16276878367148337 0.09448152007009336 -2.811793465271341e-110 0.029112635817742677 0.41099818320892934 0.22407555578422228 -0.14341215063010113 0.38777345080535885 0.2674956273103298 -0.8676314125686364 -0.006058172122399798 0.05956489734773853 0.3846043358938899
2 4 0.29686672779406764 0.27059800180726634 -0.627122662239532 0.05561456143286751 0.09373737776881852 0.10035326078361058 3.437347332217236e-151 0.41206530897045296 -0.45684440716164937 0.05835062909438348 3.375772219276135e-91 0.02141132809001565 -0.14326571148780123 0.0917575031944727 0.11414083673328666 -0.28928166292231605 0.17942240587697522 -0.413912776328397 0.9817666077783056 0.10955443135967217 -0.0027542026671532934
2 4 3.3083208179233076e-131 0.40004448435277934 0.3209839359132329 -0.45028886216957364 -0.6460610559220471 -0.014129652573987283 -6.353868984161279e-148 0.26645170078183106 0.48276586841213004 -0.03257845211057074 -2.4754932376338718e-144 -0.3236079641559667 -0.10946767815811022 0.13609112076385665 -0.008127515170803212 0.46803596153090876 -0.06278218881719681 -1.447938366905039 0.018116288336638756 0.2325951738298829 -0.15947689651045058
2 4 -0.18281453719192897 0.1900644816110077 -0.07492404099911043 0.33280355316342786 -0.2047941319607462 0.14251646174100704 -9.212008595058065e-150 -0.32688574443725493 0.2692177907098253 -0.005736810568717727 9.470387707096024e-148 0.07747441831998234 0.16879552149544416 0.0341515827813716 0.066441310180115 0.35127490120872207 0.2864882967496619 0.5588297263187024 0.24401655818337462 -0.05585489925824577 -0.11029196215927128
2 4 0.05543678735707043 0.18773934554882496 -0.037327010119881036 -0.3069118645748005 0.1268407768378303 0.10005062637561765 -4.729417410254077e-104 -0.27836897118304066 0.14207544552074014 0.2663490840895055 7.708632522995608e-142 0.14893271775411385 -0.1397016696572183 -0.2417104564327706 0.29290008708564524 0.1294974232188136 -0.279699917301877 -0.15903901974038684 0.2636401474645503 0.39571984259694293 0.15203716925059732
2 4 -1.11914703895633e-112 1.2719176687245967e-84 -2.193681025832015e-145 -6.132387639319589e-154 -3.589298282430733e-144 -1.99101566056736e-102 -1.6550150836480146e-111 -2.93782992012046e-87 -4.703014828688545e-119 6.4199100515684055e-133 -4.4911052529638075e-133 -5.22247908429608e-118 7.395679583743033e-89 7.626545607426173e-126 -4.688090060889486e-87 -1.6757732579961165e-116 1.3183246432401326e-125 -3.729133136507314e-151 7.265202110939413e-153 -6.951228074669125e-143 -0.19452756404724494
2 4 -0.22691765024176333 -0.14391934942292015 0.021118563964489478 0.02687540702431698 -0.5312228001615846 -0.24135137039235033 -1.5508022052221296e-101 0.2658761339037415 -0.010441562188391255 0.1712662748521184 -1.1175268029372372e-90 -0.32415432538821776 0.0644065397038185 0.12156087500661718 0.2573413858172916 -0.0008610990636291149 0.3654213920793161 -0.8696426461987118 -0.13835910171907248 0.36105139354830734 0.07546310547500375
2 4 2.13598677268683e-117 -1.6282054444794386e-106 7.212066298673018e-125 8.945747307182613e-126 -6.497265126184078e-119 1.749022488970507e-104 -1.1511484798293416e-151 1.7277984392279016e-118 -5.603324569768808e-109 2.337879618997145e-131 2.4946819679423116e-145 -1.0595482373974291e-123 -7.895492382857898e-86 -1.9575511182654784e-92 -2.9657114267925814e-113 2.4993897331163186e-117 2.4157402980807073e-88 -1.6306552563579113e-101 -1.0967867057306093e-147 -1.3738717845252156e-98 -0.0256953575263964
2 4 1.8646312715973837e-111 0.18594596355970944 0.3591069445712551 0.03430817222416137 0.39670183572733897 -0.5706358758048887 8.160162779572007e-127 -0.38146831056504427 0.45696874551269123 3.852539181772653e-86 4.7379039214257503e-126 0.20355351530405186 -0.11607162557427766 2.8103267745375942e-92 -0.43701922371171636 -0.025775219469232755 -0.3472407891698612 0.48124090630679817 0.33744263898983184 0.1420990011588879 0.22416520224426673
2 5 0.6348834691517793 0.15714904222593531 0.05155105074904957 1.3927114436994701e-92 -0.23362442384868357 0.054373095094668394 -0.3030956321511433 0.009061161612002343 0.04994158887089932 0.2453944340608249 0.3652724110462681 -0.2518268344847046 -0.25589144450635065 0.05672012538254735 -0.09981704272574676 0.08874812095458905 -1.0507351079293708e-122 0.3599251922652236 2.3971183265128056e-95 -0.36879114899910226 0.32720487811710686
2 5 0.5372090705270199 0.32660653026101016 -0.2836305166850051 -1.3312816002619593e-121 0.33248903486386805 -0.048192373622570325 0.2864776256560539 0.09608539331939465 0.11172816559652483 0.3129833619164716 -0.3047751077092215 0.37432845984416074 0.29283619370266784 0.2061657255451175 -0.11726310878478843 0.3996488457114702 -7.755409169780401e-92 0.3724871751428035 5.855159408919696e-90 -0.5846494888351399 0.003328191200875003
2 5 0.22373357735136065 -0.24185336854303646 -0.15487561377803793 1.7130522463847783e-123 -0.01595055351634186 -0.19632465053006792 -0.2815932918114979 -0.19947327848989133 0.18520310416287653 0.08425057325036511 0.31398715762008533 0.18617573395691675 -0.09555460412709978 0.2339076220780599 -0.3307727965477788 0.34474922896609855 -4.143232721003645e-136 0.3102265265861973 -1.1971782593278738e-86 -0.38883460359053823 0.40205944569203583
2 5 0.5374537295960418 -0.2753054730651553 0.3345771904048569 -1.6017469990314654e-128 -0.2033495614243655 0.307799744368858 0.09493227502921633 -0.17775892340696653 0.15554572867235206 -0.05126369625436185 -0.21566907831604146 0.005949471437230591 -0.04767454677363321 -0.011313047963573292 0.2548265686214596 -0.2506935699908249 -8.018775067938854e-116 -0.07021363471916216 -9.142525393402776e-140 -0.44273479597302207 0.3464303459691187
2 5 -0.01067218374420654 -0.2240542306175635 -0.22904908193916532 2.61265236513231e-95 -0.10610104558840307 -0.4724296408263819 -0.2403799666404648 -0.4257641132758098 -0.33320509296315454 -0.3806394866685677 -0.07992913964814455 -0.13690297150643582 0.34171642202274066 0.10661702567096629 0.048378684469196735 0.21385607943016133 8.176972013666407e-94 -0.13928975101116078 -1.2901957886592915e-147 0.6957194178736489 0.1887922801226194
2 5 0.08177331605269407 0.21053896585481674 0.23860243363416564 -1.0617412186561537e-99 -0.2415108173143477 0.21536704785530061 -0.2751656635134056 -0.3188386962093503 -0.2726012315715241 0.4124142721609102 -0.09672590289864323 0.30873148408324874 0.17881199601205164 -0.06138083065617214 0.026799081829875337 0.19458444909220576 -4.460559549607248e-112 0.06447230616460953 2.4629212249550304e-138 -0.2015508563023738 0.11081636885812458
2 5 0.11213481858372927 0.161987748279872 -0.001445443261059941 3.3392883771501144e-98 0.0659055926311467 -0.3484937550566663 0.07032187680519482 0.39697277304875717 -1.32075764451967 -0.4941534571011989 0.03215688270402596 -0.4332915621841984 -0.5054089689394995 0.248702800652881 -0.1984544778204512 0.012190225888390622 -1.473829644499794e-119 0.28140943155337445 -1.8219756874980566e-94 0.019774196055893346 -0.08562323514963288
2 5 0.17794663426322035 0.11095109879098658 0.1543808585915632 -1.0458149913930811e-87 -0.08267290033803729 -0.03765455330165568 0.04273351723095973 -0.2165625729231336 0.19946003368440388 0.33748343288030136 0.06579904016390083 -0.07925019876514765 0.052381238865383095 -0.0051552159701719336 -0.024425135677383546 0.23906341939447223 -1.9247320479361082e-153 0.1415412056372936 -2.2645614611349988e-135 0.38957276462250295 0.2683593095206341
2 5 -0.17782368697132703 0.07640297735927176 -0.07116142081149555 -8.755375215654637e-116 0.047791587723244724 -0.47451609781404963 -0.33545540994730144 -0.43567557767874765 -0.07688117770043582 0.1341358938692788 0.24211889489092736 0.07608285852600677 0.10407951616923285 0.01497819721498353 -0.41620763895383883 0.3138372786768375 1.2099998359790662e-118 -0.33042258796840496 2.2354267203690294e-153 0.6662669732415036 0.24364104015724075
2 5 -1.0764874838027655e-121 -4.509518914967587e-132 1.6038672235993309e-84 -1.3507540581196737e-152 -5.094488053938505e-108 9.224387051550647e-104 -1.5469906786225906e-98 -1.8055106286613146e-85 -1.1691782046290307e-95 3.192551975872869e-132 -2.6686848561942425e-115 -6.960924413644792e-125 -3.6965269907784367e-101 -7.690892657951868e-113 4.8972482788509635e-119 -1.448990176452243e-128 -3.790370834582554e-129 -1.4168132934028508e-149 9.763952288400923e-125 1.1303301604442593e-118 -0.2834120080171702
2 5 0.09424427735590103 0.056929225562281346 -0.44120566367683145 -2.859351107176405e-97 0.16268651285200114 -0.3405967327973016 0.2963071642811685 -0.4109248260756785 -0.25103839106765136 0.35087011781229477 -0.3546132508896011 0.24101992979958178 -0.1638975506643744 0.4564573545686626 0.100385382213448 0.18878772458943596 -7.450113038788015e-97 0.15179830724897786 1.122051630819297e-84 0.6490863700683824 0.11224358267817629
2 5 0.0847872591308305 -0.05182400934248536 -0.24506306902649855 7.793033460848465e-149 -0.29592942266465394 0.3540913042012838 -0.11347314086528512 0.27946363283373954 -0.22138360732843135 -0.15683375171008837 0.35506741417981424 0.27381778034551574 0.29170574021255913 -0.17105020034260968 0.3688485857282534 0.34978367804186555 -1.3251378873963764e-97 0.14926458729814254 6.185330101913474e-100 -0.48395917874273553 0.3131141797196858
2 5 0.05535299152717618 -0.11157754727260862 0.25889185670080117 6.004875297761344e-149 0.21207148039006787 -0.23028853235652103 0.1702902027140973 0.26574476600190805 -0.1290784476140487 0.17208429829612484 0.4405830332630667 -0.06709187645062244 0.35076260493398903 -0.05857244499543992 -0.19348543694355813 0.30677426488771947 -2.7368582410778652e-98 -0.242716364568001 3.0401086354651634e-98 0.06740522456810208 -0.27698200604711193
2 5 0.14534903237742003 3.393127642430753e-101 -0.2140680187835803 -5.5947656469217805e-112 0.40272316169903566 -0.04950444133098799 0.36847659891131057 0.5090513603361724 0.09678355358550081 -0.24151330765132678 -0.7287628948316189 -0.4450765816748696 -0.6349901528012906 -0.0019919834174007465 -0.3527711434068373 -0.08434007392822075 7.700693536537372e-86 -0.13216997959713833 1.5445403860883602e-154 0.48994260144378055 0.06918992963031098
2 5 0.20531411505245115 0.16764032779127197 -0.47330898286462825 -1.1893281464854941e-95 -0.025191160770390034 -0.949553009020809 -0.16230886299747788 -0.771139359081402 0.013030378248138817 -0.05368678174231788 0.22618819857731215 -0.019820557506600497 -0.1936813964248549 -0.4207747986221664 0.05173652962471528 0.28576455988829513 -6.238203753954167e-120 0.21342764738383707 5.90082797386241e-155 0.6907761333401936 -0.03236018091604942
2 5 -0.03530285519368348 0.18884794425898016 0.3789095345790658 1.846415060478445e-133 -0.3541921005730701 0.06765474886492037 -0.12390386423377116 -0.34196386112426014 -0.27052553582366384 -0.09762839581934525 -0.001430296528098516 0.40024076465216235 -0.11560687263016398 0.26219020676513755 -0.27455381826768177 0.08835609317628049 -1.8936923521405635e-106 0.3580860448715209 -2.4726373679793236e-105 -0.6281279893173747 0.22033070916454744
2 5 0.4471446289168503 0.3223681721095434 -0.16529413435975848 2.7282109268939687e-100 -0.032181284768116054 0.3178979159323611 -0.0509904083727702 0.0330974316141117 -0.228993498989253 -0.19001591881911073 0.11792971013582146 0.2735165545053807 0.4095210375272882 0.0746008860191089 -0.03543257346681227 0.09068774895422368 -2.2533281133791786e-135 0.2963743388824049 -8.54789103034365e-140 -0.5369044446367495 0.04610914838586849
2 5 -8.39546416352797e-92 -2.913826424638589e-132 2.357737129781317e-84 3.583728837769307e-136 6.7858753022383014e-102 -4.174264831782461e-149 5.072297234113414e-124 2.290464161056176e-117 -1.840523239173417e-144 1.5247362789344828e-134 -7.3151290401113804e-121 1.2608059948335882e-145 -4.637429811798019e-104 2.6028987328244202e-146 -5.859023780792881e-112 9.04084498652808e-97 2.033762075576957e-109 -1.5276598124432214e-86 -1.8988248456290932e-95 6.185106475032288e-123 -0.37595802504039877
2 5 0.5561423903951139 0.32772884412963266 0.21184717321421184 1.0420792523910825e-107 -0.26394177955783343 -0.13480879929235043 -0.07836821624942991 0.2038150204227182 0.271819291244703 0.2621605428069063 0.3940741182066425 -0.07276790652844506 0.2545150078659048 0.12466700657403329 0.23194740019084253 -0.29088939685751386 -8.624863639836872e-142 0.3288932172309109 7.836694186867309e-146 -0.4118511467970594 0.09690196668674203
2 5 0.14512270629692833 0.10414487544691074 -0.288509543167081 -9.774841909864937e-134 -0.1648343158934292 0.01847796215614169 0.3286830923031508 0.02490071273709096 0.3394884487682987 0.1100122675258533 0.15111485088483045 -0.06542984624201838 0.030458212253795393 0.41141685895612484 0.14051635612066415 0.33039964333450633 3.6593985532035216e-101 -0.10818112414980857 3.2394989123869306e-148 -0.6084689436250057 0.4082219369463149
2 6 -0.0657197528711328 -0.16222315354005976 -0.3008010823144657 -0.1420331521569754 0.6142613480163579 -0.29636548133703644 0.6106537388449431 0.10222931407353296 0.21924745452203567 1.3322007060058405e-151 0.48800261890615776 -0.11654797478092936 -0.048500000743899485 0.6087968807689388 0.4611195465291608 -0.4420704346800498 -0.09866083694653006 6.428097410759162e-102 -0.18328301333440636 -0.255567178405039 0.30833832388015253
3 2 -0.15599639386618339 0.19643629583276176 0.34292478730083426 -0.09059388076045911
3 2 0.08235467425728331 -0.5538199438018384 0.18983826510523985 0.5664573484393444
3 2 0.45322663672789554 -0.06863926713786173 -0.566783784329859 0.06162189485922047
3 2 -0.14551426726244654 0.5907954469012787 0.001985502008420235 -0.42142799571566425
3 2 -0.07470404643444126 0.22119639061193003 -0.047043188524006185 0.4147910896941134
3 2 -0.09672950924239768 -0.016610609392948464 0.30335494522079975 0.3906584109733057
3 2 -0.05401813544031873 -0.14130293480395392 -0.04085077793893272 0.370085578468123
3 2 -0.3841776210754923 -0.33403981062224664 0.5895074983059873 0.4025735232107903
3 2 -0.35475406381031777 -0.4475582430479049 0.2994192988682222 -0.3927264789244711
3 2 -0.520417694672656 -0.05086918620686927 -0.029945953933698526 -0.404069120877872
3 2 -0.15559719575607941 0.3611403597992262 0.4188342413272252 0.019617169161487175
3 2 -0.5420934380606256 0.38763600625318034 -0.03384976071957424 -0.15319349292319162
3 2 0.00996828918118988 -0.12506312569684627 -0.25301655984844085 0.2855117413538268
3 2 -0.3621050295680238 -0.16729469282533535 -0.003090099024279515 0.5234735740306267
3 2 0.6397584882619185 0.41240903110002175 0.40067180497703087 -0.3858266066315322
3 2 0.11519362485038276 0.0024224621600539044 -0.13913960871946376 -0.3780198390086549
3 2 0.38239020539069685 -0.2288857995016675 0.1347601646844854 0.36132502711539505
3 2 0.09980194811904075 0.10731299379385738 0.5342325530782618 -0.4283768027516862
3 2 -0.4923409632975737 -0.5288036873660727 -0.5643402759860363 0.10441609296895141
3 2 0.06634637762371993 0.21471091411714113 -0.17640314003543578 0.3766975734326295
3 3 -4.8679851107022506e-08 -0.07938990107626466 -0.10693538701209154 -0.2586474545702106 0.020101119623486353 -0.26787170999884347 0.21412211116604873 -0.155702806457978 0.011778161871124002 -0.0014665643874372434 -0.35715608917455516 0.01715969678653436 0.1852609250189815 -0.13578000036869164 -0.5152694742355769 1.0014194937265806e-38 -0.12759209256048867 -5.935544010936539e-76 -0.0744916755988887 0.2620010910340469 -0.1185404468960846
3 3 -0.04379425518075203 0.29426923211605893 -0.3109035493871471 -0.13282130305572684 0.3648864055742783 -0.22980182074554573 0.0818238465804905 0.01213154344780784 0.27281766366038096 -0.5502872879041516 -0.014123097684060384 -0.2098338850158185 0.2706475812112198 0.36877171046002566 -0.36876666518517237 -2.0174672656678797e-24 -0.017927264760085423 -0.24875966128009022 -0.531698955232592 -0.09631608215284862 0.21250542568213412
3 3 0.2050737707156113 0.09029112796036187 -0.07644536568541398 0.29316064283005916 0.4178309256135087 0.3281685298839577 0.2194410210164074 -0.30392208753289857 -0.055633826963883214 -0.10662918190844167 -0.26974651160720947 0.22197713388963136 -0.06573181316927904 0.01025160601894596 -0.2777668881234384 -1.426204286143236e-100 -0.11747379860676166 -0.37239781763484203 -0.27634060327131005 -0.24862039405926095 0.38420628245789745
3 3 -0.11952829706377618 -0.13638088009341168 0.07406320927386308 -0.03010382252598245 0.286769566391879 -0.09950758792352117 -0.01216651583494274 0.45421266792652526 -0.027789096301419243 -0.24534754130181538 0.20550390575777827 -0.20284748003570252 -0.24824174188687945 -0.12089085060482424 -0.613428648971823 -2.609113498246449e-26 -0.13728915498193844 -0.40460190082735736 -0.19127786687781212 0.2881278001494277 0.3757262133358428
3 3 0.38647501024090725 -0.5140831440068092 0.2345746605039354 -0.08830384564400925 0.2609618946361278 -0.31110077273587694 0.17410592284508308 -0.16996643484350604 0.15038891275099653 -0.26193468846475054 0.16262059597599657 -0.9047172108445155 0.2736744824233116 -0.39333887624667896 0.42175440872551057 2.996299423240164e-51 -0.22218609440151393 0.5700154966866766 0.44475892817694324 0.28301373938398916 -0.2780079075030021
3 3 0.039507240496421625 0.2580448468299143 0.2164170158758009 -0.3504977894832054 -0.29610064413765186 0.1412011691655816 -0.012981079784611278 -0.046277840231475874 -0.46027246401728206 0.14194633043354624 0.2266997428159246 -0.16457838818971215 -0.2516835258898724 -0.19179956990486033 -0.2844639162251903 1.0711994312632941e-27 0.13532976819249973 -0.6450009354086902 0.02427827392681658 0.15142204107043042 0.18059414729678855
3 3 0.17913945260341566 0.10971719036004081 -0.019570645528832326 -0.23093333421469206 0.4198135727510156 0.436117427654045 -0.01629277830226234 0.0003949918360522514 0.012121000193189487 -0.23538476626212335 0.16679274468351993 0.19426815763783362 0.38153501865388795 -0.13452874911237103 -0.6079810957365057 -1.1451201933387297e-33 0.22533793749467704 -0.7108804762205171 -0.23422626946422628 0.05151804750358777 -0.03949510159303685
3 3 -0.11582116846203144 0.22681819375112758 -0.027566049928736253 -7.73781144566647e-96 0.34615050349248483 -0.11103719451818242 -0.09228042642073626 -0.08237254442775306 1.7142047615567686e-123 -1.766432089504051e-71 -0.04775964673831757 -7.937226359514802e-88 0.11806495698022353 -0.09111102427169358 -0.11854104377557922 2.667296961464421e-18 0.24296347555971526 -8.125205889471474e-08 -5.345630479586227e-63 -0.21565820802122557 -0.3981072619907964
3 3 -1.6373125010928817e-67 -6.56222715218135e-82 -1.712440961308851e-113 4.923294608237757e-67 -1.8569132684677514e-61 2.215110440371651e-62 7.754542874076214e-77 -7.695125606640181e-105 -5.8605039064064406e-89 -3.9562611120115267e-56 -1.2432642054650155e-123 7.394725210069911e-61 7.977596298520122e-123 4.579384915107257e-110 -4.372524459749438e-120 3.953532215919044e-91 -1.9316786980177742e-110 -1.9502972628812984e-87 4.1413146990635565e-62 3.663696350150811e-69 -0.031018633139582974
3 3 -0.37317439816902837 0.027725367117203577 -0.20047177900481788 0.38394686792490973 -0.1737669610455919 0.06644206922747574 -0.36017176673177587 0.16993513199010626 0.045222534123642535 0.11666480064385637 -0.29616887341773696 -0.16815305069774436 0.23258993260717115 0.21719156264290856 -0.05303114591710356 -2.742344716168277e-101 -0.4554089115582043 -0.10170787296153361 0.15067211648582332 0.1464217665872942 0.09246560169459299
3 3 -0.2699600218426342 -0.28870027967036566 0.1448476112131942 0.45296290410053847 -0.05576096019763769 -0.002381808120415272 0.3414731089333154 -0.14174943674076046 0.3110014483194312 -0.14387620927420863 0.44061839058689656 0.14754084613529234 -0.1106421042437354 0.3348717304268213 -0.03905000242576187 -1.5395830274420365e-74 -0.23466607859627028 -1.7528989080604807 -0.21311964914161083 0.20794325844514192 -0.11447834193833656
3 3 -0.3014073207505967 0.2812584764673447 0.4375512737797686 0.6595516191143269 0.27309665970856434 0.19721574066408273 -0.32609074522317977 -0.10546315529665194 -0.08533525399215204 -1.2987991783634175e-06 -0.1025312222295449 -3.810757707136356e-12 -0.02376692687696173 -0.5333839940303956 0.2233082219467315 -2.7316803226734417e-116 0.2861097418631773 0.3100266640163758 -0.3606911773909675 -0.2640407157165697 -0.3629241765956958
3 3 -0.12223014959931894 0.299944381672344 0.2689748378842665 -0.3661671779706624 0.02340963089178096 -0.2485504196409971 0.34934261785290166 0.3355859068639709 0.20145584530530294 -0.28476556247161355 0.13788215404773843 -0.1781458869390311 0.4032162514644385 -0.09244111625447883 -0.2746969183624503 -1.7003723320453313e-47 -0.1491933249285052 -0.9001291906090066 0.1834396034198484 0.01986473607560654 -0.22108310677554976
3 3 0.2993926341591597 0.34788012875527596 0.0980277114332919 -0.005797545227975842 0.2581967784451454 0.41469226688975447 0.18437862421892465 0.15431436589758446 0.07810820697046383 0.03845707053112594 0.17011476874716244 -0.22326411004482408 0.33983799640079104 0.3078623411613962 -0.5663033977518327 1.4309943420982203e-33 0.29068532206679176 -0.38004532215105646 -0.03263300524858989 0.2563015797231943 -0.2199927807288428
3 3 0.05880603830236265 0.205770247586175 0.2634365073735613 -0.5344714921256718 0.3294198016660223 0.03023115308886763 0.2844762928255077 -0.021718490484355556 0.09501394030361018 -0.1162606134906807 -0.15277648223671414 0.28634505820112405 -0.2846696071444246 -0.22832487268716975 -0.04569072634681174 -1.6586450939370252e-38 0.13076337517890238 -0.621017988334018 -0.04369083118650113 0.07485923681853586 -0.02627112837517053
3 3 1.7574130909889547e-109 -1.2309217793148391e-67 2.1859036509768076e-69 -1.6962989116536986e-89 -2.0377713744246294e-121 -2.7704677124095334e-125 -9.177774365753165e-58 4.060744237026485e-59 -2.2276431376580977e-59 8.538270849345282e-57 -4.92931297457821e-109 5.006349887802678e-103 3.0955484191434996e-67 2.9985891742585367e-64 -2.211458293013464e-61 -6.39738697560757e-114 5.5353255450609415e-87 3.011737539440501e-90 -3.425496250977369e-126 -2.1784991498342904e-85 -0.2788779291163895
3 3 -0.3954413454266917 -0.1611523774868166 -0.3405089225280517 0.05959513543342796 0.052120507486112404 0.29092431113626843 0.3317825587928969 -0.02992817648201958 0.09905946215012457 -0.1232147041129506 -0.2635451927169086 -0.1198113819423227 -0.3606005459184964 0.19484898165786357 0.2707690748712053 -1.2634777738696692e-79 0.11783773866118592 0.19412487240416818 -0.19333646740719307 -0.03957761192624865 -0.3025914590459391
3 3 -0.7938335627723523 0.30586599409276616 -0.23429262597982795 0.5344115057739178 -0.2793484849722864 0.030276005559452403 0.009821870063183016 0.33397816936377595 -0.01744200124634702 -0.2797274528959531 -0.33930375163595167 -0.04766261176976719 0.1484040650737415 0.23377077008818076 -0.21828324265425486 8.71538855025003e-99 -0.003656133327827212 0.07083214421257898 -0.5566360943840373 0.1305658498301284 0.10774362656851998
3 3 0.061627517233603976 0.40167377420039063 -0.31156835799121524 -0.4080389477204054 -0.2810204320317615 0.0869083405858332 -0.02123289106752092 0.10939845470395201 0.21445447879374868 -0.222272071405934 -0.04388719377393565 -0.3802106061967292 -0.40524754049844464 -0.30247778575337075 0.25015683826621976 -1.1033789576663748e-84 -0.07038009535038559 -0.19090406811729016 0.3466094648996178 0.2335829430411054 0.2037645148234533
3 3 0.005843251061870036 0.040500710757019255 0.06922355674187947 -0.7936814227689917 -0.03655510582843592 0.04099787615106313 -0.22308715117377306 -0.16823273114000542 0.21154127953327323 0.6689632552192047 0.08485694954405076 0.3943926346112669 0.1407270300052018 0.15126026739138998 -0.3564091400264964 9.836115023462699e-31 -0.05324047413663252 -0.414315503620494 0.04916091487005316 -0.4293125909976928 0.05755704798947572
3 4 -2.4723260526856867e-111 5.95862247161898e-91 8.21347365094211e-89 -6.34609293558728e-120 -1.5805524269107757e-72 -5.878486218196318e-109 -1.1728795758103543e-58 4.660274775600684e-108 -1.593117896921176e-122 4.493610675578075e-81 4.9110066367613285e-82 4.16574534912872e-63 1.9070334459190143e-67 -3.4125619173447192e-84 -4.953602529519854e-65 2.6545395921796484e-100 -4.747173917035041e-65 -3.798617040554174e-74 -1.0820296401884975e-58 -1.4499421674603657e-71 -0.280538062550609
3 4 -0.25102532715355746 0.01727584526949567 0.09247043722839088 0.36846830895083593 -0.24720871254911506 0.12100571083802661 0.16363418824810236 -0.23493158607143466 2.6050123758147073e-83 -0.08016770333551355 -0.1611475269533544 0.30029602254952437 0.2633054324887425 0.07508733078953214 -0.09543976904706399 5.664240852502011e-123 0.3881039350578316 0.10785119570553142 -0.36084070059610507 -0.06989511750211055 0.04362938709173018
3 4 -0.16333048632846137 0.21172491256989429 -0.11742563996726299 0.1897206311017126 -0.34824946183340794 0.22135497085375525 0.08197067018249014 0.00996478938553984 -1.3521200184672245e-56 -0.1331866104242862 -0.48255889698676135 0.07749647746424086 0.0012819392199385697 0.27770258123628994 -0.1764745284846037 1.4227397841261274e-105 0.0039050461144103953 -0.41343990592876784 -0.2171003484192618 -0.26628581764610365 -0.11285259823850984
3 4 0.09375495569419663 0.21971110702019142 0.043900291225075404 0.37369926776745555 -0.794368445976984 -0.028321319672063916 0.09315546213165928 -0.2793120854545627 6.612818570568284e-61 0.24619224705588927 0.14061333447555263 -0.528658996916467 -0.3665005412947827 -0.04951942174123194 -0.30910624942357096 -1.0462814075900235e-58 -0.2341301427051317 -0.14103770248101183 -0.14877398692794438 -0.43660556638401654 0.371182872735599
3 4 -6.824342292021045e-75 -3.1734458815718754e-06 -0.05724641118254955 0.020336792302189467 -0.0001720178823682732 -0.0022722521590375832 -0.049940163288693766 1.0132543154558621e-70 -1.1316564050091931e-88 -2.4523374249779628e-71 4.287960505855499e-104 9.516401800524695e-105 3.1285566291444683e-117 -0.018582065996819566 0.04650640738312486 -5.1941722670576885e-110 -5.6593692913350476e-73 -1.0163745188544723e-71 -0.009065227546306875 2.0085954456687205e-107 0.0032779491198470416
3 4 -0.008264437115683058 -0.10928879710906464 -0.18190688989186504 -0.21136080544766814 -0.10200605137772623 0.010209293532518026 -0.12993659193865603 -0.010973544503548724 2.775982414196596e-74 -0.27212395028021436 0.0012198544174308542 -0.01327560901121387 0.020128034244329997 -0.03621004923802081 -0.15734469091617073 6.888831901007322e-125 0.18359334359755958 -4.0078700904372695e-24 -0.33189431605333597 0.14360936802007432 0.21168299734798196
3 4 -0.0820982313564872 0.08606535624802268 -0.18906857038325953 -0.046090101142556746 0.06126338129235061 0.25868974310788323 -0.262741280546872 0.17324511385582628 5.198918801517247e-100 -0.20470075259302303 0.18622694222932268 -0.3756304177297708 0.04982850138306937 0.0633849920080073 0.41230835808589494 -9.600315737087726e-120 0.13410796032323447 -0.05855458651407998 0.4181292647481104 -0.4053660779779787 0.38715671244598
3 4 0.1956529652164125 0.3813497008815338 0.2145587410540805 0.07618703258283642 -0.06638496054923272 0.3919669784354836 0.35228106879030946 0.005861834681655645 -4.4108080459294045e-65 -0.264595159146445 -0.10038716817744114 -0.6412134060669032 0.0699865265691222 0.30820468679248214 0.29946422127153816 3.495757245411646e-56 -0.3208132535507799 -0.31232203751595844 0.1211971496348618 -0.007972231069086731 -0.06453121360211607
3 4 -0.2962259033083362 0.19104529208877902 -0.12037844846621268 0.12245167637545333 -0.5329264905594022 0.11213627971763689 -0.1561385411245648 -0.30375228872127463 -1.6394049517885508e-77 -0.02255941419198369 0.12895655462080363 -0.15452159268058363 0.2199748599984087 0.2369067261299029 0.1939034476677043 9.89051698125731e-110 -0.1589982376811366 -0.04878801952688251 -0.004428701465756491 -0.22814360863794833 0.2951374839007856
3 4 -3.57524628089019e-91 6.817593239703555e-69 -1.1619407627633457e-88 -6.18435519398322e-103 -3.210077330549693e-105 1.5266213328509167e-118 -1.9240613595080787e-77 -5.875152387604506e-101 -3.0035949887965667e-59 4.07079130224457e-56 6.501654333095095e-120 3.1687664523718015e-81 2.1917648303507236e-112 -5.926677689194301e-101 -3.629883116736255e-98 -7.126359595711531e-103 -5.061837415856963e-108 -2.2345174208463844e-92 -6.28830408374438e-68 3.192747159244363e-111 -0.19082027618182992
3 4 -0.40622742320925487 0.0019062691445525862 0.24756973181828357 0.41304346240796996 -0.6808685559890378 -0.09008998236798471 0.23127499129768023 0.025827341845717975 4.672593225520907e-64 -0.49635869004415845 0.17570018920078895 0.4997203764169341 0.18076812340903275 0.260019598582587 -0.3098790641646746 -5.571082942944061e-110 -0.2085917271841842 0.24434278502179343 -0.15051454386631521 0.5971716657708723 -0.27630444271387644
3 4 0.2827845165759512 0.4233919647666788 0.15878784875370378 -0.2436974180182639 -0.40948150081228196 -0.25668476123152395 0.03743594703617371 -0.13916894123973 -4.294045198112631e-59 0.1438459649395186 0.20492922217899623 -0.4512558021300193 -0.15401073627747028 -0.1537848966865846 0.09124608522469277 -5.1861366688490236e-101 -0.036000783573254126 -0.21084164235103667 -0.1066875961078183 -0.10503397175412425 0.25833533209583714
3 4 7.223452669813739e-125 -0.04676075283019667 -0.027426524692799107 0.03694247013308427 -3.3939919936283525e-76 -0.2810974327898319 -0.039099131982024825 -5.832740625589123e-61 -8.422015794120046e-89 0.12441299808121513 1.1956600539912695e-94 -0.018051436670400326 0.01166025723183098 0.13617476530246195 0.04502783012015079 -1.5797338881730504e-65 -0.0014327162292338681 0.2651011259658175 0.0777844394069116 -0.24166605228395346 -0.300034497129551
3 4 -0.17473718094340687 -0.18907350665336273 0.3193380894567039 0.4136088890749597 -0.08839336636376569 0.39769204160915467 0.33746345770375846 -0.2863635628172234 2.526183052138736e-69 -0.0392428944763462 0.186860527050028 -0.0838988849035214 -0.04798555537625853 0.032988093848955895 -0.006736544841753527 9.12387907166055e-72 0.13432039887896757 -0.25341554852436826 -0.28440514384759585 0.10052183154535037 0.13423087090208752
3 4 0.35383127834775013 0.42357795148157495 -0.2215915882861606 0.313269523527142 -0.3398901675688315 0.41873738360671053 0.23662219613925511 -0.10536161823943897 2.746843579518861e-57 0.11811291594670552 0.0339497916163834 -0.36376393925268635 0.1151594228104516 0.07820885534524692 0.2690709386784799 -4.28983228090805e-62 -0.10360182628497111 -0.004196071185800612 0.3064055514685972 -0.3513048445460205 -0.14019083001974392
3 4 -9.239243766246658e-13 -0.004374255779949625 -0.0030262831117859276 -1.4623453127093926e-06 0.008903661778724857 -3.391281195166779e-05 0.0027577781200056966 -7.818672167797546e-61 -1.9673740869069536e-63 5.46541822781795e-121 5.25411162168862e-06 6.467708450080597e-117 0.010837740474728283 0.022282468395558808 -0.0018279560468492707 -4.008319290928287e-79 -2.551760945269104e-74 -1.5948906577058386e-122 -0.012994559223451121 -1.715720451222312e-59 -0.1274104640701863
3 4 -0.007715877328567901 0.14472310990552775 0.32889969691671356 0.11096540650371788 -0.6572528717884396 -0.09452867708293664 -0.08093581050753919 -0.0946333508879845 1.6164603156052377e-112 0.2467737074248478 0.33306533789458703 -0.2033062372534061 0.07821985834783908 0.01578412131193653 0.12023018933665779 -2.754522674043036e-95 0.2640019105840139 -0.4855712251623429 -0.3114976426483257 -0.22225065569390742 0.2963887908334142
3 4 -0.10690373769754834 -0.018660639768516202 -0.24094611589273343 -0.4486383732748261 0.555040068352222 0.005262891903657626 -0.34575518632306296 -0.08253403044978341 -1.912175687774966e-120 -0.21456806640868994 0.16490127741922386 0.6167080660873756 0.33897769282949275 -0.04690610110296447 0.22777520868867127 5.466197769705172e-84 0.2054507086895069 0.28916617091434454 0.41184192067251546 0.27307718284222193 0.250623697689754
3 4 0.03333206842140222 0.37684528677853235 0.0015183899413946968 0.41317692080172713 -0.14827988004053297 0.37673370432075354 0.2980054491685333 -0.28228113601361265 1.510253625923039e-77 0.005000660021774359 0.0927897521005379 -0.5565877707626127 0.21157537307400395 -0.1911577132056837 -0.23224527262619624 2.6963822620772525e-104 0.09732210162347146 0.2807481264464804 0.12157842312385417 -0.24028202655659028 0.08958291199783089
3 4 -1.0982793322555923e-69 0.24173557770443502 -0.29416822839169 0.007352674663061155 -3.864072559628921e-99 0.09414839104985008 -0.04923170273616859 6.1534092684714556e-114 6.480539754974673e-123 -0.4891662854711976 -0.13469936999170656 -0.3962515407727554 -0.04424899335562458 0.26660973250386716 -0.10553850878508902 -2.067409265250123e-108 0.03868625172311043 0.010657500367341942 0.018820371142677848 -0.3906338459514246 -0.2825334511133069
3 5 -5.905802508530497e-120 -0.11471641753756245 -0.37006597114676776 0.3535114142064749 1.827659826929528e-32 -0.020711073708515104 0.1434169521324584 -0.03025849645393592 0.015571794764213298 -1.7914201491698516e-63 -0.9322365542444371 0.16978001106688284 -0.24917317014706344 0.10634914713528307 0.22134348575121202 -7.691354865230321e-13 0.2711313680084928 0.07987739896853399 0.10646215717678853 0.2183519748535127 -0.09040567495544463
3 5 3.040263360718122e-104 0.35683739627179156 -0.2470707788633576 -0.31865779299380914 1.1813703748966117e-105 0.05634517521721003 -0.10108297879978705 -0.059603771925889476 -0.052198572874891457 2.9805808325519856e-121 0.30740566994015184 0.0864534406080847 0.013605622034619654 -0.02593317213959359 -0.06821359686230699 1.3980120936954794e-55 0.19462280639969057 -0.06477121336201212 -0.19532036061274735 -2.5195555830424714e-23 0.10620669398388322
3 5 -1.8165978320521967e-103 -0.12257175307361876 -0.0663379471741369 0.3889026078177598 2.4299121457877112e-27 -0.21715158188113692 -0.1073455558514174 0.3965356198090407 0.2723835799472821 -2.275758386434995e-111 -0.17583540294808853 -0.012440435818089181 0.22201902143251404 0.14308953981686512 -0.04423668261482461 2.2083378293053426e-07 0.05306481023942323 0.21420251536747795 0.19965392087799688 -0.419677821033883 -0.24631498175795494
3 5 3.886691302832212e-104 -0.09759394074133723 0.20406471424649333 0.2245966161018639 3.9682466385462014e-87 -0.07815323767637411 0.3678269945225008 0.3186956996156037 0.12727568374771905 -1.361390338765028e-69 -0.48822150686544424 0.25170591689256244 0.13348394232933655 0.4349362303914133 0.009170258612767905 -3.05719001762081e-25 0.003299385290487823 -0.3886525097706397 -0.1590971042492362 -0.2833476631313521 -0.1215712261599686
3 5 9.884681309912654e-85 1.0634188263015776e-115 -4.504997178316818e-67 2.52538885253536e-125 -3.0578719265427156e-114 6.544350530063171e-99 -4.775936204617683e-102 -1.291860031709568e-63 7.411209447936675e-126 -2.6485968842443217e-69 -4.729125228324219e-65 -5.375991500915759e-63 1.4810017008794027e-80 -3.5133190457250403e-76 -3.592019421698611e-72 1.744952115186321e-67 -1.3168970579911775e-124 6.11683627619926e-122 1.2615017901592275e-126 5.518834751952875e-85 -0.05787516513374691
3 5 3.0311183550200666e-91 5.1824776036826785e-99 4.6139131480459947e-76 1.6357606868926465e-93 -3.8313647168222946e-91 -2.809230471725902e-120 -2.9139329571698945e-106 -3.796590928883745e-81 -8.322888134004743e-88 -1.0075061409819276e-106 2.9366439773870202e-71 -3.73334936323081e-91 -4.255625039190792e-108 9.885602534795245e-71 -1.031414750638748e-59 5.90177610544376e-98 8.513229689017521e-104 -2.75911470632881e-56 7.798783572910091e-77 1.4636169682310728e-90 -0.21333227863661908
3 5 2.2122533181120595e-77 0.11235724949208173 -0.0672499876262172 0.10816694095421713 -3.042017903826846e-96 0.012140729446545508 -0.1792424863064938 -0.029000349117489412 -0.08907413093238539 6.628197413659057e-104 0.03193301346114836 0.1926319382400811 0.12894768347007102 0.18782463325914553 0.3568805184800838 -1.719090831117848e-61 0.0603810679539413 -0.0935160218344704 0.40139701768293584 -0.23813927174765637 0.1433483161328861
3 5 -2.0059468742937973e-120 9.102054363772119e-122 -7.006587788887233e-82 3.1535283274339965e-75 -2.301400052493402e-103 3.7438507583254065e-65 -1.930620153560059e-110 -3.8486634115731184e-115 -3.3605591866965626e-67 1.9441793499982555e-61 -6.018653351170024e-70 2.605173275307068e-116 -2.041311289527243e-125 8.128053629520113e-68 1.0413206980727875e-58 2.620275777736623e-63 -3.586292406573022e-67 5.0939848917428e-72 -2.0496355003199242e-89 -3.8152893702074676e-74 -0.3377974863647623
3 5 2.0360185879319093e-106 0.27333538908547333 -0.08689978337459027 -0.2018437784946053 -6.53504955911123e-59 0.005125134123853435 0.16165393597195304 0.1524346110095882 0.4092169702561224 -3.574469573961001e-82 -0.3613669465242044 0.39616030010180286 0.1986586007218229 0.2873100673418246 0.4322901512726414 -1.4954884405998576e-15 -0.2146778809571191 -0.433944761356399 0.1811893544547641 -0.34437346746581005 0.058469559411245986
3 5 7.624673590551195e-110 0.2758904055886045 -0.025023937844709836 -0.275162618812893 -1.4058303701053622e-64 -0.049250509072089624 0.145115172780246 0.23277530941384228 -0.0634062823334495 8.700539097550856e-83 -0.07155150127440135 0.17927238983813706 0.1810158293761463 -0.23611658456512544 0.2228150059789606 1.4511026331409205e-15 -0.28528091896240215 0.05544563315149883 0.07769039945752783 -0.3005455535569325 0.19759197515172272
3 5 1.9623894524636135e-106 -0.05652684912131583 0.17953511783663292 -0.6177969559044202 1.1403924933316725e-118 2.697380470531141e-31 0.18115156066174679 -0.17053595384667386 -0.0381612566583844 6.754452864646668e-61 0.22061379812136525 -0.5343678738243041 0.10778706495715805 -0.19290525943175688 -0.17294036407062996 1.6854115920176254e-65 -0.45794769866471274 0.49984355446920314 -0.19040486925362166 0.1564418945944939 0.21738431374214698
3 5 4.830398467498145e-86 -0.2365234869666015 0.4013125068701157 -0.2116740579756857 3.455379924804572e-79 -0.022603588876802923 -0.33626793186363807 0.031653747993792836 -0.06117644468540677 -1.1200358813930132e-61 -0.408544335274138 -0.27241213712593054 -0.5615919512081767 -0.03277845846937333 0.43453485244795614 -3.032130615901428e-22 0.14283929116624508 -0.07954408798372414 -0.025825151137533954 -0.3487873318827764 0.29845144498270726
3 5 -3.7771636458846826e-79 7.674560647242114e-114 -4.5474091920631266e-101 1.1320663147529912e-121 -6.678375547697895e-61 -1.6264748952273996e-63 1.8118513718769974e-72 -2.6192106965565276e-83 2.6320877390875605e-125 2.630296372763669e-91 2.1764372465558423e-87 1.9348078275791205e-107 -1.1096099455938188e-79 5.776574486084357e-96 6.670098142201548e-61 2.8479531417913135e-123 1.5584175177253063e-120 1.0361881897868772e-90 2.6636641691286794e-95 -5.4226809541775244e-126 -0.24120064981339276
3 5 7.389807747496599e-125 -0.09627010688441935 0.10261535916543965 -0.1849841813036132 4.839868220456212e-65 0.22344668354305683 -0.17482348909716577 -0.1867730342849157 -0.0843380143941438 2.133540785768424e-58 0.16321019003075504 -0.22960388657808894 -0.0012720229372343871 0.32200804666754473 0.04306748642034275 -1.890497107678757e-73 0.30309162825240143 -0.3081857030202598 0.09090196497056259 0.5301131960290191 0.20479386930717022
3 5 -8.614759231467722e-76 -0.2976761621468454 -0.08592463171101897 -0.28962208143480406 -1.2859935322933973e-34 -0.32867458607751426 0.1054174313167137 -0.1731760275154253 -0.10823824414225307 -1.5525596148140673e-114 0.1455363904402127 0.3105418796945299 -0.39117780898923377 -0.310531847466169 0.19386915513757247 2.1792165115547508e-11 -0.133424807173447 0.206503082741362 -0.03501284670726621 -0.11082770227169249 0.27321073844352745
3 5 -4.609949610361023e-98 0.08189572249716613 -0.03598211603574236 0.15816356528532166 -9.432264033870745e-48 0.01911965144232181 -0.32154428952202946 0.2967152389339825 -0.41435748638437947 1.1942432398133952e-99 0.2593278816431378 -0.21761277611840096 0.018519928543322427 0.06830719778916537 -0.2316683270744769 -3.9334313665633035e-103 -0.035107685692266105 -0.18000396151676779 -0.06727461765810273 0.7893488799519531 0.32882882220120907
3 5 -1.1730666831193413e-92 -0.143232610213735 0.09096502359711121 -0.18472624116766823 4.045473403710563e-62 -0.30945253272470774 0.36554912686096297 -0.31130309936263384 0.16242755027573866 5.213426986124897e-67 0.39984983142207503 0.08101773854306105 -0.21891356252092573 0.15728625039733898 0.26923225847094384 -1.6991171275099426e-15 0.10600530121322102 0.23080391033859457 -0.22793394484232196 0.34834170825198774 0.17564647019292987
3 5 8.93239270625599e-105 0.11020422138815826 -0.1732966605998572 0.05422833367984325 3.0265534589462313e-27 -0.048265321554026956 0.3002939020084404 0.2585415154872911 0.28734525974626207 1.0117896539477675e-88 -0.1678629330834996 0.2652607155581424 0.2964353584022652 0.29885073950383756 0.4664911583094107 3.759515233993171e-08 0.17357432084405774 -0.3350037312173825 -0.007375258284337758 -0.411266318835674 -0.0262418383952386
3 5 -1.7614806287354596e-99 -0.09100391613276271 -0.3054286636122485 -0.021689843325639356 -1.5993239547900083e-65 0.04786993289545557 0.330240164276401 -0.23992464283042933 -0.34240604837022726 8.373962852411374e-115 0.2724045026432935 0.235957498187629 0.4147564373722162 0.20047648193841044 -0.06027662108955432 -2.85314073030406e-09 0.3318287184661304 0.18844347328576697 0.38094689236891294 0.09060930602779753 -0.2328924607441619
3 5 6.055678351735349e-90 0.29379429430683446 -0.06749822671240663 -0.2074397095118096 1.528134710202275e-83 1.1148221466846842e-104 0.06287712247412577 -0.2608555437165548 -0.3721264870084286 -9.097256660662866e-75 0.7857976488335262 -0.012248603722492738 0.5743875538680572 -0.33712677054129603 -0.05885475433352953 2.1519940986262677e-107 -0.159625873419818 0.0004976826912930731 0.33424936345792555 -0.39818143046270454 0.02515015168944171
3 6 -0.7105855046656625 0.09299398767323218 -0.5793710339491671 -0.1387900217291837 7.74463911351844e-71 -2.0459598392543377e-56 -0.10135726626614358 7.204056857581456e-41 -0.2496578608822955 -0.17406047453435122 0.8543072062258238 -0.13543316507910977 -4.014731306948916e-41 0.1655552015800352 0.5523043454645566 0.31714627986001276 0.2679343886043109 -0.5506883092524283 -0.4632333253882866 -0.32832122444767164 0.2602288243771331
