Number of NNs: 3
NN configuration 1: 3 20 20 1
NN configuration 2: 3 20 20 1
NN configuration 3: 3 20 20 1
NN Layer Weights Bias
1 2 0.7123359189033398 0.020685285774312057 0.08897995378303218 -0.5450198240392785
1 2 0.4561626005696886 -0.3506087365325217 0.5905328626743372 0.05508251921058912
1 2 0.37061953924792346 0.7098221845132094 0.02256035762827189 -0.8287961583183556
1 2 0.06696164639714869 0.42125737531565965 0.5024725067563399 -0.6794568404642868
1 2 -0.1961104582937482 0.2945758138840935 -0.3127491493550356 -0.32736325845494924
1 2 0.13068576794118666 0.5435299917183322 0.10293974427990503 -0.025289340864051883
1 2 -0.592955587338449 -0.06808743367635947 -0.03587621487529559 -0.4423690252020599
1 2 -0.5602860592532426 -0.017402992046650984 0.15229919029324077 -0.31680088846470783
1 2 0.6376656367497585 0.42414710845530273 0.3941711927657288 -0.37018364519380426
1 2 -1.0025936802235319e-111 7.068124393122133e-134 4.985399024742727e-134 -0.5006544270001995
1 2 -0.03643079467511249 -0.1286276439359951 -0.5178172525104351 0.568956364547913
1 2 -0.02949041653548045 0.183106858695803 -0.2628865747992905 0.3858218805455389
1 2 -0.3510261068324812 -0.5036111272013644 -0.3018548685747592 -0.12215507259650335
1 2 0.12561278628662098 0.23279927006798937 -0.10485239564844384 0.42849993346233833
1 2 0.27490889689818193 0.4087759041188398 -0.9851196781963395 -0.11869174641053633
1 2 0.23698691229781393 -0.12738559755904053 -0.057866553601679964 0.2605627266652343
1 2 -0.10500658974084295 -0.5337882602944117 -0.07026749870890668 -0.4078118377723096
1 2 -0.7570235075467792 0.5099449316604464 0.38961287754167057 -0.08893060494649892
1 2 -0.5649043085239002 -0.004428906056778076 0.15944142928880203 0.2277691913845835
1 2 0.38639857418733714 0.3488703771345646 -0.08441183931750819 0.25104046008029435
1 3 -8.104313667738436e-113 2.78153890971565e-157 -4.695200915882258e-147 -2.14029364838254e-110 -5.452007901282043e-96 -6.166468722806624e-112 -2.8968612787168084e-116 4.6579959898248326e-99 1.695920786000523e-140 4.014065693066372e-98 -1.883421264150254e-151 3.7964340168178325e-151 8.012018637007634e-101 -4.954615572809869e-90 4.189466286678058e-98 -2.842797601875474e-143 2.01489214122983e-109 1.6057636932877914e-100 -1.974348596445034e-152 1.0541417780076692e-97 -0.17630275756325237
1 3 0.8467328236987417 0.3234597080645098 0.2816857985828201 0.7421656193842722 1.4399944136867332e-57 -0.3447895061743022 -0.5978517099503217 0.28261196199194644 0.7227972080004519 1.620131385887326e-114 -0.8435289668985664 -0.38960566139992425 -0.14496140439228344 -0.03615498033923993 -0.07879478894967504 -0.1493175577379131 -0.046086593489100734 0.14848407138471786 0.12104638293103447 -0.44901090384210324 -0.1217084641569423
1 3 -0.7325064674177735 0.26831931282955374 -0.3692897166199008 0.04189636358732149 -0.031702067264326034 0.3165746846019959 -0.1655790951764785 -0.035092028458645445 -0.3267667942749548 -2.8019168032615792e-152 0.18494682299452736 -0.05050601152590026 -0.1012087210520922 0.15234331437954632 0.27541447888707227 -0.15134512148597873 -0.1090787376002841 0.43278988370515215 0.18364731584220767 -0.21453813565895644 0.33027937391125817
1 3 -5.5398385715930565e-105 -2.8671491626402656e-141 -7.739267708684674e-113 2.627526733476801e-122 1.0417900152184236e-109 -1.691540043636646e-99 8.600758095153651e-95 -1.6074067260471312e-156 2.5267530567726527e-127 -4.2386302166946455e-99 5.762584195188656e-142 7.11710794622026e-123 -8.349332625891338e-131 -6.663177746965506e-134 1.1226890013996199e-107 1.1747666472895386e-94 -4.268295127313479e-146 -1.269476642794995e-91 -5.606697162908414e-107 -2.9726346639525464e-144 -0.3171932434348412
1 3 -0.0924162882142865 -0.14462540288561979 -0.31241719017253905 -0.03730572212478473 -0.04614178958487359 0.1400509437223153 -0.48816180468601755 0.28557366139656676 -0.198724052755286 2.6555403566499e-133 0.1936547559635416 0.13453588790298307 -0.0571474522131686 0.39710663875590707 0.13289538206275184 -0.07281064325615232 0.10196817730867105 0.008887588351841213 0.1952988870653411 0.14972616597531138 0.2771717683217801
1 3 -0.06925445375297816 0.27075258364037497 -0.659618239326198 -0.5004995111750024 0.28294871992419707 0.2754854476250054 -0.5713413299898489 0.2901454400604685 -0.2592091667849395 1.7755882009843348e-103 0.23496009470602786 0.20030766947125866 0.04622117252397417 -0.2099135188604308 -0.2264703673939078 0.12021225044290886 -0.14900019208410595 0.05389845109433084 0.18568665873212573 0.25798880705783744 -0.07774067261996656
1 3 0.008667575689906724 -0.42378078649192935 0.6350504523271177 0.22043378683455966 -0.5705401395536103 0.38926020600644656 -0.16232325678746506 -0.09165470604095904 0.3066162120336889 1.1030173767056785e-119 -0.003995590159208127 -0.10393095358147368 -0.21987915175037837 0.34153808187561246 -0.3877407630200307 0.29752716875852575 0.25497693558248785 0.4525483804507872 -0.33459947253298705 -0.03242017256023784 0.12645492864028873
1 3 -0.8029533111271919 -0.28635326915815984 -0.3045128106048471 -0.15494064885086528 -0.3455332362538465 -0.013178594709127762 0.006760566285940945 -0.569608193058142 0.061768594249665576 2.0626876646441156e-92 -0.04321554622562659 -0.11116348516020161 0.05881845671946025 0.19545058731387402 -0.2274704467314261 -0.008383262260212574 -0.5623415212434031 -0.20253575758541126 -0.2655007039456744 -0.14933842995523583 0.5100969207951209
1 3 -0.6583739587797278 0.004284490868141268 -0.032239020265620255 -0.14519584195707114 0.3424941196357116 -0.3201160797471812 -0.07405440424783102 0.08836005109664558 -0.2046729176587722 -1.1512958016603549e-142 0.16450567815454603 0.30004946492285706 -0.2594507332146747 -0.22601582235775525 -0.40246065652676 0.3549145461883609 -0.10496129905228886 -0.1482605952571047 0.09774833740343038 0.28607445264404274 0.24880153734556448
1 3 -0.016163192513407847 -0.09512730364146703 -0.3712344459704054 -0.07217528275455735 -0.13373484275478084 -0.2616393236850643 0.2950095358740448 0.7203631079145606 -0.6539204518479493 -8.870004646655651e-113 0.41297728413199947 0.22925482897238245 -0.06096697650814784 0.14337047497390856 -0.45434414856761723 -0.22138422352236697 0.28765435599158357 -0.241376490893233 -0.178863856988406 0.30692785048129106 0.08009849056602877
1 3 -0.5013468697077661 0.31148795122794026 -0.02727652769717685 0.39190139261834994 -0.048340764049964874 0.09376078566522322 0.062496662381280654 0.020185500507602882 -0.1973182133198757 1.1878179713723568e-135 0.3816641428161028 0.39381131324515883 0.10876765228015073 -0.33731401163543245 -0.12112717677722225 0.3143117656507016 -0.10718802195862244 0.0884904560646138 0.06374110020870496 0.4332035153275414 -0.312935947228979
1 3 0.0483315790729774 0.18715824946472243 -0.38324623111449124 -0.8257326276807487 -0.10790849408175437 -0.17713051611418795 -0.4497254735635345 0.075417171298981 -0.3937053522305923 -4.0799320982376524e-114 -0.5591387606002927 0.2538066470126092 -0.11976897941991418 -0.22427729994703827 -1.217626815030613 0.4987329413897868 0.4350459536432997 0.029283874211009 0.3394778571941611 0.37576896324036446 -0.02641376820983626
1 3 0.49829180477862645 0.29739295753737266 0.0432727636105199 0.8654084800847734 0.06295028508382677 -0.6036852400374384 0.286566050007555 0.42620226351747637 0.6757748897157394 -1.3629213874835273e-150 0.3339036482657852 0.23595032262344798 0.1267151312751975 -0.05334790170832313 0.14539949192265922 -0.36785288751497536 0.319513428530944 0.130528519845686 -0.10250571339796936 -0.2965240914708263 -0.12202812783746363
1 3 0.5240026059618357 0.4709872890802992 -0.48100342197738155 0.6962026334590897 0.49123454121497534 -0.10906157065870091 0.13532504837658269 -0.3554093369743268 -1.0782602903507605 -8.274431122836455e-129 0.3884630080027063 0.07066106931107062 0.37433008119947675 0.028078850469439903 -0.22402787187385154 -0.4274949793848294 0.2728486143059983 0.3589376532496767 0.02537762812219463 -0.1430519875290548 0.11483282000396633
1 3 4.235883629814405e-92 1.1004464032625246e-123 -1.846927656776285e-148 -5.178006676580409e-122 1.2462224430381441e-135 3.96528407904748e-93 1.7524073411684716e-136 -4.835708551777911e-99 2.732306459924259e-111 2.0494621657865867e-143 -1.3888551534981504e-134 1.408349541828933e-100 -1.650268668926586e-109 -3.245678741961492e-108 9.985241120765023e-155 -1.114313053042539e-89 -5.473573067428392e-102 -1.0335938493086017e-140 2.411785873604878e-131 -2.0492058422781624e-113 -0.36944090849506794
1 3 -0.5708906308707223 0.0694931107672846 -0.76207886559927 -0.15416454869851692 0.1857851675557283 -0.1475026379180656 -0.5058852804225278 -0.09920579207299118 -0.13554147592898394 -8.199142560378476e-145 0.05722313865052115 0.37792560363870453 -0.2439980413545604 0.10575123392040763 -0.04014505622880718 0.11743871014866616 -0.2009173057653557 0.07084353646500746 -0.24074553944134788 0.2976253816436311 0.04783806835177704
1 3 1.281231225838842 -0.2334537767681565 0.8523794811093502 0.2990898772354809 -0.41511219442178277 -0.0525067267491188 0.6662008458157812 0.014522441966043222 0.4488943128263368 4.095486305193323e-133 -0.05735731986708431 0.2005902701996333 0.551783260353928 -0.44492752912444566 0.3671471018724451 -0.5215731510852155 0.12716817513484463 0.5247725188771556 -0.515249449072686 0.17401679132480344 0.011165768855364609
1 3 1.177182402566517 -0.006012179174309653 1.5170829067307167e-153 -0.6150020889510253 0.3810294951850508 -0.13152834784932482 -0.4501809975424875 -0.07977484369540279 -1.0620168994152894 -1.7502155370030114e-132 -0.08662091490530596 -0.3689599797356842 -0.44862155760428557 -0.33201434741743335 -0.20792429427872924 0.2340226999365589 0.016384842540546573 0.004478903930498341 0.4881484132517873 0.07754047713478596 0.07581364075484456
1 3 -0.6833051220003928 0.06766494646602589 -0.2253675021890178 -0.3856827763459528 0.3527736323645661 0.3278032443490663 -0.44453695630589857 0.3748209802445637 0.08866204054145298 -5.897789815897472e-140 0.350003624641689 -0.17911565179689873 0.1941081856640883 0.28053216312512563 -0.24350378740407425 -0.1694136519250378 -0.05059375656078521 0.16954365286930037 0.3569162577638613 0.051113992986154044 -0.0019953703147806835
1 3 -0.005550272761444683 -0.19682758915900844 -0.22293154194714002 -0.2421284836128493 0.035472651267200055 0.2811781833246703 0.04184591538460161 0.22389959659181005 -0.27094736886832227 4.501766713705628e-99 0.006153001443422289 -0.04161364175291613 -0.0883991982563326 0.01457302117584775 -0.220940536272864 0.39037837286412136 -0.49062838055715424 0.3743910009628882 0.23480489549869668 -0.19737225669740444 0.30259546087987393
1 4 6.669339876734958e-103 0.7591422277874574 -0.24793094417163938 9.30658340940219e-74 -0.20312637131662498 -0.38854118696446005 0.3276163049870861 -0.7396478357574048 -0.39033534031109707 0.5063448316439678 -0.47220959519736033 -0.5970886831131591 0.5308248376984207 0.3000329421920813 -9.545449474840388e-151 -0.3401373619660897 0.9428927449608087 -0.46907217634718584 -0.3434956416002927 -0.26724237316110994 -0.01293316209215069
2 2 0.0020446064493014663 0.06871531389267077 -0.03760210162940436 -0.11858004265917278
2 2 0.2569309465753687 -0.6407450556929036 0.14756356762289458 0.42450281026565584
2 2 0.07836300714055096 -0.4973008615658142 -0.2969534188768134 0.082996546386307
2 2 0.4879796943765077 0.059689644630665166 -0.467608833243873 -0.22972547046406125
2 2 0.46349082465129643 0.2358630355835965 0.49129695188451145 0.31375646915087435
2 2 -0.31798469569113347 0.1493154409386736 -0.29609280831465623 0.22341014879877416
2 2 -0.14134204032895856 0.32013640251851183 -0.11270481705945229 0.21437527783606794
2 2 0.6658321310040342 -0.31749643862662486 0.5666110060144435 -0.44860936014626207
2 2 0.23518811688189256 -0.3448976101334166 -0.08308404964676669 0.4537604325073271
2 2 -0.0274513487976496 -0.18039222772919786 -0.13937244566381493 -0.5168497679977151
2 2 0.462702661464301 0.3358301693631569 0.05696956828681235 0.1702090997099816
2 2 -0.5532291133856734 -0.37891452300615797 0.2859836074150285 -0.3553871781290553
2 2 0.06943303102480786 0.5154972659708362 0.06150405577431815 -0.4135825048194439
2 2 -0.35189800787629205 -0.12465408458454619 -0.5622573051459006 0.16672798876029038
2 2 -0.30181568572312845 0.004580663848558789 0.4527192148481424 0.47168044683444804
2 2 -0.25881340301707034 -0.07423117840728113 -0.19290697629424827 0.4859863829590815
2 2 -0.4998517946954195 -0.20111492293753663 0.5933470079719629 -0.0023213334740296828
2 2 -0.018379769901965416 0.2923030379476874 0.1360627715081549 0.500232693492053
2 2 -0.6428081553411702 -0.6496358681297266 -0.3103029942690029 -0.11446059416626199
2 2 0.4858311605164067 -0.019544560634785952 0.13148213275844378 0.05740533486607091
2 3 0.0120336681875308 -0.3571684330252388 0.18154124909884597 -0.32203382984061607 -0.10584743299654341 -0.32291680819854307 -0.12216567774575517 -0.18495587605769934 0.22256126828865716 -0.010904251245158047 0.3456019258218155 -0.040584759529038485 0.5433374314716237 0.21899965352797152 0.20610060410842998 0.35035377546392715 0.04320200119266863 0.22538172246217272 -0.2627472609452748 0.028666022106586943 -0.23295779786527102
2 3 0.002355576503372394 -0.19876240163089054 -0.1638851447641457 0.32830911040659577 0.24155368040043926 -0.3973154516373333 0.043248993534603895 -0.3158722272990194 0.20041285497444636 0.050633040530417284 0.3453783575921991 0.04040514717336803 0.1494590859055107 -0.20012724886189015 0.148080689485803 0.24851755179613663 0.15695273485622246 -0.36473303981524263 -0.09008695698193532 -0.02016089158569317 -0.20468505373279317
2 3 1.1167888861423108e-105 -0.04819274333708955 0.17948165059682614 0.7212517294812408 0.2165044929410987 -0.3398976446551787 -0.06883829548606446 0.6199530673341682 -0.7430551859948972 5.645140015468374e-120 0.4682243202770795 0.13506595357826456 0.21702777674547252 -0.09795669452269991 -0.31120263937203496 -0.4449068792368174 0.8521480980113764 0.3652214791413142 -0.07603973390805308 0.33663751505257855 -0.42107928401702477
2 3 0.0019476969995085042 0.2658717357350538 0.1273504373390374 0.2195563504956135 0.29580803890883967 0.27453629018544823 0.37406176204011954 -0.3502214136842692 0.3835837758673136 0.0012063251800198147 -0.24651801570546916 -0.2387481714151741 -0.45076069391270257 -0.15485328294843193 -0.008731703630777335 -0.04179676085233076 -0.23694999587613091 0.4421774892484459 -0.22376971436315213 0.1274180542125497 0.3596804352013944
2 3 -0.014554685421751515 0.0013695842493351943 -0.3508564184866599 -0.006802428345644212 0.3111328604790267 0.3982574566122688 0.35839657505843914 -0.0761273539111762 -0.0504660578202784 -0.010267515173986478 -0.06894120041083779 0.42899514927587284 -0.33714157657790855 0.2671800396598566 0.045234313851282 0.3998486494172734 0.38022045059406795 0.1859329356692007 0.004750742500427508 0.2968576412282464 -0.2286085548917058
2 3 -4.0522597303066516e-82 0.2403259127321796 0.5285695460991813 -0.6906282643429178 -0.3591964475545687 -0.3838463312073383 -0.2951301801000141 -0.13356803639600656 0.2852873289093164 -1.2592026720974568e-48 -0.7696484594026792 0.026131842257861807 1.06937607507193e-12 0.03521232931447274 0.260687957154389 -0.2289509555463238 0.14505499246615045 -0.5515368528877339 0.057253398047627684 0.2373966821829734 -0.3809141346099363
2 3 -0.0009502300862979942 -0.011661402269263032 0.34266761197269435 0.34542823962974467 0.3783157116093718 0.2247630094037361 0.39922064288889964 -0.27099925376982364 0.040718959507607844 -1.1761982265888194e-117 0.2868643756012516 -0.05687151523466738 -0.5529477881866254 -0.2574566417257873 0.47692335368784805 -0.08038457884388173 0.3491665721374608 -0.23893048025693292 -0.19617325477508385 0.16202668995832037 0.0442300526318112
2 3 2.2753349747306904e-28 -0.1961460809611177 -0.2333951441091883 -0.03114059891986776 0.07370538201508278 0.3222288557232053 0.28464611416600794 1.104388343487221 -0.518037074015347 1.7032605947219216e-06 0.3657479986224567 0.16142050674602226 0.9283673797822469 0.2701907541679706 0.20079704395856102 -0.038576016641240024 0.1823806164069036 -0.16778599676747197 0.5037514145431947 -0.043244232554039204 -0.4871556522532463
2 3 0.00715218755153316 -0.26824278086504405 0.21112404454219466 0.19847256277773473 -0.031137797253171753 -0.13361491297262917 0.10174511741193293 0.48309465714197775 -0.24450291930642631 0.017528920923834495 -0.0917068171922795 0.1742720105618018 0.6965265896468186 0.4107281589985625 -0.10462628263659704 0.2782141072825393 0.25555173830325006 0.2999774845865479 0.2647477463144781 0.14419455714809093 -0.25579444914265337
2 3 -5.082290273817625e-81 1.5665141134950031e-66 -3.009020918555876e-71 -1.7046551347471076e-99 1.806420590243916e-79 -7.017923390329842e-84 -1.2832703166118325e-120 -1.3422476612278148e-112 -2.063630388395921e-122 -3.7182657413670473e-60 -8.236126177370443e-123 -3.3958023941781996e-90 -6.7207409013041e-73 6.50265279988405e-104 5.765739977019035e-110 3.1220965651376294e-79 -2.1762417127951008e-119 -6.10799750229148e-64 -3.265179594072945e-73 6.69003395162353e-101 -0.041672176178481846
2 3 -2.9793108183679946e-24 0.02081108052073821 0.2418018996709903 -0.2313150815889082 -0.1937413393377301 0.07497232228280575 0.4180848502730935 0.10955293733204274 0.014133535892588736 1.521068218006516e-08 -0.07039116168219849 0.4738855145857202 -0.0878367483927181 -0.13770676772728008 0.010555231026541089 0.43585572896382196 0.1965662884170981 -0.0223279142201148 -0.4353528599817086 0.018658272897321398 0.35802167464277973
2 3 -4.9638551260810224e-08 -0.15284629515869214 0.1822568906979146 -0.11539773217404183 -0.1595976743566943 -0.06067099211371592 -0.34899612332456154 -0.21136127061140883 0.22968929261622817 1.7942904556565885e-06 -0.004031310946416178 -0.21717354003831857 -0.23116136068185741 0.3412059267817921 0.17319979546932263 0.2765258231303044 0.28044249692919093 -0.08295330481290676 -0.053154504399405784 0.021448250461052018 -0.06590335126953893
2 3 -2.133848640834274e-114 -7.070230767990725e-128 -1.3877315932269769e-67 -2.2205611911818348e-125 -1.4426534696215785e-85 -1.623467202065411e-60 -8.374346899624577e-68 -3.8663726554390497e-115 -3.995138670268183e-91 2.40566084091083e-108 3.6202339957600115e-113 6.028255165585816e-116 1.6241703019490294e-82 6.064506534919865e-73 -3.719701113940731e-60 -1.654769924800236e-110 5.669833587774932e-110 -3.24844544374128e-92 -6.224918573363057e-114 -1.2756864488792535e-93 -0.22503116530294348
2 3 -6.623922636457321e-10 -0.222905797334859 -0.03580031097265945 -0.16778905782553727 -0.2966076046886498 -0.07650387921722693 0.25822174237398404 0.062212406928612345 0.3814570382435396 -1.559322044212544e-65 0.23486057167260876 -0.09215253815925029 -0.015245007120776642 0.27072073158468396 0.17773215918232035 -0.09035532747977087 0.3102394687167883 0.32937247434562805 -0.3184150046899692 0.37638258680769177 0.14062565139316105
2 3 4.320456617598305e-113 0.009321082600059996 0.22314707314897522 -0.5112789703768474 -0.05992243300021844 0.02788358309730674 -0.2632787521496296 0.09285741874709098 0.3829939524712118 0.08741104741320116 -0.14013918376884954 -0.11324146017673642 -0.03904062045810263 -0.3482479287172813 -0.20875848873201544 0.2890260850158846 0.40776021128131157 0.3150757018413475 0.3740055075232363 0.394283938174591 -0.20413923215199903
2 3 1.5531647126763378e-102 -0.009536239109979736 0.10198626760975711 0.278902638504335 0.5496112559744052 0.6135738873704425 0.12824535254884298 0.5054687968199622 0.23945918070789785 -6.789947217048962e-73 -0.003872873469648868 0.8728056483560109 0.768733704570112 0.38412155301726686 -0.5226872953408327 -0.2639280670917894 0.175628087211339 -0.13865816927186037 0.24392129568609275 -0.2693101839941365 -0.42857973103342284
2 3 1.346055278342744e-116 -0.2798018528660713 0.02193004055488495 0.21952593460180544 0.3953633302783532 -0.1646558988227891 -0.40815631418415005 0.2587125124361529 0.31644773255132846 -1.9470717469169062e-78 0.26957372476059455 0.3019987684328439 0.5983717281724289 0.13471098489934205 -0.3077041691852403 -0.2726468863149332 -0.25943772347662847 -0.34720003391182447 0.5109969783359564 0.05341087127512376 -0.18483726120287516
2 3 7.120557391591363e-105 2.7587848763879386e-109 5.447485039647084e-68 3.6182850439829637e-109 -4.2988635662663513e-88 -5.441606377945528e-91 7.010852941269327e-84 -7.776390002888556e-105 -2.9792140233319456e-71 -7.771865088932593e-103 -2.8756806229972947e-123 -1.3799038327119112e-106 2.381718504220108e-63 3.1434126362083583e-102 -1.0103351713385134e-63 -9.724278766983969e-99 -1.8687957914202807e-58 -1.0633931808675716e-63 3.4982072443215366e-73 1.7941856088533898e-65 -0.30187238836046615
2 3 4.013225555548786e-10 -0.3481561091169427 -0.2762255811243807 -0.3900835358765055 -0.04158563342185106 -0.34506256834824317 0.2073195051646031 0.7936803201221531 0.01808303689813232 -8.41524293816251e-128 -0.23969997765685638 0.41370395274405997 0.6012766770267365 0.34011195095436964 0.2901111607563402 0.18542817004796583 0.39323440386862407 -0.03975441118958911 0.0809801133767115 0.4917314317235974 -0.40627887208711294
2 3 2.455933883396138e-75 0.009923417233368773 0.21628154894507373 0.06491310827017835 0.10513619278202174 0.07944664360824588 -0.194321275303613 -0.38644809553824483 0.17036064641504609 -0.00887675255031136 0.3636606648056837 -0.23089698469265044 -0.7397843567786233 0.5347929229849114 0.1358864000298219 0.28807296494686174 -0.6168272482985973 0.21447261269503298 -0.1476444634961088 -0.1261712060151549 -0.11918511358073358
2 4 0.439488860767497 0.49773173348552113 0.9688886015997079 -0.328155462166366 -0.5197368760020891 0.5620714083603257 -0.3809187530362632 1.0729197539364208 0.4561017354769056 -1.428721144264749e-114 -0.10516104582946041 0.07335100583764433 3.750837112163529e-123 -0.16688381685774015 -0.5172632768630896 0.5599964718253962 1.6615648168912436 7.081503456176925e-47 0.4141646621400886 -0.5436463326521632 0.18916661397871334
3 2 -0.08945273139888668 0.009210147382358199 -0.6819575201652031 -0.4748922574539889
3 2 -0.30655978137090856 0.2882362865744785 0.07614316414477951 0.3404009269481406
3 2 0.43052484014956427 0.4158881181468622 0.2979332494873169 -0.12272149915420631
3 2 -0.020818857780155398 0.03799687985030892 0.48011363891699804 0.6417144503000554
3 2 -0.0159199791415705 -0.054560740801385454 0.45265670676357245 -0.22764989405426297
3 2 -0.10810720480008966 -0.6347367898467529 0.2678216401772855 -0.18639689766819964
3 2 -0.29160786240674696 -0.3404639894615782 -0.12790283446810377 0.02259237693656174
3 2 0.3270637915387587 0.058304663005962265 0.19271989718065752 0.3800594030474947
3 2 -0.5304091297453782 -0.06649064579767239 -0.1569684130598491 0.6954575789863897
3 2 -0.1986359411494033 0.6409203982528515 -0.05635529490780045 -0.27963402537668774
3 2 0.30334221943460526 -0.09813878988493331 -0.4052671243395462 0.5758802054734692
3 2 -0.5132285419590807 -0.004261054633981743 0.2814711650854829 0.31653139490180476
3 2 0.563719097074763 -0.522473429521656 -0.29751078625192057 0.25091424949304797
3 2 0.3861332321103011 0.0734004667953643 -0.3332747561526434 0.4442088282345677
3 2 0.11461397333357222 0.7563795194533217 0.05533490241238525 -0.5724859758671874
3 2 0.2630197169799191 0.08439056179315954 -0.6041379413883605 -0.15631086264101776
3 2 0.3805522721367114 -0.22162416744235097 0.3159889267413283 0.4925520094480898
3 2 -0.44549309947313925 0.5589235748251195 -0.07203396671281379 0.0004161457027125677
3 2 -0.7054138711891011 0.39105069521751634 0.32333429320968554 -0.18285612416243358
3 2 0.21941498791284447 0.24228501661182278 0.1887470223635523 0.6036639825652
3 3 -0.24757890158303222 0.15687739987177027 0.05197562265228187 0.4755645400035463 0.3567719569926179 0.11114487934617287 -0.2810854858971379 -0.13612642804764172 0.2329927585401501 0.20546448170368528 -0.17821352083430056 0.1988159260415612 0.07963374249993842 0.0838149703696643 -0.3835962798399715 0.3552130449058547 -0.04693616375440377 0.27695077511155775 -0.35458730658433985 -0.10143739192332847 -0.020908671089311076
3 3 -0.6284956973091249 -0.2529978156850082 0.42403127540246494 -0.46389111537818617 1.175842807207019 -0.10803682851184852 0.06449452087495351 0.2363618883333638 -0.32082856032962725 -0.13584806839155714 -0.3838180781986884 0.2746739759989457 -0.13600851759826846 0.129595861808871 0.3547778032309067 0.21244794704146033 -0.18055918658645528 0.23664430356886534 0.4322688730708528 0.11857648377810634 0.13556788468594205
3 3 0.5605903316045213 0.2593269745589539 0.15058892583498806 -0.20663364748109414 0.3606857063460443 0.09731232936731567 0.11923435442163512 -0.1738786233501759 0.0029876668837405538 -0.21320679840307732 -0.11142659753911634 -0.5110044866790716 0.03187549252478828 0.09843150440361383 -0.17284916677718987 -0.11419687497502244 -0.07034384943919539 0.20044839513425666 0.5914580298177082 -0.22656405377620595 0.3151972625437065
3 3 0.021799187041168813 -0.027429510873795308 0.17833518114937327 0.37143430941665234 0.21672664095832347 -0.14819037349936537 0.07971863532200268 -0.07585113074247792 -0.12176359350394428 -0.05323576393631871 0.3179925821668674 0.2775576870107394 -0.12278850741957889 0.3111754588774683 -0.09048606751042895 -0.3235730143394829 -0.04718287060247249 -0.3975889969254584 -0.5294782372556887 0.08516433863210686 0.08451484618917518
3 3 -0.0691193959633706 0.05697667325978745 0.43047816992202587 -0.2707045186577677 0.21900281041812125 -0.22161741860122783 -0.289373796809948 -0.29353989073347847 -0.1458978813905467 0.18849710925937355 0.32886423545808563 0.17384344669404228 0.2297234764199755 0.3903560937707508 -0.3369509614295021 0.15027626728907012 -0.08098640374601979 0.3741093008232576 -0.05512578837750701 -0.09555580993437059 0.12329707202673797
3 3 -0.36971023027384914 -0.15699505986049375 -0.24263598546853388 0.39736315683511003 0.12107197357971895 -0.23829287667783183 -0.06849620456022527 -0.008279469410220128 0.19375930174699116 0.2431348409233678 0.4292491439857768 -0.0014403487931164039 -0.29910965215366714 -0.0013114614530869186 -0.4314884697405871 -0.13878065326916472 0.33045567126413816 0.13681834572982784 -0.4291620607711271 0.0007675276895499253 -0.162613947041374
3 3 -1.487120759076922 -0.49171385910373305 0.6019283439543899 -0.16576640324680655 1.0445705605884932 -0.13843373039451382 -1.4946537644242632 0.20819879331656121 -1.2923629323610075 -0.40151214500234855 0.16653340699523683 -0.21426222209068171 0.30738525824727436 0.2500026134978393 0.8807986874667022 0.06809348288860517 0.26338896738611434 0.17682102085006732 0.6807439059293381 -0.23477295534802098 -0.3358104561159503
3 3 0.5780924507187575 0.2387716603659491 0.08745792787832972 0.054802684900896376 -0.4114595441972188 0.3506163819219212 -0.16827480422041577 -0.38134281372885553 0.0419205629248644 0.31277268156877697 0.11245853330152863 0.09307605918157211 0.25055870892730664 -0.2734344798981554 0.24665776116751076 0.30370965855631893 0.27027675563772463 0.03567282464873886 -0.24195398042912347 -0.048008194028511766 -0.044638381536556936
3 3 1.280284733268979 -0.005407109334353984 0.15123344559907195 -0.037377855709740164 -0.47257852161027153 0.5724880848596392 0.24500490023602714 -0.44259714272505907 0.26753277444258006 -0.1895409079099793 -0.08009135322524732 -0.08785751320687146 -0.2849644385324946 -0.7976565726635763 0.093143391648857 -0.2730227649646244 -0.4839963114163208 0.24942269340308335 0.47264010928349637 -0.6905458682466776 0.058172485313866665
3 3 0.14381352399994568 0.40496236553811243 0.10663496017978562 0.3787857620957986 0.080900972413051 -0.2660742758830024 -0.14390042804172884 -0.23778165536324794 -0.1468865161869708 0.20078625635072123 -0.12941131032452527 0.1373916118409041 0.15255968670179093 0.15413429712604168 -0.13194148754810994 0.21820721504450855 0.06782663284744357 -0.09252194019109079 0.11087991845674977 8.469236806947271e-05 0.04652408387172534
3 3 0.14394086985267046 -0.15178182335889367 0.40239232150623006 -0.3213978711656303 0.972633332099365 -0.021915697332520145 0.6404539003357262 0.16506411713387262 -0.00110105026007875 -0.37456341480433575 -0.0066454706860706375 -0.4513429592553107 0.21633266176597887 0.3059574176114336 0.28320572135152 0.1333258468640184 -0.009420509451850722 0.2703556076798983 1.6098155416110734e-105 -0.006706372316244198 -0.30309297962322873
3 3 -2.2943031080827577e-116 -0.2990046440496738 0.011834832138955975 0.004997342592426862 0.54435002695225 0.2482332378119833 0.13820942286400065 0.1956902651411593 -0.18521528697430628 0.26493518477025557 -0.4095723065260048 -0.3010893570818607 -0.410242994966363 -0.5599998102570359 0.6952173449449428 0.1553102460872706 0.3695361793106432 -0.6679804603811983 0.005259004643524422 0.3329927702414988 -0.18453841769626397
3 3 -0.8351285208783363 0.023584633334107773 0.16684225183099585 0.4560911504541523 1.281672682992992 -1.101456277778861 -0.6939675619514418 0.052661552964347554 0.08240658164449234 -0.1353709627908183 0.23864970098743618 -0.0689889324797549 -0.5343834304496381 0.3331587506509001 0.3089042742763095 -0.3486257371704395 -0.24792795847183385 -0.5414527489577808 -0.0664568507146215 0.25849663930124483 0.25504088743019593
3 3 -0.21225111603764613 0.338408860889903 0.2399177705215757 0.017286888325102046 0.08901089564810696 -0.36518940717802845 -0.31088292778618576 0.3663204229632633 -0.06079003955954269 0.1255377643738702 0.23465435738075863 0.25563978625508615 0.0948574150348755 0.162166002076004 0.42093075421051995 -0.07552426728922927 0.3328900022038251 -0.48138429837055413 -0.5693363312155273 0.2759197328322284 -0.31564938385783436
3 3 -2.071719327474749e-80 -1.1254100939086341e-81 -1.2539061829681315e-130 -2.571893942206562e-88 -2.9899303125831873e-143 5.1358356288134784e-114 -4.93647210293104e-125 3.9609187503933893e-125 2.754324993662616e-83 5.433544630421557e-114 2.779696391555285e-98 1.399061149934873e-112 7.879028441301429e-126 -3.5468003077543446e-148 -1.961334131142321e-81 7.223573441133195e-145 -3.196571226503637e-132 -3.1512864647588613e-114 7.111615329030135e-147 2.0264589951418358e-131 -0.13556359328724193
3 3 -0.18833689043536916 -0.38645700812954287 0.19163194303319062 -0.29585793592066295 1.1517328519555683 -0.1116223498145329 -0.346264930084797 0.3121500862785725 0.11542329139010617 -0.45700639239679935 -0.38158335175396163 -0.40978340136285984 -0.2608970858367171 -0.0036987131741781244 0.1997324288883977 0.3878050798162891 0.17961255313812405 -0.4977361553781175 0.6251910608969601 -0.006768127198011999 0.27101722727193545
3 3 -1.680745715796504 0.08540946109617076 0.5086176928579431 0.03829354775019166 0.93486657934853 0.11947051659082762 -0.04563800745057626 0.36362308598869847 -0.8665564381711528 0.24922143276810793 0.10424587896442174 -0.09102029299026705 -0.04629259825113752 -0.03671672778389973 0.5476114012424801 0.7378364956552831 -0.15504513878156764 -0.1405661907596466 0.9043327964694177 0.038179752780729735 -0.35021776235307805
3 3 -0.63727091485877 0.25862727656321804 -0.2676640441721738 -0.15054472823175127 0.17191563021368533 -0.323570651311903 0.05665701290962249 0.19931319466260555 -0.09699726672112678 0.023571641707646043 -0.09188371369440282 0.4012753552001274 0.09870132375220904 0.06508442077986436 -0.2738224569760051 -0.19309510670259974 0.13418918443289318 -0.17531753860182475 0.1708922278411824 0.3717080766217734 0.23168819840585533
3 3 -0.48460257500776877 0.2954909142627693 -0.16377049336687918 -0.26449594339825916 -0.07425187566814244 0.24270160096551852 0.010640442486534897 0.19944765712994422 0.1338461245002042 -0.12908088955769487 -0.040778499958816876 -0.23497277302072062 0.32709591357107765 0.11516065493394954 -0.3070151921299605 -0.1706712772887171 0.37122784667839054 -0.1684739920165177 -0.531707188517347 0.26773832357179633 0.22891362216411043
3 3 -0.3977952641254997 0.06741025831175425 0.02957345851391557 0.20877267939675437 0.19481780712970703 -0.26829144510335673 -0.20262398886276387 0.1485326903822845 -0.2894507205089743 0.47497671490337845 0.24832131808230606 -0.14119338778166127 0.23695263131553648 0.3042101027473709 -0.20683917199571816 -0.12820948833596418 0.380349807002084 -0.24089163131921615 0.21112702737800448 0.48761362477254006 0.4595239319877749
3 4 -0.34923791079148697 0.5445200055853178 0.22377869106219425 -0.23850222031595417 -0.46391279115411616 -0.4476603541569075 1.153909228474253 0.4187626225849707 0.7269816985497877 -0.6338748362706972 0.31588569888904805 0.4912899922951996 0.30610213324664987 0.06950868197459699 -3.062529635226882e-122 0.410603869290673 0.7837359086471775 -0.3035045412432104 -0.10583978408869309 -0.07872336656494128 -0.04494417101725814
