Number of NNs: 3
NN configuration 1: 3 20 20 1
NN configuration 2: 3 20 20 1
NN configuration 3: 3 20 20 1
NN Layer Weights Bias
1 2 -0.2596823763300923 0.7317379109937869 -0.339001622706778 -0.043618544184079164
1 2 0.3475150087273982 0.001361039459827905 -0.026500826261327548 -0.04348842825842861
1 2 0.3515273612520855 -0.5216695729131798 0.12702458940440875 -0.059108701600729174
1 2 -0.07196205887934433 -0.15402373806349576 0.8968917336054244 -0.26301759153393206
1 2 -0.3327591782354225 -0.05917629325377888 -0.24204121038175247 0.6052461242329142
1 2 0.2390040724571488 0.26633412915799026 -0.641912270240504 0.4146587971649994
1 2 -0.0815065932996822 -0.36446081188791046 -0.15527136246201498 0.6096078481015416
1 2 -0.6148191262510738 -0.09440974540809383 -0.09073174373516431 -0.48630134986860324
1 2 0.49648082491307505 0.3926493235433751 0.07487827638402529 -0.6003563157374104
1 2 -0.10081134035506303 0.32930431154581796 0.010627153793533413 -0.4245475150740635
1 2 0.3976820665932561 -0.5700966492148206 -0.0010832881006731078 0.018095002510576882
1 2 0.5885360186203265 0.04934092379381444 -0.23295943707604483 -0.30352527888100034
1 2 0.3193130452011674 -0.14252081877288345 -0.6026332771392003 0.20045206415311076
1 2 0.25644075203615185 -0.34391810008388896 0.045722833535301134 0.3871865349515855
1 2 -0.33511989703007045 0.05068808760270334 -0.06120905087906207 0.2447071936687837
1 2 -0.09023298376822211 -0.5141263720974323 -0.02956880929810703 -0.38541133834727886
1 2 -0.5044270358081978 -0.3850517061256986 -0.3825268074490277 0.10352226098884447
1 2 0.6210596826140179 0.06355654550148158 0.04317669285861922 -0.4678495455660899
1 2 -0.022018654788894317 0.08904113473791687 0.7183610878311405 -0.05783955398446817
1 2 -0.22466239966744114 -0.33556405065483713 0.2578403869464491 0.3724971473659723
1 3 -0.2493731152050997 -0.5676870965948094 -0.10147529203940402 0.09932415131827359 0.047437837450020275 -0.008738555560684138 -0.14493585434651374 0.3362380722895471 0.7007928311829552 -4.499788193903948e-51 0.25925152327939244 -0.13490440839700887 0.3384532430820227 0.19735135156987174 0.10477619104648533 0.43339644010588996 0.26641182683565423 0.9518773814681879 -0.26466274719988164 0.47529380873408716 -0.041095578236245774
1 3 0.5403063793253323 0.33870963216294075 1.0801475590360838 0.9003721044731063 -0.6166890259539688 -0.1169311739091883 -1.0784432456674302 6.247289095141139e-101 0.8571244122148372 6.381213709677137e-08 0.4245665368527587 0.7480466642593586 0.045738025953538916 -0.6261877704380312 0.051727080510979476 -0.14745734388124138 -3.880974620163178e-42 0.29370276468578804 0.23326141197369013 -0.553061202635875 0.046086611565895025
1 3 -0.461747100758427 -0.048806146146485714 0.3706349972884293 0.2136682575062231 -0.35072338511969814 0.2986867771438487 0.3606087108242746 -0.026096878473072474 0.657313665708828 -3.045781848724909e-97 0.3903330286382122 -0.38495475204563245 0.08235833868787269 0.43965859723178385 -0.21789147803031148 0.8378080871814918 -0.5604427528346199 -0.047618181538771856 -0.07441354139577987 -0.2476512377602897 0.24826185323187364
1 3 -0.3756529562091918 0.3864778593329216 0.15200053146262466 0.0386176761833045 0.20027035403086707 0.1741247082873534 -0.01736863777249005 -0.05616454232626975 -0.2835238768374289 -0.03864779458654646 0.2342466620692823 -0.3234823837707868 -0.14222239876929677 -0.1380898979351426 -0.3660360701267929 -0.46283418628524736 0.2952908124586007 -0.5060815805143528 0.14190176068623536 -0.028163193449199944 0.38078157239345223
1 3 -0.15212503721493298 -0.14794649393890177 -0.2665318312742737 0.006547809631388818 0.24704259361446093 0.2255631259055386 0.19887317597089935 0.614420923993844 0.5897175703248156 0.034070683807515795 0.0834893675996617 -0.27215816648421426 0.22167900453476133 0.0806740047103737 0.2728240378745024 -0.08180242470716474 0.25569879398863005 0.49979155711785905 0.3335569416859056 -0.3670586161054415 0.24852951631493883
1 3 0.25455005213657583 0.4332993418922949 0.1885984490485833 0.44141972624271875 -0.2803756845022342 -0.159659196373349 0.37860292033443266 0.39510800957728653 0.37524271607204246 -0.06739025457567221 0.12643818120711559 0.3338305365847249 -0.46360434120275007 -0.19486270366112207 -0.06552561013198696 0.1595770018580038 -0.3784568949831305 0.33526169104533665 0.14924894616721865 0.18192807791795815 0.3364088098428244
1 3 0.5117005020453662 -0.14172143845473864 0.177986239510127 0.29724656155439394 0.01641555770918246 -0.06235358340185684 0.216129600409146 -0.07639481289195205 -1.6399221539109663 -0.026657538090484843 0.02548317245975657 0.05808232808195056 -0.07593206908407091 0.22586161498353183 0.49041421549847575 0.5255542198985734 -0.5695592799677037 -0.7549471497835677 0.11313852680773667 0.03230610796036285 -0.3075906383119369
1 3 0.30016999571218667 0.5059608043103399 -0.2596109251135976 -0.39435408425056717 0.21165057176616034 -0.06664623376636156 -0.02210951560304879 -0.756355861360732 -0.11971581443340584 -0.06296473017312446 0.23337769788407783 0.3464458484281716 0.3844778213730215 0.03851638208499875 0.29296578899986675 -0.5106458997817734 -0.35499891906663555 -0.43644298932754344 -0.04998872169481008 0.008703578775656307 0.16471562908230894
1 3 -0.00965036485978153 0.08699573554350262 -0.18022286569738766 0.27781430607026336 -0.1325747558243273 0.07408408034576329 0.02191050789466535 0.5130269995892374 0.2999699120629757 0.011532800578741901 0.04070766370216195 -0.23093458056958607 0.18695083449989439 -0.17452798185775528 0.20999687400548173 0.2282727665890037 0.11523957566677386 -0.059464008928472624 0.0487715182320919 0.2707460801740246 0.2623464365846238
1 3 -0.14587156084235958 0.14065423444868416 0.08403220652991958 -0.29070584741248046 0.33297619688433283 0.4115820511959892 0.39477299242365443 -0.41518031511364456 -0.1137166204372479 -0.1649239986871319 -0.41298326768089455 0.1931920839900155 -0.29750783309211787 0.08304695112668127 -0.39528455786412037 -0.20494816195866908 -0.0783143688936869 -0.6193306116046616 -0.056406287198217525 0.4231546179349444 0.07833282312076781
1 3 -0.03797979007968094 0.08909308495803792 0.11231346640306586 0.30926419616259526 0.09382429709003778 0.02753907773221116 -0.5332580430874527 0.44924542964634895 0.5397563695205314 6.867078348125518e-05 0.13616459967883576 0.024601085828253006 0.5662411654522026 -0.1585818668259148 -0.1577156136651234 0.252130885407077 0.4074295803169181 0.6563340280025284 0.23780587900910416 -0.171547336828393 -0.0351334248784497
1 3 0.43655389509634784 0.1657630610625994 0.4071227690610594 0.4010579938040991 -0.46413988528895245 0.03357007622755959 -0.40389052306996676 -0.17348752944154075 -0.14884195123087632 0.1193433860375446 0.11281677718895666 -0.19065492254837443 -0.030910510902558915 0.07410403822917165 0.2331500763647405 -0.48026740404216944 -0.05418689287509565 -0.04715797964575822 0.3705492760859432 -0.5388427257673474 0.04691785344077066
1 3 0.1786785238923477 -9.73749197689224e-48 -1.7797353253316566e-64 -0.004590017805446646 -0.39164516485758416 -0.2818506158558929 -0.21569028561043266 -1.8407536499418315e-57 1.7524284304775293e-73 -0.007461742746056277 3.818946587299321e-73 1.0207868038843083e-103 -6.1792124101618376e-43 -0.0704066060988846 0.18789866673757705 -5.07853043610627e-97 5.732354469368937e-33 9.775289136485886e-49 -0.14107182765844933 0.052547480267668464 0.11226512246699862
1 3 0.471980786388382 -0.4428613338048598 -0.3962089043905402 0.495133348719777 0.26035037325037264 0.020118167396365745 -0.1247478556772173 -0.3625181528046576 -0.5874618185039246 -0.1675718444890191 -0.09707694218390082 -0.6946469980002352 -0.18339548636170333 0.20841043013577668 -0.13224536122493175 0.9086701809364417 -0.23033713421295365 -0.20834448611817255 0.15495056030439008 -0.07858929411431383 -0.07003990745083523
1 3 0.04507865391760967 0.24213022253610966 0.12912140785281806 0.1259594563662378 0.03280793996434296 0.1675153728952891 0.34300790672738435 -0.505669972998654 -0.6452468899023207 0.023253304515744058 0.17005399230959461 -0.05125086589909879 0.04912936778033435 0.07250576939686415 -0.0892536596017069 -0.2462292353511285 0.31517214503755997 -0.32527205431106143 0.2461001176880906 0.14980261549700652 -0.00521247345505163
1 3 0.030788376621227628 -0.03690961727591041 -0.3272957677387162 -0.056998136494095485 0.30141341863702825 0.23274487388434917 0.1747032653469053 -0.2081564037860412 -0.10023847140139464 0.02433850942875854 0.08095709181400966 0.16724606504862924 0.14266382193493118 0.07199627975661477 0.2777534742991712 0.11669388071300407 -0.28586443500121433 -0.3114555908099793 0.15537960804565495 0.37534504648084954 -0.09201900020170495
1 3 -3.1570079784851205e-59 9.281611775820668e-43 -6.324766021142356e-96 8.463012650761306e-101 -3.511661424121321e-78 -5.041012756751745e-37 3.109075801873824e-39 -3.0494648798753544e-59 -3.710910840038028e-58 1.9247969163206526e-53 1.0270898038422125e-74 -1.1851230759489367e-99 -1.210830985243582e-37 1.5115087678775253e-73 -9.710953331120225e-98 1.029522859769021e-47 -1.7123214364295164e-53 3.6370393187396904e-91 -5.043781220421017e-57 -2.2448840024148293e-36 -0.33427289665912563
1 3 -0.2468120435620643 -0.2039393854336872 0.29976068028750513 -0.6534092010178439 -0.24107123647822926 0.10725243141331092 0.31349980723751003 0.6348754978263805 0.5811191040397731 0.04054965349783519 -0.06219140860416401 -0.3968650786656014 0.24342989054655617 -0.25132095790889375 0.2331294066177714 0.4656120083207898 0.360084896424265 0.6380897422525275 -0.1723245720907587 -0.04964352065266391 0.27884209753078915
1 3 0.25331106888318206 -0.25474697235424876 0.0022706922183456635 0.1995111530937542 -0.05518224707651111 0.1713349440237914 0.2865293062861044 0.7990024623269523 0.6033228535328419 -2.149035016063665e-67 -0.046288834637974036 0.0019666143763630625 0.35739511990179196 -0.4279134798415924 0.5240777639892036 0.5801758019062737 0.3797138994506615 0.6658829109424302 -0.2210182452938442 0.3722450122422704 -0.07952188205571341
1 3 5.676282189330937e-94 -9.710262381935002e-53 6.107227272953086e-102 -8.550298716030498e-68 5.8556108325189184e-59 -2.463795656188398e-73 7.393222253275284e-53 2.7069922785684322e-80 5.686941446227429e-88 1.351023740861944e-62 6.423694807096744e-48 -1.2074046899466322e-66 -7.539298448740136e-61 1.6879167190879658e-70 -2.1885597127288876e-68 -3.1329515139457534e-86 6.913122556055732e-99 -4.2654848817002224e-99 4.521485114742378e-48 4.710711106564082e-96 -0.3167789762558508
1 4 0.2693642956940053 0.9360272934316858 0.1909044771644738 -0.5985350754872931 0.119803385278582 0.2965145210387403 -0.40689679958235575 -0.3091662924334676 0.054867337431920335 -0.4263212052978908 0.5058716865920375 0.674885337854172 0.09556965894516074 -0.4278582443710028 -0.4439328553072096 -0.12724212331308443 -3.111846107393647e-81 0.3739268881233577 0.40576759594408535 1.6138372959025167e-90 -0.5185919705981982
2 2 -0.2176805361339571 0.2288412047672337 0.005069306962422516 0.31445948820806496
2 2 0.8774799422698788 0.1489042210885439 0.1557396207247603 -0.6888415837377192
2 2 -0.10268369524565504 -0.043060607106662964 -0.420968632296812 0.2837275896861894
2 2 -0.23053326162616 0.4562543626149168 0.2984662984736438 -0.41604465946402247
2 2 0.06346409395185697 -0.25200767630822596 0.18174948543343344 0.5469696371382503
2 2 -0.07798825870340724 -0.2158715436040109 0.00449495303167077 0.5304038641313107
2 2 -0.4759209746011055 0.07516669710453493 0.6077881538259633 0.08286144210888544
2 2 0.5627793952279847 -0.08336168789065458 0.4042852797055245 0.5080486099540414
2 2 -0.06162669853579277 -0.2144787592522346 -0.5142139752043788 -0.25587975004728075
2 2 0.008588570194141162 0.07774996911430135 0.26053214434993943 0.327092597291916
2 2 -0.06212426542094926 -0.014789684846383698 -0.45281108926502966 0.3347655181964794
2 2 -0.15086565363431872 -0.07100759618125214 -0.1922897143767261 0.42153754156618645
2 2 0.18363186270013798 0.8072498486958448 -0.049566125979086585 -0.49597042670054337
2 2 -0.43238614066211883 0.5790974676249487 -0.06213899343735256 -0.05198366017627021
2 2 -0.06224684528871952 0.3466550649316834 -0.07799339811654826 0.42585393726903303
2 2 -0.44451382662332745 0.522051272319801 0.3162955584462299 -0.42655012227211037
2 2 -0.42545714717255234 -0.4618158467326515 -0.19458153601542594 0.0014696533907155333
2 2 0.1579371418348558 0.21509819333457394 -0.45897335371163905 0.43297370865070023
2 2 0.429416378392281 0.3309724412776847 0.011178648430812725 0.43373567250650247
2 2 0.7056831171308027 0.021165301044841364 -0.09413492597426996 -0.21993885265137536
2 3 0.18220063183672724 -0.3425795852724959 0.30049282130664934 0.1304572229838276 0.24990919779813978 0.18555686522449633 0.004618673514152317 -0.1345755210892542 0.24546282821133208 -0.1748517666241991 -0.35737747221503285 -0.2815989022890385 -0.05955155733045886 0.17275535616567775 0.1013962499989455 -0.1769709940974564 -0.31718523346082117 0.28809091780987345 0.04365004948237084 -0.34391563018236965 0.17618512159241856
2 3 0.13805310796289472 -0.20497936793349705 -0.09143307084482899 0.415093521616604 0.3434694088825475 0.19384391173081816 0.23676858707975457 -0.025082477118374125 -0.03916875471441135 -0.13985181268359204 -0.24421055955597587 0.44807374079856777 -0.14597698310915702 -0.19859657934096578 0.014948769772028404 0.0071056951467915195 -0.5173603212637967 0.5277866520948282 0.009082007656511602 0.42183124210610135 -0.20006989346270698
2 3 -0.026381299195033854 0.36431749603147184 0.2765615382380107 0.037154876141761106 0.02557595816405119 -0.053073704733938035 0.16360315082972463 0.17708977792733271 0.13578601705782362 -0.3793609377273688 0.04572904592008898 0.2421137648967038 -0.4890467607346857 -0.478422984816597 -0.0036432918370154837 0.05281149226218414 -0.6408177639426247 0.18272209074623574 -0.05753487540354913 -0.37558157608908144 -0.06368441430237155
2 3 0.1452747901785302 -0.3629807528858573 0.17861009824586774 0.029433461855699086 0.2276698371067903 -0.2590757287478981 -0.27531011285155255 0.42932406971689907 0.02386434964603816 -0.054944449007881896 -0.07074635761511176 -0.007107837324204061 -0.05079246937922727 0.1116474562868639 0.1970395529934217 0.001573105532124456 0.1990367239089318 -0.23522877438584253 -0.11609842850590237 0.062463487510913074 0.05957945312915686
2 3 -0.5527532718333427 0.8261901184605555 -0.11455460615280524 0.3254336972708433 -0.304093677691708 -0.14208916223778276 0.656948325418441 0.2442855724439348 -0.38619040260001297 0.0511175466210023 0.1533285747752117 -0.634761134144711 0.6569377626520791 0.16633907777047116 -0.35155361629575405 0.026564647429667285 -0.0924273587216679 0.1362898883687128 0.42853619124138026 0.6895523581317569 -0.13746296510089892
2 3 -0.1267904612520361 -0.5494155266094832 0.05290653726424642 -0.2150311423222831 0.32666184596370335 0.35756560689145983 -0.048494773507914424 -0.18749405911165312 0.02496048554281831 0.4183344185249558 0.06593790884935265 -0.2888822365641293 0.14144519162963778 -0.07557563981945609 0.0645425829269486 0.3919893561162755 -0.36169521356495343 0.2656586611155118 0.42314369384825334 0.44737846878347987 -0.07966095913481346
2 3 -1.0107327475133337e-80 -2.4172770036835297e-120 1.9164786856315868e-92 4.0923657886821135e-131 5.257746644839116e-117 2.2386476454889026e-133 -4.812251100261798e-96 -8.987260111399916e-118 9.412427654983132e-110 4.088011763327025e-137 1.6447049637873477e-137 -5.0490184155946e-99 -3.024991522405659e-110 -6.9415259804168e-87 -7.281525702637397e-144 -1.7942404738219667e-120 6.881283221704916e-113 2.6633480620089006e-89 -1.4082115958455723e-94 -3.2515113972718545e-98 -0.3176327136038017
2 3 -0.24797040671324114 0.4824219852370722 0.22129255501791964 0.32880000519393543 0.1619269154580057 -0.5188007542363866 0.5822987473157776 0.26925218823713837 -0.3315073962564292 0.002997915758540268 0.19655772284838996 -0.13765803617313985 0.9637265884391946 0.04686114044944401 -0.2959282518005692 -0.11993247954796801 -0.2569620233118915 -0.23837116192357022 0.11377833261484446 0.2825592747916412 -0.304108611205719
2 3 0.004570532564126545 -0.33712729106558176 0.07992866931436353 -0.1318146786742524 -0.19702237841607861 0.21883058373461298 0.28160723775083546 -0.2162249919953124 -0.008629213280771902 0.13921075898310944 0.013560487607969312 0.05170202330834234 -0.2604812742846754 0.20824414732211155 0.1663915729581047 0.46484612339808157 -0.14047589875730201 0.08254022535769805 0.17138146403774035 0.14685456815767933 0.17494703267041367
2 3 -0.31165790264726345 -0.1505108851998021 -0.419855064523374 -0.13846659336428654 -0.2618605945158359 -0.1540220506169978 -0.43782721904897764 -0.31043626466638624 -0.007838015121277927 0.1501009404046212 -0.29151363463329466 0.2828616817209687 0.46659408694080845 -0.009118672235899248 -0.17620110457224952 0.2913913048879609 5.172139235295099e-79 0.04424539622315548 0.38200900728528586 -0.14006973957612817 0.24874180855707304
2 3 0.15815563038814906 -0.545455727113168 0.05760101040127456 -0.2602879453474998 -0.05133196929535869 0.09705088988832648 0.3542840699435562 -0.005227478785519025 0.28182518237100945 0.31216891756011844 0.009518859801692743 0.11735178886603724 -0.18252242977831262 -0.26490065544166735 0.2925300299066906 -0.1477955613481429 -0.5193210967888009 -0.06231982742653628 0.008647966015073012 -0.12708647415941723 0.10762137537280629
2 3 0.020288859017542644 -0.07886741834083234 -0.22011335106999833 0.3227925294384009 0.36023726734148476 -8.264903580069233e-05 -0.061567522259287216 0.21858519455542083 0.39062132942410466 -0.16506261771749905 -0.40286033020212425 0.28997598852897444 -0.12202755579072393 -0.6291358134831211 0.12695948126059017 -0.07455602009888711 0.48760143884855034 0.04540341565745058 -0.17817830320061484 -0.16364174903730455 0.1413126998081178
2 3 0.11934653363872944 -0.11882964927824119 0.1876800151385355 0.270912993572488 0.24927216946753453 0.2529758291835034 0.18682110236057964 0.2643841053028473 0.08577032069934787 0.4726208700305369 0.14149650055607374 -0.12446443377218908 0.3065602475034941 -0.05098559777780656 -0.04363899781413307 0.3277202092561084 0.062152577908395026 0.37922160397017374 0.3577050697742492 0.14268775848741047 -0.19487070889147698
2 3 0.36089556891751234 -0.7721799061422471 -0.1690784361057632 -0.12630501293523289 0.13267212744971685 0.2472675993072245 -0.2078593272488723 -0.33266069497217315 -0.2493420766784987 0.22659834687423955 -0.11372632858950592 0.01697181167549231 -0.08742356463303161 -0.3188189315237723 0.6502129739596191 0.3012411784525857 -0.5041186335456272 0.4207899131175463 -0.004680659430868258 0.2891899793812183 0.1016919569362436
2 3 0.09064718717736485 -0.03206252665368227 0.10759380822339402 0.3224337799938904 -0.035713439233623974 -0.24698376190806146 -0.2818063993152453 -0.20633769356019763 -0.366483187336574 0.059502229084600226 0.2655509556710463 -0.3867016339607315 -0.4146094270950527 -0.04706805172851925 -0.36679179673996043 -0.2193492724042785 -0.1605691274785939 -0.13047412525041274 0.3217918745083179 0.23240633620520304 0.08530221748674949
2 3 -0.11786310199423292 0.5485931353622099 0.4273982326968523 -0.02543632833672545 -0.3765203007255107 -0.3141238407669519 0.5973340212899303 0.21408426554466406 0.24227769766660961 -0.1477721146389226 0.4150443329656947 -0.10650042470794834 0.17822760453923367 0.3461062501205393 0.012982743845882718 0.24214720590958835 0.49423327215099183 -0.30402880068968746 0.3097084157721344 -0.17005386607130668 -0.23443243635620478
2 3 0.31046193256430843 -1.0407164153509907 -0.25793569780053577 -0.38106580562815856 0.11196484504562364 0.14150052993914128 -0.01593388718853864 -0.4593555551575835 0.15458824464934745 0.41451052973212893 0.26595057243814646 0.04787085308685348 -0.31232725939026557 -0.3183066906628171 -0.10419645567559208 -0.0046059393853941505 -0.3120336896584891 -0.1488294036014675 0.5018595193502734 0.14301954961453897 -0.05905023620336661
2 3 0.1426615819235968 0.44282558860652116 -0.11837764817844355 -0.23802217386533556 -0.21550204675320955 0.0494519245001034 0.10268219382544597 0.11821674924881727 0.19041844613807596 -0.18544873112776114 0.2405666799280989 0.28367779136684823 -0.4283861434109825 0.05400728504269294 0.1922035755388884 -0.42064154452337726 -0.15922527027011846 0.2881435020870825 -0.38649932594333253 -0.07360888687477993 0.14775374096201285
2 3 0.09476052316214705 -0.36119922471584115 0.31112634300056796 -0.03195699311041562 -0.07289349932427966 0.36063590475502266 0.169226640573781 0.15992567396691346 -0.10328854566212321 -0.14049073618926514 -0.2001183334028795 -0.00801592558095041 0.09473721978375883 0.21792797839152794 -0.20568791233249953 -0.11522123340546357 -0.024994234108519166 -0.19263829862890858 -0.13661336655874348 -0.18476131899294262 0.4297406063904073
2 3 0.1097972413205896 -0.37008874321629953 -0.08682742876666492 0.26147946307365905 0.41756753055967016 0.18198695652671265 -0.21502121403635566 0.2652992396139167 0.21379694438594044 0.3677010203868833 0.16496103640498877 -0.028245009688764363 -0.08034377174484703 0.27247980159930896 0.2860770258963996 0.38732078195006336 -0.11403938173314032 0.3384645580914446 -0.3303801724466121 -0.09853939253394202 0.061633143051617496
2 4 -0.01775298265516796 -0.3144198140288605 0.33278618809483484 -0.18378674137158507 0.7991516212457461 -0.3412702392120164 7.834362515285114e-55 0.597658686950092 -0.6097799381020078 0.5995884912618813 -0.41787227849568565 -0.59345421079216 -0.05131501571772298 -0.6601795021548901 0.2899592920691986 1.5393469266974795 1.587261859249135 0.149362466742155 -0.007316577319464942 -0.2271135404676141 0.3346483274338584
3 2 -0.008115410145514083 0.34595841523065307 0.043766909980415776 0.39189349309476773
3 2 -0.6144589646527177 -0.5630585455284178 -0.1495090893551124 -0.0460205654951969
3 2 -0.17339572456036764 0.023154659794339318 0.5558300332229581 -0.2448830682263653
3 2 2.2802523263115282e-58 -6.0458051256765265e-90 -2.2565688293262542e-82 -0.4461917982416864
3 2 -0.5310395069275294 0.4491328269707318 -0.3429998638243609 -0.47785706668480543
3 2 0.11836993031313706 -0.5105092747850754 0.11684025578314435 0.26721421231901715
3 2 -0.3125347636210741 0.017231043838482958 0.3174705645647463 0.3521795787294555
3 2 0.2550111363564009 0.15979243451852132 -0.5166409621374681 0.014112993259742829
3 2 0.04186231506563941 0.4504700131853164 -0.3712665681731402 -0.29435090440537826
3 2 0.2470467688143481 0.3211786087854149 -0.48842171083027786 0.2879201750321767
3 2 0.39375090692229403 -0.48312520950726634 -0.3230127532272731 -0.014282507405248765
3 2 0.7102321561693079 0.361447640745099 0.5159600098650308 -0.25098099246429034
3 2 -0.06859296169568695 -0.445846575751136 0.477697348655594 -0.04923992559353364
3 2 -0.40604813239401455 -0.036030661709251205 -0.43855104065191985 -0.6150599831609137
3 2 -0.5127740060620201 0.3140848896227134 -0.4534826777553538 0.22141819178238467
3 2 -0.5693947404759984 -0.11497769014987443 0.13647510862544476 -0.3826226922246016
3 2 -0.4764430098242369 0.5795030700814929 0.07978933372650877 -0.047061382216049545
3 2 -0.45333384587599135 0.22720784103140929 0.10882667317439716 -0.03158623047939418
3 2 0.5650870434549087 0.3596544926632897 0.21069021960593318 0.14106604289713282
3 2 0.5747663280243482 0.2534911812235162 0.08773987828144293 -0.5816862014309782
3 3 -0.08013722398978965 -0.4365324646714937 0.3905822189530329 -6.390195155097397e-90 0.14327680670642062 -0.16757062835923683 -0.014993882534408552 -0.33101555426159746 0.009039867820349363 0.03990718373220326 -0.29050147702705925 -0.04946791599449328 0.3620159814362948 0.16154834682385272 0.08915607627851088 -0.08102526658576688 -0.04989168424790077 -0.15096297963345534 -0.008247217903663027 -0.030217715223913373 -0.007150522576775803
3 3 0.051277704469108606 -0.3115890610559319 0.07181753545875584 -1.9435761498853373e-97 0.07754834695094641 0.008705499921277154 0.07859376734414046 -0.2657775176379392 -0.11155066759634714 -0.252936952646587 -0.1625908772378994 0.0052138037155067115 0.04011929865295786 8.773889115198035e-104 -0.37952980490950333 -0.057474950295124096 -0.5288132734309066 -0.17482270607283618 0.24940059240336127 -0.6482722751075807 -0.06819219597044589
3 3 -0.15928012663562557 0.33002033422224336 -0.8568211955257229 3.718895086322892e-64 -0.29642124976257267 -0.5247919966080591 -0.32960590202500906 -0.007915036578568157 0.1117420933426607 0.18411608846407368 0.37837032188543324 0.4716244936319368 0.6931949436218499 0.0788174654852495 0.11291831375541905 1.0623187489236319 0.2021699218599559 0.22581706459426196 -0.27159256467658927 0.8222651884724386 -0.11236368971686857
3 3 -0.08333377785938549 0.08833527011253735 0.3034564056410377 8.836349779391873e-41 -0.1765258287422616 0.02473160937690558 0.4876507725907638 -0.20983836552442484 0.35237901109550523 -0.1693323146319489 0.4318810196614331 0.04032284257745868 0.16876260896058615 -0.006630267514347685 0.3556028486067048 -0.06944389463771347 -0.030347228926095544 0.3266243481886814 0.06604501993315193 -0.2501055547614942 0.13003685817820507
3 3 -0.18717849204409182 0.45192478941329883 -0.07411594213871614 2.1174948413906443e-105 0.18356795459698041 -0.33738910343442985 -0.204203760173483 -0.06277418108801891 -0.24166139609122292 -0.48506994185802543 -0.423003047507605 0.8006695438934779 0.06704565497790305 0.1483429156094354 0.29103122403489784 0.6346417909544438 0.43623352904653495 -0.11425027875414512 -0.3033873500809199 1.1116673269997461 -0.17075320460955698
3 3 0.3403403521087716 -0.18688876144779004 -0.23687068405600128 -7.266929080356546e-67 0.354758161640221 0.42665720863691253 0.3372168590926908 -0.2621642271075588 0.1495408842994801 0.5167535894708671 -0.00881979794506375 0.3240352923464521 0.12959268925054931 0.014187065779298342 -0.18401964918203093 0.022617589908859332 0.08050047917451007 0.04842028516648616 0.3543692267151479 0.3608928425520932 0.4128345590371979
3 3 1.6782960392195301e-63 -4.5433861484265814e-74 4.01842201914351e-94 1.6867727610202523e-34 7.622405954241723e-96 -3.7588941572011295e-56 -1.2223034447020861e-94 -4.424684660898212e-50 2.8719496113568926e-101 5.959676066786182e-41 -8.487720443272986e-58 1.257970928458118e-60 -2.586794067308455e-51 -6.300339097133222e-76 1.122917988967418e-36 -1.4487845184695452e-94 5.846474602765309e-82 4.4994323238857285e-57 -1.0995472073956673e-90 6.733579563055476e-41 -0.26672371045296256
3 3 -0.09687808750498624 0.429965874974655 0.6475004686178485 5.810744981933222e-34 -0.6813472655476043 0.3558937244728986 -0.4394446081491864 0.19984956009666863 0.15685589863811017 0.022891875794265982 0.21773152241145471 0.44766277878883654 -0.16434872533178643 -0.046767131741922714 0.13841125349294364 -0.29616527780212043 0.6013908849365092 0.49400067282302335 0.6166752355687778 0.5284225946198324 -0.6114190522125101
3 3 1.371616646147418e-60 -2.6899949297526515e-87 -4.054393301361319e-102 3.6433398336803447e-45 -5.103830253147444e-40 1.536779934241588e-42 1.8569098919439342e-101 9.13629586255559e-55 -7.330350550872713e-48 3.838865611336777e-48 -3.556361744824711e-35 -8.394530685730275e-57 4.0957759548113767e-50 -1.1416587483846218e-64 -3.3596358864837917e-51 -6.212809558400175e-36 1.3119262060985458e-43 -1.1442210883588309e-35 3.06824846859278e-78 8.885811034739587e-41 -0.13766027539585912
3 3 0.3119425188193863 -0.20670283849044999 0.18978543240261786 -4.2596880325291215e-92 0.18448203762784193 0.25775877195347324 -0.4169035422122143 -0.2856412150034178 -0.17508512541693882 -0.10895800993698011 -0.24633344977059707 -0.300411816685003 -0.22224772062056744 0.2013979214109603 -0.12325724820842922 -0.2889037567200311 -0.23518277422657807 0.21340925660261917 0.12434268194522588 0.050747693033512224 -0.15398248795189287
3 3 -0.07738898173247091 0.30612210060913003 0.27216634580552795 1.4875165185251658e-71 0.2511994787252809 -0.17428335722766683 -0.12735831875801165 0.3482728203622151 0.09094876449488053 -0.3726248910695103 0.050284811512027405 0.021279495559337884 0.13334405231465174 0.4833849499906502 0.052186134152635205 -0.3863703371713223 0.06506157468682766 0.28090076320024 0.29355084293473704 0.6449342514033326 -0.19341968778281024
3 3 0.014916571220604568 -0.16854548504225192 0.14405983898356856 1.175482576489598e-100 -0.17918643269889506 0.3326290485172282 0.35371281471576604 0.492396279888628 -0.19384862440106326 0.11536257832615864 0.1059233452792312 0.05651828625972795 0.11828690272211333 -0.24657584800497812 0.3506553513885283 -0.19804990265424902 -0.10674251997293145 0.399283503853305 -0.04448435792024441 -0.2532579070000139 0.14205331409322194
3 3 0.19938238364465533 -0.22766905932173095 -0.32274874235417156 1.7579396151480547e-104 0.32441213090807663 0.17548816673508386 -0.11792114319246322 0.2230992662631403 -0.5595454960341188 0.1657783807707683 -0.03431271973586681 -0.0189347653224616 -0.14211151880259756 0.4938773307055954 0.3218374692079215 0.4083515699495492 -0.5757204724877151 0.0031526286209327178 -0.08283090502180385 0.1388293740499009 -0.2787930937430661
3 3 0.05686915582822971 0.3096431301420957 -0.0014886235824421083 3.068115959667157e-71 -0.005395735386502658 0.007170043388530025 -0.1880211875435002 0.24059419599017245 0.20341762057899784 -0.21513225616177087 0.4113216936415106 0.2739975280973729 0.5772586561270862 0.5239533347783989 0.32682345686305303 0.08601528785750397 0.283988871377017 0.25448513316874344 0.19408021648086385 0.2409101029001256 -0.2712478727361453
3 3 -0.06619339978134198 -0.2403140905880451 0.22777131175838206 3.477169409494121e-59 -0.054967081400630204 -0.18215750653254653 -0.4187395415478579 0.08172703584126195 -0.07617748232926932 -0.15056696722789112 -0.2624097148852232 -0.2483701329756152 0.2617931835745587 -0.1436052325099895 0.14678059969830368 0.13812950073699717 -0.09415034380262124 -0.18540556024468965 -0.04495228392478986 -0.18487062325235912 0.1364667009896146
3 3 -0.15419118574787885 -0.0605119188978882 0.21508669511550607 -9.945252668170178e-66 -0.8582306988909476 0.33978216996661065 -0.23572252999968943 0.24370422787630672 0.6600459528518239 -0.001803706977546007 -0.06513628976653246 0.8777184976084099 0.35635808704242017 -0.03795086354418883 0.28289587009695283 -0.34032708839807974 0.5253727166959968 0.5647369022190826 -0.022246247246834522 0.5915234558382574 -0.695919293524061
3 3 0.2655984501337668 -0.1417011242035315 0.09744225279605358 5.166721985517706e-69 -0.09957133424689928 -0.06494665595923073 0.1534098807653507 0.2900259644475336 -0.10406315575498835 0.18062548947385632 -0.2900487124426588 0.2601053915715048 -0.32208357460888815 -0.450633856801751 0.15998446786469223 0.032631133311766876 -0.07957016369179332 0.2818424329575235 0.2057348865697404 -0.18173628679191728 0.5258293970007837
3 3 -0.14084817266688096 -0.08714840295602477 0.35390500347824233 1.2057723469940502e-90 -0.20354805738889165 0.03095692549955727 -0.2595087008934893 -0.2691496123231924 -0.2730525205750896 -0.2598607625309368 -0.3216556371816365 0.2297232469857339 -0.01551033777929477 -0.19009141075210786 -0.10452166956846586 -0.09756862613384415 -0.1593244858744145 0.2596722406102932 0.16737614590667194 0.026673602554622866 0.11009738071784864
3 3 0.17043320982886823 -0.17266139400246894 0.324251696160092 -6.098566091426117e-58 0.3516062890722631 0.4834517952815481 0.3890130021871699 0.34844873198139925 -0.07490765531253919 -0.03643762709897878 0.22102352378487364 -0.17809041771666745 -0.04802736878562231 -0.22265281591712038 0.35351071430744613 0.4148427420260556 -0.263916043630111 -0.1677935947106192 0.3887740723864737 -0.16785526365952935 0.04754490456081556
3 3 0.2760388007008732 -0.24177043657136743 0.035307757578384114 -1.66085184521763e-35 0.25467611041742316 0.03252542842559906 0.009326599521341279 0.06402983697581935 -3.944754472945841e-34 -0.303539907025573 -0.2300352893941636 -0.15003065933868953 0.293382003125936 4.260404274183284e-57 -0.32824083234874746 0.1409987553869855 0.17371687479207462 -0.11542543190156267 0.20605504354658438 -0.4559178736785333 -0.20322214304078598
3 4 0.5624482088679893 0.15734266868592392 0.7446878338470926 -0.2745010597252406 0.43343559396245784 -0.41588925097075585 4.6858011576638253e-57 1.091115081307965 -3.2890576356931177e-74 0.4665618920549484 0.46774581746462585 -0.21796409309194376 0.5146787756031133 0.7286779163911661 0.20755447870787236 1.4527898118716442 -0.12349074193851156 0.45400269684504185 -0.6330673362228973 0.47323073275654126 0.13330688580220648
