Number of NNs: 1
NN configuration 1: 3 50 50 1
NN Layer Weights Bias
1 2 -0.12400618596709291 -0.16282193988792654 -0.005990256171760476 0.2876288610412854
1 2 -0.2691623022058124 0.4361424672211073 0.06657877454873316 0.23842618061646975
1 2 -0.08795915745724253 -0.16788911682893792 0.06879955315508125 0.3053097523779571
1 2 -0.27508264374622293 0.008370068164769567 0.19847395232895323 -0.3346303931246921
1 2 0.2969538350256644 -0.2367194913259208 0.003913623449524405 -0.3246421518868344
1 2 0.03444042216095059 -0.06040640146487797 -0.019420105825006254 -0.3453605616997282
1 2 -0.03749651906060669 -0.039108270376381156 -0.332131968745448 -0.26767813994972384
1 2 -0.15147113640615428 -0.09809021624254982 0.287255704447287 0.2893436700093621
1 2 -0.4156227140948389 0.3693010978760594 -0.08064802779918119 -0.042761604798764376
1 2 -0.44155358111457227 -0.06366988378555298 -0.11355717063593918 -0.3474920687845792
1 2 0.0034314805897921507 -0.23854009406203558 0.10327867817157219 -0.06655919400210254
1 2 -0.26082150947517774 0.16113586226316076 0.08783274239750878 0.25248528297752343
1 2 0.18426829294120567 -0.41240037412587816 0.2697608984394067 -0.04153509108736218
1 2 0.06018272815142234 0.009769939770215256 -0.11501494122120139 -0.30282323154216156
1 2 0.21230950319044783 0.2007701964706561 -0.34158099373124107 0.3919113533467714
1 2 -0.08369173184320217 0.19552481610761654 -0.011932087940531804 0.21384127668740804
1 2 0.3709384184469516 -0.2219546222528346 -0.1905011294829088 -0.11770276975529534
1 2 -0.2139087738100716 -0.04009150870112149 0.1906005398926749 0.2809551814811339
1 2 0.457826651066017 0.031794907331681624 0.07430838044345735 -0.2864178649636325
1 2 -0.17449278525736617 0.3051982707759532 0.03528318029037017 0.08068587623011515
1 2 5.5565357023304676e-06 -2.436682490987834e-05 0.0029310950281137803 -0.30576736829387446
1 2 -0.3864522400204765 -0.09037392417389835 0.1921879392959807 -0.18546165230691364
1 2 0.3340012478820706 0.007502398559429039 0.07323641491191887 -0.003826985399827964
1 2 -0.4334372841911265 -0.5462208918086329 0.03449285362189137 0.16469098564221202
1 2 -0.055233539435694756 0.30170223520199135 0.26198804024296724 0.1281309781493555
1 2 0.06319197326172143 0.05286251101630492 -0.042203316367465535 -0.3232933110693521
1 2 0.018268534406896436 -0.4753563123190902 -0.11978918684776552 -0.3084090290560339
1 2 -0.24120573124892628 0.24544962465781991 0.0728270803324983 0.3515486616935082
1 2 -0.06976201692093723 -0.001697998546539528 -0.1426376588641899 -0.2740125245242484
1 2 0.3508524202210902 -0.2269286556754585 -0.056065107138414456 -0.1828602286696946
1 2 0.25000444122178206 -0.053246820195767305 -0.40545829289300966 0.06512185660188227
1 2 0.20769272185712506 0.5052883526675542 -0.002367400287191425 -0.4727872489105774
1 2 0.13289006396434078 -0.14320419301123014 -0.024609113626698435 0.1714107291401275
1 2 -0.19708059599982833 -0.001473658993864721 0.31678256101960506 -0.0009878194143395855
1 2 -0.30898720752549225 0.05126226668430669 -0.17590186116274692 0.2945308688470104
1 2 0.06036919499760484 -0.040070294581555366 -0.25646239839590884 0.34389126806937925
1 2 -0.029163281497188262 -0.2773994174476107 0.28778752318594014 0.36879264855217175
1 2 -0.514282814467626 0.22454921194708985 0.3444997170179456 -0.00940439153724894
1 2 -0.34205755606983873 -0.06459893552102845 0.3879396563898744 0.08808452413731155
1 2 0.28301810433730884 0.21535582490976182 0.5355824939013535 -0.39168250064250804
1 2 0.3284830197073683 -0.36286672180517304 0.16446931018033023 -0.0019546148700050675
1 2 -0.3931270568579221 -0.10539987475805263 -0.33484295347398 -0.030568976650507677
1 2 0.3825684757923319 -0.24159224471709145 0.33771984945990363 -0.2756287223537648
1 2 0.20633065871926143 0.1591622816209691 0.1196118111858667 0.0877696830591842
1 2 0.24356527081180643 0.1034879116943784 -0.09308380113413532 0.3442464989166761
1 2 0.4043034693816614 0.4070907821269972 0.1584290435038388 0.0048354890607910355
1 2 -0.11106459122866376 -0.13278281397517533 -0.3899952833368517 0.18116552877125178
1 2 0.034465085305035274 -0.28418582220308475 0.23799834543707102 0.3457489693698286
1 2 0.13481088797156285 0.00543127401232817 0.19294840369825003 -0.1847335015420378
1 2 -0.16048052339455932 0.038787838499846856 0.14439059565680396 0.23586772117433977
1 3 0.05875435017862596 0.050012222841842875 -0.08493127439372199 -0.10115676957153932 -0.4005184174765891 3.405564914202972e-37 0.2302979325241568 0.15194573356446944 0.179791331263206 -0.3220071179395424 -0.1649202250794179 -0.22243010765967905 0.11167702002835886 -7.705281673733133e-145 -0.34055416181799747 -0.2314878574749736 -0.023900071617067486 0.049638530324479825 -0.06360404795219247 0.1679920839078653 6.259835793933033e-98 -0.00734556092917434 0.058267613967108 -0.0077263195220419745 0.09393651857863215 -1.2004830325204955e-142 0.6983476644200499 -0.23402661919544965 1.028765416083259e-06 0.08557620537377726 0.02176845107249671 0.8368971287015643 0.02486671647278004 0.16477439520681933 0.10182457895539776 0.08250719576281293 0.01492012403081359 0.19069156707175203 0.18288799489377733 0.781651426114454 -0.004497310869345999 0.03644943452708078 -0.1372611207670027 -0.15213353965194046 -0.16600834137013443 0.014588904065093488 0.2502011249222465 0.13807379512445342 0.08172550540786878 -0.293951781604234 -0.07882397662243538
1 3 -0.5604563977363483 -0.037496460418314656 -0.410709540451803 -0.0003011362053505478 0.14449471081067503 -8.105389959379747e-152 -0.059786568891549124 -0.2746641926053544 -0.28186442483105145 -1.2239971740551814e-06 0.23980356789983892 0.04949090415863448 0.5715132879273837 -3.428130248351636e-14 0.0334860200920701 -0.024876770749527776 -0.1519850619046877 -0.3177012564329326 0.43311691339210817 -0.189822239141583 -1.6194949547889854e-124 0.0009451628533108794 0.19688183525129804 0.2616988054466494 0.19264766287716717 3.668150434285202e-27 -0.25589725537052416 0.15430862200384876 -1.5889536178643227e-85 -0.08758712327867296 0.09972042326478417 0.7882170098811985 -0.04719000352863155 0.23904821769417028 0.10979019970447423 0.1583966374460829 -0.025948310707194878 0.20131078176200148 0.1502426407966397 0.25862078697289836 0.2360220355903458 0.13570280518906455 0.446370539486179 0.08283958158043823 0.07056277216512816 -0.16412513961257416 -0.21024354398268688 -0.34918562986387225 0.6013550390273669 0.06699017790285731 -0.272761918140642
1 3 -0.18569394654916996 0.23988881022058003 0.25622338528942656 0.08365759138617744 0.04332216904791429 1.0810226908773006e-05 -0.1321320935240292 -0.21998743759489323 -0.1652535409847937 -0.18201003205203656 0.1339820578951655 0.024548202886017896 0.15688872722068667 -1.3368887630439086e-09 0.12015774152848487 0.004637602350517495 -0.16016210786182797 0.06583475742956553 -0.032427323813984325 0.15804204395095148 1.346825910758576e-97 0.002993592872667931 -0.016841553578995236 -0.06709548014816799 0.09370378722886921 -3.792292581206693e-17 0.04491181339295162 0.17403744857847747 0.0003129224247480289 0.14066830983792117 0.13941616596517203 -0.14535058510580606 -0.10487667965715249 0.08268438705678012 -0.1380762256976107 -0.1557841463612652 0.18156841017161918 -0.19870057883690914 -0.17089517197351714 -0.3382958287019083 -0.008106214634102705 0.17455380675118004 0.14670138822152518 0.11775028948402926 0.07032157117556727 -0.015741981163136107 -0.24300223456227277 0.0676329981227362 -0.26101106296340976 0.25598388526631355 0.19937353284454437
1 3 -0.03263601278714199 -2.098295302147922e-125 -0.007802363069887781 1.607274087938146e-136 0.00026481209737539297 1.0233390327548573e-07 2.4982991684608416e-06 0.07142666834195639 8.86377354636725e-147 -1.4100833771831063e-135 -0.04063119540014359 -1.7831394249176155e-26 0.04121985274588931 9.21800000152133e-145 0.03194774217834088 0.00021883534655743186 0.10220875105374524 -0.02290160010465212 -0.027482344239764558 -4.477140378859423e-124 -1.447318744654387e-140 -4.423203310221981e-139 0.0514526721219869 0.006988518706413609 -0.00022002685612076584 -6.876414433221204e-110 0.04248492276491202 -8.563408295683025e-109 -1.7923215657275485e-148 0.05633494710001683 -0.06566393572555276 -3.2642033099077372e-134 0.05549503948689065 1.2246840714356434e-140 -0.004355468773647758 0.011913058801965377 -0.07886163295077922 -2.4819603361177607e-153 -9.955828968392822e-05 8.978070545294593e-13 0.0006123815905100511 -0.007018970566684569 0.05409989244733261 0.0010019597832449044 -0.07313353852267646 -0.0001055520879262773 0.009234357424242669 -0.07282174118618483 -2.9990070170393936e-07 -0.009593122369594951 -0.11430427764424822
1 3 0.02018717290944264 0.22290787112393984 -0.11880482077620118 0.1325678543721252 -0.06183720929835673 -2.5426714171402063e-07 -0.16517429772505865 -0.1947448396329672 0.21681863602530807 -0.07374309975387973 -0.16069881112513057 -0.08487150327798304 0.3404557680746678 8.643493098887027e-05 0.0021077737176071498 0.13721346352688005 -0.04769379461909683 0.15751511041025873 -0.25741314812492916 0.1937150070326052 1.563995484457202e-136 -0.032797145983784394 0.26560230212918984 -0.30141816829447027 0.2754321233633219 -6.577145989762729e-09 0.11656361627948994 0.20878043023465107 0.008554766895104657 0.12301509569470385 -0.02414874946562559 -0.11313889004072115 -0.19617923871072235 0.15073407919594495 -0.16472054825274976 -0.001464389660998566 -0.13435363484306015 -0.0026341524261465675 -0.009394913575015453 0.004297710005452233 -0.024164401109286252 -0.08835815638278449 -0.050705062034569086 -0.13909046339847697 0.26761012423354796 0.10744508129937473 0.07804167775408388 -0.018868616457498835 -0.15460839691797157 -0.02284168957060728 -0.1094938941087737
1 3 0.08829142614959112 0.010830868005761716 0.052944720366715825 0.06691345278050491 -0.09590882019568256 -0.006253552038335546 -0.3813631673334556 -0.05370414637981407 0.3064450532827222 -0.10949675241848857 -0.08164493452885421 -0.047987338454828804 -0.27211669135916666 -0.00011258068156871378 0.22375257085387193 -0.084223168653148 -0.18334019765728338 -0.2025691467003159 -0.07115006752122004 0.1621913627993519 3.4176292629086804e-76 -1.0206728390299438 0.020767216685824336 0.14886176581411234 0.25802935100648783 -5.158917054929125e-07 -0.31566288924206615 0.09695786103986478 0.0001537030697166582 0.04256965551016561 0.2332390400972541 -0.2543931660523178 0.13570166582592735 -0.13624713963721363 0.16789404469753547 -0.03891223356882998 -0.0018569105081583678 -0.08831887824530318 -0.2683351153638834 0.020566389388216255 -0.002402282098046602 0.007936550867336837 0.227572841110694 -0.23271424716154687 0.15509121945674972 0.10985077395279445 0.12245526947521751 0.10798900887135186 -0.0031374620090862007 0.010392409499291932 -0.1237302069556957
1 3 -0.6518141766953149 0.09265056197236 -0.36186571545136814 -6.768426836712361e-142 0.03375826123517271 1.760222632764521e-123 -0.0010548875726978828 -0.38737653251562554 -0.025309308637317507 -1.8291666835754699e-112 0.11545914600943372 -0.4572070104395007 0.07111402613312723 9.846011673561619e-08 0.03489807977662445 0.17647895656979615 0.22118638435115007 -0.2984118947716306 0.2200423054575245 -0.23130194510425486 8.532433729335348e-97 -8.39682320869742e-132 0.32039247987123337 -0.21697563764663 -0.2019366621291577 2.0916802609079525e-15 -0.2934658321941825 -0.362956095993384 1.6661727544317303e-112 0.217897704183389 0.06741258317517763 0.35393291135234245 -0.10378568869315133 0.09302445951721662 -0.38123139099159076 -0.15752108271879364 -0.30431699108498517 -0.15555950673424843 0.2672301684431328 0.38647599696171714 -0.016039150682143257 -4.854791206626732e-132 0.5167105451125753 0.26808861969310627 -0.13732422580594295 0.2756535885454777 -0.6646823538716863 0.07947403499904052 0.6020183286479455 -0.3372067094200417 0.13059101724113614
1 3 0.009324513640567699 0.030608632603574486 0.02389449957880219 -0.022680213198361856 0.02335444949885072 -2.3796007131398966e-08 0.008264287706451746 0.11911042130524248 -0.2517436773186642 0.07917591750861533 -0.02741538972418272 -0.04690638794800996 0.18945203169002509 2.9438610584273236e-16 0.1600666298069964 -0.23068605255628638 -0.11935289865660166 -0.1484237925318911 0.2164964415038989 0.09911708413703374 -1.850164178919735e-125 -0.029202120688335675 -0.024617205682399092 0.1029651311091921 -0.1673613367485478 1.3913915950891863e-37 0.10180667326035092 -0.10811663115970675 4.00202926328265e-09 -0.14491330935321628 -0.23322625345164347 0.34870364069037113 0.21885740949797783 -0.2016363429309604 -0.02908669160769527 -0.060298131571369366 0.16873564236726252 -0.21144829665836437 -0.14530202377336393 -0.19063337977457165 -0.2001071663639492 -0.21892909310869565 0.2074398733100978 -0.1187273803960161 0.15651368567137547 0.15865321768259838 0.15901416685796108 0.17034273060769778 -0.01374059346788351 -0.21163254260529848 0.16979951314724262
1 3 0.07326242372037191 -0.16732614309672206 0.14025060552993565 -0.029181460015641005 -0.12860706212178846 0.001245798229194322 -0.3725550147683957 0.08408554602485876 0.2288437105456972 0.10079107416898803 -0.16257133995297135 0.199430967694827 0.046673762993359444 2.6532776421254037e-08 0.050008957361703535 0.060751586223697654 -4.9132436593367175e-05 -0.01599613252690321 0.031497939554505534 -0.20245677903937 3.810813535423606e-72 0.012552522888296381 0.09751277694882933 -0.0671535794420597 -0.038648384063066976 -1.589073378323469e-11 -0.020639100463995128 0.196265392379073 -0.004911723422391504 0.14889625484422203 0.1829236685363019 -0.290148986471603 0.18400039205599644 0.19285086675024754 0.16672422907670414 0.22441327255112714 -0.052696963563154856 0.043279537996278226 -0.19260680757156448 -0.07509853470887733 -0.05939900493359383 -0.2083902674261289 0.04086125887213225 0.13415368330996988 -0.06118270380584948 0.12482035322524458 0.11874750296332505 0.0881561599576655 -0.2666661009174055 -0.09508970799021677 -0.07193329840223335
1 3 5.552204842068236e-135 1.8090748440073976e-154 -7.640141516907671e-146 -2.115044232827207e-118 -7.051450478185948e-147 -9.715815969777867e-114 -2.4662456471211446e-139 1.4634827487104605e-121 9.871343878188008e-113 -7.401635701436335e-125 2.4650879162988937e-141 4.5708286412381524e-108 3.7848712847206846e-110 -4.275594608063432e-140 2.0026415081502793e-120 -1.0720238081343651e-132 2.6445768038939346e-148 -3.5324965676254336e-148 -3.1309974335666165e-121 1.4883464283602008e-152 -7.645239551816349e-149 -1.164142280471754e-113 5.145245051117943e-130 -7.881047318271395e-136 -1.7542293578707552e-144 2.758148944586234e-128 3.940581888984589e-143 -1.4671697502295757e-124 3.3038241795159865e-113 4.500692099424595e-147 4.4951641362359004e-117 -2.6290540838009182e-110 -2.892585794693457e-119 4.9382284513713517e-116 -6.484342089084376e-121 -5.86349103099494e-124 3.851968749766181e-154 -1.1165759890024479e-110 4.932152063029544e-136 -2.0215379824750369e-122 1.9090764627136897e-151 -2.167711557161282e-114 -2.9869165359629424e-117 5.741638045246636e-150 -4.7601729969207794e-114 3.91111549698192e-126 1.774907521473985e-123 -1.825193174320187e-112 -6.472032825208337e-148 -1.6887344836390554e-112 -0.06746539435246135
1 3 0.18707138130977227 0.03327011892468328 -0.14900187509612015 0.0788246441223921 -0.0011633420240465782 -4.89088018773368e-130 -0.037837169278570906 -0.11356419041641973 0.14083524265539463 0.031740767858841765 -0.06420637681081268 -0.07628489016216046 -0.1047642264758697 -6.918062153972486e-11 0.10489070306815293 0.129536449292448 -0.34431278912448854 0.05288690403353944 0.09010006892692583 0.23624688855043222 3.124560986132973e-93 0.041236607452118525 -0.08351725140535421 0.2359661972058178 0.1267682616678159 3.5428945523478654e-16 0.12706894251935172 0.1541477532306009 -0.0005262848444617494 -0.39393271319240614 0.07096116824660867 -0.20860471253739807 -0.17637599143022684 0.2117455741263791 0.26728448305923236 -0.10071264050594517 0.18705348546952721 -0.019464298130431223 -0.0016433932906563984 -0.30237909731580037 -0.017472328191516624 -0.1088217771163754 0.08287086962708472 0.19675725177635683 0.03092454994975393 -0.07356964454525301 -0.14895623071309042 -0.010621453252928598 -0.2634954840223795 -0.06398728756124147 -0.04855920645012079
1 3 -0.07219418335217742 -0.18924462593770736 0.2524376829682124 0.1031012109277747 0.00864662843729716 -0.007848744748406787 -0.18717389248468558 -0.0785328600319061 0.1442873522401606 -0.34327039699500606 -0.150342088434671 -0.0782702142682314 -0.2403445707812011 4.418227225427748e-05 0.15948730786984863 0.14701168431690773 0.05925833010041863 0.1743392534776736 0.06318886484151943 0.14170670966635193 -1.356198713365181e-66 0.0035065352341214235 -0.17174952585027312 -0.0930451364508736 -0.24729964448550845 -3.8725990017641807e-10 -0.23161052527792708 0.11454347491022002 -0.013208816922149496 0.016857871594807672 0.2381278267514107 -0.5199940825050785 0.2246255459226193 0.10982861982171618 0.11153870502963716 0.1908996556600306 0.1373869551051986 0.07420277116271445 -0.18681697152371957 -0.15689810600344548 0.17522173285096024 -0.22194007474062186 0.010037516486625405 0.01685783281519589 0.14719223174512375 0.2309229914335599 0.11112219759840963 0.2142483041819918 -0.2925445312007818 0.0036780298989052395 0.08363479806421104
1 3 0.2237380977886805 -0.2029490764424882 0.002331505296655346 0.22498400309005118 0.1579302411597784 -0.011633969603253974 -0.1402599246572585 -0.1555992449880315 -0.10207685398231327 0.1437458319963422 -0.23340245317357736 0.021528609435220752 0.018173077499927807 -5.011689536143298e-33 -0.13440815131060216 -0.0757014231116817 0.16842065637106435 -0.13561554228008565 -0.19601004481042836 -0.09706816428234943 3.175020585715813e-47 0.07496227543999505 0.20568909522003073 0.1862626350456333 0.054103297453306956 -5.806960457191934e-147 0.06216652065831971 0.26781403178310276 0.030882959081649272 -0.008863913226900165 -0.1251885682968821 -0.24095953963168773 0.21267059751752065 -0.0063103719643205795 -0.13779761422338624 -0.13801282614517568 0.16307496413550315 -0.19090873521374446 0.1006623789546575 -0.29936172035565484 -0.20033095506428084 0.06131089011405262 0.12334093126445152 0.28461925790880366 0.06159737181152594 0.09993493961654522 -0.1130498492381056 0.052574171799567165 -0.13483808038858974 -0.20550775816485342 0.27722311259908045
1 3 0.1278573499163508 0.00934774670190163 -0.0448323141424752 -0.11201536641215905 -0.2325192360019629 0.00010867065387244111 -0.26194142449378915 -0.17723004452681065 -0.1894810920249329 -0.23038487870910923 -0.2872597896080527 -0.13324968461764666 -0.2505947784801672 2.0813162250542305e-08 0.012088039195827753 -0.03338697194854368 0.158031290765704 0.1549465123583078 -0.005592492546299911 0.22857073645754974 1.553625745786411e-82 -0.11281708456376921 0.07083777610925988 -0.1825140322068241 0.0019906960270850626 -6.313461159705072e-14 -0.2565658364031737 0.08420735207046162 -0.0003618277089359021 -0.17814649619554784 0.17125312840992302 -0.3887944889590024 0.17653034376346485 0.0439284894056609 0.22727258250700808 -0.21408833266076688 -0.20653618877032964 0.1348861337555983 -0.15295105565169828 0.06514495444869887 0.09790794939634771 0.10458720968543045 0.13826376311132446 0.06545431531231596 0.22485053779316255 -0.16263978150450445 0.2324404049081817 0.07224716163342843 -0.2436339054607925 0.26782928453984056 0.12014108746640322
1 3 0.2648873719396344 -0.22643438445367509 0.029224972266453368 0.22159677973887199 0.04568579694011844 2.4866761130714887e-05 -0.08313746974110708 0.2326948923497424 -0.01474097326883469 0.023996325506097833 0.18490722336359386 -0.021362888964610447 -0.16922897220953573 2.086527893744085e-118 -0.09185092917089699 0.1280533101574382 0.08413144715709142 0.035534755369434415 0.045000579393175005 -0.24886213678575608 3.0826815141503935e-93 -0.1841928790053354 0.038930982263951835 0.1341956008512644 -0.08687017990461342 -9.500712420358066e-136 -0.1222968288999886 -0.20208739823682859 -4.635940964811934e-06 0.15882034480586046 0.08337513491835256 0.1544321128615227 0.09163813347606853 0.21565486878095466 -0.1738719799288758 -0.13933565394497546 0.08270064764598853 -0.0547871025973349 0.030638217669397727 -0.1331423714196071 0.048250157893569595 0.16985546268113635 0.14202235792634663 -0.07242860485832987 0.0030711740184638384 0.09063064241366732 0.11479091621218533 0.16878496811646218 0.04300427462884071 -0.13830631637739332 0.14914744844927694
1 3 0.18110156928029003 -0.07554987658426575 0.12619093020871502 -0.05251164189512109 -0.015728551394422585 -0.00015565300009563176 0.1745690211478146 0.1042417037276541 -0.202096082984921 -0.008351499267693775 -0.05721172917273002 -0.23404164971679303 -0.13073201926762948 -9.092459969552757e-07 -0.010782539903388212 0.17335264254397498 -0.295617178346835 0.12492907249831904 -0.11665075911533071 -0.08064924485190399 -1.4824327390987668e-83 -0.1389903982671965 -0.15198141195189177 -0.12863630838750595 0.06338945715734556 2.8329948032825087e-12 -0.00733930384616293 0.17556659860552537 -2.5646552171915757e-05 -0.13914384413468422 0.030155061412842223 0.46844610571550377 -0.08004962329256113 0.22744470169528472 -0.15580746939704815 -0.1434410940245395 0.11042167364267438 -0.08102231739736138 0.19284362539883027 -0.023069070665788553 0.090377891379776 -0.1886528235395598 0.017589970551963537 0.1236234144031524 -0.13487030979713183 0.17328187542449267 0.11838378979935538 0.1889201880188733 -0.08963614701902692 0.026884825266042855 0.03395143804218989
1 3 -0.16907264623931786 -0.2711075594456318 -0.002088771425282685 4.564050679635933e-132 0.16881857144501866 0.006908515564257425 0.015620469442481749 -0.04267418026042511 -0.11531103670735872 -0.05875553367692168 0.13741435051655604 0.09313947635129609 -0.14381862700029113 -2.568002917166085e-130 -0.16827025413974014 0.19306395010982597 0.13971651669039375 -0.14349426448043592 0.22570664962025927 -0.017468188123317338 -2.1225420027665725e-49 0.04112368940828022 0.15927034382769467 -0.2665651306894928 0.052876383395102915 -4.769641891451646e-115 -0.1584111347976713 -0.2596132146512743 8.686843595672762e-145 0.12996213899034673 -0.1430558495954122 0.5984001012671765 -0.03417064182247721 -0.07280819061954664 -0.08214710765415117 -0.21097753147371065 -0.07060871374807136 0.3153664346707512 -0.15434468295092235 0.4016831905990166 0.0034166578390336226 -0.04771523608321965 0.2530921070749579 0.15750395396200723 -0.2809952617681298 -0.06761170789562505 -0.07539034820514441 -0.1421603089449008 0.2799569232814319 -0.27353872752685626 0.1609616772576532
1 3 0.024421139609445683 -0.15398465928582392 -0.037533512689596274 -0.6004552927580985 -0.1800630677879023 0.02371771685680047 0.5057490477119934 -0.16385573890375169 -0.052475286804681685 0.10592014215908466 0.12183014454028694 0.13195445992013635 0.29713421432067705 2.9316425152511764e-06 -0.19376248754238126 -0.20002718461065047 0.15102949842105687 0.09404227595903782 0.6198910477463798 -0.08206883860745329 -5.669854700218773e-142 0.04846203213005724 -0.13238775839957068 -0.08285246540576227 -0.1327195802358409 -7.219952048742288e-124 -0.1579280895965745 0.14405122181199415 -0.021292721594118182 -0.0832735534102619 0.3083835878804713 0.2805552278633996 0.04746133107477863 0.3354274518595138 0.12991138041672493 0.055592384703606695 -0.25234870451637487 0.27876771056354793 0.3002551771022325 0.32063753351650137 0.1046638560137657 0.3321126695506084 0.14551309496128964 0.22283202975847574 0.1627201777662697 0.10006775049049542 0.24968404130265534 -0.10983044283503217 0.04497047228759272 0.02064257649683715 -0.20807278020884698
1 3 0.1862533769502816 0.09812266817312527 -0.22521490200290448 -0.014620244536106351 0.630681786667644 -0.0008191025336602002 -0.3010363792434833 -0.19803991614021563 -0.27160309311086767 -0.259160351331232 0.10635412981200784 -0.24448428176814122 -0.02712608243237245 -0.0002024990131455692 0.15492177045354516 -0.05390260014328938 -0.14580156034029695 0.14923847848831523 0.2719551540833885 -0.19394300199442793 -4.726572241886321e-93 -0.053454651902775215 0.01050569723040464 -0.09449030043857194 0.04637448615800322 -9.65268727695852e-09 -0.31403065032349864 -0.011255472827790429 -1.2220218684583882e-09 -0.24817487779414554 0.029632164348075838 0.3223458585518739 0.16041517922575715 -0.2373257339432554 0.2103050198502236 -0.008918418927256005 0.11795603962423137 -0.09865151922403465 -0.15709660957362315 -0.1422731524124591 -0.032957718962228225 -0.17506699545337912 -0.12640253075754057 -0.023677083860032175 0.1727221432945476 -0.0489457420294864 -0.15119063959097134 -0.11405314465872837 0.312900353833615 0.21637277026898522 0.010687939327638181
1 3 0.06244082952521087 0.1761262877723383 -0.16191219319938654 -0.30081252333000524 -0.6172247329852103 -2.9647784355794274e-118 0.4234924575650975 -0.23288619564926083 0.10861747541356519 0.38312963473112394 0.022719321313847525 -0.12661411837334965 0.2714447523527135 2.471879971930484e-117 -0.2756351330901974 -0.21705205903181418 0.25469469686861956 0.005823535267967014 0.25550840129923386 -0.15471436631753097 5.223854209860836e-62 0.259059933233849 0.12941354402218458 0.2357402963081683 -0.10484341358284142 7.64822567287372e-133 0.45549307771617314 0.13300329658471058 0.007552831117212941 0.2444065086842628 0.3522081728896566 0.7472014701050054 -0.5237132480050548 0.15237983751615208 0.20389588033195705 -0.20778430183679916 -0.2505067361558607 0.24766894021937294 0.25737937800226246 0.4374279311781384 0.23813446896637425 0.3439078113651231 0.13647380701869172 0.18805457741168494 -0.10905734698175429 0.4242170753088152 -0.019567920693168372 -0.05770640621459794 0.21851417871269738 -0.2578562511886789 -0.14543499674722996
1 3 -0.04954323466741973 0.15714930146935346 0.22076862628123886 0.07615003940408326 0.01664202532677104 -8.878720137433934e-13 0.1725858166793274 -0.19453810765552618 -0.07234378314148837 0.2180329942161804 0.012708576580362676 0.01177838666362049 -0.21939510612760102 -2.3656917092742793e-27 0.05190081629116274 -0.19753532647020994 0.023110473566148888 0.17036974434681967 0.2142711219810788 0.054331138523307815 1.6850998455127484e-124 -0.1011231329679093 0.06960781759190508 0.0187874502448227 -0.015137506426201238 8.219841875654919e-65 0.17113705662716822 0.11333451392808663 -2.6620199330484613e-17 0.07165170913425292 0.13846219416505806 0.4099205889298029 0.04253428696864164 -0.1987891804938035 -0.19817803142386953 -0.16430662755959707 0.2098682199313568 -0.003747739598461066 0.06496659931793752 -0.6182631456225507 0.14079675738989553 -0.0180837757085891 -0.11695170966814913 -0.20618836445332384 0.09652783102913919 0.047067966450414674 -0.15771461348409532 -0.17138909916034026 -0.07918080976990456 -0.2210347455549262 0.12271922002590538
1 3 0.11964779718498474 0.2443101066901996 0.11478283393484287 0.034215444863943865 0.38769308558795745 -8.310777868482183e-05 0.01651227198772852 0.21510880890181713 -0.164669644695889 -0.3367225400070398 0.12997766750310283 -0.010678882859759601 -0.12627527931962276 -9.157006944090748e-151 -0.16714510550730838 -0.20255573272141383 0.13017002466747618 -0.2168987695328788 -0.22575251398718754 0.02993121381441847 -6.993711042313509e-78 0.03632860039252324 -0.08222436640559881 -0.05434066274774283 0.006678193774168332 2.254766593222714e-129 -0.06224231096207039 -0.16736074296162506 -0.0004353327730982733 -0.05323540315354805 0.17264801705810384 0.11668990929114664 0.10058015015727459 0.22181002117048598 -0.06527592491355452 -0.21145993726352055 0.04361891865941252 0.16519374961608788 0.2946933260693524 -0.2349748964047002 -0.10016589025228176 -0.4106641554365098 0.1096095920663329 -0.10934071591264073 -0.14074598602180033 -0.05152684755670936 -0.6100532784718747 0.057339280999220116 0.050871413047925536 0.05762317227203659 0.011764982817491675
1 3 0.19475742711684363 -0.09465396911082385 -0.1339740952055512 -0.0016824379384620205 0.04095121064438059 0.006867476100862348 -0.097340997818973 0.13539954060382772 0.20154621008625626 0.02247651342109987 0.21919065529480572 0.11468569930720564 0.14271266903316274 -2.6167543209036802e-05 0.156701519837714 0.16366041768520717 0.11130703590926047 0.22116176778872904 -0.3098873084575538 -0.18889938008861457 2.8971741942800738e-59 0.050684683312800675 0.09212143024244486 -0.1636262987110003 -0.01598401182756635 1.3363721653313574e-08 -0.14010105155464164 0.08814761540631326 -0.012209434895369365 -0.168203983684531 0.047558080191435335 -0.4833996809475375 0.18363682072468968 0.03414051174166359 -0.1547354006334024 -0.057298644615350273 0.05606783888212502 -0.040388748388562226 0.19392820909549502 -0.04310316487743722 -0.18110651940320918 -0.05726393920225345 0.16181059709446602 0.10063472692158786 0.1572387463370101 -0.15457676737292086 -0.0033707271519077143 0.06263226311424167 -0.1609105993739306 -0.107014584094448 -0.013349012139361715
1 3 0.14104708491807358 -0.09092696157614018 0.19783678766920343 -0.1901870839760527 -0.08247800774855168 -0.0006366532662570658 0.10447830774487132 -0.10462920201740573 -0.040373689224103865 0.27787286668290606 0.10387568797213649 0.07527016390551303 0.1335348147868436 4.358859310552614e-07 0.15864303230808607 0.08339849030303836 -0.1458710484200865 -0.02739194210167283 0.10271926188869374 0.00016190306972688586 -1.0415849465532103e-92 -0.006788718828401373 -0.11080625017505573 -0.015588858159051687 -0.07754701948200482 -3.383672536841632e-14 0.319646076343297 0.18376097832294602 0.000820512049583243 -0.009969175773486605 0.21875241713438517 0.3750041526770884 -0.1801546665986689 0.06781158399114866 0.019939323704067802 -0.11850772641021892 -0.15478591552428797 -0.0513826780370894 0.0038603621911621868 -0.48933310564018867 0.09511039413045691 0.199402483004849 -0.1010779908072517 -0.18946531582636267 0.17386814605060655 0.02466865425426819 -0.1793217213210417 0.08656339535103286 -0.09574814024194926 -0.17461485919860048 0.06745913928722777
1 3 1.9783869260367664e-149 -7.932391291076307e-109 1.5112587366439395e-112 -2.279324092506562e-112 -2.3797571270571957e-144 -2.0540542167052606e-142 -4.816556250493782e-122 8.374889787163201e-109 -2.1458972688106413e-125 -6.325334947951146e-113 -1.9618658110612065e-109 -4.011413052746067e-132 -5.331784856365716e-116 2.3933849934669716e-151 -3.988437754363615e-127 -1.2726652913763447e-152 2.6501134229715892e-110 1.708277327432832e-125 2.4197639320423884e-139 -4.49832840256175e-117 -1.3189496691985302e-115 1.8962861521130202e-122 -2.3470876745905748e-141 5.131700240444783e-128 -3.2971906831336724e-129 -3.1907651828818104e-128 -2.3009693427575225e-138 4.7442962626344136e-113 1.4314677179480332e-109 -3.2729936225957525e-150 2.1915437895342297e-147 -5.1757076387118436e-130 1.0987797565629667e-149 -6.931357935128371e-137 4.5189216623960825e-149 -4.489559580724862e-138 2.8647741008154927e-148 -8.533626797478181e-124 -1.3568597725506447e-122 -8.773988700844255e-140 -4.00286014596936e-114 4.560152771967524e-147 9.098163513390343e-152 1.643775428743657e-151 -1.9704754954167944e-149 1.4091630341683246e-148 2.2092899946830755e-118 3.409713261985369e-132 -2.2391670870616756e-114 4.9055501932536996e-110 -0.19774039031414326
1 3 0.026698143586725252 0.23596289923106303 -0.04216224262276709 0.2508547495397798 -2.1025221415887934e-11 4.89128848352232e-13 0.17275244911663254 -0.23722106588332847 0.3311697934342407 -0.35543044698326004 0.050193864834679296 -0.22492579405338808 -0.03762098663708948 2.0161899013955433e-127 -0.09335995560714712 -0.11231115751934594 0.0360557350473091 0.06463485689296752 -0.12026597286476001 -0.02332810221175072 -6.539292522111329e-120 0.34000756488092315 0.009893388366298722 -0.2822201801578326 0.16573784158050958 2.7612177521423656e-48 -0.05312385397349864 -0.10015893528715032 -3.0705168383124056e-06 -0.020643856590321922 0.029807247061814646 -0.03616164015129734 -0.07533079227242245 0.07869393521814379 0.223682426626437 -0.008031996504768515 -0.20808433469245827 0.3099866810896691 0.1509432912666352 -0.004205116527027675 0.11275045830869422 0.13272987429348615 0.09676105542240784 -0.2576703242511762 -0.033904058832733244 -0.5481238228417512 0.10328158882104953 0.0119996474000992 -3.071988177242922e-12 -0.15512685156259684 -0.2698779199487782
1 3 -0.5407839541307546 0.06536510975177175 -0.11709276945150372 0.33382465808855405 0.04710939073228462 7.518904444266587e-152 -0.4137164634606083 -0.2170805331877103 0.12671212383875394 -9.699549992327317e-34 -0.1547107796281553 -0.14285324042885678 0.09445449646507291 4.619370760654245e-07 -0.1087120868023474 -0.1634655834151967 0.42525994324610317 -0.019351503679419863 0.45111283150803694 0.2585128270225572 -7.482576638987971e-147 -0.5265107401762423 0.08044337163044012 -0.27473557092417367 0.14824833030977058 -1.536929290828038e-12 -0.3003924958181379 0.003704417525017013 -7.0891229352471375e-127 0.3437880372464825 0.3092409985953251 0.49391429009932597 0.08905226857994536 0.18666699491760078 -0.164604738662212 0.10695158654761276 -0.10417410143426925 0.40858711331626735 0.3120335046241643 0.1855903890481317 0.4313124310760608 -0.01430422679881218 0.18281569567650932 -0.02307605479494461 0.16419506267988473 0.30115049925802106 -0.6516170569371111 -0.21842502146250514 0.3926303699294658 -0.015639510897173768 -0.22898431640263872
1 3 0.0382570677171413 0.07276091156919835 -0.026702365398226815 0.17542085022239762 -0.011628027352535892 0.024112059236175445 -0.022021859560116114 -0.04111855104490919 -0.0485639158772377 -0.2687737948041646 0.029045039625345995 0.19659753682377717 0.05540288573935485 -0.0009633846216330464 -0.014912552977173272 0.16036008080124012 0.16549358980746628 0.21965182380665194 -0.21128200010006393 -0.10338115660067387 -6.669192004264463e-47 0.13689335707868724 0.07416709611394118 -0.14918804280527626 -0.04064134108022045 3.421089141819845e-06 0.05048485650086618 -0.1028882015489479 0.016336132253537253 0.22438070676898952 -0.09715882903398088 -0.06827927637223777 0.027736548217081703 -0.2296420194736945 0.08928815624862099 -0.10446389823393804 0.19583121137126833 -0.08335966065699199 0.1951797752209451 -0.0751179968942352 0.0990918689897467 0.09892427755601683 0.1491797272765989 0.20090693225961112 0.03157544167808063 -0.04363337415506245 0.025635519075101927 -0.18554788368695813 -0.17721096370348077 -0.14988234716178833 0.1350552042084842
1 3 -0.05866827498068656 0.18587849038415072 0.0898328453070599 0.001582779369502421 0.020770838408180895 -0.001389564343003253 0.18694146098582307 -0.06461563763177496 -0.05112284014687628 0.11262818832765102 -0.032684112515793576 -0.050836026943208365 0.0007223387109077533 0.00014302875229700547 -0.197243992007861 0.21232687605111364 0.21434112249547668 -0.1816086903392775 0.22356648033798324 0.11331018381726034 7.14680456588084e-59 0.23118934476610078 -0.21453091059904394 0.08687724335180176 0.20231601303045896 2.7150678273329793e-10 -6.001619361680693e-05 -0.14743291611211162 -0.004040769127304955 -0.37480994232529796 -0.04359430586302792 0.0030115821970769664 0.13703213274566586 0.17269977870343786 0.224866065630224 -0.21624625056039287 0.15045801086758395 -0.13655598083342255 0.01415636845534839 0.22209534587047858 -0.1060832182066822 0.2865926436045331 -0.06795058665934745 0.05526789335262882 -0.2073049749245493 0.011029452399386575 0.13247632653692892 0.035389171543210196 0.23779486070415146 0.18111103826690209 0.18875606589548277
1 3 0.02710266861776524 0.0014092961334638639 0.1048037947707429 0.003907425480239748 0.0592802660015259 -0.00043223054827398847 -0.027739897709053992 0.04987455515578855 -0.013449210479608833 0.06986898519543246 0.2025151409458196 0.06403382110837523 -0.028722738747181776 1.289293817280113e-08 -0.010043649084913876 0.10130986758017403 -0.21941024121099253 0.03749254502695321 -0.07813856398690713 0.029471736781675365 1.2042895667489635e-88 0.16364038461977082 0.051738188849026555 -0.10913798257565299 -0.20380216543764423 7.0166486618679e-15 -0.2897125148937912 0.24963412390724832 0.0008193709033140599 -0.12805297174146238 0.0879696178831194 -0.377297075150099 -0.22831611711478575 0.028635273905010705 -0.09004112497652428 0.20443664740378573 -0.06694502388737268 0.12530417969978686 0.188998948486414 -0.17905363861936188 -0.13584189900902913 0.033891795989679334 -0.14381665852429343 0.18872968184548464 0.2009192389362322 -0.1541234731048831 -0.10944857771965422 0.03536913144169534 -0.05111171566052963 0.06895526985043832 0.1949137812566414
1 3 -0.08917830934817168 0.16195099330758844 -0.13676039092977926 -0.0011009519881953807 2.0028881435974606e-146 4.721293698101231e-138 -6.714040545468904e-137 0.06732035471151072 0.17206065277676172 -8.74417723401882e-146 -4.314969013675998e-08 -0.10838802457324256 1.1903094768855106e-05 -8.250262798852676e-141 -0.1838170166063871 0.011044868931328805 1.1598973416463742e-148 -0.008143016581815397 -0.011583029361738781 0.184290142073518 -4.840473010231547e-135 -0.005751418856746 0.02794543374599126 0.16435315112157375 0.10797523810535538 -1.6047614977615848e-133 -8.550703084325247e-134 -0.21332207547386162 -1.251650811960561e-138 -3.361968493309729e-119 4.584484889742934e-131 -4.140025341997442e-14 -0.0011243096133798512 0.008989246216383995 -0.16224448717957154 0.07223125814861613 -0.07302768639520528 0.15274432425131468 -0.18643771063337283 0.011763589823832674 -3.030772806049934e-147 1.195680675464916e-05 -5.945244795998699e-132 0.004230467669700767 -0.029528108103870784 -0.1970462608618597 5.332125036060416e-142 0.07019709326339203 -8.131943488901742e-109 0.03026206901876581 -0.12416600550149508
1 3 0.11622598412922854 0.1753455012405297 -0.07177049596952123 0.09262856217931587 0.01034737150889714 0.0008081183235259126 -0.021031601817781836 -0.14999944027325904 -0.13052830230070384 0.022168759307436454 -0.21458387657815053 -0.0016961347090060613 -0.05725531268741563 -2.4775985888059062e-08 -0.0044083718952945715 -0.23157745050448772 -0.04780637856178277 -0.23787516292702424 0.057879840847703014 0.07020943181685507 -3.9919248764098315e-129 0.29848436438618514 -0.2613329473121237 -0.11757318288711253 0.039861787937718225 -8.130331169813353e-14 0.09501118757882995 0.015197645333821485 -0.00034933714318439107 0.06128726504223531 0.20348751618506952 0.02845272007233966 -0.015563072783888552 -0.19527842169269283 0.18943862381864485 0.11478057733466901 0.05571687397172546 0.060736330546679575 -0.06787665694130471 -0.3759121632702507 -0.19474629112015346 0.2110860449729146 0.09530510497025725 -0.15398902795339567 0.13752474767585257 -0.1761358195289409 -0.075689870778516 0.05669613994501067 -0.019504324383818855 0.0975722425583283 0.14611225183067153
1 3 -0.1915580489691682 -0.22801498312769533 0.07947688240430208 0.0001276688558832691 -0.20687697474203862 -3.8251486017467384e-05 -0.2306373932257294 -0.12575450865591384 0.294901256402842 -0.061197358108324114 0.005769466904591523 -0.054077288372858315 0.03975540646420957 9.040839785776425e-56 0.12125736212128246 0.08182797918728242 0.23799389392057982 -0.07423533964658557 -0.30877576086715447 -0.18961716080763605 1.3266625048880828e-153 0.0017188226684869178 -0.04556366844870646 0.11351021065478648 0.007243441646166115 7.548146156861304e-21 0.20617289024801805 -0.06386052147158669 -1.1981785888241623e-27 -0.05538012802706558 0.3235441264803606 0.18217208117751166 -0.3092495464047466 0.12256003211228463 -0.08952966892120165 -0.0956142534064444 0.07633337217187795 0.0995414445137018 0.07155037745492901 -0.012136911773707765 0.007476634324778296 -0.3663526531147822 -0.07117177729634286 0.04860206948662489 0.2133331275319036 0.058229582828099716 0.25994760706822373 -0.1814101697322453 -2.1952364114301943e-06 0.07888282636581419 -0.2618381043021958
1 3 0.21329248556979644 0.03303756113142634 -0.17474904277612366 0.056609030903733884 0.057422039392637104 0.00010457137193094274 -0.2936114041376445 0.22523487158576622 0.0657723719500282 -0.2665774215416975 0.07711536258119166 0.11033425664668582 0.021134605565735067 -5.035227003483345e-09 0.2417758643889672 0.09371080708036035 0.09815121700721237 -0.1461093041387352 -0.3477216484318155 -0.15025600984104928 -3.207578340393851e-96 0.07868950285769083 0.0891570644262963 0.06812988559110186 0.031305296054300255 -4.729133638646668e-15 -0.13344665803335568 0.07092589204894631 -7.085047220636516e-05 -0.11394935381849793 -0.12351745246446161 -0.4178879056104716 0.1267185488247306 0.13206148029777615 -0.06258654959681481 0.01812994007348358 -0.05562707726175348 -0.21392309229784243 0.030359116780741248 -0.09247775678359348 -0.19518439188966963 -0.21373044672580788 -0.13289050342656683 -0.12515754464126777 0.09608388579595192 0.005999125478664357 0.1104294956687774 -0.10373914390072178 -0.03025309195730227 -0.08262165826623266 0.24462145439196165
1 3 0.04994982275835357 -0.1235514671288105 0.17172392446078888 0.2940195121024134 0.05794029388492449 0.0021518620963461533 -0.47442508940461325 -0.013008888575731882 -0.25579667027228314 -0.1585557157538374 -0.21348726453066205 0.05632869065052689 0.12043561261881007 -5.432054917292641e-07 0.14477114904438085 -0.17142721834512661 -0.11182303211284854 0.25361962858759945 -0.19715422197330845 -0.10585179588984704 2.865119493292367e-69 0.045035776840606154 0.19336458415720578 -0.046892979111193035 -0.16888417798046468 7.940715218161398e-11 -0.298126527729086 0.07664509611558049 -1.826118903294641e-126 0.1973331647857328 -0.00662860856741855 -0.44092531456817846 0.14421272461065238 0.07971084178734456 0.005953565131933854 0.2190469703100414 -0.11024384788060038 -0.06809804669310272 -0.011288175169035377 0.15219357981228385 -0.22102688407917953 -0.2432928332724003 0.008885759104269988 0.2059824276101633 0.17364851865550612 -0.04132820044442814 0.08827129840400577 0.10445186339983366 -0.15594495828558286 0.14967095019865745 0.05440981352735067
1 3 -0.0839828124057103 0.22113156348144888 -0.04661820949159851 -0.03373899821033621 0.0048937380867329775 -2.0736037840731198e-26 -0.1989159933194015 0.22437783475661047 -0.2379611435018774 -0.2846344997059027 -0.056533761530848436 -0.0758862874853542 0.050150956693304063 -5.886604766117966e-10 0.041928081687248625 0.14981396956029505 -0.14530258575692798 0.2356499696407626 -0.3442010673710806 -0.08695818258023252 -1.0928309889567872e-78 0.14907844154334826 0.06327484872858916 0.13500416304368462 0.13427060739350052 -4.716347884699266e-13 0.03545030947195889 0.21067576302964733 0.00024905786270339506 -0.02098547722462741 -0.16141460424787687 -0.18470404418310554 -0.19371325262632894 0.21114262272252463 0.16363504828433864 0.12466654612068409 0.14027959189784164 0.14028051197138497 0.0913441241897782 -0.2895601962034804 0.17754370027515948 -0.18759230731862228 0.07396842140228728 0.05734013076913834 0.07073564499066062 -0.17534374357876756 -0.17489204057392146 -0.006244473506329205 -0.08513496650902391 0.22870176727397853 0.047857670571544456
1 3 0.24316981315967348 -0.19137056884988693 0.24195506174439096 0.18349205298786025 -0.011640540079764882 0.014406350296173992 -0.2325893354821965 0.17877186916668328 0.11030268962142221 -0.21909538773174128 -0.010874714274083515 -0.13370433821171887 0.09148222825994513 -1.8085597032208327e-32 0.17073272131777245 0.09552074810337839 -0.17667567075790774 0.04597496529793083 -0.009207551631443876 0.08346194249886402 2.3781255099156014e-50 0.08205189610840097 0.1909906034494164 -0.09693382347929054 0.16175744344903195 3.3344065417530136e-08 0.1182302348889315 0.15776626083949705 -0.02003899112148029 0.1492830613450532 0.05257137340930006 -0.44146154703444646 0.10290376820338829 -0.10095501164041266 -0.04011987614646242 0.1331989056611764 -0.07271436046665679 -0.15749254412383212 -0.08734019215372973 0.06765554145614605 0.2285588092786841 -0.18049235015187323 0.09874007832859223 -0.19835724185190715 -0.08763280087420224 0.1227393727108483 0.01014560359746098 -0.07284679799145517 -0.16876773222609096 0.033662950911268544 -0.12421586714350358
1 3 0.15326905192223125 0.05177387221913325 0.24189516551120593 0.1367305459500555 0.12025902994771231 0.014815254750023507 -0.11871001659471218 0.05433602905057025 -0.03516138773171536 -0.06834124782262307 -0.10304168763021407 0.13926817816814943 0.16011652981130958 8.352802449473063e-05 0.22422789199793156 0.11796090574806745 0.08663226217267682 -0.0105574208885401 -0.12688188089301367 -0.195354478019077 3.311830849471931e-61 -0.04812662270771115 0.12081958623993518 0.029496843911934217 0.17744134085930396 6.247315820053351e-08 0.07165808107714178 0.16723329904477363 0.008968237912013685 0.09302179538270154 -0.07219839964457801 -0.1337565536676867 -0.010862059586258924 0.16947146017187073 0.12242857787320462 0.22567682426123184 0.045067836056927525 0.100962726932064 -0.05686942686158126 0.005396737659593425 0.2057151019331949 0.11070741634247219 -0.22501120815554335 -0.12503655715141584 0.2212822591812324 0.0516902366997635 0.05929951536947401 0.0191891634003033 0.012804861841080123 0.1829288267149258 0.0981423007692787
1 3 0.19110056647631496 -0.1333908579394198 0.036795791853236455 -0.1713854969895992 -0.006373485184856397 -0.0006743439752543339 0.2163336373122367 -0.054178969637121405 -0.047056798356322635 -0.014116541205888311 0.024443312081141127 0.18310164300307152 0.21755596895400212 -3.698608078862999e-06 0.18331188800712025 0.03865203859114049 -0.13652152632153872 0.017051553855689787 0.118665046989318 0.13863652504451 2.4339459823654427e-76 0.18509619862103166 -0.026132106764974287 0.009452265906105052 -0.12957290976617392 -7.010343607985966e-11 0.0659703360941247 0.06655622231461487 0.0006088515116787787 0.08733078041243068 0.17455701394383388 0.4654658541596662 -0.056059695622141546 -0.21944890167050843 -0.038713888812493005 -0.03941528783748697 0.2191596582716652 -0.12260558408315125 -0.04387600124827425 0.05435105701199399 0.06490078936948365 -0.1066360284444799 -0.10878606984492663 0.22122162615584673 -0.209654608004052 0.03468601948480634 0.22918949012897402 0.1846025114253311 0.1994984082644375 -0.1794106351863026 0.20186629129725137
1 3 -0.3633760704465253 0.2525082919301738 -0.13605400407699858 -0.08167056356055467 0.4514386564010366 0.00044743967194336954 -0.28993916073895193 -0.33148434710803204 0.2651172576533037 -0.6950226514028475 -0.18663209181894225 0.038674078874162264 0.045689840396964616 -3.6295852116082545e-08 -0.12749009605736228 -0.025497232399988107 0.3000511142137709 -0.12579290388013437 -0.14485623325005634 -0.004296730322628542 1.4978182869526167e-151 -0.5397854938052106 0.23289167940446015 -0.172693824569806 0.269092473065984 2.1101173950743872e-14 -0.06182490261120862 -0.10209068289871633 -2.234623780304017e-26 0.06155320423029068 -0.05467371810912939 -1.5108041363145857 0.08823714776637478 0.11583395638264683 -0.14445769054609048 0.1322938322811565 -0.22006478819155847 0.2348644539722697 -0.17738662929058285 0.04546558029392767 0.16320382559557278 0.01752758812622966 -0.1372012526262882 0.14487585013403187 0.1825452844809765 0.116959858807857 -0.06054061881048466 -0.022222708540594948 0.13450551730873886 0.08533263326975346 -0.14000876837835172
1 3 0.24489348275388267 0.03377848665974282 0.1685501286563937 -0.036723390366453675 0.0088977694231997 0.004301265269675886 -0.15065980251207253 0.16713754935056477 -0.11377980431003427 -0.22425813903566644 -0.06390236050246362 0.12425909041402138 -0.020428728441096625 -2.472756807355937e-05 0.227406343367591 -0.10639901585286868 0.1098683059528213 0.10132050400403217 -0.3321936939640721 -0.12401362806899861 1.1739830433324597e-69 -0.09833507089025069 -0.15981877734850622 0.06806345101129953 0.10570594382831278 -6.69960607434338e-10 -0.1014177730043475 -0.05397439688714866 -0.007324866306198982 0.2028089983897355 0.09863840845485582 -0.4301387949812338 -0.018593287903473116 -0.025024453892128123 -0.043219285123306646 0.18721701729460907 0.07246196257442464 0.1772691653945901 0.02019384660950917 -0.24363975803882418 0.14243122139151926 0.13396700056783234 -0.08723411084653805 -0.053348812819189885 -0.048354196825549735 -0.10405680906942356 -0.17450535311304083 -0.017236411177563978 0.026756482758223593 0.23842632842981715 0.1711457756386172
1 3 -0.07404119583105201 0.12142615860314467 -0.16268393411468915 0.009347519770064264 -0.0235325475822457 -1.2434042827858886e-22 -0.14194936093014712 0.17401371445697658 -0.04819824951528491 0.0011403990222152002 -0.03581154169372079 0.17999773759702037 -0.20800160701158543 -5.325476010866004e-70 -0.06350526080553563 0.049868775271814526 0.13357874014550247 0.155815661525357 -0.33716921146386947 -0.09366721519453618 -3.5339177150462694e-117 0.00562898896600708 0.1683595819945886 -0.21627746105624923 0.03620497749209326 -2.3954291989193068e-60 -0.041577374534601086 0.21176618542091044 -3.664747802187306e-14 -0.03105525020962118 0.17722665788039293 -0.23210236995163946 -0.10459689675741317 -0.030047935097498327 0.1312342167791031 0.17129783163555745 0.049028160892771844 0.08668606034531694 0.14301398446347746 -0.3195034995567508 0.10229408628895262 -0.2866615073935917 0.0557572156893369 0.11690119274870794 0.09992930674245705 0.03561499208995269 0.11046637314055091 0.19154098008657852 -0.13735127437826614 -0.09736003528272481 0.017460036835463655
1 3 5.515629280963438e-115 -8.03481447257264e-115 1.867286708918743e-123 2.921107844455257e-113 1.1499906507752056e-150 2.4934335817273554e-142 -8.134843113062531e-140 -3.96818495726454e-117 2.107412759485087e-127 -1.6563328728801645e-116 5.221195277912506e-140 2.448062422962439e-150 1.8034323030456585e-118 -2.0774507159418218e-134 -6.70205474548263e-150 -2.7155108419965073e-111 -3.160708324976355e-122 2.5777730458127605e-152 -1.7887106413347717e-117 -3.1660305342506616e-114 -8.713946024500852e-130 -7.522183946902174e-153 -2.2330881352042404e-153 -1.908224006859664e-119 4.3458016948427443e-144 -2.3356277003754882e-126 -2.0707823006730323e-125 1.0958111393061674e-113 4.324785655314357e-127 1.4963373571513798e-127 -4.377024968757137e-143 3.1431532560453116e-143 -3.4568362823441127e-118 1.730352678709905e-151 -4.532847441614317e-135 4.402279636430084e-116 1.586464977155006e-112 -6.138259946285481e-138 1.3695511626983898e-121 -1.1628907809065158e-140 -1.2178337723282903e-115 1.43022802838879e-118 8.024386377333487e-109 -1.0883465332034458e-132 -1.0954357335496548e-140 -1.283711257931658e-132 -4.863596528894115e-138 2.7162261267174457e-143 -3.3058465351051185e-148 2.6082497989562967e-117 -0.20548154246935535
1 3 0.18263475739757304 0.02891088447525461 0.10087034433442044 -0.22016332337426628 -0.3621254929532847 -1.0007301653496811e-08 0.6634778764926591 0.18437665143531382 0.22058232922350035 0.14852121268075985 0.08285060821797885 -0.25339972634420443 0.09202890415807774 -1.2257036055361826e-140 -0.3479282995342736 -0.04466875588930411 0.3292793938911539 -0.14431759659360305 -0.1086639333310653 -0.14620692949310723 -2.4062264844950018e-154 0.15646774654703635 -0.0982481578963918 0.11732215642016262 -0.050958750186808295 2.930456077867751e-144 0.33085758119220443 -0.03901494910307047 0.0026576680629558647 0.28854713725775366 -0.12713380964187618 2.0378694692178045e-141 0.12170844337041513 -0.09083618583469039 -0.09929620831228728 0.09825443152998899 0.17387300839746245 0.04772271492286899 -0.004489767087722714 -0.0052227885296341195 -0.15113334073649395 -0.11132797474549837 -0.11098934916744703 0.0205445127277471 -0.24071663280801114 -0.14609128831364854 0.25471306819086376 -0.09983159166901585 -0.2406149394760683 -0.2440687691029722 -0.19497121779435694
1 3 0.18695203103863547 0.19397264418427465 -0.04128896756485245 0.06322052988555668 -7.276742759270607e-114 -1.394594680013871e-125 0.058313840023708007 0.2172907557651509 -0.025481387792950283 -0.13762849262834373 -0.11488479317460934 -0.08009679706024325 -0.10946332668689594 -2.815103025128848e-12 -0.0062135193633430395 -0.1302075371511573 -0.09159065486651304 -0.21862566914730203 -0.08357059001126298 0.17692834780141994 -4.4846242798456746e-117 -0.014975295964244817 -0.12785855661713524 -0.16457769827708604 -0.06414227605734557 2.1915120520864566e-28 4.942499399678421e-154 -0.0032298709965070545 -7.256625004701279e-12 -2.1469733197023556e-133 -0.08615500985553469 0.0031002571310113957 -0.2430226182440146 0.060837802460729874 0.095311271494284 0.014832100336985333 0.07506943517700865 -0.084812390351914 -0.05745005107405124 -0.13894945456665603 -0.05698183661722135 -0.06189376879229888 -5.534114631395871e-113 0.20408570401105147 -0.01574917773529828 -0.1346383137000449 -0.024739289387139308 0.10820307655980567 1.8831778327159388e-14 0.07896013789923718 -0.17872542621554838
1 3 0.18829146335708516 0.0063349903041498455 -0.23058584317711797 -0.06845745897156806 -0.15095372108377117 -1.0367870594242582e-20 0.5609477662934459 0.17303643044431177 0.022282818796193406 0.369326807298425 0.19685301210920228 0.2081194204357821 0.18033465682672226 9.909670928679568e-131 -0.19644867979928604 -0.18209983717257905 0.07298320242645064 0.15875052755366337 0.19281072796484464 0.1270358634430451 9.750087946304918e-105 -0.18682897632772155 0.11552947094871378 0.053599389935635185 0.13050730775781047 2.3156530999180954e-146 0.2452414297394094 -0.16470501354535189 -7.952445000097375e-07 -0.009510982854158459 0.035201214411873606 0.12320274162408794 -0.2775328480589724 -0.18734023858806545 -0.015507867496006984 -0.14630090895252296 0.09516514844964613 0.06916051379492665 -0.2072305536002319 0.5460017613441032 -0.04456209958804164 -0.05465212921611602 0.06246563777796255 -0.14714018018718147 -0.22671663754026192 -0.12893145380174748 -0.0500217733800611 0.12440895137633222 0.25267614063456445 0.05562654243765497 -0.03504437106523715
1 3 -5.74410244430715e-133 6.014920689895453e-113 1.7721400329542101e-127 -6.837288306418761e-142 8.298963206395036e-144 -2.099206394163427e-147 9.276597533884416e-126 2.5426088336549365e-139 1.4563514753043592e-117 1.0142619824040683e-115 2.4523523574110982e-151 -2.5847211371385853e-151 1.466996178754088e-118 2.767102190933352e-130 -6.290689723252573e-142 -6.630662220976448e-125 1.7656614999599266e-110 -1.2747931757397993e-112 -1.6331771827148457e-121 4.548702904578493e-109 -8.212054638187227e-109 6.979603004829509e-108 -1.8435533531854443e-112 4.206051188550411e-145 -2.9784645253664956e-137 5.926010651852758e-112 1.2445801672547891e-148 -1.8508995470814296e-123 -7.521552266492222e-153 -2.7738899188711184e-145 -1.8332594897571537e-124 -5.2499249534663486e-145 3.6126614780975603e-147 -1.250015967255544e-132 2.787704236626864e-137 5.7783783977675924e-151 1.830743090949026e-112 -2.83206527143484e-110 2.117160939967457e-113 -3.920923141512851e-126 6.912060499565853e-131 1.2643072240805177e-152 -3.470236876627323e-118 -3.215651396955353e-128 4.613590977786893e-133 -2.2288076792754026e-119 -2.8931548739369417e-132 -7.591382022885656e-146 -5.479446504260203e-140 -1.2887957339158786e-120 -0.22582069442487707
1 3 0.18820121923498856 0.12955422030897157 -0.04319272249610609 -0.10725843171298527 0.11324553945384191 -0.009316007739628662 -0.07849212525772854 0.04852349646164526 -0.05407783040447921 -0.21171506957654318 -0.04087783325074211 0.08858605635695033 0.13225196211663268 0.00016052569153089083 0.04953187479998531 -0.044833640382788385 0.22639997939259202 0.09534700478015132 -0.27553572320779557 -0.20830875902588192 2.0180257614370746e-59 0.0558353650498064 -0.11061157581914574 0.023855130889324148 0.18381495949563034 -1.10256563016099e-07 -0.12886825312243458 0.2360558995875451 0.0012069243469702944 0.02154077312311308 0.07356969039179123 -0.4117296285666724 0.05997584154826962 0.18788396501879043 -0.05683017962157942 0.25213918418830394 0.0857132663284782 -0.09002919019396034 -0.08275952792062992 -0.06407787446103319 -0.13776455670472054 0.12009713826299694 -0.256921731986133 0.21671611379612746 0.2183422586041896 0.1513095543468237 -0.17677742254888285 0.20948615115998606 0.020563091177157114 0.04245237896160908 -0.2057694420750007
1 3 -0.09628739325798623 0.08724787976355383 -0.05329631672069729 -0.017565745474762914 -0.09507254873204414 -1.6754850976880513e-08 -1.0587309293984317 0.19655605381245525 0.052944529453710455 -0.6208095419145804 -0.21846912142494065 -0.26708003418666815 -0.06186267003591158 1.1815271874446134e-113 -0.09165682589955282 -0.03825900357965209 0.23520929051417014 0.20506046529106767 0.4146070227921405 0.02077413438855142 -7.253746210857563e-72 -0.020621231669555234 0.07064720569913087 0.16617302933650502 -0.1900937901073656 2.018885646353669e-137 -0.1665926259779293 -0.0643484890333647 2.0230323477743578e-120 -0.024080814198935836 0.15711998433538496 0.34316685599960445 0.06609653596173234 -0.10745312917644204 0.11385714513252639 0.004538867012084074 0.10291351543520583 -0.2306117827135531 -0.11388738744567603 0.3113885201533749 -0.015013419947546059 0.02542678353099775 0.10205010018299146 -0.17273754906388175 0.19940734463149315 0.15628327936284006 0.17258539337877207 0.118804233848396 0.0943590076268565 -0.02560865874580525 -0.24240691467539818
1 3 3.313816179943511e-143 7.556353849455845e-153 -5.0409448989157546e-142 3.113211703309426e-137 -5.501905301336053e-135 4.186408092841753e-129 -3.2732047005425937e-150 5.332006129162762e-144 -4.8605433448843734e-114 -6.3073002926607986e-142 3.9431501455270974e-129 8.92442859134762e-109 1.029763793436194e-137 1.4226157548195582e-125 -4.125684266039246e-154 -1.5499562115079052e-109 -1.9918657139267554e-130 3.629757116213741e-145 1.1242174915836851e-142 -1.9024867491873513e-149 -2.8738179870216727e-143 2.2146554052964847e-143 1.1730504041350395e-142 2.7215667340642106e-146 1.628938752358829e-129 1.1150559822606495e-116 6.017912472746264e-126 -3.9552295346604057e-115 -2.6964716222608035e-119 1.6405233585768638e-141 -9.954773373080297e-144 1.0205320863818254e-119 -1.0978861208279432e-141 5.144770177823331e-116 1.8384254651995023e-112 -8.516022506820807e-109 2.630105945514632e-149 -8.80620902647107e-153 1.2194859918593199e-132 5.449847283809205e-108 1.173556037030535e-124 8.066490851777607e-149 -2.1463176402284405e-143 -2.3099210784416932e-126 -1.5810598285679029e-117 1.0457039300351805e-125 7.355324925192151e-153 1.4230261502372869e-125 7.532314977440465e-153 -9.043619241756728e-148 -0.16874530393807902
1 4 0.2720085380072271 0.6435345480214437 -0.10948524143370762 -0.05443242034077406 -0.26247826043829575 -0.33351481207350514 0.8687916813400922 0.04588714721103558 -0.15713639174516264 -2.176595408614656e-153 -0.10702466215587794 -0.21999768510657788 -0.35897472392662383 -0.15257735105875028 -0.10518126395848287 0.14921953254011777 0.5452028750632831 0.7687092391088711 0.30559484889248245 1.0481664424136905 0.054374059227489786 -0.2978390617404206 -0.28064527087082747 0.13985471914323858 1.7485754489791009e-99 -0.330651165863202 0.8961589200787216 -0.32272680481164373 0.22827240716235705 -0.12933275441160283 0.10256587798201357 0.11744143941920909 -0.39254718261404864 -0.13514727265494245 -0.34451209188071047 -0.14928352179195997 -0.2882316462768693 -0.25619897657743324 0.15855501211493167 0.620935131896378 -0.2168301169085343 -0.029855097643139445 8.949042245123148e-96 0.5757162391039296 0.320973648036526 0.14474561833312252 1.9278169981430562e-91 -0.2540273866815914 0.36056125257604765 -8.217193775572e-129 0.22096837715910686
