Number of NNs: 3
NN configuration 1: 3 20 20 1
NN configuration 2: 3 20 20 1
NN configuration 3: 3 20 20 1
NN Layer Weights Bias
1 2 -0.3859790723578821 -0.3897696392812084 -0.5743163199245616 0.009506321357301643
1 2 0.018507802622129296 0.23638596891862132 0.3416276731260611 -0.40872008266131776
1 2 0.5520671207151081 0.23745116687716208 0.03984369655517966 -0.5367037045353202
1 2 0.43655742019471366 -0.36732773442649574 0.2729215743825073 0.4240027154974075
1 2 0.1518563450416131 0.2881961273977798 -0.03149075817553439 -0.3109760324023504
1 2 0.004574864799433325 -0.4233989692114714 -0.003056321968225565 0.46563580672574745
1 2 -0.7907846553268145 -0.15883383495281134 -0.09350430567570724 -0.5465963736946698
1 2 -0.05036249292119098 -0.25901009487724536 -0.10750217060060176 0.39903938240528103
1 2 -0.12023987407662615 0.18806505027959336 -0.054548034009504004 0.14664278955661128
1 2 -0.1814160181714399 0.14223499208746807 -0.1732027372580775 -0.12608080724025908
1 2 -0.25573510151152284 0.4051188686485312 0.148695046530068 0.3627451230874865
1 2 0.7975583681460798 0.39792023453872244 0.6287855684733615 -0.34332710886790074
1 2 -4.629348981884205e-121 -2.2416481466019756e-123 1.439190398036585e-96 -0.4627607519227618
1 2 0.4389409045294812 -0.8148024983799621 0.24270049240533823 0.027661965059662244
1 2 -0.4169692044932076 -0.46737290782410246 -0.4969393135914205 -0.4385105241134705
1 2 0.1982342924758653 0.23409872784342906 0.5921563689181902 0.0024465311593351393
1 2 -0.376954724672934 0.13230413950746142 0.4121010063334227 0.1428491599461017
1 2 0.03162833685436573 0.5054980431071215 0.004947912129001533 -0.06888761517715893
1 2 0.30764791665079755 -0.16075047915622923 -0.20717891436618605 0.45662385933296606
1 2 0.6735709858739469 -0.1408558423521498 -0.9877481491221023 -0.12418187575327823
1 3 9.233989911932056e-104 7.917281744440043e-124 -3.094098341005358e-71 3.4349704459031e-123 1.773154003867164e-95 3.3297188787241235e-111 1.1361500392438217e-71 -1.9759676504379464e-77 1.004501623307943e-92 -1.2738137002234724e-130 8.296162323094835e-129 -2.241770354151932e-100 1.4744655164959661e-95 -3.9770840017517614e-89 -1.101252808433526e-114 2.529912621697028e-95 -1.446515873159195e-109 -9.198133950959882e-93 8.660011269764475e-127 1.0237781300097874e-137 -0.23679447570569948
1 3 0.019105393004839277 0.3232579744120458 0.7663932476754488 -0.21920710700499374 0.30257895884911234 -0.4256122617662704 1.0348426008360223 -0.30142083125284413 -0.2687969427975464 -0.23633032788119607 0.26589989890813814 0.32955820355051874 -1.2143613682045153e-80 0.5861326381974966 0.36913272998144014 -0.10939533270104584 -0.08559764738382264 0.03785899799540836 -0.33222000696264387 -0.10552835157070961 0.23271898505386068
1 3 -0.06235368982914684 -0.7484958329082155 -0.1112557562811954 -0.06194225860480098 -0.09176644552341963 -0.09503995232216177 0.05634812277071628 0.32244819434904576 0.06332740688383916 0.3030157568641427 -0.25358243084002235 0.1762264575601257 -7.093193360667177e-97 -0.4628205673775441 -0.4545187614600576 0.23288789942551166 -0.17121875686662216 0.12297694593912728 0.2227648331742943 -0.1928279617269912 0.45889165598683634
1 3 -0.07089130855545804 -0.322940759506675 -0.28629352174791256 -0.22422913364556227 -0.20638199203362112 0.08320483444720733 -0.08689142836420254 -0.01855366589285479 0.04625273923761183 -0.017965660461344426 -0.16458116725873906 -0.05219804085262106 -4.004653576903752e-85 -0.004576373350953685 -0.38191568107155677 0.035292957782321915 -0.3474670033799153 0.4831707012886989 0.4028152045365564 0.06430802707298827 0.3023330165093758
1 3 -3.6931540254841334e-104 -4.454982384193614e-78 5.09935247655111e-75 1.205170999454741e-78 -7.269422735503695e-122 -4.07602672258637e-84 -1.0883762513386528e-138 -2.327860300003329e-90 -7.850658564957011e-77 -1.407729207062541e-77 -1.2802906942063889e-71 2.0209710056803824e-117 7.179629232820124e-109 -4.249121387819281e-79 5.283755464996615e-96 -1.2530487426393602e-109 -2.582180155355491e-77 -1.2272888261809534e-113 2.490414509554187e-117 3.263812527595068e-120 -0.3094049805303762
1 3 1.490741937243934e-69 6.333153467573493e-133 -0.0013127718431419392 -0.0042702408876267 -5.46101833759719e-10 -3.2809851607069497e-09 -7.48124077022536e-74 -9.325208185194938e-06 -3.086396417761102e-07 -1.4296816825049345e-10 -0.036251888316201415 -3.478758970368278e-45 -4.6383625160931993e-119 1.4340702994812016e-117 3.8314460527657414e-86 0.00010334420910681669 1.339098330087881e-130 0.04203928183127069 0.03052867954403244 -0.001182840604796664 -0.037541831815694975
1 3 0.27704811301974774 -0.2749241446531155 0.21459652447254599 0.15945578363506763 -0.011934217339529344 0.10899448291814687 -0.015236982694464085 -0.06363070832372525 -0.15015003610784983 -0.07042375469881658 -0.20070057203579125 0.13140994424589364 4.124763517504786e-108 -0.09218566147730728 -0.19743476778028657 0.19965667642610663 0.3244772747591219 0.18594864865402572 0.21740292245368806 -0.2891705909308282 0.18450805026839992
1 3 0.11561197901197522 -0.027669729008243753 0.7082870696891863 0.22535579147376308 0.3172455882750502 -0.22368737698390273 0.48977897873090165 0.17327820199057564 0.26551907393662566 0.06782588853470965 0.2586309765501196 0.12556343580328816 5.384367374051476e-128 -0.702464070541214 0.3302078110544865 0.04197175793611685 -0.011482046521271473 0.22025117949293027 -0.1605034725330562 0.27256836726602346 0.09816653865632774
1 3 7.548985235953669e-77 4.924136863815994e-77 2.0585457892963904e-110 -1.5818059422077672e-81 -1.1801563477388603e-134 1.995711606272498e-108 2.6132371373920176e-91 -1.4112824995769832e-109 1.9918439726395858e-105 -3.1499597741086584e-93 -1.677874135804701e-137 1.378904017207385e-88 -1.7834737060074926e-80 -7.024048793328168e-127 4.896138999176866e-78 2.2069436369123157e-110 -1.230544358993516e-127 -1.1129453831553269e-89 4.174436877013122e-131 -1.1895990691646026e-96 -0.2394508412926759
1 3 -0.14726315648146884 -0.5766159369101902 -0.15979267382652126 -0.1947483957573629 -0.47692604065911315 -0.047388491732807236 -0.2931898111572269 -0.06861601297574312 0.12529476085812508 -0.017550954784308778 0.255486416357228 -0.3064300183103486 1.3310324639993118e-108 0.02665952443553019 0.21481416774597123 0.18628824736262095 0.22946075849408057 0.13119264543614087 0.32615505902970143 -0.32619713412204754 0.18972228830784338
1 3 0.036308163502650675 -0.7799922429898017 -0.8852327143593112 0.11925038530367232 -0.3523156926828189 0.08394749682808209 -0.7847546844524573 0.44963759031179046 -0.46979846868640573 -0.09116552174894399 0.18926146183431158 -0.18925100179032364 3.0855183659888046e-105 -0.18426319620887968 -0.11945918022766716 -0.06386066656930853 0.2660462047848569 0.6293190367951672 0.18549993464116118 -0.32528894531789865 0.06860618211665881
1 3 -0.8941481863358269 0.5889563104677932 0.5103734510764298 0.017111475891849963 0.6573734460568945 -0.7273128194420363 6.152336703808836e-82 -1.0520002804107471 -0.8924637954693755 -0.2327788258267683 -0.9016555445492479 0.6960969096008567 4.327171013431021e-122 0.8702467404682613 0.6611250620248338 0.4539489266654055 -0.11623144964892658 0.2992094567489444 -0.024061311474260536 0.9380549431890416 -0.350965735427036
1 3 0.19848860035048588 -0.3352320631229827 -0.244802979355124 0.2722211635934569 -0.13270043882359478 0.33450004439202663 -0.25711197730933355 0.29197966494969035 0.2838132549503098 -0.14028131261153293 -0.0576583829356204 -0.04795358008528242 -9.224905191621323e-98 -0.23591440547426365 -0.23424446157890902 0.2862060985933035 -0.12644092734750875 0.08938106777028433 -0.31185982695412223 -0.02695785805863726 0.24620637466415443
1 3 -0.5533483689229441 -0.8504676341873001 -0.7350084643982708 0.3162602218423948 -0.5899739001717341 -0.13959987783249692 0.3365556783251016 -0.039259441269046284 -0.028769832656550247 0.8865930150087982 0.32108205705595316 0.17572099868915053 -9.506361277806562e-133 0.420412808047462 -0.47216366897789913 -0.2274134812608696 0.3032626489943711 0.054132425594762466 -0.269167830251126 0.6219395029959148 -0.07858153581078331
1 3 -0.11499722671523817 -0.7083888209114163 -0.5946805232996534 -0.18843931473631903 -0.2942452304869571 0.37205671293928605 -0.23847536460638244 0.20195443224763515 0.030810486570922373 0.005662811391076388 -0.25782684958046637 -0.038335645654953725 -4.5891740166134775e-138 -0.25661628887091215 -0.21531789047499555 0.05921014918913395 0.25151616746930977 0.24152221518797537 0.4788693639350108 -0.47973493938740297 0.03758265085718743
1 3 0.13329021064563712 -0.6058956610113432 -0.27159601429670666 0.3727068777096237 -0.3550935093782266 0.008016722397086236 0.03232586211062454 -0.04161001676287526 -0.028436718973018547 0.22877390667742634 0.07919352686919279 -0.3752318190952004 -6.331955377126176e-87 -0.39668319143153447 -0.42517191720461156 0.08191849655655244 0.31491292720911834 0.324889652134687 0.2899795098420108 0.2779581952802951 0.007712004143945376
1 3 0.2139010604449325 0.01576859049520987 0.48627881671761763 0.26609116116584014 -0.07432045589459997 0.3145287225930155 -0.4059965498735132 0.153474982363963 -0.1617127619880013 -0.428226105843686 -0.12692050985974296 -0.5694927022374617 -1.1300151228832626e-75 -0.3258504505487516 -0.934646931780776 -0.18492792775845698 -0.007216772399456154 0.1663870539342341 -0.12139853589727818 -0.6158878246286347 0.1836426297328065
1 3 -0.008136936201281383 -0.44272892622908605 -0.13805972659917504 0.2814943599237742 -0.49215721279302016 0.09274753681416505 -0.6401861936911637 -0.06429105187714934 -0.4239523027919994 0.030523756353278413 0.2760937276239724 0.03910219120457522 -4.165417817677527e-135 0.12997859583132518 -0.2190966853405921 0.3697647274005732 0.21451219135983896 -0.20093351312976163 0.1508570856086065 0.10935016197919156 0.4255334039284223
1 3 -0.2719339651341971 0.3453528055329207 -7.049966967091578e-115 0.16580822724482355 -7.657460833529224e-77 0.1964807879734542 -0.09851454983303631 -0.41287715651058254 0.21896663756837267 -0.11609759364136486 0.01495297224205097 -0.2393917313685779 9.510507104782722e-119 -2.3940481951431165e-76 -6.020741713909145e-124 -0.10688694848746624 0.2190043734835654 0.07911471311261532 -0.33926795977932084 -4.477509862524033e-98 -0.27827603164257314
1 3 -0.24740950797577999 0.5707708517804035 0.2601396652235617 0.08989204887289205 0.52292071354788 -0.10986600754254522 0.4355331870845336 -0.1780811840867974 -0.21298164713900453 0.0966165456740203 0.12011318302540339 0.3908888493072831 -1.6637383432608613e-122 -0.3980582414423067 0.3098093128017827 0.43177677261429886 0.15825812074545617 -0.16674345659774267 0.08083534729928846 -0.13751379153435822 0.19229964199616084
1 4 9.141647688462246e-63 0.5459131287502088 -0.5942897826300494 -0.2621065622679543 -6.192052688828927e-137 0.00013338362371160278 0.010205512536160928 0.1618258017772062 -1.3967043123366787e-93 -0.5084101390504766 -0.36070317142892716 1.2315836857805502 -0.2778600564944246 -0.5137821352714793 -0.697455213406604 -0.31430026704441244 0.577013399802317 -0.21933289763068087 0.4155008544810992 0.2787520327704577 0.21329591748003388
2 2 0.097939123224659 0.06362337717764457 0.38121995936327513 0.5248676438857728
2 2 -0.5210476435348971 -0.059377177352812345 -0.07700883654546338 -0.4680292636969856
2 2 2.6774599271287936e-142 -3.804897302284562e-188 1.1477627700294947e-165 -0.3811451778307374
2 2 -0.37114783531103035 0.040693767998866794 0.6259326313995914 -0.1573831192902715
2 2 0.4840712225998376 0.43695458216673455 0.5394405270010065 0.34788725234050033
2 2 0.238398943137912 -0.5675109628208408 0.1931548713860438 -0.06635100901412076
2 2 -0.24778920271297702 0.033875314193803165 0.8988632771388577 -0.22511622144024637
2 2 -0.26213176052938664 0.036173555631708265 -0.5799226275749833 -0.03994969528604251
2 2 -0.2593205307113215 -0.24568381477561746 -0.006070879828405434 -0.034290508496935365
2 2 0.6649761691286598 -0.6801623389290761 -0.07577809566251249 -0.13069350603645583
2 2 -0.15029513303950667 -0.4854499129916791 0.017970707400215575 0.6382439152548678
2 2 -0.18698876374509185 -0.004535003263785363 0.3608453214111619 0.4397119570794444
2 2 -0.00869709186671617 -0.1392441721175654 -0.5973052950701816 -0.42507407011893483
2 2 0.6303957443970994 0.08427273689348215 0.2090923069603506 -0.562188350416373
2 2 -0.671203478524141 -0.3463668046566315 0.3635388843803774 0.4342656456919604
2 2 0.15294813847015723 0.2573034674944518 -0.6195957871505087 0.34659868849914127
2 2 -0.24886723204989517 -0.13509004472630345 -0.20948878132992058 0.5403807031800449
2 2 -0.5416239778309254 0.5048042511767116 0.3961331082111521 0.1428413045841536
2 2 -0.7520266574642643 -0.15001728612747064 -0.15438278464180802 -0.4749338330196251
2 2 0.5785148785790531 0.4294861383642029 -0.014825105500421988 0.3007964901982951
2 3 -0.20785560686708818 1.0048371405775955 -1.0938941360360154e-183 -0.0903342725753127 -0.051376755322599846 -0.09474095715848375 -0.34542378367172116 0.06802707247456892 0.40743077771455294 0.18458425585712324 -0.11028425632944361 0.3586601286204975 0.7234247724359997 -1.7570651556606809 0.23430689898751167 0.2754259008282034 0.5784266493698903 0.25525243235576944 0.26731613798319176 0.13507432111873197 0.012242553144041221
2 3 0.361612062177089 0.039116655341487026 3.537565246074573e-160 0.28321680483771255 -0.10994652304174903 -0.04433565389339027 0.6706667781678456 -0.14617355828663542 -0.8504407478029641 0.6288486552828195 -0.5625355112044924 -0.3267175139926966 -0.17774152561921172 0.3661704565710764 0.271729041782465 0.14353972263394005 -0.5585717829290762 -0.18518017620800548 -0.2639344150762474 0.3353488814679179 -0.11607128489267975
2 3 -1.8967569933756794e-173 6.783371798892897e-125 -1.5754149939225983e-119 -1.1815354012893343e-143 1.1872004423389077e-132 -3.213937105116984e-128 -1.9582609174137074e-135 1.1494215391047399e-142 3.473133617945767e-154 -3.464648968153594e-151 4.319688814561397e-155 -1.3324868410572318e-180 -3.486926262625939e-152 7.762223943653443e-147 2.5432570341562553e-169 4.127694369581719e-185 1.119981469157718e-131 5.546224377200027e-184 -5.364527526361745e-187 -3.241180654062082e-141 -0.08561541258920469
2 3 -0.3564606628620253 -0.07824144714285752 1.2370673533586447e-180 0.07649267415907111 -0.26046000105789374 0.5746741312556934 0.010182872208827265 -0.3561580729446759 0.21577311336935703 0.29360805701443565 -0.2411201290145015 -0.25161640197860086 0.8967586341284186 -0.17613288143911865 0.11176550357149258 -0.44763755982914616 0.3318731936973059 0.242765846711757 0.6842905792384792 -0.53570590075558 0.009658019294123587
2 3 -2.218298897514074e-134 -8.51034018498721e-139 -3.838374931178112e-152 -1.2371110953211112e-179 -2.1786756058939726e-182 -1.9362080858170305e-121 2.592558568207023e-141 -3.410882792151971e-154 7.6003780709662216e-152 5.804040161222206e-187 1.687147971243683e-125 1.1118269162225292e-163 2.3428086655220033e-123 6.076165105426888e-182 3.491173353031176e-122 3.2777987929036867e-159 -9.948976661803227e-161 -3.5209924501981585e-154 6.56890616259708e-166 3.209409517059671e-179 -0.1244731429778565
2 3 -0.22840384392264595 0.25463929941365815 3.000300794470905e-159 -0.018931986871540823 0.17596251050318779 -0.4595925970341118 0.09570205910828482 -0.18207216144721963 0.2830458233830566 0.3884357682272775 0.165509170638539 0.12175613277492978 -0.32259172724258794 0.055196754550824116 0.306124131289645 -0.23248299046446316 0.10121518377822936 0.2570350444378763 -0.0023453439077560775 -0.31747506848933155 -0.3374134417297443
2 3 0.15098593249060197 -0.011738159361216033 4.13840533943894e-122 -0.06845998678709268 -0.2139008366356643 -0.4020741264782866 0.20748150171031973 0.20808653419109596 0.060872436466321844 0.05142028479968641 0.16765496479902722 0.3181893134656395 -0.20665439122194437 -0.5578615288920288 -0.3115603690125472 0.2731582344132518 0.3893464976333086 -0.10686615381223198 -0.13094168574139223 0.0434402819266929 0.08116099532363853
2 3 0.4410072885218819 -0.6013324269363969 3.918385943024305e-149 -0.002960602494653374 -0.29189502889220154 -0.04227980968671787 0.19808423199427114 0.2495058235509693 -0.16680859703640577 0.19916688019911175 0.42321871237998393 -0.22649935729386605 -0.48278053101904456 -0.14055391352398863 0.34916107235152394 0.13017151855366516 0.09503480379691175 0.11023033926845967 -0.12051280196841962 0.0046979684468798615 0.02996637096564347
2 3 -0.008534322565241578 -0.08352855116950798 6.188830543826754e-174 0.15119967954175798 0.35079913161674464 0.29099681118620735 -0.14489983106968943 -0.15774188549165613 -0.65020098420324 0.6442134931082171 -0.40043313493441457 -0.12475635813041135 0.2598988714868832 -0.5890505400972171 -0.0804891188737194 0.37396658885605233 -0.19915012614695546 0.4380279703286838 0.8400048254466556 0.3441167421156764 -0.06532747884244887
2 3 0.4920583785754881 -0.07968547825534954 4.311377879386329e-153 0.15912217067393447 0.383242941878567 -0.359571501579547 -0.6082575171044675 0.3243993795567308 -0.21891908075019817 -0.21997127964161686 0.30162237751446486 -0.11364455495092743 -0.37132217547827817 -0.42072953074908637 -0.21412895649782945 -0.38518094709200185 0.3206542490274765 -0.19456960266894865 -0.24152929840745305 -0.18078924214089725 -0.043883515368265555
2 3 -0.33961088294497166 0.00739226326078519 -4.794775182133063e-157 0.44249835735618 0.14931940724803738 0.3530402951138539 -0.07977423803884524 -0.38143841598432626 -0.6732040969180237 0.6029912178622048 0.037454281391482463 0.05677334917129253 0.24069364400300639 -0.22244596133627348 -0.19933215079452637 0.0051548676141301665 -0.15692999103406194 -0.27086960789972847 -0.03898650330362834 0.33689393812683116 0.24279650219670015
2 3 -0.15131949053960844 -0.12004990334176885 -2.3343684295263026e-126 0.010801692584888703 0.3144533289934433 0.31253062458645253 0.014686196077351062 -0.15398321933150372 -0.04405898191169139 -0.11382766851038831 0.26840580839075606 0.0776293286473468 0.04452361701249755 -0.2077158458020006 0.0413862508133923 0.033529488575891414 -0.04784856444666447 -0.17580269047202063 -0.2540533760204117 0.044530056910551265 0.086010960004511
2 3 -0.2436548669284357 -0.025131061196029113 4.791115803231771e-134 1.1354750910619789 0.03288195090522522 0.6350908419610991 0.4020761049856531 -0.4189162242418311 -0.1123028490886357 0.9851156007689804 -1.1143031663855831 -0.11160467119924986 -0.01010148634500671 0.8558646856120045 0.051569312499412774 0.3937556308239594 -0.7929861526856568 -0.019031398736877286 4.773142574263297e-07 0.4592917799061878 -0.34486622421204294
2 3 0.11640915201695999 -0.5101207265897485 -6.939433871129738e-137 -0.2652100219585272 -0.3419336186894049 -0.21301512068631406 0.17771614828434645 -0.20444977197527586 0.09833071277240328 0.251374439413047 -0.14494826298069569 0.2937402143097679 0.12929318711301047 -0.19072220458395903 0.19583071706742397 0.15692034037849617 0.07003415292430475 -0.017969418870435207 -0.018156243605780074 0.14613379433940885 0.10992925678484108
2 3 0.1560229549656591 0.1593879998831421 -3.4541305680157415e-187 -0.22072812230516492 -0.12616046002031933 -0.08561590422246458 0.2738229076434424 -0.2630538381572734 -0.6941603898524638 0.010218934155902505 -0.5515953034900202 0.05267945656596613 -0.6970768759217003 -0.7757643863693486 -0.09255131560655248 0.3716322916394171 0.24839908200110306 0.5469428798265563 -0.4372651723905266 0.011940950844612285 -0.03300445874748165
2 3 -0.016759184229742694 -0.5104574949300056 3.278598449628811e-133 0.4003902914126634 -0.24944896075844936 -0.5608440992210852 -0.18746525272712777 0.21481215952033256 0.10342563760625154 -0.1309333979775659 0.4063746389691182 0.21987153698148462 -0.3941035382557616 -0.5681301048412186 0.12905708973260224 0.20025696773516888 -0.29177951618339837 0.1285787836932254 -0.30994814164874807 0.42817360979946795 0.06342388569455668
2 3 0.41746646115689073 -0.23165295429390792 2.5827054773398543e-183 -0.06582782983533314 -0.12091294831870592 -0.09224471951935571 0.39603908223926787 0.15038663329779156 -0.1546744524322507 0.25201366369099215 -0.11804730030885263 0.38227339718050596 0.09425639034001117 -0.6651800076038715 0.3048843181998668 0.10128051211525393 -0.2074944261568378 0.19965889923083166 0.23263737126976033 -0.15528531388153666 0.058105472975547814
2 3 0.04934015375204304 0.22592397132304243 -7.010569474225878e-184 0.132683828635921 0.23803156315262902 -0.19410578137767145 -0.15298108165835905 -0.19191949007663914 0.1434526111051088 0.2740369396716304 0.19286721077378954 -0.3127441978613001 -0.1861997434417367 -0.18118981711910523 -0.18388666246545182 0.0653908370021186 -0.43267872778862104 -0.32663010450436986 -0.048950182995394866 -0.04362091746726576 -0.05038349153199802
2 3 -0.20905753131287438 0.03260591332513793 1.6337001604513757e-131 0.2202302736599789 0.3555351128575874 0.2889088155490182 0.15671420224098961 0.1754057512230373 0.39106224685979085 0.28089736075985056 -0.4524135694958963 0.2220779612448578 0.6847731955903963 0.7012030750825076 -0.1721647775810696 -0.15079059418424356 -0.02070506180870557 0.2681276153860217 0.9175205230316535 0.0801276822010793 0.015317386772738969
2 3 -0.01485541103945805 0.16205807762437263 -3.6694058511903915e-153 -0.03692464543925667 0.05892285883637074 0.4724850898951467 0.08694281323558416 -0.3586423631152219 -0.3147592509621447 0.05175933822084138 -0.9137631445325649 0.24165847146029282 0.20995251860375122 0.3538200631818668 0.07427743661778484 0.2594317758323597 -0.32035850801824434 0.24665106293217126 -0.20178370965788783 0.12392120670065106 -0.15943780415243244
2 4 0.5088770684798901 0.9994010012918522 4.106519793170783e-111 0.568627170323443 -1.7201376091562735e-138 0.2135403506151431 -0.4880054898262469 -0.21258745269477136 -0.33868633615283433 -0.4207439873642659 -0.16018934430212947 -0.09981231245784611 1.305154869878696 -0.4199442722928693 -0.4809721772945771 -0.255715940376048 -0.3574496664405826 0.4367911919830517 0.3585248937469946 0.7660131767743357 -0.20381654079406947
3 2 -0.4676619740598324 -0.8074285976395579 -0.6013476207977139 -0.37237956214322426
3 2 0.6931379080899409 0.35159896949442226 0.07188399538903448 -0.6845929603205658
3 2 0.7437220737963374 -0.3165563187353563 0.1614737031041736 -0.49593542385277106
3 2 -0.18029399535041313 -0.4689876326044421 0.08879518740651429 0.10522782430734257
3 2 -0.2684906206583668 0.3016403965536225 0.10874967271131766 0.43129549166396697
3 2 -0.10578543369391875 0.28860758612639087 -0.38257208909933677 0.5539004407926447
3 2 0.5808297448242722 0.062342131659632066 -0.5148420296118325 0.15831132548658894
3 2 -0.3440934955737152 0.777546776845651 -0.2999778677981952 0.0005232714460643624
3 2 0.422268701064056 -0.10560747632811518 0.40194040729909336 0.280572485721769
3 2 0.14206946690611588 0.15621146634715968 -0.3161160941396109 0.45614498758329514
3 2 -0.18026166496796225 -0.4276130923775511 -0.034244045076508876 0.6023428288066629
3 2 0.33512501247405985 0.5772626362031223 0.4128319580204703 0.10112378387362811
3 2 0.025842655811138905 0.629380321363262 0.4458806616547901 -0.7240084604936897
3 2 0.07807621088666052 -0.04269354842739223 -0.6454444641292688 -0.356397957691547
3 2 -0.3284071740443898 0.03663105169745224 -0.029300399351485804 -0.45146984985046107
3 2 0.36874579274420666 -0.401843408607639 0.29181777064906195 0.2498269918001785
3 2 0.45031127224344425 -0.2300909238967009 -0.02503383287817393 0.4968689421441987
3 2 0.01904492939095399 -0.0046148640314899285 0.7047423910672406 -0.49743442465113463
3 2 -0.43688408818515395 0.3458768397563007 0.18919571151186207 0.47083785453064314
3 2 0.3309520385591878 0.352293036700156 0.1835948738721057 0.2684937233916742
3 3 -0.029955466487076074 0.036665370115655044 0.37317596033944544 -0.12502262248213708 0.3200637087794444 -0.07550235697380767 -0.22188022844011177 -0.040671682050855695 -0.14692216168263456 -0.11231951526178469 -0.010939779916347443 0.019307730630470643 0.03261449084351237 -0.25098988911830156 5.752639922088904e-16 0.3097433582962514 -0.23360563184927244 -0.22529744944776645 0.24607201062679215 0.31745136680080255 0.11133035892877614
3 3 -1.770664359275793e-195 1.6397438123323802e-153 -3.5384415865031704e-150 -1.1981549758438551e-160 8.360205657202186e-132 2.886154348119542e-159 2.276082367659294e-162 -1.203000146578668e-161 -7.157025503739891e-177 -3.4238737209812148e-174 -7.364447760634698e-182 7.524884961503713e-159 -1.0786425562971387e-171 2.0886700089597346e-175 -4.056389938368059e-189 -3.356249628107687e-133 1.0652276598849868e-159 7.186734803066537e-160 3.6614388281161365e-144 1.907853572546032e-149 -0.2816651227382059
3 3 -0.3398603397505352 -0.3162292362152868 0.2933599827617821 0.0988048557969946 0.3622102692446411 0.42997936708236617 -0.15458315988580068 -0.22790450877014676 0.2964985076496764 0.39300253251034145 -0.007782627810401433 0.14760834636675738 -0.6798038608394095 0.27579767758103757 0.01418074809800368 -0.178200598423592 0.11950530768556525 0.12984784245683492 0.35425309154344253 0.23059903488526656 0.04414081571493931
3 3 -0.4838301448848366 -0.16158913253257304 0.7609334866776492 0.2967372584986694 0.13343599188171892 0.37581680896892034 0.020387430696054774 0.12419802356162875 -0.0369606269844489 -0.025589359156743655 -0.5125627523464492 0.06561802113481827 -0.3821140213567194 0.28325618134685404 -0.0004648010450449514 -0.14934225270888568 -0.3771296387739703 0.2654845937874601 0.15601412247697724 0.28306033043939993 -0.1125967495623721
3 3 0.07796680758455322 -0.8292004661967107 -0.22209998915911983 0.19933176677891257 0.2194481771088496 0.43221638605676993 0.09065059478364844 -0.20908994835045003 -0.3712362237502491 -0.06119800684201627 -0.06976925234135002 -0.17066069633414252 -0.474726760370096 -0.34898458483931843 4.997844513502179e-16 -0.02476800207468024 0.41653720548727124 -0.4662880792005885 0.3809942695293129 -0.09473838402158546 0.5205208952902155
3 3 0.3250630017997799 0.01627168365605634 -0.3914715914140993 0.2558835808720424 -0.5054212539771564 -0.2364667640050855 -0.20326847552503657 -0.004980075502997496 -0.0582060226362231 0.0682762231708991 0.0352338503935593 -0.1955031783417199 -0.1284817107206889 0.2994155052451329 5.132581986742896e-06 0.30116773521450135 0.05348151758102649 -0.8975621029131549 -0.19854760039874997 -0.3881358004015847 -0.05938587196639885
3 3 -0.3300878391640676 -0.3212813767375442 0.053268210163801136 0.15361815341496846 0.06963825295374972 -0.32702329036915373 -0.15873063545461463 -0.12154747765149494 0.4112822219592031 -0.33289912981964953 -0.07829734847500461 -0.12877373146929144 -0.1310955082205285 1.6473829209240354e-05 4.008130773796789e-24 0.2905706232235262 -0.31613054979801314 -0.44291733590315246 0.4922267662455373 0.009251675311506969 -0.1457430003230736
3 3 0.2209262773564166 0.3156166814274964 -0.06424399612167293 -0.10018685967024203 -0.2559195550018859 0.26258413117801493 -0.12073929550856612 0.07166484975375946 -0.08314779552492457 0.32348365225160897 0.3160870028737033 -0.6078197611634137 -0.21398509403834098 -0.16912777519124944 -0.015140669240553538 -0.25720530775836214 -0.28896915963507525 -0.2847655817642948 0.26335727491106575 0.325194957050089 0.25316065767974544
3 3 -0.054180016139729316 0.00020599077345708202 -0.8826316636096251 -0.23997135301457517 0.25431708384391905 -0.15651302341431972 -0.1376283505247966 0.41264436088258954 -0.6387292463291703 0.28902745538583835 0.3433331487095664 -1.2828685675169555 1.3807549208305306e-157 0.9014222527896721 -2.24917883293433e-130 -0.21840842054689058 -0.153864819753193 6.994596798341288e-137 -0.8347613570614215 -0.16266250525537462 0.07267891358992791
3 3 0.4218232142256994 -5.405165557299114e-101 2.990412376868547e-09 0.0001068366986188775 -0.029556655537894206 -0.07249658790429142 -0.5226803415519647 0.38121550954975747 -0.4081349941156884 -0.7185265019617216 0.2026216125426526 -0.1241795436118929 -0.12425327919145072 0.7209329147106479 9.807976563838746e-163 -0.008929273627568526 -0.7868290311454363 -1.1426532179525757 0.2660482249969283 -0.9155026833825959 -0.02136221240130878
3 3 0.8212215079205045 0.9840713064934883 1.402032997360588 -0.7064420592741522 0.14748901504640988 -0.13418915459532807 0.2204928368261614 0.1318367755031613 -0.28722891892193453 0.06965010910557214 -0.43117353793132807 0.3927952512103878 0.640650996431232 0.20999946423145185 -2.470213246524106e-07 -0.0366961750892923 -0.12798399596231153 0.8609335793637157 -0.2520021553406343 0.19776247423164361 0.11725727143832691
3 3 5.029978035718503e-145 4.2690740848749e-190 5.424654713074891e-178 -3.380797139055646e-144 6.635126441350491e-159 3.1384262304233406e-134 -5.013260770894138e-195 6.7164377539189856e-195 1.3386775687151452e-187 7.219818668431275e-153 9.541966660567592e-167 1.194663959238394e-136 2.8857494458317306e-191 7.853382733962062e-141 3.4428885174615947e-159 1.2789761998260178e-126 9.964721802157563e-163 -4.2156496092332106e-126 9.797019530792e-179 -1.3161479557637587e-162 -0.24957723706028526
3 3 0.1608992166912646 -0.8857381248372738 0.15383399191984704 0.12944475421696336 -0.3517411276822807 0.36026617883546164 0.019771652360127262 -0.5074800541957288 0.04015384833323118 -0.022685907187461312 0.020602223858461555 -0.24482794591238796 -0.47231360254827104 0.07536580838437897 4.554232710554356e-10 0.13640416835079394 0.3030429849831035 -0.37118193877035827 0.3022049036846629 0.08456709996614414 0.4312774831925232
3 3 0.03856123852374252 -0.6842865472528123 -0.4590487516966016 0.20542021701377824 0.14676256535461438 0.2015002608085595 0.17931220806760537 0.04026040971346171 0.14583311540643928 0.0003897033602039588 -0.25050919237027447 -0.2846798706796229 -0.24181844185622714 -0.243543941977633 0.0003477762293294012 -0.1037854998050084 0.32017383066084515 -0.19421645985203592 -0.24964257910245044 0.015017757741215332 0.364523813432443
3 3 -0.1295893510256804 0.4436810826334055 -0.15264663286451782 -0.14408114539501268 0.1970212444380749 0.30085386702643774 0.07881529962415466 -0.5143057061689974 0.32515897036945657 0.39284147926885776 -0.42179731792819575 0.2408738427823749 0.26845942068183554 -0.7273237378672925 -4.104787757893091e-05 0.16196489482871193 0.12343442803323282 0.7737291739698214 -0.3898170065632709 0.13105406425349475 0.15246901718503164
3 3 -1.5939210705075058e-07 1.1380513233468998 1.0975558934074414 0.05577399416650422 -0.2995287785024213 -0.6839285417439745 0.10881513679635717 1.539342349142208 0.2601253845818337 -0.055496358673253185 -0.5530880858040343 0.46804282959801874 0.23084209200008526 -0.8757782756925739 8.209953945330231e-149 0.05106507767992081 -0.36890531093168644 0.9408211393906373 -0.5019259907827719 0.13747079548632707 -0.06176333522130311
3 3 0.22806243227209425 -0.2223221096754591 -0.017749322514677826 0.13999038321522475 -0.19130757554315808 0.23040757297409836 0.262723903455362 0.10824844427338373 0.005902967077115433 0.03256570632108738 0.3948009696550252 -0.42253172034746395 -0.13127759820180263 -0.1580022258406732 -2.6832511770177915e-06 0.17021275083780493 0.04456569018474021 0.12094640520840876 0.04228233013994501 0.0748234357726862 0.4228757271714978
3 3 0.3136259850674522 -0.3199174862519713 -0.028568615323768205 -0.1183823105222111 -0.15480826095691744 0.12443843254979027 0.03202925798841878 0.19908826502037363 -0.24913665351289907 -0.12963485936791272 0.15906453320761813 -0.23048754859265796 -0.023947740814511342 -0.39491091032457964 0.008565532031486436 0.08683031682236891 0.14330776101892845 -0.47421319339610546 0.007777181154954634 0.3559439320103277 0.3045898453737845
3 3 -0.11232419566814925 1.2144223560893228 0.9564606646387103 -0.3385155604259058 -0.6449623748974546 0.006230231168172645 0.4130357723721094 -0.052457033770797364 -0.2832484347867898 -0.10418009137954568 -0.5734742125387989 0.05351399650009663 1.0472817898605196 -0.5959566311159774 6.718993189071697e-08 0.17013944458047117 -0.013828680481664583 0.712211551822631 -0.45135111227687363 0.0811779896929079 0.12672194660740468
3 3 -5.286023707974624e-193 2.986383248726927e-155 5.3487681481840555e-170 -3.1759235308654648e-177 2.3826307486536708e-192 -1.2942037842689675e-164 -1.6465070808782448e-156 1.224717190856241e-136 1.2215341351452264e-136 1.0657290699337207e-161 1.1284272329538963e-187 -3.341077193946015e-152 1.9190694189024125e-177 -2.88628465116424e-131 3.1118274465116197e-134 1.1551877938606524e-193 4.336192951038934e-164 -3.7865671000099846e-134 -7.739662767143468e-167 2.201862468106258e-129 -0.18059350483662137
3 4 -0.11238696950317006 5.895096666037754e-143 -0.5427885834702229 -0.19907877957369766 -0.0938893807053642 0.6284218348531444 -0.4217157471848371 0.5637129471516811 0.4877811680014443 1.1785640257695342 0.3803832255112552 3.7459744796311314e-174 -0.11960251634264804 -0.2848373967985649 0.20587522850532258 0.6137161156600766 -0.1568157041510401 -0.6040583938820092 0.7371752891997344 4.474396737613659e-132 0.010692498961945492
