Number of NNs: 3
NN configuration 1: 3 20 20 20 20 1
NN configuration 2: 3 20 20 20 20 1
NN configuration 3: 3 20 20 20 20 1
NN Layer Weights Bias
1 2 -0.7816495394221742 0.4328440440530076 -0.3690191443839422 -0.44862999884275495
1 2 0.6128051159606407 0.32997309988303686 0.12030339539116434 0.184519079942584
1 2 -6.136409764232935e-112 -1.7848488857490952e-128 1.3594019101496895e-122 -0.4400996339171391
1 2 0.4270624412602957 0.26693588825287573 0.5553975907921141 -0.1753683974125025
1 2 -0.6561810255843435 -0.3702280058683208 -0.2808789055855737 -0.25645835152975494
1 2 -0.36856926627214226 0.4869714436517164 0.3359551312412157 -0.2629959454726574
1 2 -0.34261234064232715 0.02052577647692673 0.24888118559862413 0.5025013647945398
1 2 0.08954157656462029 -0.13382370421757575 0.412446435834313 -0.32356244735713946
1 2 -0.20899560948752777 0.6849769240206386 -0.04142231425670383 -0.3663338811051521
1 2 -0.008854349473102827 -0.42840429869038693 -0.04273978791866518 -0.31018264706996107
1 2 0.21351708535929642 0.38748642442493275 -0.3551654781046574 -0.32325695234831986
1 2 -0.09048416538310514 -0.2377418540761526 0.13163685503077316 0.409513131983251
1 2 -0.23464402925240035 0.4268715298071419 0.4249476007410095 0.15644302812571034
1 2 -0.023480200679164457 -0.02833384622779396 0.2577558317229101 0.4741155827531653
1 2 -0.1266602573790581 0.4801480690348267 -0.15072101883311953 0.5402090881582581
1 2 0.3898868002977949 0.35281510134917776 0.4052728877900242 -0.07213382633631267
1 2 -0.12442321655521364 -0.22217955248729163 -0.16880350549464918 0.4605795453966446
1 2 0.1836506731613164 0.17159894694594816 0.5839874646003055 -0.013157298758335571
1 2 -0.5305492450665479 0.11982166892874017 -0.46178342257493604 0.3596504698416132
1 2 -0.6317458765872176 0.0022888081765806236 0.5431541222073057 -0.12796594101476452
1 3 -0.44624350442128063 -0.018600713294159056 5.67807772349958e-86 0.29122243029426476 -0.4599156505251691 0.3657692483736754 0.12428005759243581 -0.2663344491704902 0.16171305767399272 -0.3743625987523698 0.1199911695827795 0.439047204474799 -0.1720069034963065 0.31924616703345604 0.06834500183055295 0.30179946672991803 0.15664054948304112 0.4170947359576737 0.190345200289596 -0.13021575409971906 0.37376987385532257
1 3 0.059658335032363154 0.047150899610039605 2.7965459117935775e-80 -5.325518988468504e-69 -0.0006758830413511602 -0.0057143633811770084 -0.29441204439797963 2.408551209121196e-16 0.25867968769373645 2.702035344663189e-71 0.019337031143457473 -0.014892187287566735 -0.16555261062704069 -0.005743932417055342 0.16052296967632096 0.00968871514432527 -0.18329660139249532 -0.029445743707245 0.17534173175896073 2.3540985659364984e-13 -0.3430057410871446
1 3 0.22853320977617583 0.3975689290358003 -2.486384124915459e-71 -0.3155390619778503 0.28766468067388773 -0.32027427827849253 0.2367763320861093 0.1569753851246064 -0.5253947911695473 -0.7455880469169504 0.29186741430129326 0.27519391419084727 0.11727048875459552 0.031374611657518044 0.07858090473432221 -0.057981694144367886 0.09008066248629487 0.26308434673317815 -0.3324801417244567 -0.28289487578071115 -0.015567586960097959
1 3 0.5961935167994987 -0.11615906302483452 2.3034090976397835e-82 -0.539066109847122 0.6773635101569081 -0.0859572531985377 -0.14645194949924126 -0.2179854034124927 0.1521739155368314 0.635887126843428 0.02376123704674259 -0.30662521283496014 0.13884892207222324 0.25809144268974327 -0.4562896279611899 0.10272587120080065 -0.016213699666148128 -0.04060669482798023 -0.17036779339131045 -0.15843240714440723 0.29764557373959316
1 3 -0.021961504049288566 0.2590979714959924 -4.04350389210172e-102 -0.15986506273289064 0.2089431262011417 -0.10607267262513424 0.19984208069937773 0.0856564276124913 -0.23281514885072452 0.38474968554246297 0.03601918670813044 0.32320057395232366 -0.02636397012058218 -0.04616005197019972 -0.31304913365039155 0.2323668682411499 0.4001807074519547 -0.3072764022712299 0.3672038173115443 0.13009388384105436 0.3853725735408585
1 3 -0.7566842463949517 -0.1613849407548487 -2.2654754712326283e-80 0.16600826312692535 0.20663816459882486 -0.2517696015201445 0.04443173184412663 -0.290181424227475 -0.3233458909074708 -0.10486304835529027 -0.43352256137481715 -0.15148964436489165 -0.0011954290141862893 0.09013396430052441 0.05550414827941377 0.06454195667400368 -0.2610278579075291 0.14672610274826503 -0.46016729422066804 0.40056355877242644 0.1652138686833086
1 3 0.15368659356984093 0.0772723018326064 1.7651352355633922e-81 0.36115535850319447 0.10409594236074547 -0.02944632524477304 0.246671752837068 0.04141585706346056 -0.05410475636473791 0.4603018226280451 -0.09946422224430719 -0.17896633940099774 0.07249914952550364 -0.11251388842826922 -0.33055662211612086 0.13155598912861355 -0.0657817294886965 -0.01413992220661622 0.3386915189085361 -0.15715918593059572 0.11004362036231721
1 3 0.2519770394268069 0.31256715059293894 4.714466266078008e-112 -0.19806648714543437 0.11239115102118423 -0.4089841880583721 -0.05394957060618496 -0.47919890485175964 0.2163691943538682 -0.12079502204298831 -0.0030496754544624086 0.1848530573899221 0.10996478425845867 0.2654749702194522 -0.08263931000356896 -0.05591918940668779 0.1080356374431832 -0.2773212133703477 0.23185270375199707 0.226373433717889 0.19474226905951122
1 3 0.09326297998396452 -0.3836115395108945 -9.370151442585682e-73 -0.0752761618144356 0.2693441877381077 -0.4738156035534835 -0.014517486347871362 0.14901445343562944 -0.08384948581454459 0.23752798714951473 0.172067314295166 0.17661991546821026 0.017391800107582407 0.10597696189186838 0.27754622170427806 0.012599798748986663 -0.03952797563594877 0.18318959355569722 -0.06358861440515601 0.18087189574432294 0.09826931168356191
1 3 -0.14906386522605655 0.48986500063601646 4.109462449588169e-130 -0.0019288802983157248 1.2543411888196971e-104 0.07101159844780328 -0.08564698055270041 0.37091780957180664 0.8010932528472556 3.850107710281843e-56 0.54202896172508 -0.26838967114209245 0.10617194389922706 0.1751828881646679 0.11346326700583441 -0.0058357924847862045 -0.6548750352302688 -0.08126222541446596 -0.3796359489957248 0.380178988256427 -0.3608375088483712
1 3 0.28643599408611975 0.18812701691386943 1.3691280043404534e-87 0.014890779597598543 -0.009044842021111417 -0.004625539189799944 0.22837218635536288 0.3591833728206034 0.42839003652126995 -0.003107067521547173 -0.3143540590526664 0.03795777367579752 0.23354609958268058 0.26595035417064855 0.026575342565692252 -0.16220590254060635 0.08049362541499594 0.00530029920574095 0.1872252526957274 -0.4150444876174258 -0.28911849279312474
1 3 -0.028127634727870318 0.35784663680375856 2.237803013689825e-76 -0.18493677819285562 0.174192308529184 -0.2536516429851307 -0.3474254948245537 0.4667666841081451 0.027647607581162328 -0.3125030363014007 0.14098174048228843 0.2164290457503031 -0.35052645775432306 -0.13736249391608166 0.06780936620163941 -0.2360989252509634 -0.19168932409938613 -0.17409108532146983 0.10697047649792561 0.6239753599010179 0.22248251726874663
1 3 -0.7157132105353398 0.21935902957696393 -7.701687817583021e-100 -0.3310482275543868 -0.6209984728084947 -0.07128834656114429 0.45215296645174047 -0.5557927329821447 0.3385124542751608 0.24080740556708877 -0.2787712374075244 -0.08629578160377181 -0.17959095321991891 -0.028708191668749557 0.28471469134721344 -0.1857023424137091 0.24337229328774188 -0.06085086761243551 0.2474766731365395 -0.152462509966502 0.4612038551524956
1 3 0.3515431540259988 -0.15575955497882607 1.0605833547110148e-124 0.0021047072366240796 -0.9014808279706268 -0.05630595742794849 0.33324654883302707 0.27239552331175904 -0.3067158204515703 -0.08991773799241098 0.19441354068624775 -0.17098815648160126 0.29410436633080417 0.024113654383248286 0.31951202096943304 -0.17162885916496184 0.19859430871259487 0.3840638699084181 -0.30252698308078635 0.3160412782404768 -0.011034131716102595
1 3 0.009406171631183425 -0.2328908013961399 -1.296105156252883e-83 0.09238612142593698 0.27163681027325975 -0.10306776939000349 0.12163730735437525 0.30094030255385934 0.24004469126350003 -0.46709375207536885 -0.3188478464432852 -0.0010523434162048742 -0.22635339220711792 0.09328788242027222 0.28548918074821394 0.2436977944606909 -0.03867598558349038 -0.1536889676628295 0.08925573294957838 -0.3538255812170978 -0.09059866317646405
1 3 0.16340418372866938 0.44868575250740184 -6.054151597667729e-91 0.05607100038961802 -0.12098581893919533 0.03225351440390468 -0.3524086101362066 0.09021981824603086 -0.008940711769776344 -0.027313805306015876 0.23612800983350146 0.013611659389820013 -0.2729612408959615 0.004779744042194859 -0.07863154337385123 -0.16494121652996083 -0.0741497509767494 0.3299331310299638 -0.182392907390571 0.19356609575578002 0.13596104463136882
1 3 5.443011995764725e-113 0.1171999557709405 2.9998203124403336e-133 -0.06300379254331608 -0.5079633862431887 0.09170452897734926 -0.46192067366555906 0.13594549280942214 -0.24316559108491984 -0.5644140912388764 -0.2319391644179514 0.011605922486755172 0.04650547503919352 -0.005237774221727754 -0.18213334560156919 -0.11550569178923273 0.1594366679341238 0.21025271972361764 -0.12928740393252325 0.10288561915857888 0.16922299502187854
1 3 -0.016921029482062585 0.1316071684545736 2.390342627622683e-124 0.5384078393803146 -0.04309942575299488 0.22597769839276657 -0.3941079020052698 0.6437080858440662 -0.3206846999963143 0.18967299684522773 0.013782433070449688 -0.03366350724320367 -0.23093121192002447 -0.01003113614202902 -0.15641219076975488 0.4126893047315169 0.03526999246322675 -0.005675404749535531 0.5858745685135889 0.6704614535015605 -0.1253321272567704
1 3 -0.13966158350407948 0.180853488705254 1.3405678372208627e-81 0.04889879996277363 2.0025133468652394e-10 0.2559197766122558 -0.1534191565977932 0.11302061664903743 -0.1502222781212594 0.19216514191019826 0.19627714359186715 -0.3063324672166241 0.3252332617467065 -0.166435755126857 -0.2650486536257298 -0.3289761024024424 -0.05534859159922563 -0.11854090535606701 0.24321478836490615 -0.17758313042652632 0.0984656222843662
1 3 0.07271243809675026 -0.22170069479110702 7.642643147117435e-111 -8.6269801599402e-127 0.18927213811238192 0.1149130460796533 -0.31970668022527493 -1.751124548441229e-77 -0.004917538710169143 -4.574632957074092e-100 -0.11192660517686179 -0.12306620144798538 0.039587583462369076 -0.1481983632607928 0.16485268610566892 0.06808326295359729 -0.3363150347074174 -0.0271728162427112 0.10253078442745997 0.011947651472946167 0.017252067817012103
1 4 -0.14958478441377873 6.873755408441321e-05 0.13635819541129157 0.30681990212573557 -0.05196207478071847 -0.22867389083905654 0.08357320969519026 0.24434814996840648 0.18724373964319438 0.4800002559104752 -0.16678403662697805 0.13021749071662964 -0.20979924828310287 0.3233883915336064 -0.21274111507429666 -0.21874024783736107 -0.3375482204153829 0.66682067298074 -0.2110328587069782 -0.05196034060995923 0.16199884102040762
1 4 0.24458543717957684 -0.05818665083334041 0.0873222557418934 -0.10848994787038055 -0.28066132910654285 -0.1651689221847098 0.09046078897715729 -0.04626502234237773 -0.31407274032982574 -0.06926861411763327 0.32612821483996557 0.014317307638623211 0.14051261834446988 0.17655986928409545 0.006181798851427778 -0.06572265448848713 -0.03420229756148049 0.17629276369183536 -0.20480132445635713 0.024618782383621113 -0.013234340885390904
1 4 -0.15549866373979557 3.382717927682144e-68 -0.12058709928491343 0.4454497390574097 -0.2259332550325322 -0.41282501423188994 -0.2192824297914368 -0.07789950462779614 -0.07380450109593412 -0.015597754824724723 -0.02902795972097894 0.0753362308147943 0.05899125030959326 0.29835759771519976 0.1821120567655496 0.2086603390917019 0.36043780572922113 0.07561652746224429 0.3563104782071441 0.1384362706617669 0.2461874993018896
1 4 -0.00394729530081066 7.974963372050862e-07 0.438611364646732 -0.5574679080048501 -0.08269431098320229 0.2576058854356504 -0.19922617366091616 0.23290370736555316 0.3940926999028309 -0.3283646765773482 -0.10386637721527119 -0.06346793936960264 0.2879609130375705 0.4944719356921925 0.36651843932858297 -0.3142766386553208 0.020161913267641766 -0.5457017734900895 0.3424767984292623 0.14928261478561194 -0.04251179760384842
1 4 0.30138615838718297 -0.18916242952668394 0.06523052108643645 0.19430170276334474 0.1231381054469431 -0.0689197504086054 0.2863705204132652 -0.1200980185150055 -0.23012928323993825 -0.35147152672919707 -0.015227548263177735 0.41534473284354206 0.2825570260715632 -0.12666288330691655 0.2082026630947479 -0.04431001256064529 0.4379168619906506 -0.3078548196541286 0.20037097496716114 0.0461252744766418 0.3320491609874076
1 4 -8.267070901017902e-85 1.999330586943069e-81 -2.6844362302619084e-72 -1.0470043612209062e-84 8.054115536711905e-97 5.540620359628785e-110 -7.598489770038164e-132 1.6660153067916762e-139 -1.6059620145274185e-87 3.2360589896375853e-133 -9.13286847571316e-73 -9.088005682732549e-104 -2.247886892896554e-76 8.359556683989234e-114 -2.1426828272924135e-93 -1.3447704054352012e-97 3.0104240485154425e-78 2.3240251580464404e-133 1.0961584340175497e-108 -5.32934427210551e-137 -0.19313965002856648
1 4 1.1182298876783313e-133 -8.744683920257779e-73 1.4447224796119068e-106 -1.725243440499874e-92 1.3081567200060045e-110 8.75242010937346e-88 7.808571268314349e-91 8.717225233980822e-104 1.233963929921583e-114 6.442288170588517e-129 1.125065196531732e-74 -8.22428362144929e-133 1.215748369933464e-122 -8.906650343681474e-137 1.498813469353976e-114 -2.2868377220040085e-137 -1.3506273896391175e-107 -4.136656668127396e-131 2.2573440246069587e-135 -4.222640796675346e-108 -0.3382949453694294
1 4 -3.6694866384361154e-80 -7.223473104552319e-99 -3.808267613849766e-100 -4.251496697653072e-89 4.2552332447867834e-137 1.1512420413487017e-106 9.175941399945981e-82 1.8024094689605625e-115 2.2452101567220976e-135 5.84102684711788e-109 6.246304493585798e-99 1.3811776414734352e-133 -1.4234490559227225e-89 2.4892716248995625e-75 1.5903904664684478e-69 -3.160850614978775e-123 -9.885223409304894e-76 2.26075988519793e-97 -2.150717273762615e-99 -4.4542055269068806e-92 -0.31579301799018755
1 4 0.3521670909364097 -0.0446021997382082 -0.27635034660423596 0.1847772203911762 0.1040364835769491 0.0811946127850771 -0.3181870907684664 -0.1378774826036775 0.06124980255867778 -0.1826886562671378 -0.004977828518465214 0.12077037252793535 0.38875881821769176 0.3633886295736903 -0.20623570189010593 -0.27058975744442243 -0.03154548011986183 -0.4308693834237466 -0.15675792102595476 0.02593721346903411 -0.09850466693976692
1 4 0.21478949723374993 0.19854955149769693 -0.20909101480258915 -0.4317475443784928 0.3563178369393708 -0.18099297260225045 -0.35462545914166016 -0.22595906489857434 -0.2519396807358932 -0.475625365222759 -0.23679873988539907 0.2218159390992412 0.269892366471648 0.44896063528664 0.25288801578206227 -0.25376644700186207 -0.13172682121420434 -0.08683351127694715 0.33802924920499267 0.14862116262327033 -0.02515430823531154
1 4 0.21067079557487683 0.20991790241123506 -0.3921616815091779 0.010354033942397919 0.28255844194147944 -0.4641733348588391 0.289408476399054 -0.13551187452601182 0.13644825367788158 0.675551138000267 -0.13241616442143733 -0.22597890610614044 0.2913194589439035 -0.23053527463021184 -0.24678442746703055 -0.19176531096304886 -0.8959089639578475 0.4343511699697071 0.3164899144702016 -0.0699849593661522 -0.29773199111852533
1 4 0.20108537715145877 -2.1893017018486597e-73 -0.3261529449569332 -0.29721317375804784 -0.3578933986376909 0.12470652506534162 0.24929879888007342 0.059481308843469194 0.3408670692251544 -0.039473619579619326 0.20213084143959967 0.018893374375106586 -0.19326307661203132 0.08802168199065771 -0.3000637236901769 0.07772299668073437 3.2688414130877174e-118 -0.06389544450707654 0.09604002729357801 1.6721484687120768e-13 -0.2797506223203236
1 4 0.37268697726284217 0.29679781786538906 -0.1451138668878948 -0.2071445874979539 0.06271764019422298 0.1707123307260351 -0.10530505317906189 0.3069772277018084 -0.2071419537613628 -0.1449511635613401 -0.08074359927819144 -0.18624154562482373 0.4109304275996073 -0.22259384517729322 0.11164934777522256 -0.10961728443769747 -0.08265360121588902 -0.46343413125924066 -0.22932622126491573 -0.08215062817264862 -0.20401792255803866
1 4 0.02510475310479119 -0.011743225854440074 0.16336357714587324 -0.18044165165646864 -0.3044301777984738 -0.21186614953830704 0.07145486143279799 -0.13114708856667748 0.31226041279893935 0.47197157273426027 -0.3497001182630382 -0.0071350075384542 0.3415822991713418 -0.0010282340447518787 0.20601238581313275 -0.2493068846008059 -0.2121992391989327 0.375680915423409 -0.29224369966988956 0.021908737939843 -0.02790699338479157
1 4 0.23470376263788742 3.266124957747127e-86 -0.22811690527176912 -0.1954719504594896 -0.14985604170785083 -0.09996649677220552 0.42077449220587787 -0.3021808025619976 0.05676790846474358 0.31050254204768013 -0.2647818047243807 -0.43435102221523647 -0.22013833610574687 -0.015726493194005514 -0.24792486386395418 -0.12287229159868526 -0.20390842395293096 0.6522689829530219 -0.25416083726857125 9.60349535162258e-85 0.08924931371298656
1 4 0.3443350869729854 -0.18440958321941667 -0.10290462433893914 -0.45458370461882286 0.05055024550517443 0.6275072799026419 -0.12824968370002177 0.0698664826007653 -0.03667080806503652 -0.7491775978825945 -0.13802866375676828 0.14091091181223867 -0.03465267152545758 0.0725578382112739 0.3584862644350517 0.3400569223904882 0.45595773387897365 -0.7595270440859371 -0.1478085877378056 0.06113017895648627 0.3669327062414548
1 4 -0.17930745199013895 5.0980922466328784e-21 0.49380084272038915 -0.27634355532597543 -0.16793346215789734 -0.35693108583505706 0.1981160807273956 0.22475197948727874 -0.8230209517980084 0.5070025036035825 -0.3829861569704127 0.3660219684542692 -0.2710866530262638 -0.15982705321405066 0.1544932879619952 0.5215869403388534 0.6722208214433698 0.222619602729827 -0.31254319418927 4.2361831908639386e-126 -0.03687885131088438
1 4 -0.3866087131171118 0.11209569561314009 0.08037798054764511 0.3116294368749728 -0.15855029789645098 -0.12075397089079622 0.19831473292429047 0.023116875059053306 0.2097701490581599 -0.09854927608736584 0.19720416486112752 -0.33529902359787667 -0.02996711934308786 -0.41131435643626246 0.24280438167104948 0.17947197894239833 0.15165632704483967 0.09090052438040234 0.31027210579287806 -0.07395050078491541 0.14468619484050946
1 4 0.3395657005428017 -0.31213515452418017 -0.18538261517713647 -0.07831671128496709 -0.3791886669452909 -0.18122889554962995 -0.35496104473181606 0.11256185202530387 -0.22023966482980503 0.6961055105277522 -0.13860236636319065 0.19194519035447022 0.09646348224952515 -0.3943816336430381 0.269443512343492 0.09415350177618347 0.18531388976578844 0.5057760326135735 0.02945602300177922 0.17723362330839476 -0.01932557412306411
1 4 -0.4162641129281112 0.09938543600599932 -0.46722739807319547 -0.0530628715084 0.21789640053942827 -0.6000760859584037 0.30225684236163863 0.1791364698685843 0.19303944832100275 -0.07972772018944285 0.0710492518000362 0.3154851387157898 -0.36106460945015495 0.06821084808432473 -0.46365754959372946 -0.250116912588509 -0.12026783309087064 0.6685618902311615 0.2854608699935789 -0.16601446481317417 0.1721049605719247
1 5 -0.1443387539922857 0.21694505287890967 0.5492326914930362 -0.0873281313899761 0.2547023862940589 -1.1240818485007994e-73 9.369802996636991e-114 -1.8419000415444985e-116 -0.0433004843083852 0.39880920074805376 -0.3656344313099441 0.356368962959624 -0.15549154030428627 0.08759696163106843 -0.472435938471778 0.1889015134992729 -0.6181872995318207 -0.10443099120492454 -0.34361783535441476 -0.2025261803133872 0.20629667252848755
1 5 0.31607604068306266 0.22674610142784618 0.016901752870707824 -0.6747557817789307 0.2061445339043962 -8.919387398131342e-127 -1.189877568071247e-124 -1.5580644774111286e-115 -0.28080343112606054 0.31113828227007756 0.11084334961852733 0.3157003462512639 -0.30412395136137854 -0.024687723806221175 0.337462487914833 0.11620264924328344 -0.1591482096468362 0.1127092720567906 -0.3097705529450706 -0.018820099462457173 -0.1530399573981746
1 5 -6.332458964365542e-78 -1.3889383793007443e-133 -7.767850296282004e-110 -8.317478904623263e-136 -1.3333942111720416e-99 5.945168000293861e-134 -1.6863214699654495e-81 -2.6487948690676437e-100 1.7497504840647692e-81 -5.253545038285822e-137 -6.993661649844291e-101 1.4893603042897122e-104 -2.2413205498117696e-106 -7.952542409706202e-96 -1.4413408733065585e-79 2.195664073621956e-131 -1.7575367424469934e-86 -2.732162220197831e-86 -1.248103769241135e-81 -5.517339040371349e-80 -0.010678109468138353
1 5 0.3298435074317875 -0.22420613496228461 0.15937314086968352 -0.9516103175721649 0.1915209284829671 4.8798073904274074e-117 -7.630949555266944e-71 6.516431189296399e-103 -0.2638292568483908 -0.21489035424447556 0.07287803024169094 -0.0924172296560228 -0.4386096001620407 -0.06830288531980562 0.5759969275770798 0.20482361990898446 -0.16738744369224828 0.18997244354254358 0.31974203954764346 0.42025989707054795 0.019339553099020385
1 5 -1.2854034419994412e-84 2.8821604717908032e-99 1.058915233705349e-77 -1.8282795174417204e-90 -1.0242568397443151e-127 4.835520187871153e-98 -2.4475082867260894e-133 -7.68137381618577e-128 -4.1279672395070745e-83 -9.33114770977706e-77 3.600649578584548e-87 -7.837842887667358e-73 -7.84558470593302e-132 -2.3392910274933586e-88 8.090021122244994e-90 4.92960084831552e-109 2.1712607773250174e-130 6.432514799105733e-107 -2.344799811805767e-123 -8.626096149742064e-119 -0.36984601957585955
1 5 -3.5607010272678774e-83 2.27128908375747e-93 4.579967779300551e-134 -4.49850191664005e-117 -2.087434066443308e-74 -6.604388145394208e-75 -6.281493205238653e-109 -4.727429774120729e-74 -1.3453575890102651e-107 1.4137800629521847e-100 3.4518957363023246e-123 7.514127762639665e-107 1.5540174700147777e-122 3.68085040626972e-99 1.9949115213244835e-81 -2.4360784472396407e-135 1.118854501274686e-74 4.427684651675302e-79 3.642009366621983e-82 6.434738002113707e-101 -0.17885936503251695
1 5 0.023318908247760523 -0.17054660777008035 -0.6034012051517487 -0.38210380721269077 0.08367496703346657 1.5646949614182586e-117 1.9080274512877743e-105 -1.3140496117699256e-137 -0.057878571737296325 0.17646482766477134 0.1888852108669356 -0.1527746964162773 -0.08905583348284066 0.26302488694880305 0.4594951517190639 -0.07681087340907496 0.19174898147664868 0.36975438627512763 0.337256890177024 0.36873252984936117 0.28434196805355083
1 5 2.5390664953568143e-76 -1.764667877143556e-76 1.0919484266292602e-83 4.2023508396057884e-86 -6.822149549684746e-129 1.7226805040157584e-76 5.345000546339726e-107 -1.0258968564543991e-115 1.2961470626207444e-99 9.699700566029453e-109 -1.2877473976862921e-108 -5.262666735590937e-130 -1.385572651405981e-119 -9.596580842786326e-95 -5.46120986179684e-134 -4.657816569052874e-121 -3.9192214173569444e-92 -1.4043541890371835e-81 -1.1965753204182319e-109 -2.0968433038226346e-76 -0.23892238351405784
1 5 -0.008885184497291101 0.06522613651879501 0.1875771302477781 -0.6113735177305613 0.32443464892511553 -1.1464379996546714e-138 4.5963964911543404e-111 2.282659676113332e-108 -0.20010226951890775 -0.4469218007980879 -0.40190947847541797 -0.015527796957614897 -0.24152540060586453 -0.017590782540329617 0.37289308220494893 0.29632840212925426 0.5133399635698338 0.20978240467286 0.0847928952133933 0.2431974670449438 -0.08879778238271975
1 5 0.2508344917170638 -0.18215378438436 0.10398425193880055 -0.10078325109045172 -0.17440108448810931 6.966164228265243e-109 7.745888271953008e-124 5.906320916672808e-128 0.3312054561448858 -0.1895249632473265 -0.005436218438113798 0.26841309104881106 0.3285475936083128 0.00735159605270767 -0.17959878210412994 -0.30467949628124624 -1.0527896275833237e-93 -0.08525275926046946 -0.20423331506333206 -0.3640021021167157 0.1283663630196207
1 5 -6.721922057678603e-122 -8.127840831253785e-101 6.871918914609621e-73 -5.30149890912241e-91 2.2204409458935928e-131 2.84486402262259e-69 -5.560111300446163e-134 2.5152756182378152e-111 3.651415641483603e-71 -8.404032119343397e-99 1.149918821810106e-109 8.811626190130032e-116 -1.2925477971639993e-99 5.4915419495473815e-77 2.03569112681994e-123 1.7615891854872735e-71 -1.2405731942270411e-90 -5.083650210587684e-77 9.431100788520462e-72 -5.015595604333573e-102 -0.3791178422828687
1 5 4.260093507551953e-130 -3.9713211103763255e-86 -3.473024550774751e-69 1.0097722440294491e-109 -6.706831580253631e-118 -4.9501651122361494e-80 2.560023768598883e-115 6.957437661778505e-92 -1.9434789226192882e-76 -1.3769529259564122e-116 -7.046302396232762e-76 -2.711922225771263e-93 3.75391329481573e-89 -1.5508706319646878e-135 -9.093824777984636e-124 3.8302898677759115e-107 2.0507144509287247e-126 -1.197055154400586e-75 1.6492293797842364e-126 -6.531355770659602e-69 -0.21288562415579437
1 5 0.04033031368836023 0.31676475032676243 0.14017413808235554 -0.4605842648048525 0.012578282076424797 6.0785478075196224e-111 1.6903468694327846e-76 -1.0347152111748816e-135 0.27066630598429864 -0.158628931639796 -0.10330268781114764 0.3282557536572132 -0.20465256384349173 0.3652597461093687 0.5003042304514929 -0.2852771171176613 0.7111892025293394 -0.19412780135730018 0.15294018365885195 -0.25278895992286093 -0.10540490233319313
1 5 0.2032902154455827 -0.23146451447096042 0.5272960775416842 0.26513890726927675 0.43023665925741084 -4.294133363536118e-101 1.802857202457146e-71 -8.42488696475227e-135 -0.23142530172996184 -0.1575980930220224 -0.2521852193686245 -0.2932371055155156 0.1976956126084028 0.03820389213776743 -0.42308636291973617 0.3467106373227837 -0.39209801913389425 -0.11861454704425571 0.2143589060080448 -0.3524046235299302 -0.16607377830340958
1 5 0.07969585468904677 0.05051384260858096 0.2959458173533032 -0.4708386825657829 0.14677015621938191 1.6930922205450778e-75 -1.0646181803511838e-118 -1.972192157389933e-93 0.2390894197575812 -0.0317953404243587 0.2516268170578986 -0.14836400593132543 -0.36959003855577705 -0.07544272102602674 0.6849479799657662 -0.12141635328434387 0.1938573763854654 0.0817750648997525 0.3399125942991692 -0.32878999638891226 -0.16315580703511745
1 5 -0.3624706350142358 -0.29317445472342885 0.45000177672317276 -0.06852422670000234 0.2508242428107884 -6.039656135791398e-138 -2.3214235325843257e-120 -1.3605952866208121e-93 0.14411913811162205 0.13636093457306908 0.025608497587994453 -0.15012614380502334 -0.03126889517353233 0.13166236553854785 0.062285183736197784 0.047950255038491846 -0.741568938666123 0.23915846662931445 0.16549432217671214 0.008394366879394504 0.10006782886417086
1 5 2.893657104541754e-91 0.01951650183068108 -1.9175044874861728e-116 -1.7358495352087522e-76 0.10303432500446233 -8.045709127601327e-123 -3.433956433002202e-114 -1.1891749368473421e-84 -0.06293888581628511 0.08060501402202025 -0.0021639424197440068 -2.1585368286343955e-105 -0.0015766390342385594 4.4214675451306e-05 1.4909842064381076e-131 -0.05867703265182502 -8.537566604387346e-120 1.182177423460481e-58 -1.2104075082381543e-06 4.03505830183257e-102 -0.2872830421547212
1 5 4.9940906475492566e-83 -4.293678697386049e-73 -7.420600559203586e-129 8.30998064638875e-135 -4.711876446152299e-131 1.3605558759367398e-124 3.433194321759517e-116 1.820310748928044e-81 -2.6713007790387218e-136 2.9303744998519437e-83 2.904347292999039e-92 -6.133556543692713e-80 5.9667145033688446e-114 -1.274561694263512e-137 3.759504614891474e-83 -1.910610491884144e-77 -3.164773991685251e-93 -5.433709111434075e-77 -4.538240616994186e-117 -1.1028443173138583e-74 -0.3396259007149731
1 5 0.4070093748546202 0.17676559108800505 -0.45106289087737544 0.23239540526795374 0.323089178617811 3.438980630513783e-104 -9.082068920977998e-111 -6.669299268616192e-68 -0.29467028372172993 0.3813018317360221 0.21968116062497367 -0.15314590289973098 0.011126628010024267 -0.08935520541099876 -0.512567327089942 -0.3021521557531592 0.4880762341608011 -0.30639669406417624 0.11503375590309702 0.17590072830154638 -0.05629640420946915
1 5 -2.0735039095722916e-116 3.2020274510947228e-130 6.108953284992125e-85 2.267821665904689e-104 1.3728082902625741e-93 -4.705080180927621e-77 -4.372442845633447e-106 2.8419741112040254e-101 -5.41860473247422e-69 -1.0843235580165769e-132 -2.616851142894718e-77 -3.624706096239383e-121 1.6320320487293006e-131 1.3841351760947129e-111 -7.398499215056929e-133 9.02630058490224e-88 3.4938199465695774e-116 -7.3551400779643e-134 -4.1438710096071276e-69 -1.2513730213350987e-99 -0.35264510073912425
1 6 -0.5959373660559288 0.2627183093759164 2.9948677725895656e-136 0.2787515887517675 1.4354498932871715e-126 6.255149514594823e-55 0.4121103146849404 -1.6038052208300364e-63 0.5098963214523282 0.5278326226294043 3.768678865426837e-89 -1.3971660326079708e-84 0.4055951460522158 -0.49336948838521544 0.1472820876499614 -0.12193586325294464 1.3451083371860873e-13 -8.8353366510499e-58 0.1491800907763659 -8.038980455215796e-70 -0.3052783728932884
2 2 0.11178260036139154 -0.005616499025465296 -0.5014292996268623 0.3245557229640691
2 2 0.04452730133322136 0.27176150255273435 -0.43264163498457453 0.24068426463931486
2 2 0.23946128147391404 0.05420628908095306 0.4365485173873184 0.20760128709107556
2 2 -0.465173098717964 0.013611982930308651 -0.30123069125883034 -0.6077234355931109
2 2 0.19229820936794126 0.1600624041923735 -0.26169337144106675 0.2383034777042625
2 2 -0.26736823792250664 0.45338160980299236 -0.05148833735852479 0.10765752514480055
2 2 0.39492423163131807 -0.10418307976734384 0.4975233653738836 0.15510987269452522
2 2 0.7457942468726714 -0.11937550625721842 -0.04786560796727994 -0.295745693692326
2 2 -0.05594271654452956 0.08141871789576845 0.023544941689612096 0.12331653827586955
2 2 0.13709300267269922 0.11173640010299679 0.08164172729712021 0.5486375111847289
2 2 -0.20914751212191182 0.23831417273374386 -0.1355774934309365 0.30758551581296484
2 2 -0.21021709756585455 -0.059027516039833784 -0.24494141770069186 0.03901910731495183
2 2 -0.42706789271173223 -0.012153955319704996 0.5863430477625917 0.11021536462236634
2 2 0.1573423553388966 0.5214583852238168 0.3756711691592555 -0.5352772561049784
2 2 0.32986310846040734 0.10629317153424386 -0.30798644433032035 0.5213733672525789
2 2 -0.20222412581719343 -0.12215562896475633 -0.16759398931189667 0.2650230908810012
2 2 -0.33093623808927797 -0.4219093189539793 -0.4262785790436651 0.44576315414504414
2 2 -0.09027943146196696 -0.1526551218242918 0.17958872916389154 0.40971090542185323
2 2 0.5693150793214283 0.09993286065846622 0.13351832535446673 0.3437166194207445
2 2 0.0847060650905665 -0.3675367846597354 0.413781997497924 0.48929568453701855
2 3 -0.10788682922245049 0.1280823129701172 1.589662065984789e-68 -0.041137517918294224 -0.17537838913394893 0.0021608161141261992 -9.99860482760731e-41 0.0007823930557133499 0.0005325717345413698 0.04234738168569899 0.14644602976437632 -0.0736843778092598 -0.09576399628612538 -3.4075316787754916e-78 -0.07808893053812205 -0.12136350394129856 0.3172007969499313 0.03830516534546158 -1.5076775983188796e-48 -0.1447959167174329 -0.33205263878202435
2 3 2.770235118747723e-88 8.57974704713488e-71 1.3396058660675285e-93 3.8141216609605294e-48 -4.6278099046777493e-67 -4.305093335839682e-80 -1.555960778970722e-58 2.3556405906346294e-77 -2.676300920120106e-83 8.225903664188388e-60 2.8115496397354994e-64 -1.6072290452885288e-42 -9.950451618739757e-41 2.3922057135205865e-58 -1.3605138458917427e-45 9.534328663813057e-93 -1.0340842059550662e-53 3.1725754830664836e-89 -3.643187116562121e-93 -2.571639886207026e-35 -0.35644313534695005
2 3 0.321898612483555 0.052863352835733575 -0.33076424584887143 -0.2697291200980552 -0.04363708722604135 0.09813659701915046 0.000453218190726024 0.40066157179085327 -0.03790651161835018 0.21141688367600636 0.367506629723465 -0.16389789589539136 -0.40331776386894974 -0.24956562522674247 0.14103009475538955 0.24755659999757362 0.20787367997919007 -0.2554469088303862 0.0574845773584158 -0.31973414023339547 0.13301603292319877
2 3 0.2583741347962142 0.24593879943389013 0.26219419667322774 0.16776277752226534 0.1226888044952238 -0.2689082755063165 0.13416532251591695 0.1101422452636756 0.015495920355010693 -0.14656040756514854 0.4876237574381023 -0.20311340415834309 0.15708685596132013 0.03507603815258694 0.010204714131617117 -0.012965276293594796 0.3446171267414084 0.24909991811668267 -0.2634336314611115 -0.26276199527964555 0.36277523897246455
2 3 0.3123421887714236 0.0389372253126845 0.4653352806610649 -0.17365374072986842 -0.15747636640862128 0.18772694262468784 0.23973180115956055 -0.13203442130413207 0.25864267802172436 0.33726990783158217 0.138502479622216 0.27190297334914404 0.363084954092923 -0.10852906182476907 0.02329478772205827 0.2567371322180081 -0.2525758747449268 0.35808879409336114 0.23654480206797956 0.05159180458091533 -0.085991226270597
2 3 0.12608446811776092 -0.15444209690856747 -0.1715375103443009 0.1548427889295458 -0.1994175643306584 -0.3261493854470535 -0.15178942101788592 -0.5511984965852803 0.2352732302764852 0.39953548481114104 0.26983467345243944 0.4003612109756194 -0.23656073647044967 0.06836409874335604 -0.15573015984545688 0.20776834179961948 0.00934836082781366 0.2434437370375234 -0.2808148404677499 0.2221198012870898 0.1031282393359804
2 3 0.22480552427409756 -0.4090058768202501 -0.14395007074173335 0.3872226008923073 -0.13383744391559263 0.13394155452881124 0.1747703330664449 -0.26027405798100695 -0.03170075015003222 -0.07588236120129879 0.1568446903383974 0.125296101698832 0.12802574309731699 0.7443386705602538 0.13827647954268854 0.27962998721897 0.14320369797270102 -0.2920434452051061 0.19162836030713254 -0.26108405453627787 -0.09131052229894918
2 3 0.14620909281443753 0.08008100369314616 0.35014433506090115 0.04776813098616759 -0.24835693793204314 0.1220921972782443 0.08193060711482665 0.3340628483587822 -0.049563408405160846 0.36905759574438524 -0.3066226438112996 -0.36711453513093345 0.09903736054370924 0.11612302936802085 0.40288920664031186 -0.1697302748711946 0.3588770908359782 -0.03333263718419829 -0.2391247667897799 0.23401496322293255 -0.2563447638192658
2 3 0.2814587882781028 -0.16426440033841666 -0.026751114267662423 0.4787649938386102 0.13304184044230077 -0.035512603702 0.13819041655692488 -0.05989126634715618 -0.12526664322697406 0.02933456156351822 -0.033158383068532145 0.20185388544787006 0.3966826530819284 -0.024646425086116617 0.17141545720488546 -0.019355947652522403 0.2768646478195106 -0.27135066686819725 -0.20252615009968938 -0.4202877395420028 -0.31328728466053357
2 3 -0.010919897268079556 -0.161044173578971 0.16390799921908936 0.03606274162429542 0.13813491266712669 0.13483389165523524 -0.058511001185031754 -0.2243149588879395 -0.2816972137857796 0.016322493013380103 -0.24567445609732583 0.3443459877373306 0.3586682637913475 0.07956659030816175 0.2989751543348376 0.4055911123011873 0.1641753087435856 -0.27135860763928105 0.09759607961289327 0.3437793344512997 0.2572827916201905
2 3 -0.2139024761385798 0.06282047144576447 -0.2660647730162908 0.37306292772051075 0.08100955922187149 0.5600545178456813 -0.293381159477504 -0.20719933074191546 -0.0938979707609827 -0.35176113234320194 -0.12277273693529756 0.041959828856725105 0.31587575446329735 -0.48490410962888 -0.19599336359371247 0.027096330159052495 0.46744334277006727 0.03244519828130987 -0.3324132348476574 0.08132517844048111 -0.37138815904955325
2 3 0.21902904394400133 -0.011428926272702616 0.19260109279489543 0.3793754919650977 -0.13088496969367241 0.3449907708708038 0.20103444034761622 -0.3452131926882689 0.14640730652299205 0.25524861185121783 0.31229723103461526 -0.2589584577728586 0.37083189189815724 0.2057715469628721 -0.18640021050726074 0.1749489477893671 -0.33354166740892544 -0.13961217631981965 0.047378495298970834 0.22822016063920916 0.11650011851523594
2 3 5.4094032283880926e-89 -2.452916267086855e-80 3.87272322626579e-48 -1.6423018872570617e-41 -1.3648748541601725e-92 -5.922548853304446e-75 3.052202182262965e-33 -2.9550095935481415e-50 -3.5949327127131397e-84 -2.470409289192898e-94 6.543786762367273e-42 -1.0157210882886151e-48 2.750462517277904e-35 -8.597396826912653e-47 7.56763021745125e-96 2.2191577650463008e-76 4.1690208156098187e-76 -2.1951020589314432e-32 6.897520672848564e-71 2.99295919158091e-40 -0.2765977423436446
2 3 0.2940128082744082 -0.27022245748745877 -0.30249703395282024 0.17637641935482595 0.37150478444423346 0.3316962890711085 -0.051013333096815966 -0.13983530670369626 0.21571068215871042 0.30919965511466085 0.25016052644630127 0.03174467775366931 -0.2441002272129555 0.1078392968638909 0.42674716761686265 -0.2335119519177299 0.3786936500495311 0.03763772983137079 -0.040858933396727956 -0.1430038737174537 -0.31643864993626625
2 3 0.3790834547469562 -0.06280779631570581 0.061366031747582685 0.1527347656880152 -0.2845538177300496 -0.2144248036046218 -0.3571898595238066 -0.36853373761428004 -0.26313623778399775 0.3699085079692743 0.38488800936955503 0.028593979889435753 -0.07337240872296938 0.3047309643242612 -0.12838235411950652 0.2716628913840263 0.14547054855252287 0.0817375981725911 -0.41491340488129086 -0.16539029999827926 0.4197242092227165
2 3 0.23406845770584928 0.3264384486797394 0.4210179557110275 0.3192433873096937 -0.1784842891607614 0.5629356686388963 -0.16650879413787245 0.19771122034641386 0.08484229948221149 0.003965756739326348 -0.10297550944127175 -0.09819030992327533 0.006764941754735566 0.18970377514348186 0.01957187238160639 -0.13197874633915327 0.3359016725131475 0.43125027641215025 0.43606516474212664 -0.2434159839381256 -0.11820370822942569
2 3 0.08732256460659603 -0.03439517679933668 0.02439876232484003 -0.39288330545419636 0.33912673061484305 0.1877120418594827 -0.3786904483467839 -0.046574071861688424 0.2074233791078379 0.1457986314935617 0.5465482735934257 0.21329432482732552 0.2863962810738972 -0.3072622268147171 0.3780597017406782 0.29004069941228044 0.23761074537806787 0.2186090019923863 -0.33535964236769256 0.16457342638862163 0.1034629161040796
2 3 0.1824196771305085 -0.16873135255955765 -0.26783557534131314 1.2267206983024473e-86 0.3536109876519359 0.5378067838900052 0.12766295150103746 0.1624744902226454 -0.19390503676887277 0.006107285763575771 -0.0029578512182966642 0.3282937159581592 0.10176455988194659 0.2923240883187202 -0.2307550001362254 -0.7429875349833761 -0.5641059308296241 -0.18859227713198715 0.051098070423495304 -0.3930404546046935 0.09373072440863117
2 3 -0.12659412871919865 -0.031176238952314358 0.11613693674945853 0.5073256300717973 0.12249508249649745 -0.7143229766065291 0.019969164984743788 -0.0682991483977673 -0.5433702073370889 -0.1647704794527832 -0.38677567715674294 0.10358464937563344 -0.02612432049142222 -4.084169231451266e-49 0.19285792727222367 -0.08982089655055278 0.2867038922576135 0.1135940325960807 -0.1555276386797414 0.1354918459736486 -0.22761204038332875
2 3 0.09052107787522667 0.16828737775097038 0.17208288185121404 0.08995404810802478 -0.2550470360805733 0.17435775305844806 -0.2052027210186917 -0.31373702455542396 0.3263660013180005 0.450939714419833 0.1960956957374369 -0.26846671223710566 -0.29824103299693006 -0.44162975323382175 0.03160657562741181 0.022765163580449072 0.007704173085053244 0.24990443265190007 -0.44863469092846203 0.35904653458495106 0.11661064418373959
2 4 7.93833638945372e-73 -1.9747276032397085e-32 4.823708957803394e-39 -7.088031916751471e-30 -1.6170406609457885e-30 4.366463026209784e-87 2.8167355156165965e-38 5.692258647012693e-29 1.0861806298720125e-89 -7.607109915823704e-65 1.0326264074191054e-70 2.4897036208615714e-61 -7.815240332961343e-93 2.752784388102237e-40 -3.373863527533924e-68 -3.9369618812434723e-84 -4.165247480073461e-58 -8.467517602674496e-34 1.2996232699671794e-48 5.784497183429421e-49 -0.2915138027485139
2 4 -2.4706235046455302e-61 1.6689068909630003e-27 0.028624562212920753 -0.34777945723882553 0.22139435848525266 -0.20917603771616586 1.1216293387239407 0.04960721360867493 -0.19395060980174994 -0.10557745903257351 0.2465185327609992 0.16429957170151355 -7.290918089712224e-28 0.46289458004339723 -0.3022912701372956 0.24299468376468056 -0.3711586410244295 -0.33919691264764756 0.07641250516450401 -0.015957254095845464 -0.2882027556187077
2 4 -5.7636884396923664e-27 1.206236435716452e-56 0.29815448668209 -0.23324141631681083 0.14146030374801788 -1.4192337027398335e-59 6.241640304667443e-37 -1.2540771481815565e-55 -0.12462398790759012 -0.1754303113501621 -9.205639679414737e-29 -0.18889144947624162 -9.634841387475327e-66 -0.10813520852822364 -4.7845132762276805e-73 -0.01811349417973684 0.2060569741432236 5.528552567016267e-94 -1.7414038356837795e-27 -0.15037404003952493 -0.1936862814137632
2 4 -0.038667099219442135 4.3328222501679145e-45 0.037088961789510974 -0.15868827208563877 0.1956084395127477 0.42638164635742176 0.2793255289356173 0.128136219760359 0.5349661241420934 0.2695300072880984 0.7996040138109666 0.08737670734628333 -2.0434245352815984e-63 -0.1190391940741988 0.43879789828896343 0.6139906102873156 -0.2088127751862494 0.37848326399168924 0.7922508027966685 -0.423778538276337 -0.29758676187738053
2 4 0.08713761854197344 -4.64905497878735e-33 0.14629847896113085 0.4132398102266614 -0.2774032997620395 -0.08859110937852538 0.1324831522866674 0.10420074779079114 0.040874056755702846 0.26577379759845876 0.31189455324781074 0.3790403600311877 2.563935526835274e-29 0.14330720087980153 0.41035862949828844 0.037904011154412116 0.36377229644556186 0.180173126965761 -0.07619308808461277 0.04763477042757724 0.16402818168596808
2 4 0.029680006183366508 -1.6377155384881875e-48 -0.07765916872848094 0.4322921618591644 -0.12431082040059868 -0.05206878660045852 -0.045490244448058235 -0.1176360034108928 -0.24199461540853628 -0.006335843997783709 -0.3619855991549898 0.15804046505511646 4.837951403699874e-60 -0.3630251147062139 0.138555100159012 0.0003395012070971727 0.18042727710801384 -0.2974867782771604 -0.7946163389132194 0.7604359441053443 0.1578484279752047
2 4 0.037996202945049184 -1.3257332449617547e-45 0.14143169804531272 0.3590034320503051 -0.13796928906351696 -0.18494359949023914 0.12233027513691029 -0.15107108391400412 0.04122753431506447 0.25438772028522855 0.14466901159943388 -0.20455058110021 -2.9169401028278173e-58 0.30397536954031873 0.32612292145305055 0.1897363947952716 0.20836150525694055 -0.3756975437839787 -0.6561707593877798 0.49229416977722884 -0.06460946921630627
2 4 -8.328463662756675e-91 -5.252135274695139e-63 -4.756035484908083e-29 -2.192799980327134e-35 4.026551871873193e-32 -1.512321656953175e-61 8.247368312836312e-33 3.4088334792669166e-27 2.925948340472454e-73 -6.744682595721763e-78 -8.697931847141154e-59 2.3318329438968322e-40 -6.322799477046179e-88 -7.187766210679827e-82 -2.6593000277851262e-49 -8.68512295306168e-49 -1.0743762035906565e-27 -4.2396151007523253e-94 -5.002864327165249e-67 6.749984321999759e-43 -0.3820102369286243
2 4 -2.0598128465297994e-82 8.805025970880134e-55 -6.020865428599783e-60 -2.370837500344582e-31 -1.4600914575678953e-27 -5.809926069886754e-34 -2.5970148961026443e-83 -6.533964869937619e-82 -3.0559051670911417e-28 1.960241548406242e-38 -3.77008576654602e-30 -4.38425092987695e-81 4.206409934401647e-58 -2.6288920606771133e-36 1.1077893576979087e-80 1.7172059890394158e-30 -4.328706245860178e-40 -1.951634151157475e-42 7.25140013455698e-42 -3.36880027277703e-44 -0.33895919729924223
2 4 -1.7782060376219633e-40 9.374359899059545e-90 -2.157035202422297e-56 6.20516465761419e-33 -5.703249553930341e-29 1.6494888787103153e-86 2.330247807314905e-81 3.2278222733759704e-57 -1.2694444255201487e-65 1.3969307217988375e-54 8.364511519553174e-42 6.5413294312536166e-83 7.023683857894797e-75 3.259531419677829e-48 5.396119840844135e-92 -1.1319735315144037e-29 1.019533403931717e-36 -3.90384675467194e-34 -2.202108197857696e-55 1.1829273815126912e-61 -0.2600924552686892
2 4 -1.0319298280066056e-70 3.8107358193285086e-48 2.914589623795364e-88 2.5528430699155252e-89 3.435956196314248e-82 5.00988922920055e-32 -1.713880012496867e-80 -1.8714106493427193e-92 -2.233137208795985e-60 1.297861088008602e-41 8.942192064714463e-78 -5.280650366951568e-35 2.1557260987002864e-59 -1.6664999726908866e-83 -3.42857575541067e-94 -4.1464805208528124e-29 -2.4433608011778794e-30 -1.9076433866778877e-56 3.6491831617649925e-73 4.963855228597731e-71 -0.3437944767960092
2 4 0.11683092719261266 4.698282919178025e-42 0.19176843991939702 -0.2750520490647791 -0.3752882935825185 -0.28118551912309053 -0.12115405871671543 -0.36486563782659637 0.04571805492115199 -0.18523942851794864 0.004056901647338009 -0.03864883303150817 2.829215796808524e-57 -0.27711411809619585 0.21171113136592648 -0.18428817307930842 0.19904415331187053 -0.2750824531237233 -0.01957012602501218 -0.1570268038194882 0.273122510708559
2 4 -0.03508636276992503 6.300108855192499e-40 -0.3244287365813092 0.19767082961554613 0.10368379967468024 -0.5454429818010843 -0.11861494452529622 -0.29797416522499426 0.09274123275439755 -0.04343385645248912 -0.2736870383862625 0.3747183100110596 -7.1914190144028845e-31 -0.43522482513011673 -0.3847818845679062 -0.3579672773784046 0.29990318640897057 -0.10639360197802974 -0.5320052545337193 0.05410736199883671 0.33111484057270324
2 4 0.00011022139057083122 1.2366633627858831e-65 0.2952300184954896 0.01071530848413287 0.2595344699089841 0.26875033535272314 0.09428839257075051 0.32736938880106076 -0.06472664101707948 -0.1063217371136409 0.24856643626816913 0.11185561254846516 1.3633037108750674e-86 0.31589478744275235 -0.27306874487319477 0.08675060853256994 -0.411629236151114 0.5238127478800485 -0.29118218904778254 -0.2924562842667654 -0.3259112161583423
2 4 -5.3207539950346e-72 9.55911321540255e-28 1.2675640403740239e-50 -1.1403647707501857e-56 9.935135924960377e-31 1.0721556695011235e-54 -2.2174503405087893e-93 6.3654901689214805e-59 1.0278252011513902e-32 -2.1526351402949115e-49 -8.835954956763179e-82 9.709258354049098e-80 2.803850529534297e-39 9.049833461211457e-43 -1.0200455236682962e-82 1.8517296198354393e-28 5.284937056344865e-84 -1.066038367799168e-88 -2.2649727140173364e-43 9.421474190262183e-47 -0.23712302647859326
2 4 -2.3007377642580273e-67 7.491936173091047e-69 -0.009381543767516726 -0.23504187377342567 -0.18393199966530616 -6.760535140277818e-67 -0.0014402121498568834 -0.05662045861225113 -7.870743920601869e-06 -0.02210725759217637 1.2913075469438424e-79 0.33628098807976675 6.148883460090588e-32 -1.0194728636685962e-14 0.009349374479848956 0.20636486926491968 -0.07261708644962267 -3.300403087797039e-60 5.804247244356279e-70 -0.004120572914402402 -0.10026508609887767
2 4 0.012459709400182158 3.62817667455827e-39 0.05433070391539012 -0.02231520496675373 0.1883403421248791 -0.13700485361254294 -0.19483028243991593 0.43431092857990294 -0.5329575893761015 0.3713104221283726 -0.33888093756858256 -0.017721767359383918 1.0166624548622271e-90 0.17700487599196338 -0.18462748806684928 0.1573606806390085 -0.04855044532963027 -0.4103488311363928 -0.814071937452893 0.14290938760671518 0.10295176796518239
2 4 -1.283241833292496e-78 1.0705387803058788e-79 0.06769752615171314 0.14887068356287983 0.3098791086015877 -0.1935739302637041 -0.15192943410153456 -3.2541985741012606e-08 0.31963606403919803 -0.1465918124419724 0.1458039861183918 -0.04281050750904647 1.090515080898626e-74 -0.17761219555008492 0.26989832015485155 -0.13309095799492077 -0.0502388121437161 6.869523784821922e-78 -1.3704491376908732e-93 0.004355943414397207 -0.3440544773260478
2 4 0.0832392773788066 4.230117581602415e-28 0.06420208803169464 0.26147872751679685 -0.2817910017004483 -0.0832137562082437 -0.202877022098473 -0.06633612964131172 -0.09746143512088008 -0.29004394114749993 0.027206379329178073 0.12960143922127107 1.5682191879996553e-91 -0.09669316709836016 0.20642282478380833 -0.295466533986202 -0.24319465353089795 0.15047248130219004 -3.7956628810070115e-48 0.3232584087726344 0.038101745668199204
2 4 -0.16919796933303932 -4.431437482313062e-86 0.21982064756329012 0.2815262598354102 0.27439832161887817 0.1037693588444739 -0.2790543701159111 0.2637872596926095 -0.18361808071406224 0.027146895545780567 -0.02320055398723174 -0.2893987626023935 -1.7135723825713235e-56 0.18671374475240346 0.04376355132494375 0.14683890608813896 0.14112976379727013 -0.20780758826760914 -0.456856802163689 -0.2846751098121511 -0.207099141362131
2 5 -3.532653608867479e-73 0.1298882473647155 -1.6197394770376435e-28 -0.07867811298138508 -0.11053528404914018 0.3215576433668392 -0.023890435042956317 -1.55870030260606e-27 3.8278348287492106e-87 -7.176857797134846e-77 3.2599858680746615e-43 -0.20754768580626154 -0.21595212575837844 -0.726953760744762 3.04338074916962e-81 -0.039570288199280254 0.22683737277219082 0.017202232004847242 0.3301292403993983 0.3664050857231087 0.40319762116431634
2 5 -9.459707092994421e-57 -2.5805707356527313e-34 -0.0009431829844519684 0.14102609293594656 -0.02043259478168293 -0.19432008261384498 0.14758642164321437 -3.269125802703545e-67 -6.239222055175173e-74 5.116054449700532e-40 -1.9768854236420248e-63 0.31316638413230863 -0.09158448125144397 -0.022451885546351563 -7.583074425988973e-47 6.891117263771974e-89 -0.2803186287166113 -0.10635126927299317 0.21042978341895616 -0.3178950896441826 0.05526252021318613
2 5 -1.2375373806750259e-51 -5.5344826097086765e-08 4.794531559634943e-45 0.0004200508335072053 0.025176153933170523 -0.005239582456547694 -0.0035186894208321397 2.9732770184166076e-89 3.132487946312379e-75 -3.2042605978702644e-43 1.2876781281477744e-48 1.424297157869762e-46 0.21911908500347144 -8.767895104559884e-46 1.0215045243487486e-92 2.7166940197735652e-40 0.06036004693546694 -2.3094272127358058e-61 -1.2593866598345733e-70 -0.0005217139789517547 -0.2523267385271238
2 5 -8.83807188327706e-40 -0.13896878323029932 -0.0016370911091890112 -0.3965226469211806 0.3069281337846343 0.16875612533496645 0.3544550507397443 -1.4008666473239567e-32 -3.074176710148531e-48 -3.0471307929710463e-75 1.2295382601297335e-58 0.23657518938709698 0.09168748982592463 -0.330361288360224 -1.0914346170346138e-52 -0.021834402109198507 0.27379237687029845 -0.02167009695801319 0.2519450717167858 -0.10272767662837436 0.2711769931155029
2 5 1.0973676964921623e-87 0.3001777829044071 -0.057049814731131875 5.966955462868048e-79 -0.0906120665393254 -0.38624331133683926 0.05988465323702907 -2.5992253153627604e-47 2.563566675079815e-80 3.2261381411760333e-54 2.562048056864166e-56 -0.2958075421322693 0.26428921693659213 0.2366896199344018 -1.0661645431514907e-88 0.016492849287827314 -0.3849809756686639 0.08202759870228271 0.3202562428807104 0.1837353286024346 0.06978921275379707
2 5 -2.6023715717680626e-35 0.2667141907523465 -0.011405138973612615 0.8519665472907288 0.0418823219331469 -0.1175601294119721 -0.020851902426255058 -1.6867449737781054e-56 -2.050798853781009e-33 -9.136284647678123e-89 -8.462848053583494e-46 0.09339325748004526 -0.020669231143395864 -0.045907832609718036 2.577423364256637e-85 -0.11763122812878034 -0.35490232111708103 -0.1671470940121672 -0.06715875910337787 -0.4222384053570942 0.17083555893476393
2 5 -1.6598093754129327e-50 0.19852545848372924 -0.015204066115364706 -0.5489901305884413 0.38272672988398354 0.36194833683971744 0.38498531630591953 3.1926320502691647e-46 -2.6251445537557283e-34 1.6082319698670894e-54 1.640717761333221e-41 0.0995649406201436 0.3916360694633123 -0.5001234656520699 3.9649200417790424e-78 -0.1340382765176423 0.3417241053103199 0.18029721695283754 -0.28566834284404513 -0.2981755447670829 -0.05220899123372632
2 5 -6.969672448301742e-89 -0.46662888678762743 1.7070386196271478e-92 -0.6766027423265913 -0.20314027069686447 0.6070423343861882 0.13317203516694154 4.5036784813931756e-54 -2.700388083402824e-67 -1.7378187259712193e-63 2.5926604430087407e-46 0.024986203819085295 0.010831353461109963 -0.9862560768690364 -1.8896915133565548e-50 -6.041027509840093e-07 0.4503548113445403 -1.4550140055446274e-43 -1.9609258337697548e-31 -0.0594833557313671 0.2788684786199582
2 5 -1.8051826115776186e-58 0.2003848024944085 -0.000813801214122627 0.04369302913492054 -0.04287252191156218 -0.0643337651882117 -0.05403896814573486 1.7978546882613678e-50 -1.3428435096666877e-86 8.271458949480105e-30 2.11076377314314e-28 0.19995106723043807 0.2118881850093635 -0.5623332498309812 4.4771051545336554e-60 -0.009402820577205567 0.08135670915310975 -5.416404913397195e-06 -0.2691212522559126 -0.07039767236611214 0.07889050224639944
2 5 -1.540391353284666e-69 -0.12409340507756392 -2.8632176200137066e-10 -0.09535749222739354 0.35870500283360673 -0.20402636268454244 -0.2994791665411665 -7.460010874485951e-95 2.5955775329863405e-92 -2.4522728760251625e-76 -2.202422652905547e-38 -0.20343374432541825 0.3654176670193404 -0.4933953608937319 -1.0794812689504777e-42 0.000348060281923706 -0.18352324130909145 0.034847145307448056 -0.28541116664997346 -0.2896583799519187 0.1577935126681705
2 5 3.756407502502306e-73 -9.842719796475083e-53 9.363283163400126e-72 -9.637753734556808e-92 -0.18474741014860038 2.723352754481806e-28 -4.20847692273516e-07 3.0020182437571532e-89 2.935204274731385e-31 2.289249579776916e-85 -1.7979580949149453e-53 0.2367177005273869 0.31752950444866435 0.22278481758041255 1.1379425192097474e-69 6.401817006224319e-57 1.621290673979532e-52 4.234540826304568e-57 0.18486288615917812 -9.468605120391327e-51 -0.2656805026581938
2 5 -1.3490192128829123e-56 0.17633118688283972 0.0001396717876578512 -0.7069283757637882 0.3107500134790621 0.1952522699918703 0.16899391739064398 4.8937988442118853e-39 1.5050318799283587e-40 -1.3919340702388983e-52 -5.8758580963454014e-83 0.0711510282733929 0.19558406998049946 -0.14875327250977843 1.0561171775384538e-54 -0.02620805883419465 0.2885652425950368 -0.16954456397056306 -0.020833637602592468 0.24330645416322605 0.37564401956849774
2 5 4.715477406137244e-54 0.18262309883872363 0.02893403343798575 0.2515985301722566 0.24723026473223297 0.07372064075918748 0.11763000859745046 -1.3290012831778899e-50 5.485537568599598e-62 -6.570138418271874e-77 9.893371248875522e-43 0.1636611175606069 0.25809621550492906 0.5459660354635014 2.9168436228995548e-39 -0.11984667540967697 -0.09344520905652162 0.22719186735715194 0.32655174358451744 -0.20677245528881533 0.2436769827980355
2 5 -3.3277108287995597e-45 0.43378678393939785 0.007455367292352827 0.5387549764413604 -0.15113923628580253 -0.9251187718752371 -0.16472311356233615 6.265091023726253e-29 -8.079183188421162e-63 -2.68542814648676e-85 -5.5976711136644815e-92 0.182952714811617 -0.41318457772711875 0.7362069925614539 4.2786153971244267e-63 -0.24492104365406656 0.19363617049826948 -0.045576168445694974 -0.19524509927229258 0.11411935249759746 0.1523892641812765
2 5 -1.78890878403221e-50 0.22577552949611432 5.635266249945559e-92 0.0603498822915673 -0.021577170956654283 -0.2010878774184194 -0.1685505099153836 1.0323715265219103e-39 -6.298433265701014e-28 2.561998772575011e-92 -7.978544223167793e-95 1.2883787302326903e-90 -0.15146144639252232 0.0009679880222024593 2.350784997442917e-62 -7.65907105730267e-83 0.28861133423528085 8.449634882082918e-31 -6.934489069262636e-82 0.04555383645335121 -0.28802188739683715
2 5 2.531714000809057e-61 1.414700218104858 4.672949557066731e-76 0.5320589699774868 0.14014522274143631 0.3642797109380706 0.2109007261384229 2.9149312491376145e-81 -4.078608575563523e-39 1.2518466623602536e-78 -1.9333110731445017e-35 0.31427443427211976 -0.2146618291789549 1.0742610170936178 -2.0050319016777116e-43 2.6771036347003563e-09 -0.048812275740430525 0.00021686227405472614 0.21652841063964984 0.2984161470759349 -0.2525466947992429
2 5 -1.2768571517667514e-92 -0.01987514267582599 -0.007269447801035757 -0.49401812149699925 0.09281142498080915 -0.2024109011788276 0.014614404140536497 3.0386483706213176e-64 3.610117331452024e-48 -3.323483496504247e-93 -6.430142929193788e-34 -0.31839429664410934 -0.2502017514965648 0.06558673031546308 1.2128058648903775e-87 -0.07833908735712794 0.15454397073740922 0.17782126013687308 0.33723922909266685 0.3139885873963468 0.36587289880067536
2 5 -8.161641157745468e-95 0.2970141368807346 0.08384690479850081 -0.23024236898259554 -0.34877145416309757 -0.027764544036308705 0.07538970725054316 -2.48394418183659e-92 -3.835086721292659e-53 3.403853248884049e-94 6.339029424772374e-38 0.34303417736770087 -0.19370097146025442 -0.25068864300709814 1.333323604224089e-50 -0.18401213676824366 0.10898940570251123 -0.2342247901422517 -0.2969863304947719 -0.33117116380784045 0.33684525120362874
2 5 -6.119643276818327e-76 -0.14371383127866907 -0.0005558543064866132 0.6365210084040274 -0.07920491923736453 -0.21790933952499916 0.09794756038066502 -6.930351679018651e-75 -8.904558497459674e-55 2.537519044687195e-61 -1.3292781160194531e-38 0.23675111938908766 0.03396947952904562 -0.12587060358204297 3.449652242085256e-47 0.019321883219571904 -0.2348873175456032 0.12954594325258836 -0.10120665454386552 0.20590409650753455 0.2623814436570605
2 5 7.724425126782693e-50 0.055902744707948 0.003948024343850397 -0.48103019083914944 -0.2449977757887058 -0.19227430573998747 0.08062760154863205 -6.272049585511222e-34 -3.657823292967607e-48 -2.8232615669807076e-80 1.2750646434967256e-36 0.2170162416662463 0.12375291909180013 -0.7212522252278608 1.1379005512543705e-47 0.1459156965178446 0.4042157200605299 3.934976351323541e-05 -0.3601862612752238 0.09404660761374073 0.28886326011752494
2 6 -0.17866217892580785 -0.1678750325192029 0.0017901315878974895 -0.18548787777229828 0.29795165031604287 0.15504564756803255 -0.34408466419810857 -0.43573839052017477 -0.3923835546449334 -0.09857236780245397 0.037764638948062174 -0.16083609655403314 0.42371774579485716 1.014098697384796 -0.3455938519327886 0.34004729116295446 -0.24567454112324302 0.48939526233488995 0.07260170327629556 -0.4436648444520145 0.10053051785212712
3 2 0.1740539090819054 -0.45771471368756267 0.2789612921845472 0.1688967410898018
3 2 -0.4376416214175404 0.08927304226857653 -0.3403712728105859 0.136060574511183
3 2 0.1513307362210847 0.08901985162893887 0.5929909279472425 -0.4034504327507195
3 2 0.22799003436909476 0.19875275477770293 -0.08480261248099583 -0.2576375957371675
3 2 -2.0689653617373854e-57 -6.48773620591087e-92 -1.9091501187241325e-84 -0.48856560167859964
3 2 -0.2610813409990861 -0.20252121934448594 0.3247241148823744 0.3469942847512611
3 2 -0.07409421579245812 -0.4256749214805431 -0.5342324386623285 -0.5070158597932979
3 2 -0.02549925805054035 0.2538848686786451 0.36355520249103457 0.11534022606228116
3 2 -0.010269435584905345 0.006653620769316786 0.06652608862270541 -0.07908076150096435
3 2 -0.5972823551680815 -0.5613406221818634 -0.08927748849759587 -0.07733356187815145
3 2 0.087166476872134 -0.48639605459010654 -0.7092347786588418 0.13062981701294157
3 2 -0.21124513557948504 -0.5620035230073693 -0.07790582741967121 0.3289522603015219
3 2 0.10417037867444655 0.47747038695899935 0.041126284683997906 -0.36047044366844416
3 2 -0.07175945724618199 0.0433828134832506 -0.4205179724907927 -0.3051720377277715
3 2 -0.5558428013852699 0.49053495900877286 -0.1308476369528124 -0.10622287489087752
3 2 0.6797927372266053 0.40114565941573543 0.04678870813189534 -0.13209812111650446
3 2 0.3272851452537046 0.3539924940304041 0.26297823939655596 -0.2025480347637345
3 2 -0.1807209247770778 -0.004227594911353628 0.3756731946096666 0.39641826074793163
3 2 0.05727087952486639 -0.3234505947718097 -0.46520866947035727 -0.545704568121239
3 2 0.5523533276534058 -0.4371960477487203 0.15896207436763252 0.11100863068054963
3 3 -0.23345695481060805 0.09961701711398774 -0.5140711346880227 0.1789923077124813 4.815506146334808e-83 0.22959792944385357 -0.1555343004241871 0.2961573626624701 -0.05558836083067355 -0.18028689230444797 0.35805753864695217 -0.11845984791678149 -0.33638239053177355 -0.10366382034524502 0.22794742000236806 -0.07374511468686958 -0.3772528491546732 0.3605394279604159 -0.3820672208366016 0.31774735923134884 0.22856763860104104
3 3 0.23525385322411485 -0.260782012425133 -0.43979511808003774 0.08001629747279593 -9.180371271117993e-99 0.23022309413860295 0.1831076718851717 -0.2362092335431318 0.0033112885753247335 -0.35254091932913206 0.4396881458187624 0.3165833859757578 0.11856815976292229 0.14386388177707646 0.22756096805197967 -0.1790999525751079 0.3467634048154421 0.013012007740745582 -0.05005427719437557 0.18761045484531522 -0.0006554795541104702
3 3 0.1100051404513477 -0.17165005982907267 -0.09798330956870249 -0.3293155913917083 7.0808828333789485e-37 0.4017440522933562 -0.08233378147056467 0.09951774816073583 0.17289384950918682 0.0664248482573397 0.30022309749843695 0.13386101348847046 -0.4912474088652825 -0.052647740583145655 -0.33867242071452264 -0.24079314670958235 -0.37798571685928894 0.3757809453902711 -0.293028181777733 -0.24293414283436915 0.456657973826158
3 3 0.25233632066384515 -0.3219312923862599 0.07387733180364103 0.1340851330754221 1.906986575721808e-63 0.2228112328174298 0.04953339734324034 0.3877476938961683 -0.09624622302274012 0.002206959367247631 -0.4326193452376446 0.06585263729869124 0.14467446105229648 -0.0028257709327782605 0.003830116038378252 0.42269095539387036 0.2969353013990987 0.12007181729810164 -0.000789631508799334 -0.0470047562993535 -0.211194474301976
3 3 0.18265415443759792 0.31130944711425146 -0.4768105625968834 0.1355866537476066 -9.936165210639876e-73 0.07343653415631077 0.015218673992253495 0.014283866160993015 0.07483384096139845 -0.3516230262329851 -0.01669008906699191 -0.2215522294563245 -0.5050658431686742 -0.6264592196767761 0.022601642031092686 -0.22839773953154374 0.18906316880200932 0.20746350543004793 0.18928995464793114 -0.34259902563820926 0.39100104009823833
3 3 -0.4253744910706229 0.017157836719777775 0.2981466543515682 0.3316944865710261 4.8795978713699686e-105 0.10008512430078606 0.013340823228575585 0.3339494135446442 -0.1341373888331169 -0.5400542373412924 0.3454815966855682 -0.1411881240392259 0.5882032543429772 -0.2000116999701176 0.48713457649313674 -0.21081739577685796 0.20851794969344928 -0.1568256433779202 0.3059566961468237 -0.3301954371883349 -0.032705063268691735
3 3 0.35783645103596784 0.2709537506769156 -0.19899949734999198 0.2780512777211388 6.04331753915884e-103 -0.29345222318977254 -0.19142605215858582 0.23887509011792235 -0.18359999620065726 0.2634098573117237 0.2395938124318795 0.24693442572682323 0.15590197692621569 0.14109237390948018 -0.02063637833190246 0.25346716991221163 0.015766183865360668 0.12323799282833839 -0.28149846588354077 0.27460040081900783 0.11119123818405247
3 3 0.21616303270655107 -0.4635692912314133 0.42290711739444015 0.15616089152442467 -2.79066446638959e-61 -0.04165189170738635 0.176237394435666 -0.12027308470105424 0.26260437187724 -0.31784135343623304 -0.11247995518170048 0.09726953138528517 -0.5555390290239149 7.211335155682977e-106 -0.059597484932475936 -0.010258277076945214 0.16718008191979963 0.227070780652969 -0.09354611815482544 -0.23675966628763792 -0.0955802618372979
3 3 -0.24753696494510444 0.2877385327439819 -0.33273428633912017 -0.2758015800541419 -2.228793896092841e-53 0.013739769120520462 0.1256113238545713 -0.0006955328849858193 -0.03218990857788166 0.4260957270174213 -0.34418937737653216 0.2646988158958983 0.05382756277355247 -0.18420750647672068 0.30947953221336594 0.21963414965511652 -0.14120095955454978 0.02018503458753958 -0.3170456655835692 -0.18257195763197956 0.33177689873602906
3 3 -0.28419238536507074 0.19024292451070665 -0.2760898520838296 -0.40211701840968095 -4.0699822901985614e-36 0.4001447955140759 0.29347195841882506 -0.1519773589732517 0.11120210991502268 0.12282450303898947 -0.09878909158087167 0.18457969972450808 -0.38387710287122667 0.5211980139930036 0.29330832289874825 -0.23476374875917616 0.24860525590334395 0.049537906989834644 0.21217729831154844 -0.310635532355308 0.43678831297733656
3 3 0.22527235641744905 8.813736028880313e-80 6.416825091990466e-75 -9.623591802638462e-93 1.651565306344713e-69 0.15931075975437808 -4.568418224678126e-92 -0.1434212719841058 -0.003953340934499445 -0.00522943286793054 -6.1404344432415295e-21 -0.1448367850710886 -2.1814961901846624e-72 4.443940691743563e-49 -3.387806253880471e-39 -1.5575944023720705e-56 -3.122817347173428e-84 0.11544006087764273 -2.816950343815022e-91 -0.05081114280899543 -0.2931612645467765
3 3 0.3000137033133819 0.10249671081223859 -0.018703863588455646 1.3706099723391338e-05 2.757953161817825e-103 0.22217889997393475 0.1847290813817792 -0.2764686420875098 5.7334260098494444e-42 0.19087138616446456 0.33877880643264974 0.20389115544738792 3.942460109850086e-05 0.19111765302531655 0.1518665603421416 -0.5829381051802557 -1.0693094322246717e-13 -0.30486618875342203 0.3006460528928108 -0.008910246864228281 -0.2982468080835662
3 3 0.16525948777008903 0.3124348683811507 -0.06773768170739476 0.08694291541245992 -5.68617065893795e-93 -0.05463365192762389 -0.027843078216717027 -0.4145073150753238 -0.006496302151007712 -0.2305965812985024 0.1215967830019183 -0.44115180731138276 0.06836964594443941 0.1657469757226117 0.18591549510281968 0.3233565043432166 -0.04001277877710837 0.049081049708412074 7.919626553312222e-46 -0.3561209797656763 -0.2491333109460308
3 3 0.3904067042836181 -0.3095464819691046 0.4395350592760352 0.09966839418349561 2.488225714152495e-54 0.331001011865868 -0.010775258658200448 0.3746422343398351 -0.3298437007519441 0.28927393033709553 -0.08673370711061411 0.21622593338532245 0.2576666081739848 0.3059302432261604 0.38214729378080164 0.4786630552638458 -0.021783902040186185 -0.3180297923044944 0.4128476499080381 0.014263170072650311 -0.21031663112454194
3 3 -0.09883977250610211 0.20648733288810336 -0.03168397083391388 0.46151061074018934 4.1723161430092367e-100 0.23506925081851462 -0.11349400615060015 -0.16619248841519002 -0.022597658962988997 0.0636729306518663 0.2163975156744015 0.18735391215982974 -0.051346705315192594 -0.30012035233472534 -0.2717248519984057 0.3549218167883776 0.5476445046218554 -0.3715581778953543 0.10659330474763702 0.3852250570772211 0.19364670003801035
3 3 -0.0012934677981951497 0.13797780012852498 -0.05588470902508465 0.08888582741277093 3.612844426589542e-101 -0.1581572220903666 0.3243891227185673 0.05348140013200345 -0.195994055828685 -0.32828120506180336 0.1395213370807355 -0.14789091977354732 -0.47404610496077715 0.021230463695176362 0.018821650455531087 -0.2412811899043355 -0.07213680430453483 0.1182472968962135 -0.20695007988153935 -0.09984090499086358 0.3510417311102737
3 3 0.3437307304188968 -0.08436317874299351 0.4385637429042147 0.08375436310571356 -4.073523910988926e-105 -0.30646024787317316 0.13215248273771457 -0.33574374493279013 0.2667750876258347 -0.31877047825713645 0.02370828686026875 -0.39823906112481433 -0.02139576645688619 -0.17945906718628027 -0.31756430969799887 -0.2674313940282116 -0.31184890486081224 -0.1605230049051359 0.18771772299620929 0.34618946105585147 0.14380277462998992
3 3 0.3269261451244935 0.008934132005224034 0.7910388754206988 0.3199267988761984 3.791986536312177e-60 -0.0027882678797569223 -1.0431840375898592e-06 0.09329861789183357 -0.06327405224375905 0.08298735776208058 -0.381699428805433 0.010839188950056266 0.23685788414875716 0.21370075152562487 0.4117088021384581 -0.21267903119822196 0.3059382443885532 -0.10181883378038166 -8.730983991412546e-81 -0.11829858412738636 -0.22235112799192117
3 3 -0.2564909380259807 0.344012644721655 0.451010639869713 0.41322768137953336 -4.2138821687538027e-94 0.31365651019856866 0.3478124779779587 -0.10110966651012182 -0.14049251483780117 0.09314878029164464 0.021955613562930864 0.27365854590091065 -0.19098801526089745 0.7634330638948952 -0.14346342448290544 -0.15489527873391415 0.22599031383560533 0.0138838443683954 -0.15621218752824625 0.18870976110617577 0.16525972273374878
3 3 -0.24322398355696442 -0.2592253127324205 2.4329183589662667e-105 1.0529075692994226e-103 6.943970828482643e-59 -0.09203483447776917 0.010398090119689188 -0.005754292813552507 7.191949752485063e-56 0.2543141025270797 -0.08019451584980873 0.29269074197061823 -1.7287461569346828e-37 -0.003816102037094318 -0.005302543041870484 -1.9808091843621595e-61 7.229316482222882e-48 -0.2408855705746965 -0.08629469159468313 -0.04431655251262336 -0.1646326542694138
3 4 5.84647134648436e-82 -2.387658219623438e-57 5.209429489959498e-75 4.078205548191864e-95 3.399616811481784e-61 -2.209941073497971e-37 -9.466017829522205e-45 1.177137743767876e-73 3.635480221440612e-42 7.496688330439266e-100 -2.6438049291091097e-41 1.1697277856689342e-37 -5.059236125891836e-103 -9.01727723066182e-45 2.3216683161052824e-49 2.0819327214393575e-62 4.681129864263263e-56 4.967431327285285e-81 -2.729312796359998e-61 -5.092740600373267e-87 -0.11304677898061127
3 4 0.3561078297856422 0.2817989911211657 -0.2537842414416977 0.12096403815775446 0.4610859715721227 0.2946175760964104 -0.20377144833938265 0.6849994810936225 0.2099886367343769 0.009747325484914667 -4.866831084946876e-84 0.11241801312836742 0.37152754438749214 -0.22220699107283806 0.13047280978655945 0.09937046816795209 -0.2887329429128182 -0.2502574440668019 -0.3173188217422751 -3.5190373590414377e-96 -0.25200939841009845
3 4 -0.13729129335708662 0.12079858673398212 0.15664439929567534 -0.258645302113437 0.09624538711018184 0.013538932110471531 -0.23941464330614143 0.2414174568063316 0.23727439685947624 -0.08300202772137089 -0.01899768403220503 0.07659719106240709 -0.16595579943322805 0.2094905661795757 0.29455208907118635 -0.057040398076181775 -0.4034037520532735 0.7739115331818537 -0.03911037902315194 -0.029050162689816205 0.25103777158814
3 4 -3.922357839302088e-58 2.9454218219365673e-55 -1.300303468005987e-98 3.42718084176358e-91 4.259596671433779e-63 1.554136517409545e-95 -4.480273774540727e-106 8.958450604329891e-96 -1.8145417455861916e-69 -1.674052583353064e-64 -2.2175479479119114e-106 -1.714719575774538e-36 -1.804779462034836e-84 -1.6267031630617977e-92 8.149508789289315e-42 2.370384693930826e-106 -3.444127381403792e-63 -3.299376995972747e-96 -2.384733456919595e-41 -4.492577390595121e-54 -0.3415998327396011
3 4 0.4448178056897529 0.12644550360692494 0.4325805219331056 0.2920593463397676 -0.15526611536380974 -0.3231339976574637 0.33796343017963854 -0.05815385416734623 -0.0035175675053070368 -0.19333708367523017 -0.045600896297586055 -0.3332019001147432 0.4516935158445516 -0.4355304071011618 0.14259861542584015 -0.23340029009356533 -0.005009583236563642 -0.5685781908565979 -0.18474301801778173 0.09066911549063135 -0.12542331475869445
3 4 5.247301269369307e-46 -2.593724247538018e-63 -2.7562662090766088e-45 -8.266322048626969e-91 1.0717914025487049e-41 3.077058715653325e-72 3.547030458714506e-94 -1.15196698539078e-36 -3.786868964131979e-36 1.789664954391469e-37 -1.6444714803650436e-46 -7.919668193471499e-48 6.873474290492396e-50 -2.0617666089257465e-55 2.3932043035906408e-57 1.8036807730465725e-104 2.465280382132147e-92 -1.6837016746179892e-79 -1.1799389280851918e-77 -2.2214045520296088e-41 -0.2756783884233045
3 4 -0.06285545838343508 -0.019692877334800237 0.18222260371438204 0.3682602425506324 -0.03105935557451013 -0.06680285603593421 0.24599847467513705 -0.18039709071683072 -0.3217542342434214 -0.24150650288997924 0.011961695934741653 0.5259823224780453 0.10432978030913564 0.11193486375658034 -0.04157213971794331 -0.015367986278923666 0.22124285851598405 -0.5492926309099146 -0.03333631927748118 -0.002888219118878609 0.3364962714836009
3 4 -0.17019844806153991 0.050456796968298995 0.027875561559125742 0.050673902829640766 -0.3619074287600114 -0.06213821142445439 -0.04520888195983331 -0.47690211714018643 0.003973136346601897 -0.005405288240324228 1.688833636357786e-43 -0.02933370786749295 -4.3193999446227646e-07 0.3575602925569723 -0.2698271130794224 -0.12809789889844622 -0.03542109699432295 -0.336889682318133 0.01720478839179143 2.2638704247862006e-78 0.08344317472795816
3 4 0.011919857360859503 -0.45217767409779025 -0.37258873580848323 -0.23226650900925785 -0.007954161485327998 -0.12062972958076047 0.3666689094348087 0.011080168348627196 0.42515151328918366 0.43785273283669046 1.1457408658223145e-38 0.32064724205699746 0.08435122872335045 0.4899487201171023 -0.21085503681081966 -0.18675146109352211 0.16924382229510782 -0.7060320684410504 -0.1947341141750848 0.002134450918248586 -0.31190024146050005
3 4 -9.292266977734831e-38 -2.060364531259125e-97 -1.9437575076362778e-59 -1.3223671444452798e-103 -5.495631671043999e-43 -1.1263999728344028e-63 3.1045963968711607e-65 7.581017626987791e-51 -2.297615243829725e-57 2.095267847530177e-77 5.582197844944071e-103 -6.308309138604248e-88 -3.761243438915607e-68 1.7884615232139647e-42 -7.118507547586448e-81 -1.5395735501713583e-50 -1.296797464718416e-42 4.0220332732139e-105 -2.0683405265884557e-38 -1.3333878856689506e-53 -0.14056011629611428
3 4 0.042260860395398524 -0.03822502244829905 0.1727852334698278 -0.18298989803620935 -0.0893535472070654 -0.3174537990727131 -0.09763390207043375 0.29015838342674105 -0.2062411351874676 0.1848299542126936 -0.0012711107805351584 0.2610720501785092 0.34091449464238555 -0.198775996489674 -0.26817539053987904 -0.053675153945623805 -0.14878770564168517 -0.298846574056364 0.22755188342173543 -0.00010880104415186778 0.08833920421061604
3 4 0.3968882361103621 -0.320727537141966 0.33708633094248835 -0.10465147665290157 0.4420046584034671 -0.05609856881631842 -0.26259649199336293 -0.04698157509371522 0.35720859194555143 -0.042917048990427725 -0.008278447332270825 -0.16984477046026616 0.25261599221778236 0.059680762507530356 -0.04598385774292923 -0.151926471472564 -0.2958076657157182 -0.4315638022317232 -0.08185688595384212 -0.01895768911612879 0.10723563848207057
3 4 0.24159579494593217 0.07758366140313329 -0.012541920984628023 0.06663684372318081 0.16111957499089694 0.4122878398683803 0.1651946300729135 -0.038772060218475145 0.08861622198510079 -0.27261013006486595 1.295658859964371e-08 0.031530308623656515 -0.26493090155271015 0.08776901260172465 0.31876126065097105 -0.32029361558564723 -0.4478012763007534 0.5287026771015151 0.14682800501840537 0.00044217423127616216 0.18012775694766558
3 4 -0.08529900101184897 -0.15360690980936964 -0.29470100369801216 -0.04062315034950762 0.1257601288704711 -0.0035050685574117136 -0.31447601664993396 -0.19023295073872631 0.21696336301594094 -0.022422216101236844 5.04098461473936e-90 -0.6439979150022909 0.0276719047800443 -0.09334489010536877 -0.05466872058432495 0.2957402603834473 0.1099034042074762 0.15432701244599364 -0.24838865581869285 6.198419767576726e-68 0.2111635962344045
3 4 -0.40414931689058214 0.3535717660061897 -0.2736177271848576 0.21784540400012328 0.03830857015012139 0.16090608699479195 0.03958450195678598 0.10034875207489573 -0.30897750958414394 -0.44261167903515597 3.0418419736697214e-52 0.2241867346215857 -0.040262483658931904 -0.31786159650356915 0.4531661500615338 -0.05260914232133696 0.36628212375945557 0.32622921121866355 0.42111463829711837 -0.0026030343574585998 -0.08987916608141382
3 4 0.21808173751174098 0.11465571206996787 0.22818787713337318 0.1405954427944455 -0.0705384247443701 0.4244262021498888 -0.0337339564535032 -0.1731026268617675 -0.05789543351509437 0.3725414510636266 -1.9729520999799278e-13 0.002537216623708695 -0.17967423212928682 -0.08584421695340194 -0.3540653563882518 0.028913473015038126 -0.31833949140650836 0.23974018694794305 -0.22467751662383487 -0.024293807273002326 0.007340912806940142
3 4 0.21399958014456053 -0.2776334855128493 -0.5275448199865181 0.440970789389948 -0.15701986530515014 0.41834085163085044 0.2198269274534912 0.1578085141959703 -0.047710810423713605 -0.6570114019187852 -3.300543352502364e-69 -0.4932470978780385 -0.42530703807611336 0.20907072877945693 0.28678923109158466 -0.4084282847916439 0.33720507237568964 0.5609437878403206 0.2708370493968665 -2.523572390196876e-41 -0.02541924095494299
3 4 0.1441090272980814 0.017290544632588004 -0.13969411960628003 0.011828771197353139 0.20069372886820291 0.31771781950849204 -0.13479950362011694 -0.3415526258843982 0.05695557321267017 0.15886391738679262 -2.571563633410407e-105 -0.325792839517944 0.17411902226935635 -0.33146265125122226 0.35836023715655063 0.01936253010219286 -0.11458871352801613 0.23188249202806474 -0.2952919658907172 0.00803694684158576 0.2761822955589813
3 4 0.20902630474141548 -0.011045687753027762 0.11235182107741369 -0.15457625688098467 -0.7089228187567939 0.19891225005274124 0.27602734642357607 0.20326201902834903 0.234866442750619 -0.18141996111228503 -1.5959111561702406e-77 -0.08098538545918327 0.1768837253349879 0.18243611458668313 0.4032045793500632 -0.5303084383024093 -0.19532962323346503 0.38874413700478827 -0.13386440558748752 0.0009108639871924475 -0.35997301360778267
3 4 0.12226849003133695 -0.013993063955831855 -0.07443448051782998 -0.12472091639415796 0.09605039945613182 -0.07535909376709612 -0.18468615327756752 0.227308820364397 0.14247041865999158 -0.2779977536720922 -0.000522449254213898 -1.496650810306791e-50 0.006204272347350978 0.30286469376635466 -0.25717792160675695 -0.12812455731220854 -0.2474544735613391 0.12812716726530182 0.3371388142104452 4.4095764829559147e-75 -0.1040633270805776
3 5 3.223928239216759e-66 -0.13198571062397058 0.2938108792118167 -1.991884715725305e-36 -0.24663189428686857 -3.063087494234663e-97 -0.32289451451940965 -0.05951788312365467 0.5081997098983677 -8.823551032455204e-58 0.09449689661649567 -0.13324058191873608 0.35221417138720906 -0.4215433286453355 0.6884811176026503 0.49331158145589576 0.33420775635547373 0.3286114587189376 -0.3400839566408682 -0.00038728769350832585 -0.1203956068199362
3 5 -2.0782768073711293e-54 0.430341777842676 -0.24641413923082725 2.8132011725799787e-38 0.4212843717594814 -2.8313299948421044e-61 0.27214428198221663 0.44776817775591327 -0.19192694573440328 6.443284881736214e-82 0.17669397141380133 0.16236336133002033 -0.30702318579884214 -0.07823082302800972 0.30906700000363774 0.037607641106725445 -0.03650325650429047 -0.10369323677220908 -0.3385165476855795 -0.10101688600006564 0.214688835908096
3 5 -2.585788649334588e-59 -0.275070476057579 -0.35603708812238494 -1.752194908627118e-56 -0.07502696414259863 1.486698842614685e-102 0.2945719705438023 -0.23803140294153327 0.7250430575520728 2.580892632025997e-56 -0.019956848753810416 -0.2364881566720011 -0.17293579193451708 -0.15775135025059014 -0.0105800917593684 0.2533848378080999 0.5297694274303917 0.007137178155389782 0.15942350861617804 -0.08372362704633042 0.23829954008946302
3 5 -4.583561677828419e-96 2.2639891404854938e-41 -1.1046797905730805e-99 1.500446890450436e-48 -2.3571011140027565e-82 -9.709399861113749e-85 -1.0036273417368948e-103 -2.1129377466081878e-66 -2.8023875212253974e-81 -4.161234362148847e-46 1.7578159636000688e-58 -2.054376253287798e-97 -5.832969910435838e-73 3.168519755716855e-89 1.0986472120060127e-68 2.067036503777164e-56 -4.0199332599337233e-81 -6.077704253119873e-64 1.8652440178390774e-94 -2.501524068731507e-94 -0.1580769133377484
3 5 -4.288331291650663e-48 -0.14289829441502486 0.3416861824347343 -7.242217752091124e-91 0.3966902515076784 3.818228119223857e-98 0.27580015298268035 0.14166006170250298 -0.4248087248039642 -5.693553211310698e-63 -0.03122302098128491 0.25793578860915706 -0.38769481984234627 0.304048368546584 0.05221861247204935 0.1979445395166899 0.06927088866450488 0.06906432706643881 -0.04275803097104466 0.053345659202070135 0.3691277250770816
3 5 -2.355610613631258e-59 0.11776963047689036 0.1858864101260841 8.228341335130453e-58 -0.09700266012889981 -3.1082079806775665e-68 -0.15024478521218604 -0.0022767539373130985 0.17921240675136044 1.184859838849082e-81 -0.14847199421274013 0.07979297286063745 -0.029836305042996922 0.17188591510793813 -0.8790610616158318 -0.4073167357707995 0.2537509217655991 0.13238608771009316 -0.290071715223582 -9.800599729301242e-06 0.09806729302144114
3 5 -2.7433615497593836e-87 -0.04015358355670485 -0.10316093343177414 9.429191197624297e-51 0.2525951352944315 2.1776001755274884e-47 0.08311015397333518 -0.24650743288665813 -0.06091038863193918 1.6050557793938093e-95 0.13628808100146406 -0.004739189038106471 0.3339496572942989 0.21316267286516485 -0.13995999893416056 0.22368133790313255 0.5159949571873338 -0.20687611216687393 0.11073006812118895 0.1118507510627529 0.1341293983970572
3 5 3.078894390577467e-57 -0.06454009615729246 -0.28710174933490673 5.278014991204172e-47 -0.4431781777798534 1.3738418524716731e-52 0.2925046716506273 0.0014793050950897056 0.5253165758527234 5.462233422548469e-82 0.3491315722288724 -0.44436712294148367 0.14236298857968982 -0.11234076127093588 0.07004042019096818 0.3072007353063695 0.49780546960864447 0.14915024552120246 0.30227705175840275 0.2875277198637641 -0.06669503338698422
3 5 -1.345270859351596e-99 -3.2042334778908355e-56 4.397395297695053e-46 -4.747682073541429e-84 -7.120765139666208e-88 -1.249581340030536e-78 4.592187092360972e-102 -4.424100028944991e-47 -1.8340229644841384e-37 -3.3932733037393213e-60 2.7052401409901308e-55 -1.5069443548865988e-103 1.1557796163360934e-94 -1.5109844532403167e-70 -4.482785028507828e-92 3.0015653558344373e-100 2.1505261066446543e-55 -3.2995004287887563e-96 -8.922028917338946e-66 8.83530914966627e-101 -0.2787991802708274
3 5 -8.97309260952382e-41 -0.051461588470540935 -0.31925956289838325 -1.3189124633044963e-36 0.3506409156558459 3.758390597497607e-41 0.2901245890947655 0.19144027928092988 -0.41732940360573323 1.9226678733717337e-83 0.13558644293649194 0.11663568159103398 0.08112563389330621 -0.16274495160770294 0.2529700487468881 -0.3025241154255244 -0.34385740142641236 -0.28115375220738087 -0.22182864915942052 -0.3475635316103981 0.3075204899146111
3 5 -2.1253893811201304e-103 -0.35483080246860443 0.3613148912010379 7.635013771018114e-93 0.007359779757034118 9.288102046615828e-91 0.2414644816627382 -0.13381634042166413 0.3380461813712832 -5.023440157008424e-92 -0.060716156168157606 -0.16354852049642069 -0.1852142481116748 -0.03749949774379255 -0.3387291740294327 -0.17340007896511736 0.23635298778062164 -0.06798164594398773 0.2813093774877434 -0.24559209294397996 0.22278141015539676
3 5 5.750802092233708e-87 0.5155653718631478 -0.2320696097972987 4.581919019198978e-48 -0.2434680818551742 -8.586865026297815e-45 -0.0908288868707994 -0.0017936216744418392 0.04005201677206014 2.628576956963305e-66 0.08028717802592822 0.21195789449795754 0.006262067039414777 -0.20141604704467247 -0.9503370859936355 -0.30590505439006876 0.4194452015386104 0.3540356327680309 -0.6430363496639162 0.01847580679372954 0.01526096199137975
3 5 -1.558452200124066e-104 0.39041573716855815 -0.1832745308267293 -9.408874286559392e-105 0.3846347481688698 -3.934033937370841e-99 -0.04785183833109374 0.4071244609035293 -0.010699219899863256 -1.5276394656815932e-101 -0.09432386843336078 0.09156528535786541 0.3195172682481268 0.11038285273198505 0.14401480598661362 0.12541823403641394 -0.484216407764968 0.27452790883654693 -0.2272116613524087 0.06705499503071971 0.18336651262095488
3 5 -1.2313148797584675e-50 -1.3298886763642902e-79 -2.394156000763229e-59 1.5614372814984142e-81 -1.4393517522792506e-57 3.616368380182077e-83 1.8013077799893795e-104 3.857533783418309e-102 -2.254931572247369e-36 -3.4588014860268686e-61 -2.165710554256443e-37 3.0067993979776816e-82 -2.809726327461966e-82 2.6244800065679203e-66 1.900598258622431e-81 -7.076357779742847e-52 3.282528356514016e-76 -3.542498988239335e-64 2.2095774101942456e-69 1.1417863692377216e-43 -0.15547208381413924
3 5 1.9843124778575043e-72 -7.210678212371289e-74 4.120320930760779e-92 -7.106524547569659e-49 -9.011268484059045e-69 -1.3234856524263968e-73 3.78555309102331e-86 2.1539939533377945e-76 -5.3255494963578155e-40 -2.9598707726855804e-72 -1.3561915469950974e-73 -3.88383530128172e-104 -2.0923970866525905e-75 3.404815562880088e-101 6.538110972373241e-75 6.752647175764337e-105 2.069331610319148e-43 -5.404602580538495e-86 6.885954562182164e-68 1.576733313713105e-98 -0.2384480784457957
3 5 2.350566297314781e-104 -0.12923932577859892 0.26067640526364105 -2.6327461770724156e-66 0.1661153298602521 2.7528439484945786e-103 0.06922306533042204 -0.2120250839385451 0.4237992145733126 -7.365131814520208e-51 0.07731441368117786 -0.20415433482352657 0.14369397542486298 -0.3482126641798865 -0.2037519225137234 -0.07363502217847617 0.07612023432689771 0.1637180898065297 0.42510705436960244 -0.20055880322064876 0.34496531907299754
3 5 -2.7561297042502775e-74 0.3824024823434609 -0.06217861427479697 -8.206770028058485e-97 -0.12801301150966823 6.5050156516961805e-68 0.3395880911137955 0.050435524476116815 -0.01584049258043636 -4.03806973331624e-102 -0.48004986965563545 0.45509757168162596 -0.3786548383696504 0.31214766177137104 0.004366511763830666 -0.40972766655772314 -0.24454696493916991 0.2821567704735784 -0.28163061153379554 -0.007581951775841082 0.3595124844995532
3 5 3.0392726271712153e-53 0.7568841860531867 0.14302885963649573 -5.514329176642768e-92 0.009321541481172157 -2.515055813575241e-49 0.3520952011155594 0.05275071398538126 -0.9039790795771031 -3.1585391423106407e-94 0.340975440421748 0.06052013810434629 -0.3184113765864046 0.027085684648320046 0.14415148272356565 0.19702905612482735 -0.2043306961374609 -0.4410959141261279 -0.2880968348580418 -0.32203293185761916 -0.1550679647545045
3 5 8.203962009775857e-97 0.19377066265388565 0.3577282131990645 6.565961371987444e-39 0.24209797124995358 5.0119987809265115e-92 -0.09497007362693485 0.40252415445311945 -0.5363442777805186 -1.7163374781837396e-86 -0.27359643165835484 -0.2379855167823257 0.20794971966328393 -0.12185793852839354 -0.15878537969091566 0.1677634276222577 -0.3090860139760787 0.21853012607213787 -0.3362998778092332 -0.207318139312569 0.19061533367518435
3 5 -4.965926631113934e-82 -0.23654585068636377 0.30353859231145575 1.3911198272256992e-86 -0.17469809823260027 4.9194304634972936e-71 0.3595193155772538 -0.3382631806743317 0.07953649605104122 -3.0424288246388968e-61 -0.028895992907769435 -0.46650657373365106 -0.1416908151429642 0.16266970107806797 -0.1326877819249881 0.33092368397277233 0.4156827246073711 -0.3770510094297158 0.10040106058644827 0.09902336140811531 0.2553655666168648
3 6 0.6487184991766028 -0.45376622420762924 0.2511958362751853 2.0245081174273266e-52 -0.15462450984341414 -0.6675828054473754 0.262688332087029 0.3555050679106673 -4.2880069976231647e-26 -0.4236982514000965 0.11633694512294647 -0.4100224798832809 -0.33997455744731103 1.166741295717712e-75 1.613416887854941e-57 0.4709906562432079 -0.05089169048707298 0.41232277728879274 -0.4170996390991837 0.31849907421258355 -0.5434929874028002
