Number of NNs: 5
NN configuration 1: 3 20 20 1
NN configuration 2: 3 20 20 1
NN configuration 3: 3 20 20 1
NN configuration 4: 3 20 20 1
NN configuration 5: 3 20 20 1
NN Layer Weights Bias
1 2 0.6582036339376012 0.04860042283438699 0.04410163517784635 -0.5031038873390892
1 2 -0.11235720817245844 -0.026805696790565336 -0.64353332204753 -0.45058918075262794
1 2 -0.48876168264732567 -0.3148216938853807 -0.07470319158826311 0.0777066305940797
1 2 -0.3785974218593162 -0.34139885328098335 -0.09075252828104884 -0.12142992670661408
1 2 -0.29797899091557795 0.02921371808724433 -0.44384360199521955 0.4065817416293655
1 2 -0.018881994458406895 -0.36424181311387327 0.23053380193171077 0.4236246893831223
1 2 0.3552909997675843 -0.605181504324028 0.07054904382281688 -0.1329599026377768
1 2 -0.40553701112921575 0.3055037806329162 -0.2603006704883114 0.6507669360313088
1 2 -0.42224390058520506 -0.443658604069874 0.32025821376230224 -0.15849240597345948
1 2 0.30743677018530263 0.7806467943862764 0.4584786022060058 0.09625902305491045
1 2 -0.04285617067111471 0.07155169189439944 0.015683591213926124 0.2517735911106697
1 2 0.2570189699837494 -0.1167062146327327 -0.0033955187354711707 0.3061151214287857
1 2 0.47510147822258453 -0.23957677078647308 -0.40451127309882334 -0.06939773843048104
1 2 0.3414285056199581 0.0877885247818573 -0.39351993391565204 0.3956422804430226
1 2 -0.5847905877549917 -0.4131188539505322 0.46363948296532725 -0.3087368813539774
1 2 4.11812403679611e-05 0.8641497403529331 -0.14220579446719633 -0.3049481473497194
1 2 -0.2769106336047401 -0.49428504546036217 0.39886009602953676 0.3123572095114878
1 2 0.03146296321038099 -0.08856355080276034 0.6376040658547277 -0.3126047082934529
1 2 0.2740210232529302 0.5873714141910699 0.0025546427640136295 -0.6315361943017509
1 2 -0.09907929678705521 -0.02841947642978231 0.4809456887941838 0.39737654640812464
1 3 -0.6529924903816422 -0.2986683990289875 0.11289553814390901 -0.30510404440098854 0.04533202460500945 -0.23682546326901324 0.05099060319956808 0.1302113827705487 -0.06354193508290602 -0.12028849755811094 0.18865389423382564 -0.13075374167050993 0.33851410135630183 0.18605819177419078 0.12441968317953506 0.09071654358114543 0.04439726353671424 0.1842840072717335 -0.5424418003298916 -0.2090914051589219 0.4070122664530647
1 3 -0.2753880948767778 0.025089994034500213 0.006042255610396327 -0.27570702220307397 0.1729769265410539 -0.004823543996743869 0.393265469779346 0.1693858821849913 -0.4297941739965945 -0.3943922058542572 0.1175805438331628 0.3042880393213908 -0.16223674145135356 0.3348080908284425 -0.3345056996804297 -0.26988695140397123 0.2512073878682653 -0.26375527354041606 0.007290952458007702 -0.12719738127866015 0.01459522472980512
1 3 -0.10934124439213443 0.06193700613291444 -0.08066458048946805 -0.19244927491202957 0.42190148987008846 0.17309423657612288 0.10885197334202956 -0.1677479367952748 -0.17647241116496334 0.2482268751066015 0.1710013082137648 -0.1465712820517704 0.17701118848044028 0.3591867126826682 -0.037321928619001396 -0.13933236256886994 -0.0452921797341052 -0.45017200806605767 -0.17979402425163798 -0.36024427172889 -0.03810523900512266
1 3 -0.7427974759911432 -0.17331599749247786 0.19186732745744733 0.023392371295357692 -0.007014627047294976 0.06494510108409211 0.05970276809429514 -0.013676982282261928 -0.00479277761694668 0.039532505820567956 0.35919739263718625 -0.048011137156955985 -0.220999512734194 -0.07800031765680232 -0.32835758045351426 -0.18665671585655125 0.3143548241201145 -0.24656188273568344 -0.48729042861927613 -0.06973464684958308 0.35417958882222056
1 3 -0.897367589050625 -0.4485675631906294 -0.08777116482106552 0.1297925903010313 -0.04250875497988447 0.04571866326471149 0.04488597097969808 -0.21097152959785545 -0.1399810472223122 0.01428605995521144 0.12494800470659646 0.40081190025190844 0.10574403130880668 0.34833148491403904 -0.32079183335756645 -0.05465831661207188 0.3989587461637859 0.10178082322898052 -0.4236610060124094 0.41848412715968303 0.4161659848435769
1 3 -0.02930648351343984 0.6008827124725938 0.19241450784171638 0.17694414150097598 0.28298242905750876 0.04558149925655445 -0.26514583630451344 0.015596491722399531 0.23351244071332147 0.12725150086129267 -0.4281548916168176 -0.48243269458627114 0.00723314110008192 -0.5569151277053092 0.13228295538371587 0.29380025722879743 0.1149734955577442 -0.14486424359140207 0.2965885348448113 -0.2917898371864154 -0.34927459013726186
1 3 -0.01997498864580747 -5.240641378401438e-99 -0.00044800104114717536 0.15955480098146912 0.022952094400321407 -0.02216255822030526 0.09601391204536074 0.016250594100211898 -0.00014257616687826433 -6.857970573175662e-92 1.2861563496382071e-135 -0.11746146181795107 -0.06057777813889393 0.2645738201338737 3.7583441988443516e-16 0.0050233996401278964 -0.06100995131900987 1.6230446430231823e-107 9.900319159480588e-83 5.203025156323372e-118 -0.40627142467395144
1 3 0.3133338274408169 -1.68605067937007e-105 3.256819119565895e-05 0.3203208463296766 0.03391960343543424 -0.1481830035065002 -0.17545607681127695 -0.2819783589347029 -3.0697724250822952e-06 -0.3141552513298617 -0.07861334291747893 0.10280695536772322 0.013206623888019764 0.22504563982482265 -4.0519146591636377e-116 0.3296157800258929 -0.16744646307155128 -0.023635115313351874 0.12853668224216025 0.19436890492613615 -0.3021395935821067
1 3 -0.4078110184087992 -0.21116643994941725 -0.1176838771287475 0.30777039184674315 0.366779557809212 0.3941103443268723 -0.09663444489071209 0.17473785129591535 -0.1708816173336598 0.3263294330837422 0.02682059741057345 -0.25251876227966985 -0.2572129616901022 0.2985839804264646 -0.35602033214086193 -0.22004203827103158 0.1437987976513433 0.025505110227211095 -0.1685956540040545 0.25944976698624306 -0.1239199606402493
1 3 -0.8257381067705506 -0.289890100042248 0.09913998026350333 0.1738930923205921 -0.006271329914840564 0.19464508715297382 0.16957134563942228 0.37026325084532524 -0.006445244431337576 -0.05739074980824022 0.002184891138914239 -0.01069263648253584 -0.2916767136824209 0.1936573225402708 -0.3357434996129114 0.13907204388924607 0.025503849526558528 0.11627052204738787 -0.33191619110134535 -0.0792059444395313 0.02153474972068695
1 3 1.237341483813924e-89 0.43537234524901625 0.3996110040838038 0.347607786417299 -0.07266943107661304 -0.32644459438233026 1.0138295487835687 0.4098226766212527 -0.04574938039711231 0.048013934278368565 0.04671685111089912 -1.6795137429505798 1.209206294235576 -0.4501621434333277 0.31892912707901067 -0.35899854950284527 0.25818736092620215 -0.8577393894123608 -8.384430586066459e-94 -0.198844338189098 -0.2655875289492734
1 3 0.6811185784265495 0.13513967039886265 -0.36090265203452715 0.01708488948614874 -0.22631141249177747 -0.16220740368178355 -0.7416946111738968 -0.09153130502684298 0.04775846051334055 0.08347889793215796 0.32144586715362783 0.05341578350525417 0.16809814036458792 0.26458994144675124 0.012573400414845348 0.019175153286064228 0.2873638386731138 0.32295912353189565 -0.009938584683025517 -0.1146511996106959 0.18705465952198297
1 3 -0.701206484706255 0.03994425946268006 -0.31435427199039323 -0.19422817628533295 -0.2553230064630879 0.4679222859829552 -0.5055738654037405 0.4182450837254075 0.29748776337666866 -0.10064433095037084 -0.21304025921817185 0.5795483079379276 -0.12169531508478888 0.07704647883594887 0.16754079333068514 -0.2876216172622994 0.06272157938528085 -0.6293751492692216 -0.4769268436561761 0.13656628751166566 0.030700068589837013
1 3 1.3742330851132014 0.24288094081826503 0.11941587519121806 0.06385387010759036 0.23208282626624818 0.3495915311506607 0.03611756620378017 0.20647395742839986 0.13893653869861694 -0.033730903057288604 -0.11567864041128662 0.08242348705422924 0.39626980411208085 -0.1900706253526032 0.2813628249771546 -0.15873443686425398 0.003364403126192511 -0.12273827102767271 0.26818193723399675 0.18704334116165072 -0.2697467026253441
1 3 0.9227194004808781 1.6176883393018975e-08 -0.3509208611667822 -0.047644730429499293 0.8445880412956179 -0.35550071636410496 0.6010118829178362 -0.4570049881999981 -0.23980059943073612 0.4163775229539919 -0.19976012129287113 -0.2680898700712564 0.2856789030896161 -0.2228765452224922 -0.1345277201748981 0.5462461742745293 0.137849691635174 0.9687144785622814 0.8659498796178552 0.37323835596724864 -0.5103444517120542
1 3 -0.6182599991273536 -0.46527146131139574 -0.04381979596096117 -0.32487786540655667 -0.3729975417494013 0.08581045951233052 -0.3449215143830474 0.357390964257711 0.06628079948944789 -0.14887923072330783 0.13986212565478548 0.18949258529792284 -0.07480816600368173 0.08024759541134624 -0.20057880571277914 0.334404907921439 0.3991685053448362 -0.00813693390152091 -0.03603248273029491 0.10594601563920175 0.3633269973240714
1 3 -0.7565150456255032 -0.7288453225979593 -0.2228030368612467 -0.622884948767023 0.1432730443344421 0.016553591096486537 -0.1673047496596145 0.39814042639682284 -0.2509255221205659 0.33818958667527765 -0.05572161037079283 0.08999074314350955 -0.1632002101684067 -0.12841853649925974 0.12136802817786256 0.14134315151223012 -0.3227723329099514 -0.41263732563741157 -0.06301447067315165 0.27522061040826235 -0.2353559252112481
1 3 -1.3882984002420395 0.18290937091949544 -0.11683191115272555 -0.11461599657345162 0.35837277964233827 0.09761847922655231 0.28062972458242985 0.0980888956970738 0.2039388273044874 -0.2409901311499959 -0.0797699475415627 0.13604621278119008 -0.05385406446212549 -0.0036784443415355636 -0.16323798956292976 -0.9349691524273357 0.043100577180187706 -1.6656476870221295 8.423767583791848e-26 0.17230705041351016 0.1157094850937791
1 3 0.0689158541753749 -0.3100023785824961 -0.8405518253210356 -0.1326375123035063 0.00530419476533873 0.17811031080956186 0.03911378041038293 -0.19319174502461092 -0.04431083755556781 -0.23363057953054853 -0.44075769261643477 0.38744075335041417 0.19580373630426728 0.4397937162524188 0.8023888825642014 -0.13174421373807638 -0.28861808853309073 -0.4621781017296774 0.11817540200527443 0.4703166369996641 -0.23471385010330972
1 3 -0.908874270430595 0.22414737410992716 0.18059247321279293 -0.20963621209353775 -0.3534784766955591 -0.13085369982639605 0.1293040312023919 0.31842534174716014 -0.21690653951160935 -0.14238992539325188 0.028437698275146275 0.12173040009437593 0.13298022831991507 0.36823431377754995 0.010571557858662275 -0.262928774435604 0.13064116089437153 -0.21146660139780024 -0.4475117654502378 0.25972200950319413 0.11868584604062206
1 4 -0.5369895288042122 0.24579299952274944 -0.42122224176753886 -0.4377452294820691 -0.21836701238032924 1.1055824545024473 -0.057971429858387234 -0.4300231100677565 -0.24141146984165282 -0.21916834413707675 0.7063885423454234 0.5360243016699602 -0.8168887362177533 0.36804632857722125 1.3085330970850713 -0.19970346680607698 -0.10824963272281463 0.5092684242126763 -0.6193531662919886 -0.261848199779317 0.30119716551787856
2 2 -0.46228164822479256 -0.017429410438276133 -0.05327623558170782 -0.4161616962771432
2 2 0.8221879905041584 -0.011644160296199076 -0.058424679362147174 -0.19597658375071292
2 2 -0.29025162136294125 -0.3314867253248402 -0.036977114147370274 0.6323350117899907
2 2 0.32038980383112997 -0.4548140185665973 0.11546492610767772 0.09049584361034689
2 2 -0.18370144093577404 0.05767715721798258 0.2919529431731324 0.3362525577833239
2 2 0.33617324391463155 -0.3310915146709303 0.014408912270428566 0.4303260790074232
2 2 -0.09822643204565595 0.08758164197140753 -0.7021796849550868 -0.42861023583500624
2 2 0.5993165617523304 -0.5646864739137882 -0.28712800601951505 -0.019094178592304147
2 2 0.4459535867856081 0.40138283113921414 -0.5407250296067874 0.3400970108081689
2 2 0.03834759642763446 0.2126995724993937 0.6858051760839626 -0.052383182492150536
2 2 0.6934623012748117 0.6156463059023434 0.2590588618763773 -0.039269645595088026
2 2 0.16494997468871905 -0.321249126448595 0.40619745441768706 -0.020031092195812623
2 2 0.07328894198298691 0.4153533158534245 -0.06304417731880424 0.29168257218790505
2 2 0.14526741157578846 0.6408553008134803 -0.44531664271023885 -0.2341553898493818
2 2 0.08696921868858491 0.08827928806078085 0.057142768979874074 -0.4005544587120163
2 2 0.15046386939970205 -0.3127280099487591 -0.3104282757569349 0.48175451191413526
2 2 -0.4743992252738779 -0.25537808927657635 -0.39677451514419115 0.396969574481234
2 2 -0.5392326776847001 -0.48344455023218624 0.001195513640229842 0.1963904083250578
2 2 0.07851765989721465 0.07433655797072149 -0.17845825988879763 0.17570919340264027
2 2 -0.4320105415976564 0.025084288722794345 0.5290968402624557 0.046061021231130456
2 3 -4.605389730390465e-145 -6.194446118927634e-109 2.6720831615551363e-126 -8.00911499741994e-125 1.0284228084022288e-151 -1.2467949053388515e-124 3.203188852827431e-97 7.724329936371507e-115 -6.611842441159326e-107 2.3926523523142467e-101 1.7180137787419888e-125 5.372342646505084e-120 1.7940899088994404e-152 -8.35144915818101e-130 -1.7854355187012884e-130 1.1645306530082637e-117 -1.6020627105303047e-150 -9.465215556174671e-154 3.1667881907893733e-162 -3.1529686669274874e-101 -0.3671654816376311
2 3 -0.25202538968475446 -0.07655075703547476 0.2015548012073864 0.326007820659606 0.08631635580480496 0.19838354914251594 -0.023506187598415353 0.10003487281234824 -0.1502085392242979 0.19129920011815907 -0.41699346939029486 -0.2997142481083039 0.4308881741126425 -0.08959159281072415 -2.4338014368228926e-143 -0.10105025685702679 -0.40354699547640505 0.3343322890036328 0.43908188190114156 0.1371637230082619 0.30528068149859694
2 3 0.19911042573963575 -0.23454639059730462 -0.374776859892582 -0.11537312541624704 0.04145931486187681 -0.32123636362443325 -0.0012155456700886917 2.1950901870841076e-28 -0.3459357264978412 -0.3721878710536146 -0.2738742181724852 -0.2304851648573421 0.16973467324403624 0.15450997159746313 -7.64100225213056e-142 0.01702761538859181 0.05437019710099483 -0.16457288071243947 -0.12235971210627945 0.3049621491734722 0.09762951621138982
2 3 -2.14695126369181e-06 -0.06890719138947728 0.17134291434388638 0.0012356347958020059 -0.01960530081170013 0.1015873680196975 -0.031038041047841722 0.1784912238162054 -0.002765141007673912 -0.01507552526909443 -0.10473587921216314 -0.2419299491313483 -0.015830772409983998 -0.23372132081339758 -3.261341523236793e-99 -0.27690862422128537 -0.19765690059387894 -0.06180803591600943 0.32563454140942705 -1.8762635163513787e-17 -0.134792228595914
2 3 -5.658525320333012e-120 -4.112564728619265e-100 3.979706543811499e-116 4.9946115438025676e-155 -4.740955549872648e-155 6.98307889772939e-95 -9.826556939135966e-124 1.2456167465496426e-109 1.0960308868715807e-109 7.281216677521063e-153 -1.0324984917060074e-109 1.985556809157322e-158 -1.261539926540423e-123 -2.5930707108452037e-114 1.2319637966158929e-113 -1.017949437245946e-161 1.0003309632928331e-107 1.222491599685888e-157 2.458386395717698e-101 8.989486486211254e-124 -0.35959575619489886
2 3 -0.4501644426553818 -0.21751633635835224 -0.07157003050111851 0.15107199699577747 -0.04025581653108151 0.12991671197214832 0.03896484030009694 0.3778526964036839 -0.19216083515460483 0.22865624527736025 0.026838049295028858 -0.32243435784750923 0.13659694574287684 0.27233124923984675 -1.3055691411826091e-50 0.07872672765778883 0.13170600753008765 0.41554043335666696 -0.1308578855668702 0.1822643238100658 0.2884669086680467
2 3 -0.017358992185581755 0.1499050552539378 0.3248714109400723 -0.03382515947695962 -0.20847439053887412 0.12025251301910823 0.007197770569148061 -0.32506470282335825 0.27808468990281004 0.11047742551511601 0.07825663096576599 -0.2088040102070281 0.23331022598909384 -0.019689697797757415 2.7668528257471048e-05 0.29016529651238093 -0.1768019434826683 -0.28509345164190286 0.29760733393067074 0.2463837834724347 0.04383611588056973
2 3 0.059398526981380206 -0.00591920393349331 0.12492422814759349 -0.15872989545825916 0.1825490900275656 0.2897271732544345 0.23366766787098642 -0.3575565415864598 -0.3313231455026818 -0.16231611813677244 0.00860553678757424 -0.16471718319051112 -0.4107314237693801 -0.20913855941321832 4.46817160877342e-06 0.13193159637530982 -0.26042945286475555 -0.3349354097954986 0.29818662147037495 0.2202232538424712 0.10734756377957043
2 3 6.445530761208645e-114 0.3983180942627367 -0.08021218697048388 0.48335701376075624 -0.30360379329226306 -0.14313933180901678 -0.7851692398268948 0.2764830797457562 0.3556889322825797 -0.08544051376056487 0.46431220371267373 0.18232772551772616 -0.28050094182181545 0.12331612717798882 2.258676402255019e-139 -0.4008380508840045 0.1337400882253618 -0.9197965576546404 -0.31897529135187686 0.584718980879803 -0.3729516859673886
2 3 -0.0035561773019537174 0.26368474659510344 -0.029423934399957975 -0.011933802992311598 0.5436386416613473 0.500271440681027 0.10124947559624574 0.02333437478916287 -0.1327799454148892 0.34148861931623714 -0.4035116407149925 -0.029016640283916546 0.12587840780677986 -0.08852580814173688 3.024543338822622e-38 -0.2761855743170346 0.10431204696308793 -0.11292469334658027 0.556438918603535 0.028013655504351077 0.03689727600373437
2 3 -0.24111764503373978 -0.38613579688591737 -0.23432145871105067 0.3110188733905432 0.09104013052472741 0.12170349737257749 -0.08862373398537464 -0.2658334964805579 0.342973191806718 -0.0013285898040415638 0.1751041575843351 -0.15350285947159995 -0.33679822850431756 -0.06681805640021372 -1.2210090063173115e-10 0.27848839219562993 0.08258093827423556 -0.22309172856832266 -0.37781484677583044 0.1605756432229662 0.18717466798490429
2 3 0.16743253317930126 0.2443677769133703 -0.06596815464924412 -0.5141615714899306 -0.541658250064115 0.17287394210347173 0.2504250427433155 -0.34357997789722805 0.263814136612814 0.018812572675288904 0.24753341351066122 0.23931188092060574 0.07034180105388174 -0.34197113344615865 -2.3646750855995537e-152 0.14455018024423133 0.4977505576467011 -0.5112094154949643 0.0006011990010833291 -0.3328913986022758 -0.3477341261315418
2 3 0.5412313855395794 -0.09217662157742779 -0.4960679062951693 0.5572766741343355 0.004487810108743261 -0.35445499056314306 0.49966204028228384 0.31796939438604066 -0.3888958650164282 -0.10860386213652519 0.6600557961586272 -0.04948113945339506 0.13787162066658878 0.25815042446355513 5.915678872294235e-121 0.36830966001944254 0.4868846404102314 0.070968520328058 -0.7015504901299812 0.4158811857119505 -0.21959286202557965
2 3 0.10784443385043772 -0.03935278636764283 -0.3147116699057356 0.5218532870730778 -0.1531441586819524 -0.3346656797870449 0.8358490568077344 0.20884967902440657 -0.10521512787677549 -0.006809400814769814 0.451112071425532 0.025733246779652073 0.26632408581622957 -0.23926086277486858 -1.5111691147760404e-108 0.29204119980089915 0.22603949199654058 0.2523167161920065 -0.5297339876962618 0.3094138267340909 -0.13199008500039228
2 3 -5.184166680755331e-143 0.5340484727973108 -1.591925117426014 0.4372807866647938 -0.34153576466157104 -0.16523840786632876 -0.3362670386681233 0.6815992304700635 -0.2810774192846506 -0.10276892631958996 0.4949771468871422 0.7136386468053327 0.07831164486770446 0.7349114983846521 -1.3798688457000186e-21 -0.43180981186177025 0.2929505066258086 -0.16240600470132419 -0.4360107462928836 0.41355576089041124 -0.29235863764329945
2 3 -1.964076547100745e-137 -0.2331862891119034 -0.30423237723993074 0.2501137375334971 -0.12163148194087647 0.0868342003310965 -8.190119803188857e-164 -0.14755616053203088 -0.03869093149168813 -0.24423611914720356 0.022464547428893297 0.2620668352508092 -0.0034090201911392195 -1.3942357014948013e-153 -2.5343505006141045e-156 0.011906036701501078 -0.04153438139609363 -0.19951760465630028 -0.013892959872264493 0.21038908998287795 0.006245545329508549
2 3 0.3876299425367345 0.2661885494894842 0.16593485451147846 0.33390499306938914 -0.07044446123546255 -0.7871718494097585 0.024152487677214007 -0.4111133349275757 -0.28234860573707393 -0.12696762802650813 0.6984354815756083 -0.18238622055466785 0.34454771853886185 0.15767820889228104 -1.67392500319841e-29 0.07192193020384227 0.2034785122508569 0.39842733726462476 -0.03805361660796178 0.04240745330223781 -0.3686419502650002
2 3 0.012178247210538659 0.29101829032374427 -0.07336265144313568 -0.4023385580895393 0.14310615745477276 -0.21675621001862555 0.3012492383795796 -0.24111562024899696 0.12010717041803692 0.47601560927578584 -0.349501721438937 -0.28154548779337313 -0.28385326943785494 -0.05072107435589075 -1.2393950028881372e-08 0.2930214408743674 0.17240715028369763 -0.4438788761288314 -0.13631911371441635 0.45185140077473746 0.051285114269065964
2 3 0.3476552122617058 -0.45871744881629667 -0.1443461161394737 -0.18739708990037582 -0.20336945114707683 0.2883831284305834 0.4258801682298034 0.16477299803433482 -0.03745511693056594 -0.17275956319163416 -0.11511087158586726 -0.46137589628752745 0.09591687913401373 -0.555666955849578 -3.6264110344764786e-07 0.25685600805938 0.037712282985353646 0.17566747524471527 0.2745891158058675 0.1947662022045514 0.05670677048775559
2 3 -0.306511187139633 0.12987996086819806 0.047227838473413455 -0.07838501748495659 0.2534667284491671 -0.20858187287542404 -0.4397681655467 -0.023514084440318904 0.06248645725301608 -0.06459170421742494 0.1917492359047228 -0.21540733188670377 -0.2727181016918334 -0.11055662972608829 -4.9587565472837945e-05 -0.08845259649277241 -0.17901146205291563 0.1453363611360723 0.13947392317244642 -0.0878291471484406 0.05835418492780676
2 4 1.1066006092775214e-148 -0.17519707736188056 0.47626345020608757 0.1611615401239649 3.203095171004149e-149 -0.39174237139138535 -0.5873469479917601 0.305202165712754 1.2093358386936908 -0.2689211483199281 0.1654956084785024 0.5282511460970045 1.4096722100024124 0.5371509146949713 1.2951042627123859 0.17628338187551368 0.8339380482484909 0.33457618192385985 0.5273361780241903 0.35947127853496846 -0.4086924466739205
3 2 0.3006154929083455 0.42199944527441613 0.19844877112459786 0.5230999248973197
3 2 0.28312591868827014 -0.665660929191832 0.30981455480103226 0.43739378937276663
3 2 -0.07900893150948204 -0.4240776893858631 -0.014602219074163317 0.30288117892844074
3 2 0.7670759313721404 0.06644040080713733 0.07791520395360607 -0.5572475979626975
3 2 0.20560203487673528 -0.027379838183235385 -0.41713352946370574 0.24390604481676167
3 2 0.23038936772344323 -0.20794639740994678 0.28378587447309256 0.5328709301839646
3 2 0.11686093909452941 -0.14025330190740837 -0.32573088859409277 0.4667152378723413
3 2 -0.06631338787045121 -0.428898965609255 -0.07634096697766936 -0.3446674573004725
3 2 -0.3392206288722482 -0.4644412890509871 -0.3970307239466254 0.21975341364223308
3 2 0.43461718546293643 0.06450873166702357 0.029426872709247903 -0.5274803757619324
3 2 0.43865169270956816 0.07203188001223135 0.026968277660960136 0.3165378374448803
3 2 -0.25516134726169143 0.464485107579599 0.29794761947907666 -0.27273325817990834
3 2 0.22434147686324726 0.7745346168646409 -0.8782038621581726 -0.3220845158505177
3 2 -0.6329030301365617 0.25583895653302885 0.201334883254984 0.38694084225049014
3 2 -0.07770634126870399 -0.23200024363171778 -0.4592990249528563 0.7271329525707482
3 2 0.34477409095982575 -0.4228637736985472 -0.26147769095649137 0.32940028726880743
3 2 -0.3370800034442432 -0.04486649474470472 -0.284363901882509 -0.4625106060358265
3 2 0.4665883019838411 -0.012107767838379656 0.058882745565064364 0.27655642020923343
3 2 3.3998019017492205e-133 5.485333128816388e-124 -4.8177322358793234e-133 -0.37809366252360377
3 2 -0.1735846075870975 0.5125449868319621 0.3747971530000838 -0.04092115457387871
3 3 0.3467078711435782 -0.2325101859344261 -0.7530196314421653 -0.43628158969879866 -0.27265800059967954 0.04847664345457962 -0.1343958552725005 -7.715290286961022e-118 0.1716055485234088 0.09015210712264503 -0.14256142123479867 -0.3088415963306832 0.38681158395818566 -0.2744537208687776 0.05796965305068624 0.20269458531065246 -0.15499944169930932 0.3542079983806172 1.5919557740165433e-133 0.4346131409231385 0.17754538288424634
3 3 -0.3264557688053698 -0.22536511166923562 0.22890960865770105 1.1820835018499703e-95 -6.584413809751826e-70 -0.12405073795804307 6.334665795227752e-123 1.4711242778270872e-124 -8.578565819143991e-26 1.500386335910223e-86 0.32509356032720443 0.023235327133049218 -8.77893392742812e-133 0.07533735885986954 -0.2918090147271084 1.4958788848558103e-117 -2.200685742806853e-118 -0.38025640769590613 -5.353905723575243e-84 0.29350834598470665 -0.04019473731651445
3 3 0.06330820261260506 0.19225895318051703 -0.1783108188294878 -0.8715492269159469 0.05149908960274365 -0.2795016360601023 0.2702258366639856 -0.3143569598631976 -0.18790513629381328 -0.05746526918160373 0.17427585154955436 -0.6571799563864218 0.2635881903336032 -0.19447861038456365 0.1774637127290037 0.15949989953388005 0.2641924797305891 -0.1852778037283355 1.233357697450765e-115 0.4996565086362506 -0.04379461454872078
3 3 0.1252766957314691 0.2490174753955921 -0.11009378770076152 -0.6020141323059528 0.10425520705547063 0.22069623369069657 0.13609521608295264 -0.062467885524831575 0.04666682905267515 -6.838745298332947e-135 -0.18594010888763737 -0.41564920307068265 -0.1842686288055195 0.19137795549628217 0.42169525166606936 0.15212094097213433 -0.22462746337266884 -0.13177486605491395 9.445323793359866e-82 0.18093094742646276 -0.12699948932745747
3 3 -0.3296865557401473 0.29007159738904303 0.1917533788929655 -1.0223207183965732 -0.2665499275897021 -0.33581793276992805 -0.1649273732138275 -0.061316084310003814 -0.15200686390639118 -0.009673577719131906 0.37834024064048327 -0.4663375631546674 -0.17136283110742678 -0.003961650890226783 0.3213440098345892 -0.25171812715541503 0.21989779130004805 0.09422903320949347 -1.711177591919301e-89 -0.0722360775748807 0.35138961636565286
3 3 -0.21923703335132452 0.31287725427728313 0.7599446930012558 0.9070211855664569 -0.27637934310427026 0.2159258632079544 -1.1276719748276758 0.05650982201863755 -0.6397582759391284 -0.024017255723734893 0.33424105878821897 0.896371442068395 1.6284926334221346 -0.3469494804020068 -1.1686377945012447 0.04407982287230631 7.453797148456987e-106 0.4334551320122116 -1.888427667412499e-100 0.8481592727118266 -0.373365590844536
3 3 0.2397113281634353 0.24996103931817468 -0.11581148364798384 -0.5727395533673237 0.1884654806985994 0.1852803736448263 0.24336986917321388 -1.0074456074911138 0.14913141960760068 -8.289184021280985e-19 -0.4347840803569312 -0.09167420785018959 0.04792649107861244 0.32528331712535585 -0.15266432186026582 -0.11122013193195047 -0.8472462834687147 -0.3683612107860483 4.861843291401148e-70 -0.2583931838015965 0.299762869386594
3 3 0.2676952900329258 0.24633364571455693 -0.3151694645290312 -0.7297714320254193 0.39403044739569126 0.23094650455709145 0.1825779853826439 -0.5035638071599083 -0.30976316258822917 0.18275626233926645 -0.27421316029545645 0.054247234090816054 -0.22444960693784763 0.40182660810466075 0.13660952868001983 0.44896929262571494 -0.35066944355619956 -0.3166503296407283 3.0236410777658316e-79 0.02683793242489998 -0.11096829972919826
3 3 0.04073940482647176 -0.24319870225716533 -0.2765701968409208 0.9350366938826195 0.08204523164949394 0.26824411350297517 0.2709394103697151 0.052980089156263795 0.08243299813011591 0.07808723936418777 0.33462398903656565 -0.13483889504425287 0.1695599652164201 0.1644015176559609 -0.33255126030430376 -0.41480170241205694 0.2573996166538289 0.15344782927978726 -3.470429338973347e-98 0.21511421195244015 0.25769721702076137
3 3 0.3327460980932989 0.164097893005563 -0.16045971529877673 -0.966906421202631 0.40791727663002425 -0.09911660804564536 0.22843353052362048 -0.48253574264284366 0.1870162922698408 -0.13502956349702708 -0.3929336318308156 -0.027303907882654008 -0.23023392313066857 -0.2682689210967098 0.08826359646057184 -0.26795611886584075 -0.4752877176497875 -0.11413539722998048 -4.724170604661313e-108 0.09013074828632352 0.32277646378244057
3 3 0.28651246307178363 0.1834137738239165 0.36469575252430647 -1.3176707586443717 0.2663690317529715 -0.20735049165600636 -0.08322407171107687 0.17146518147300244 0.2318526688868423 1.8658950827919173e-78 0.01371633550730148 0.03720480505469962 -0.36048027895561974 0.5375031924576669 0.45554105165057274 0.38924707627894295 0.7366186419634456 -0.054986659779454494 2.5779902630174005e-75 -0.04194446275566628 -0.27107789462793674
3 3 0.20171802566425973 0.21917652988196604 0.3449877612072748 -0.9986041802624743 0.2371404251222016 0.458844209073885 -0.2789843733319576 -0.22447408829419138 -0.20293409097242648 0.06931176673410276 -0.1341304235603182 -0.22407271612390792 0.12222945925608612 0.4038448569045379 0.35548792448706434 0.2131321403373663 -0.3601658579202241 0.2787281508582872 1.5874668063239594e-82 0.07537579455047365 0.36570921305787346
3 3 -0.016934066134783897 -0.00020789588285498884 0.13759807384627562 9.048392982552171e-136 -5.869620033004275e-103 0.023813626983890054 3.626084371862547e-73 -2.865569082501409e-116 -9.501201713992776e-96 -8.097725154164383e-123 -0.07041527676975487 0.29124835628962703 -1.6217049727475222e-102 0.05100056707476517 -0.036968872125479856 2.268938487869939e-115 -2.3372838272851117e-137 -0.04809122921078074 1.6529778558159242e-86 0.10092203604559176 -0.37849639655285505
3 3 4.129524093490199e-71 1.4698005255402964e-80 4.2973512961594276e-133 -7.271753991080828e-75 3.239318459030146e-86 -1.217455339326424e-112 -7.55619805569245e-120 2.584805772205237e-71 7.175616038196158e-73 -9.3077989142543e-139 7.0459888412907805e-96 2.4545469848382603e-115 8.56702947042917e-124 3.0692809858198184e-126 2.3519822886031163e-75 6.034857088985987e-86 1.8237807655554968e-71 -2.2474159358649005e-120 1.3539171583939928e-78 -3.022563727314036e-113 -0.2452970428551967
3 3 -4.355100537157947e-73 1.4817279430986544e-98 7.367440693049412e-82 3.587838447148448e-77 -2.5110713190931684e-113 -1.7087587304846615e-83 6.32915058571902e-122 8.508192764822082e-101 1.5652917814679509e-115 2.1385928860697464e-96 -4.110716493578042e-105 -6.590010269827229e-129 -4.03885170847741e-84 -7.433748805383143e-82 3.9438484757561057e-119 -8.457794165120625e-79 -4.367061010349997e-136 -1.0132902098136948e-113 8.4943768939878e-120 1.3161777987774821e-70 -0.3492834755700399
3 3 2.2473087919975117e-94 6.53254057019612e-99 4.0873952876043634e-100 2.0474999525667367e-98 -7.231158372541471e-90 -4.768304161216104e-133 -5.2563254570970824e-138 -2.7904208047032022e-127 -6.870830489628942e-72 2.798259757461619e-109 1.5791466533806216e-112 -3.278915213014915e-78 6.318273041208275e-104 -4.241512763461967e-125 6.435325802889018e-75 6.396161669414518e-137 5.425104870649205e-95 1.8957324719439804e-134 -7.263322973502707e-91 1.7940785353652576e-96 -0.32455115791292766
3 3 0.3187484778213514 -0.01868292750134723 -0.11547123305065747 0.7268026983476807 -0.17282417474583875 -0.4106267965932714 0.17151720009691068 -0.11453290931678213 -0.3941580356115403 0.015897613890454215 0.28582737438424943 -0.05342514770069155 -0.46416665256950695 0.03857994726386301 0.03633915429564676 0.17923661116886655 0.028342163493444577 0.010318833390678706 -1.5512669704748185e-78 0.19005960744270636 0.03056600513706734
3 3 0.3261644304502832 -0.04600397373420516 -0.04870367646147609 -0.5289202357416989 0.430772290334468 0.1332806441029077 0.1625683679607616 -0.8491234206834161 -0.26764220317326876 -5.5444111183281183e-08 -0.18573237514726718 -0.23269527476855859 -0.13641368862845676 0.07891191068134767 0.32366580616542745 0.10794060991686541 -0.6859420180598974 -0.18312132404507225 -4.626297700541929e-95 -0.09156179811954511 -0.06496592338967848
3 3 0.21296467782708256 0.1365898795360183 0.25446991569090655 0.9593649597984105 0.27005233656503186 -0.39630611322553794 -0.19705230586433983 0.07341399967349037 0.25992215291422466 0.049114185396701114 0.2575837754144402 -0.17178043435249718 0.2211309334766456 0.14303324814225546 -0.23234594312325035 -0.3369485059752081 0.050958813812334344 0.2574401068127128 1.9010217440008742e-123 0.03708955442608784 0.27222671467378745
3 3 0.17561815577308984 0.3957234084238859 -0.39081701468393787 -0.6260107941162292 0.3554046334884528 0.06754426193278053 0.25801573787003723 -0.5414363022469983 0.059989652748522596 0.22733760968204397 0.2696579245131058 -0.18181963569404797 0.05309403043490359 0.4137688375055235 -0.3112513677887234 -0.12095513584697128 -0.36372888072444864 -0.23873326719963414 1.6535568355210013e-120 0.16977497738005629 0.2308586271191443
3 4 -0.5367337396044065 0.3537511800808419 0.55867731730683 -0.5508556753358307 0.14218304350564012 0.9391456589062301 -0.2576913459007557 -0.6494928165856811 0.3417426764369058 -0.3208907797667675 0.6432337029081377 -0.26936931232355943 0.14338331683001063 3.5207758761986307e-134 4.209299313447263e-75 2.620213304698933e-119 0.1398018170381358 -0.6633565660661129 0.26008295915679686 -0.5453382671488192 0.2955612216044389
4 2 0.28480922117951424 -0.023421656534213697 -0.2675791208165518 0.36230160674217815
4 2 -0.3023869105119185 -0.22886854517829222 0.47360542038142384 -0.30097345424113087
4 2 -0.22810711678937767 -0.411019414045649 0.1340531096491645 -0.1557352784599292
4 2 0.737724120078041 0.25025359907828876 -0.23560836496642298 -0.26968623169113193
4 2 0.147896858453188 0.1858019203897041 0.33439053396579405 0.32497629965383523
4 2 -0.6582769449421908 0.3379823549955045 0.19404272688477614 -0.06357516313215579
4 2 -0.10813643702575919 0.1356573990286803 0.01688043604045189 0.1769893800769964
4 2 -0.21833341458891395 0.002529293831014048 -0.6145581622840958 -0.46914798722786555
4 2 0.35519437815341587 -0.3844322934753895 -0.4495926356310477 0.5300622610508454
4 2 -0.3759160903705355 -0.14090235813757723 -0.20215385576383643 0.6579038494369317
4 2 -0.046771723884378565 -0.4387301773304805 -0.20972417209761351 0.7103443691751951
4 2 0.6186386309000911 0.18113416592369866 0.21158803242676014 -0.28050324183866415
4 2 -0.5539977080018699 -0.21983260824682094 -0.43629955763057077 0.44669224929769874
4 2 -0.5233707921635751 0.0007498355134272428 -0.44965783939919013 0.060099698968310855
4 2 0.010670249512212557 -0.355456108873021 0.7885198060864063 -0.4337768670008518
4 2 -0.6375552450407077 -0.49020861825385403 -0.04717434579865859 0.0939664822456294
4 2 -0.42588059989851557 0.5472771175966371 0.269045647223 -0.12578448471240977
4 2 -0.05283426454203051 0.39722068420240114 -0.15275613122897044 -0.08650942647842462
4 2 0.6739719976738763 -0.2057650768375606 0.353594302709796 -0.46033937372867967
4 2 -0.035050768241934205 0.7043368910554487 -0.09585158765572194 -0.3362502515175946
4 3 -0.26064556567037217 0.11531663207658055 -0.008516082321547387 0.017451782432716847 0.22642954154172398 0.17449845509280834 0.01127779311555767 0.0021016666918345205 0.037267811093125686 -0.167243119769739 -0.27211159349065395 -0.33478822433848754 -0.036442769639769675 -0.017083107913429693 -0.2530915040470778 -0.2280427364410212 -0.2607366170102543 0.0050301873264991265 -0.003410889967916878 -0.2162084142323131 0.1270349286326208
4 3 6.564563333292631e-84 1.8483129459759027e-104 7.281219849515651e-78 -8.182260797568457e-124 8.143049767996236e-124 -1.5540301671147718e-104 -1.5056406864806297e-88 -1.0398589665820124e-77 2.10073176234723e-74 -2.261878940197725e-68 -4.278277497104628e-111 3.4378291872599163e-118 9.839420595099857e-116 -4.5833021175903314e-125 -3.728509658426902e-79 -5.320695798803147e-133 -3.2138247059726055e-123 1.8365784414418003e-131 -2.3774601413677397e-85 -9.598381832612187e-114 -0.26232791816558304
4 3 0.37962926907598243 -0.4958446747934515 -0.07717292553049152 0.19362428515989374 -0.401571540877606 0.22336759600565337 -0.42690194875714743 0.14878368840909323 0.08777979460616245 0.16939362201404587 0.14398907401412034 -0.17636500918707693 0.11172031477466098 -0.01980018752276483 -0.515068978666525 0.25910128592296305 -0.20969574969740995 -0.103969518778966 -0.19558525799187337 -1.012286795138856 0.15245213293794055
4 3 -0.18619365856186876 -0.2722891115869962 0.3356585081607556 -0.15247196066037183 0.2813722373457513 -0.19454577912291307 -0.26084272884879506 -0.2654327654405245 0.25806844564654263 0.3165831686539704 0.4770610354558544 0.18509050388378054 0.06193825430704187 0.030759130828779783 -0.5464879970651837 -0.10540325171243092 -0.41319006353675103 -0.02274058110396184 -0.045837152488091046 -0.42138338351050797 0.45580889187461976
4 3 -0.22242269829857794 0.2042901035259214 0.21499258763530446 -1.612232577404e-70 -0.24541062492715665 0.027324280879485633 -0.2929391503216756 1.0989628454299958e-134 -0.05404962042381161 -0.22210526221373655 0.14695297848046343 0.2339257973595218 -0.06130416268039259 -0.04889273563651626 -0.052836632957052064 -0.06762947000520197 -0.13238796556843593 -0.0010078120835825533 -0.3214740647393905 0.07386542354216992 -0.03842926037645707
4 3 0.016502722502742637 -1.6797225694418277e-85 -0.0013364790014598817 -0.022101299683393107 -0.06407421778216771 1.3060207631861562e-127 -1.186404949673501e-05 1.3417489944837977e-122 0.22175582917557843 -0.07345039711789829 0.10987031785582248 -3.570964708580364e-05 -0.05518941456212018 -2.0143170040437138e-05 9.753948008148515e-93 -1.4465217677979988e-09 -1.6012768691616384e-74 -2.825834601066196e-16 -0.06638141355051594 2.312502242282197e-118 -0.42854882221998225
4 3 -0.7249839890522073 -0.015479038492491775 0.01897912308411291 -6.903364602082596e-11 -0.5292486651913992 0.3218496796357598 -0.11385372064081464 0.3259336520286248 -0.13452769760215008 -0.09304924514556388 -0.0022599179718756856 -0.06004343223955307 0.09886867417646349 0.2875398395090649 -0.14673256776091165 0.37109856182740997 0.20546687170740163 0.13224899153302183 -9.339570925517483e-49 -0.5571287798220809 -0.2135230229595241
4 3 -0.30030377920598517 0.18935616741515637 0.0446832035309803 -0.3904610361455054 -0.21635223971364675 0.27950048951839995 -0.03650028277670112 0.5769086694384681 -0.17218948341660997 -0.0537649734929609 0.07201579139721798 0.20167256349295226 -0.07528935720454212 -0.28297254762169033 0.16464125413851413 -0.2347865578695661 0.12860485722676002 0.6642002717914138 -0.46409378512824817 0.1200628190533595 0.31384359291649006
4 3 0.12128620585189101 -0.4872239002840142 -0.6871404416123533 0.8319493074772261 0.031660392701154776 -0.02938362933919155 -0.16539970466279683 -0.11242371646890714 -0.2864580262455061 -1.1634144471148047 -0.33534920387775463 0.39596895633918183 -1.0316408146184464 9.322724833771611e-05 0.9164997174254725 -0.3448864332429397 -0.09297437162013414 0.7572981800934077 0.7225692252370696 0.3094873157944363 0.048567615539196904
4 3 -0.1717123550787392 0.3543993805124623 0.00010424154561430704 0.14040632607808212 0.32864131388940343 0.49258775164365465 0.14875796118808912 -3.257329390512892e-07 -0.4387422782923266 -1.1492088491935444 -1.0500942226542544 0.22145063545457513 -0.17697097491381716 0.270073413307035 0.6410210348097067 -1.0649807853301685 0.6869376990242574 -0.4804228840929804 0.6268429385219535 0.11088215772414237 -0.11352240948604594
4 3 0.015350400621735781 -0.08477012661862877 0.01013425563914256 -0.8489090374166577 0.21744710567044165 -0.09091569438713432 -0.01742284263985571 0.17302643028075018 -0.04652260657897277 0.38833752305961416 0.43713391969749915 -0.7230406784945216 0.5285922127016712 0.11954697789374821 -0.5990979584280975 0.1293460254680358 0.24099207754744129 -0.32466242870552553 -0.9014521179586181 -0.3473481529339319 0.538290456258488
4 3 0.22636139029863633 -0.03178756624751736 -0.028985572845888662 -0.4415316008399504 0.19282302805865867 -0.1715187793821328 0.035802183128409944 0.16123782862782735 0.12528557670989807 -0.07519205213645384 -0.004259001620166863 -0.07086189946796302 -0.3691444833154446 0.5201601813570161 -0.5231536423606078 -0.016885596230227597 -0.3031860036675634 -0.1393709610627561 0.02258166488425698 -0.6794838699914332 0.4851113531723932
4 3 0.23874792787308632 0.2367200727013652 -0.23441207119768961 -0.1519625698871492 0.18662152843827234 0.07614443666428194 0.062475162520176965 -0.18187088910938068 -0.18829964938827143 -0.07979543896868115 0.49528207021370346 0.06488138475691695 0.23984260379360495 0.06125640488925962 0.019202103269736374 0.4184379544611977 0.21773363558646952 0.0833084104071022 -0.40608311142698217 -0.3759614060226927 0.40050526707880735
4 3 -0.2157199725719343 0.3913891190695125 0.2919328228458362 0.23529072792992067 0.06632351960280415 0.31855281282406844 -0.6001658648606492 0.6494081108178295 0.27366203595666966 -0.18680148060903148 0.322626191269532 0.30110192293715016 0.01754643659135602 0.24441575996676582 -0.1594259712799657 -0.29618063030254066 -0.23202139906146627 0.5458060628638484 -0.40238960509460836 -0.431492667634046 -0.24801992646562585
4 3 -0.10982960218024634 -0.5068235158789568 0.5490360610546402 0.3763181854085843 0.11902659211383326 0.3375610833133966 -0.40194499687916213 0.15084959911496812 0.30288178977730335 -0.36057331603518733 0.2926575451864872 0.5647220385001007 -0.02395235956982168 -0.29926585496821895 -0.05770968978742025 0.637170894824405 -0.2945492232260661 0.1942552734862978 0.48387860509679526 0.8917855803728838 -0.5427419440347716
4 3 -2.558391295677643e-109 -1.3416838985948383e-68 5.911643849976727e-115 1.0334379691943689e-128 -1.3102050265455308e-103 -5.508736084857726e-66 1.5794081976915757e-84 6.395590468577837e-124 -4.239609883503226e-111 -1.611143430992453e-133 2.342828235457829e-84 -3.841263656015637e-125 -2.357821285515004e-133 4.489110609873049e-68 -1.4328478036350577e-98 5.509270405949944e-125 2.1330171911755026e-65 7.504226874757586e-82 5.60075406441124e-113 -1.0766782407229893e-128 -0.10885314893006648
4 3 0.2090558515441029 0.4550105020478194 0.43219983529136013 0.09379660851722613 -0.4998746025613431 0.000186371101373817 -0.27862183842271315 -0.2268712334304394 0.5611970078546805 0.16838361419243456 -0.019228069664205625 -0.46028320582477383 -0.27479582695294563 -0.758683534589137 0.2957373444684955 -0.6074441777792172 1.759681431502174e-11 0.11362309289060774 0.11343483571214992 -0.037051200775344226 -0.28279228406962537
4 3 0.10760916396334269 0.3539158255274577 0.003602953356118088 0.28974301338453123 0.23259841208857393 0.16656389774660396 -0.4266768141491776 0.17884961068171912 0.31435411031621574 -0.08622204640273681 -0.11128910482816513 0.4004131545764255 0.18500290970108638 -0.05612512553244547 0.25399549125860915 -0.10652410430383255 0.2265352106937771 -0.1842320350015075 0.4573715954435205 0.4353356009554748 -0.029330967129770617
4 3 4.715174717434303e-131 7.715879493025176e-65 1.5853747149141613e-88 4.940970676427927e-74 1.937859312018872e-134 -1.888719161746025e-134 -5.3067314146677944e-126 4.931014972461973e-87 -1.558403528147728e-74 3.201098306773909e-67 8.237452431454433e-103 1.7419243552134732e-92 1.029912194333691e-68 1.0279327667974201e-89 -9.194849120153041e-111 -3.2188765453399935e-99 -5.074040341496423e-81 -2.010348220542271e-124 -1.3379660346337499e-135 8.444510490383188e-76 -0.22444204508451543
4 3 -0.07580059188956187 0.1820941918795559 -0.20041524731340613 0.19049102482120076 -0.25405296466251515 0.23204089268712963 0.5271394088470953 0.04140646502996023 0.3579980001978895 0.3239706673434021 0.320848345479183 -0.3104624467964719 0.032318539034504545 -0.09104685161794435 -0.29445574278332354 -0.07638784368865735 0.14730982665762138 0.17720225962227729 -0.05029109098325514 -0.03068515059941165 0.23541669834875809
4 4 0.21048517843593337 -4.217612210761753e-102 0.3728395310219416 -0.23384880473945363 0.4240755185605821 0.038172623805466946 0.9810869501605326 -0.42021578883403327 0.6161721351574998 1.1958806142805156 0.44582170801177845 -0.2495344597635711 -0.3802837747372909 0.9074225940792311 0.8522431619654647 7.803609971551585e-134 -0.6236239918312767 0.4062312053959667 2.589340049768288e-64 -0.5265591973992249 -0.5130970987765758
5 2 1.0101911790956335 0.08463771738841956 -0.06722169452145142 -0.17766032283646707
5 2 -0.1305223049644953 -0.4167958291277235 0.5598744731205377 0.05308072362126807
5 2 0.265212364294095 0.484278749456953 -0.5439660316299896 0.5622650682427415
5 2 -0.5710906133659529 0.3904591842491309 0.03255977142002673 -0.3354857792999875
5 2 0.2936004623506878 -0.21414540130560467 0.016355056387592288 0.34877833680393416
5 2 0.1281500842461247 -0.4014130584074545 -0.3910431630127015 0.7760546460795213
5 2 0.2045044984549939 0.45095883381045304 -0.0725442783662733 -0.41320808628435163
5 2 -0.061028806695338784 -0.3747590061924057 -0.5625546603056669 0.6129181404043836
5 2 0.07390363007647756 -0.32803018919676175 -0.37879865637879806 -0.11972517293302669
5 2 -0.06673813547595245 -0.5321215760838578 -0.04595684434355849 -0.4142308116095929
5 2 0.1541132032133132 0.05082035357853404 0.6901816649815355 0.5437787141891546
5 2 -0.5750112079395643 0.04703415648839412 -0.08793885543150087 -0.421322228006614
5 2 -0.06951863254429358 0.10296853499312165 0.06912651702340038 -0.23200230330453264
5 2 -0.3027341268016436 -0.1632783219308547 0.04830046861232978 0.4542417957655838
5 2 0.5573942190550678 0.6643827610924916 0.24178869174183548 -0.04783294228759365
5 2 -0.15492668704981624 0.4848319989391473 -0.23427725500675414 -0.3544763674833329
5 2 -0.05660480165081179 -0.0850811082370284 0.6992132501843813 -0.33012602056264895
5 2 1.0541337750696609 -0.34191760819098405 0.19330308482385145 -0.4863666579508936
5 2 -0.00543440801519486 -0.393292594067998 -0.30729475061428163 0.6872500978651528
5 2 -0.3160438076856813 -0.04726270841192256 0.015947935136597438 -0.237339660512983
5 3 -0.045804104748196676 -0.08037129757263423 -0.3840456014503334 0.2215126308216143 0.264055441498673 -0.39023571425365766 -0.004614636215487701 -0.11521400427538751 0.17450183706723563 0.5851531191436582 -0.015657980284744587 0.5408198352432486 -0.09273000998977429 0.20535449877455783 -0.09358062437881863 0.5804929256741818 0.35684531361660354 -0.012168530107997132 0.09704750759556147 0.9795461942025486 -0.033634531246486556
5 3 -1.0117134172704396 0.08345242699656945 -0.049692690901878264 0.07020655712373923 -0.27106567450538194 0.08882561304100263 -0.592362712984606 0.10282622817939986 0.04681237994112755 0.5750453525497281 0.3068419140539647 -0.03744088804617351 0.1841687333972907 0.5379308567985549 0.2479113309029505 0.0017713057615681223 -0.3446510494684573 -0.6891147836989113 0.5542068627513509 0.47329014400409164 0.13179146022274246
5 3 3.1863548944591263e-140 -5.853790331660573e-131 -4.884366927810654e-132 3.2978581498899666e-91 -2.3365812117462497e-147 -1.5373077649291813e-95 3.275806095994559e-113 -4.4361545974620056e-100 -2.2515711135963728e-148 -1.95908820509562e-88 8.401102386798159e-96 -1.4186889290751636e-127 7.550179645043414e-140 -9.300507415395003e-90 1.3303265053898077e-115 4.588439530045283e-127 6.752026298220659e-119 -1.3239146831160186e-145 -7.8916175782718e-140 -2.605902550947477e-94 -0.20570600985061013
5 3 -8.265515757365855e-149 4.0254024486806015e-156 -8.854656826754217e-107 -1.6020282689653718e-122 -2.8877217774894674e-125 2.9509722558074225e-150 1.7488365268763428e-113 -4.987114574096673e-97 -5.24673480193969e-136 -4.22570818881437e-97 7.9424600977696225e-140 8.079586689305112e-118 1.6937963937426547e-132 1.9416460349613364e-143 2.014601385011157e-124 1.550177112943706e-128 -4.859946282204763e-94 -4.060071670386534e-150 1.5750287174781782e-149 3.361600518376988e-117 -0.22587694548293646
5 3 0.540239512736939 0.19807911101050335 -0.022107092078350054 0.3643792416146402 -0.31785501187478604 0.25864515163940194 0.5126253240310706 0.1032248792295969 0.03262950127248839 -0.13200178836539392 0.5161220139721516 0.34742617154175953 0.06218210476995679 -0.34137138691685426 0.11473108550102212 -0.2610420849466368 -0.22117638056798458 0.1163815816230369 0.14413695847495084 0.09384855459438719 -0.07465207463819494
5 3 0.0328771992350806 -0.09537042456303728 -0.1336305962293216 -0.38700267672915806 0.03094814556961636 -0.09954198832673859 -0.671909915819776 0.141171419113961 0.20052066848662137 -0.4776591788126246 -0.288881833628058 -0.035481948242487495 -0.035222363093014755 0.45762618542079314 0.23609751681587096 -0.1924733351498113 0.3350410052414687 -0.22938492916441858 0.33189666048779276 -0.4660719789656755 0.29370568161434235
5 3 -8.78722856672488e-99 2.6802923991095526e-126 -1.1522628979968026e-133 -6.755360514073168e-126 5.161589179760266e-94 -1.316611124987047e-153 -4.1902858008845575e-104 -2.3803824148579166e-148 -6.795430412087725e-149 7.658804085875209e-131 -7.475912050615476e-107 3.812363183897806e-139 2.8321313271679834e-114 9.721278299324968e-103 -8.034376440133419e-138 -2.299024782311981e-109 1.1181984336152918e-122 -2.1573120166634225e-125 6.5870147828499e-100 2.613141368612655e-89 -0.31865886857564335
5 3 0.15914247127825765 0.10488076954294535 0.2080687242218622 0.3034529445162134 0.19945787276387728 0.18469184110383233 -0.07592040692946571 0.04804018786021284 0.036196234589719316 -0.368071720168054 -0.17910404779385353 -0.11927977940192859 -0.03700452476830656 0.2701770059204718 -0.367531943248056 0.4241067136417543 -0.2789476429941277 -0.21553593724545653 0.04684404489762159 -0.3202430191993839 0.44195246028798507
5 3 -0.2894345659325257 -0.023117588794348613 0.09547401103347561 -9.75301219801475e-40 0.25794376667775415 -0.07274150968773094 0.08931054177971515 0.017112583966793167 -4.747370493667806e-95 6.578234567882168e-47 0.0007511253870461622 2.3246093122964065e-143 2.9045298334704666e-120 -0.009386876248620772 0.25211108533184595 3.899875061771412e-110 0.12910208840597082 -0.021789515024259506 -0.21338553247702338 4.801392986212497e-155 -0.37979374756725126
5 3 0.25204564758775877 0.4602039559766182 0.12864458271338475 -0.1744998128326534 -0.4006457232872019 -0.9086513762327967 0.9093509584213785 0.7985579246573471 0.08053761957633035 0.054871705299301236 -0.2740750475240924 0.1717131703444337 -0.01783556229600865 -0.6503817770557524 0.5359586103116839 -0.3339915778733955 0.8859100536247339 0.5915026983334348 -0.8981749865299 -0.014027054575248495 -0.04678669504497092
5 3 0.2798329775881329 0.26667197447553015 -0.7198961490535802 -0.1936301306517604 -0.22364154720807003 0.2788352894035816 0.10766748545633298 -0.446589845690331 -0.16785014503660536 -0.104862445821894 0.0996347938718212 -0.10481777760090259 0.07064083434945291 -0.1182737687134318 0.014816790589654748 9.082465421443047e-27 0.4152835217361186 0.15183487911123048 -0.41185947741590423 -1.3369301859707072 0.013735372186671117
5 3 0.11153388139914928 -0.33521943125100523 0.3376963136950126 -0.1256198119058375 -0.022116788582882754 0.3493538522096417 -0.30575046059329697 0.34261275110106587 -0.3281687639355896 0.13407956188433734 -0.20004575102163213 0.6350406474424496 0.00400008938420637 0.02793369352516128 -0.39870369528467897 -0.31873290087048856 -0.1061276046508351 -0.796386596288324 0.5062523478312128 0.3640852363622644 0.2728446849659559
5 3 -0.26725043604897336 0.20657250036547825 -0.052827716903540343 0.01604681997816963 0.3656331349300385 0.34408815210469346 -0.4563062155428821 -0.4835234568597557 -0.02873736839531462 -0.06836049932874978 0.11574632112866774 -0.3842667587158716 -0.09681353473911344 0.29577677265612407 0.08886607351866634 -0.0789235698099109 0.17098376075165186 -0.4789263048721874 0.1610764574617261 -0.3236922069210702 0.2786844792044665
5 3 0.5260444798911623 0.05541249110907879 -0.19937355262642914 0.1175091991012026 -0.11834242368913057 0.18361793860757053 0.11632007149256599 -0.03439901966871797 -0.16706071603027486 0.4101802116379058 0.3497945313757288 0.48289296165824025 0.06608280228876247 -0.08695511857332758 -0.4029659760794505 -0.4952312903348148 0.2409020679520545 -0.12317449307498374 0.17202600480313177 0.21858104310308343 0.15857218390632297
5 3 -0.015635234304396187 -0.08119331945182585 0.015208425602294295 -0.19040781947901037 0.28543034464552874 -0.06312273237451886 -0.725964373172849 -0.25679725670107173 0.24299032216806266 0.01605814369013107 0.15385575066386176 -0.09170325432618565 -0.18536892772741428 0.4556842520492156 -0.31136637024294483 -0.031161024558498104 -0.2726413744191672 -0.4383675036593209 0.28091575343924674 -0.24627529147766755 0.3713847264295359
5 3 -0.4932145551469217 0.06868740239461474 0.2877628627021421 0.11210084504903096 0.26148368685283735 0.370441165772139 -0.30617483082574715 -0.16065229656057323 -0.412350467624435 -0.5623953947088659 0.09827009393393563 -0.37100913894848486 -0.13782527382517565 0.5201566911648463 -0.028997673628747955 0.343065391619681 -0.058234339591875246 -0.1874366645240982 0.08289429219264904 -0.26258528318092017 0.32729361936454254
5 3 -0.07346250879309103 0.014947825284013647 -0.23143921383223454 -0.014992959666038499 0.47903050282368487 0.1960432408616604 -0.38339152888145195 -0.33135672119225046 -0.18720443139645188 -0.46536255003053956 -0.06911373170438005 0.014729025137850247 -0.05874684146750746 0.2562010557181745 -0.05658421676162296 0.44339038110808177 -0.09594371128542473 -0.2977154300578187 0.38893314222974446 -0.13397519760768148 0.30684910868783527
5 3 0.23102809892004714 0.2579908925744956 -0.40196084331492504 0.010175878603966996 -0.21805914849353358 -0.1620527874197275 0.5384153192126725 0.5338457867751244 -0.2714364139395322 -0.28577234818299974 0.34403641190718826 -0.25305590944904954 0.04730635564962746 -0.11899698156068722 0.31298691292950165 0.39926225026989326 -0.02449077177582521 0.46846733903093946 -0.33101449448676706 0.47908061560513393 0.326576348669834
5 3 2.9049829886673828e-15 -2.7922240229437207e-07 -5.677059076361109e-07 -3.728753372166272e-09 -2.1204830676163655e-10 -2.7763493925982808e-05 1.780599984539136e-114 -1.6271351411088533e-05 -7.444433523704572e-16 8.269088601336168e-55 -1.0514964552255919e-05 -1.2212354452072091e-10 -3.479479722914751e-127 -4.935583263548658e-06 -1.3404613629624857e-09 1.582057827068377e-128 -2.710006568817544e-14 2.7495281635758286e-14 -3.4821873076171395e-05 2.2241195073162362e-79 -0.0002017498857570843
5 3 -0.27779120188154566 -0.2975384887822722 0.10218526077748467 -0.20751990662037906 -0.03255354203017011 0.2541768877224831 -0.9568005376556298 0.2797472414888481 -0.07687860089518829 0.4541400149617927 0.3926249668968992 0.23742944551312165 -0.005390265973562354 -0.019080148912703515 -0.5269277082869962 0.188403101507087 -0.0779784305166899 -0.708412667299725 0.43430024323848393 0.5393164918320063 -0.20631006118276132
5 4 -0.47941355545357367 0.7193737855850932 5.648011397685073e-71 -2.364254211159413e-136 0.35299759942978653 -0.4273276283713699 -3.384612976209591e-117 -0.3853945804127356 -0.051036140534769694 0.9830181209914948 0.7501160835442513 0.34814200956617625 -0.3537639636393015 0.1585371883325455 -0.7343005743181973 -0.6073979810428716 -0.3003859965704173 0.6061513333734854 0.0018223242179211453 0.663151861506792 -0.4873736164811446
