Number of NNs: 5
NN configuration 1: 3 20 20 1
NN configuration 2: 3 20 20 1
NN configuration 3: 3 20 20 1
NN configuration 4: 3 20 20 1
NN configuration 5: 3 20 20 1
NN Layer Weights Bias
1 2 -0.033587632174014385 -0.22897749334964693 0.09793020288698004 0.33692847026936196
1 2 0.5922219176713621 0.5922883200945773 -0.009871436806003019 -0.7850749622846577
1 2 -0.08960149752682763 -0.43887015139652663 -0.03515540753361112 -0.289376328159395
1 2 -0.23404153761488977 -0.007855574645539544 -0.3217431070509722 -0.07411374160945486
1 2 -0.49439171193159964 0.20435149527198995 0.1559190820611883 0.300156529524287
1 2 0.5373067448700587 0.4110287582529967 0.5792203065473553 -0.3230751540959388
1 2 0.44543704064894846 0.06092910617261708 -0.7404024430219427 -0.13478606113651476
1 2 -0.3350811825746044 0.37954492842636334 0.02148951069930353 -0.08777653005040145
1 2 -0.11167016084155673 -0.08693636556135839 0.5541725794265994 -0.08254755548234424
1 2 -0.6592634548270302 -0.3780602949920975 -0.3064648481728589 -0.11236893449866284
1 2 0.4292883898307645 -0.5704848122409596 0.14919355711598695 -0.19012232593994763
1 2 -0.2733323755347241 0.24410824324578026 -0.43999128634000007 -0.17452560822762636
1 2 -0.632656981895215 0.29770022451509626 -0.07245054473107282 -0.2809227210075065
1 2 -0.12799132474804112 -0.2627601649879465 0.40095399105431473 -0.4184535680197823
1 2 0.7157440521493466 0.035544438996871715 0.026329302652069966 -0.5358298385239321
1 2 0.40613016895206755 0.047812299199461034 0.07160540366911748 0.49693477191536056
1 2 0.15833354455595422 0.13006637465550236 0.040345685549910776 0.3034325680485953
1 2 -0.024182139061341226 -0.2709096144164508 -0.4544146874480329 -0.0789432363208563
1 2 -0.12690427161985765 0.43385565110216817 -0.1485141773011572 -0.3168777111446859
1 2 0.20253168112953046 0.05150706788500268 -0.2918548839793455 0.3697377969017022
1 3 0.22890096759109266 -0.6789419191537079 -0.05603979926240568 0.10481954727438197 -0.25835222630230886 0.2138267465481101 0.040353595237359825 -0.006186431071966441 0.018138080466536574 0.348906329865722 0.23677922877730725 -0.1355114212707384 -0.4272037965719966 0.12496972482556676 -0.540486651627737 0.05263493904851226 0.16905962874283995 0.02080812694833894 -0.07400399257277426 0.26119710268180496 0.052692464896128756
1 3 -0.13297095771029022 -0.5690362483783078 -0.18393808936772363 0.044073984258807875 0.26368538146701187 0.8418704873759377 0.37811935830446897 -0.02363498608295891 -0.16672068933966724 0.28158528600626753 0.6782323108079918 -0.2689692544786052 -0.0041830048879028265 -0.008967980787398157 0.5747426991649801 -0.4095913678675882 -0.26636232638839835 -0.5975264238170014 -0.050519868408424755 -0.15718619500564543 -0.013967689980979985
1 3 -5.11088806344678e-94 4.59334750588963e-89 7.879931049916398e-139 -3.539203294601707e-98 -6.435810037983129e-156 7.783568917878078e-104 5.285349200235763e-101 -4.108389134797169e-89 -1.07073213823884e-85 1.631770737870408e-151 -6.997431439052525e-153 -4.833396294679173e-128 4.667187776514689e-101 3.3156688085516635e-149 1.610521087027615e-151 1.6207461354257243e-123 -1.9470586371345392e-109 -4.890886449022899e-138 -3.772925753246923e-116 -1.0396797915984709e-85 -0.23477041359265574
1 3 0.20308758867409216 0.43331378986240443 -0.2037519226128425 -0.3075771704840577 0.08805456637299343 0.14291246926641066 -0.27077206758998407 -0.3093576877676747 -0.13229638603573463 0.2942176095990689 -0.2615529888916205 -0.2508024162848065 0.04069494814259836 -0.11044612437711512 0.5161889560707088 0.30309401861738106 -0.1751541176901281 -0.017542221509579754 0.25326256047011686 0.14996483478173347 0.18550320590551977
1 3 0.11720665182734115 0.1313516473168107 0.5433441172101768 -0.06413506584378095 -0.030031842924501548 -0.05777150192128228 0.059525850647834944 -0.13343055026099204 -0.39486871186089234 0.0846175457507933 0.24256450049585687 0.20498265487954395 0.09184364916872936 -0.7860436178024739 -0.48412739593715287 -0.4271798078082932 -0.48585224494736534 -0.038307353304435535 -0.5140225235451925 -0.08779126727591334 0.34180174357023635
1 3 -0.10018581832878982 -0.6555233065043299 -0.36463563774371766 -0.38330558399398257 0.32036839666927985 0.022325159413795138 0.06719178569392269 0.31062733417797317 0.0035591357248845657 -0.1440940546913792 0.021022972221333737 -0.12279484344301546 -0.039848510028497 0.10162025964896258 -0.13764936438624806 0.3707542741678269 -0.22370613818720833 0.2280302225434851 0.007302322260807818 0.19038053097125357 0.14297296732962125
1 3 0.153915479415232 -0.443001621314645 0.08366722958875925 -0.17444030932808016 0.22592623310548401 -0.2558278328003208 -0.3377950576930996 -0.20410008594325232 0.23601440102683652 -0.2294218981779847 0.0317443638139219 0.2395874803012617 -0.21885928383748385 -0.029609098752868147 -0.13387757981234638 0.21007342800825132 0.41465244094238757 -0.008026809364429881 -0.024343217415935137 -0.10734857318080307 0.12066814863536128
1 3 -6.636543488610832e-125 1.1673498438618289e-119 -2.5141012912253783e-111 -3.5569071617579123e-149 5.567602626411623e-141 -3.68288713012105e-120 1.1676202029486984e-96 1.6100487809526275e-141 5.3211215265712005e-140 2.4307402779359654e-106 -5.924445796597856e-100 -9.458881134266158e-150 7.510166151951175e-149 -7.833187937118377e-127 -4.3737763138631045e-101 3.5161284721488306e-84 1.1031498322555553e-132 1.8242982747688028e-102 -3.171436748928786e-92 -1.3158045834349317e-153 -0.35015855542408
1 3 -0.09399834492493464 0.9483398761255465 0.5287553920569454 -0.026255471303230134 -0.005391252296881737 0.948851079121972 0.5581703474537375 0.6266503020193546 0.4713197181420511 0.5676760303616991 0.5001853289316796 -0.13451188680916693 0.2286343978609435 -0.42198367027946687 0.13888402144189 -0.3389078947869282 -0.19362529619943952 -0.038290744677502896 -0.4077219268113603 0.07389667573622194 -0.43859110469611434
1 3 0.21639309698618436 0.0005772044481965179 -0.4036131077051291 0.24665692343821574 -0.19879270016686937 -0.32468349813814923 -0.2378484910706011 0.260787303022229 0.06782618926039344 0.07157129665495249 -0.35837389454661966 -0.07335791481915603 0.23494518396048608 0.2834433799861666 -0.2645838115442478 0.4176162760492647 0.10296712136595189 -0.03822699867813012 -0.11334014326429387 -0.2618215945042788 0.09883889100581632
1 3 0.17386975781072034 -0.23552418895974658 -0.3136053225629938 0.15704149716893584 0.23868123212061895 -0.08734856389038369 -0.3449209483608092 0.11015589623958408 0.1067292242593084 0.5052294536184067 -0.40770634338681216 -0.046099845010952364 -0.15528531104849894 -0.2062176055607822 0.07268283982334127 0.05438068766373528 0.5028238523003371 0.004103872535448359 0.12600059570464994 -0.08510804235894147 0.012156648181734104
1 3 -0.06220329346987139 -0.2674563563035429 0.2544278449999914 -0.27516635852757815 0.15251663795185283 0.8299005927541584 -0.13241466792625112 0.18342150426396792 -0.08434665240357883 0.2206822431907748 0.500084466713052 0.17058375313766044 0.17838473266037705 -0.6957643240827734 -0.3478295264465442 -0.273686699811466 -0.1254701566311624 -0.03168344287275566 -0.32372325767852983 -0.44977909770941993 0.0406967511791117
1 3 -0.0003658519023765765 -1.0922819571259038e-125 0.00044145842720889883 3.803287603759162e-92 -0.0005092900734597366 1.7079366420122755e-111 1.2623844915618885e-117 2.1888280804553007e-129 0.003549109138238362 9.088508247266234e-97 -3.333700382586933e-86 1.0672318831524806e-98 -8.687410826262966e-139 -1.4824935736239486e-07 -1.1839350265821802e-99 -1.3437508192551406e-96 2.3696586764348067e-87 -3.8239168131778195e-58 -9.120963768286363e-85 9.769002327883165e-120 -0.10842983402820222
1 3 -1.7206476740042635e-101 -4.591607113593985e-103 1.6018178411179376e-98 2.2541408938477647e-94 8.207627247827626e-151 9.007923383576056e-126 -2.779348565224299e-116 -3.3086869959526037e-101 1.5523653295007176e-133 -8.906682654790228e-139 3.5709464470051054e-119 -8.703484637378498e-140 1.1659412676565783e-147 -4.170502378528116e-118 -4.3104834254736474e-154 2.0731388151554693e-131 -2.1994452289882008e-131 -1.7223407567263395e-87 8.282218774020853e-120 -3.737687968882435e-123 -0.3533520840064774
1 3 0.3791782304942098 0.23317113427317163 0.2207286449039699 0.18643845233216527 -0.20572370429931539 0.18084301103055658 0.18218787577168175 -0.37736511490509056 -0.34476226291560114 -0.21395746989473344 -0.22083592917841163 -0.06058047122003695 0.24531717419479845 -0.0414850391101992 0.6876466984904834 -0.09249162323244312 0.2690480523208892 0.2611468146340617 -0.31258296192016455 0.15639723353619647 0.015268054654932977
1 3 -0.05336142144498846 -0.11839570948012153 -0.2061930482390469 -0.4334172288569491 0.07612609558175389 0.19725929398765904 0.39364639683156366 -0.2444728580991288 -0.15061775494504107 -0.029452766356605608 0.16515395808889488 -0.01071946795857014 0.2950406229653722 -0.27495426887706603 -0.20597095440485183 0.34337514874063024 -0.056536763818856875 0.2024605546939174 0.17798417103654235 0.12698930545914008 0.2731834273575346
1 3 -0.12627957509530938 0.5292560174423564 0.4945637590954901 0.24920149599797584 0.1899209604422273 -0.15531766928841315 -0.27458855627131373 -0.4338902813719518 -0.2025337385513524 -0.11452607258268796 -0.08784537726963847 -0.4029603195113592 -0.32386525953334067 0.09144709801698431 0.9564373471693437 0.3911572410710451 0.29588199891055655 -0.13702047389368918 1.112679054882408 -0.3263095298829889 0.11959346759226312
1 3 -3.340269726389344e-95 2.559593920398416e-131 1.4699781532457988e-124 1.1018073613035646e-132 7.172606701008657e-136 -1.871053699309405e-151 1.056173360101554e-90 1.0737793047006601e-85 -1.2072711336159421e-107 9.807207967054149e-127 -2.3729626521328094e-118 3.0292634224413224e-92 3.63238805577845e-116 8.691937500619269e-147 -1.6317164849202953e-146 -4.379755385505261e-93 -2.3068752855838796e-134 1.7445506218892028e-101 6.256899876361881e-109 -3.681004379977113e-86 -0.19876562392933622
1 3 0.25951016638078583 -0.8996175813029996 0.0042758264210268895 0.440565102623214 -0.4044699845538018 0.34413385656178364 0.1843161781678722 -0.08129244662305128 0.1419941408146887 -0.11148891910443644 0.16048318910105797 0.47463213202583443 0.3289922652281132 -0.6413459500868413 0.6964854943588826 -0.3141213844412451 -0.07005175427032072 0.26643390185564303 -1.2318188686615101 -0.19386017896678068 0.17215975573356054
1 3 0.0006986503996642367 -0.5984304483882321 0.027588363235133417 0.2608211122085225 0.3562764703691124 -0.11769219451866268 0.015598298863973719 0.06556321132611942 0.2026060276123602 -0.19771917053475613 -0.13107973058900696 0.341744976860233 0.33957478239941347 0.12693573480612938 -0.5606892576308125 0.3991537858213097 0.005594935495166316 0.09320852424108547 -0.08545968167265504 0.35660211073260095 0.29763381380033366
1 4 -0.6031016956068778 0.7258538547492547 4.40468798965281e-132 0.2728118934335275 0.23269286402014344 -0.28806884327854765 -0.43506017701162913 4.920783943566414e-70 1.3759324297859943 -0.3579605907206858 -0.42070987783204844 0.7316812443130789 -2.071274244634887e-58 3.347532878072448e-88 0.249334426438349 -0.3679666718952615 0.38465544450221745 -1.792838479798203e-80 0.632208907188689 -0.2501077865174302 -0.13440877247458302
2 2 -0.2969185546979217 -0.3394115709960342 0.6914422396569045 -0.08881664207972924
2 2 0.48391157596580636 0.49271338395059994 0.19115695940809263 -0.6505058346609586
2 2 -0.406093882766713 -0.07747332231415094 0.23223055391116626 0.19826861314049005
2 2 0.12778519980525216 -0.26227723435146627 0.09403380657078378 0.3048517425169578
2 2 0.37141020930212776 -0.45553252869821176 -0.045553193118978784 0.018650834816290356
2 2 -0.3761919724907008 -0.2815228522302519 -0.28565094324952117 0.4313205622552399
2 2 0.7487351244896402 -0.505426637587349 0.4301306438381782 -0.29322653787962966
2 2 -0.16757033856029857 0.0203794230369929 -0.023625892973981752 0.5644762671085607
2 2 -0.12245190166423688 -0.567246699804558 -0.08976889022746241 -0.4441344809742221
2 2 -0.10787120433569637 -0.13667398952190538 0.3122395293517128 0.22372162932666442
2 2 0.29541726774592564 -0.6322164426611111 0.33890089784848015 0.6478431867193637
2 2 0.20189190054701903 0.2618475342661168 0.1327961519018797 0.5540216723696131
2 2 0.4266151037839876 0.00466749970826877 0.07013932037898177 0.49557867919572707
2 2 -0.44184426842869445 0.1202539595316961 0.8885889433116105 -0.009836083455619113
2 2 0.49467982581559644 -0.29541329543649697 -0.07900168809661999 0.5645818533014672
2 2 0.3616217303808637 0.4035514329496913 0.26338767198309465 -0.14461258903648674
2 2 0.7384109883466892 0.06365367994737743 0.07500034491959748 0.5088077807939793
2 2 0.046889903968041685 -0.4596673404134468 0.6027931993251586 -0.01349425879590359
2 2 0.3225981957901673 0.29856408434848186 -0.4860033076620264 0.10559921908706493
2 2 0.8893966625611703 -0.0988891654163391 -0.6458627022888893 -0.24170880870265862
2 3 -0.2505056736522565 0.00452610104751145 0.23136614310819398 -0.18621984372690098 0.4750272753877182 -0.3011746288924593 -0.125552841653258 0.3506817285987758 -1.016106677788355 0.25887936959884883 -0.3677267886451542 0.3817698906729735 0.07022541405057642 -0.07388641259522237 -0.242905432509942 -0.27876100959438965 -0.05111060477096459 1.0381339486314638 0.02356780250287791 -0.08436618953387807 -0.08122089420232646
2 3 0.1853989155632332 -0.5628115883694547 -0.6137516406446736 -0.1723150286875506 -0.007919960615112886 0.1075061636597817 0.37469889935906064 0.059023972077613986 -0.5049921532351966 -0.12953750566441 0.3618140743875147 -0.11102010022232056 0.47206303506938696 -0.09208609579821908 0.31322655353279355 -0.3270313063889711 -0.22021510775000572 0.1297171857125145 0.006369969387385788 -0.08337734875622008 -0.23082161152925548
2 3 -1.248946062995298e-91 -9.783848694880636e-104 1.9414160861003275e-72 -1.2569490328443625e-68 1.527822656758878e-82 1.403327373834017e-67 6.36083243341483e-107 -2.388480810179583e-132 8.951907905773354e-110 -5.286837323681674e-69 -1.0399804348839333e-87 2.8394763919928194e-74 1.0202437144172602e-91 -1.0270950633029732e-123 -5.373333031572598e-113 9.384345527161804e-98 3.399614776905452e-127 -1.8383832277652166e-116 -2.5587093444701752e-83 4.3722495693981384e-70 -0.28401565183844696
2 3 0.3379576740903783 1.1134745934937718 -0.4619080664467481 -0.4441427461297595 -0.11760275262379868 0.7109584678765483 0.7107561123938582 -0.28427544788573267 0.7396385174563374 -0.6606814652907025 0.042508296231529616 0.0435918449035242 -0.16480522463513972 0.048927589641510935 0.2008638146343596 0.2298732619872841 -0.0679753278098091 0.32372096317235066 0.23696543781224946 0.13900786213427804 -0.27162927181572455
2 3 0.3626417115362889 -0.6226533418951691 -1.2640027188610723 -0.23228608762179354 0.16812867473581034 0.21094753720518744 0.16193709068459955 -0.17920322278131046 -0.44645119616577356 0.0762686102005539 0.038461118620018234 -0.1166734464161244 -0.02113474666597431 -0.04235109429369684 0.30753371420527614 -0.03493253670497256 -0.01810363611475192 0.28957488557026867 -0.054921704389863615 0.24398448189768646 -0.43942810191591386
2 3 -0.08743881816483251 -0.004354314275058899 0.05018789504518469 -0.07947381120434943 -0.012020523691915004 -0.02342335307975597 -0.06007046198482889 -0.30712279781377105 0.0029675274986318617 -0.025162358537294156 0.07989681587454676 -0.09950839198158208 0.0900160842043666 0.09883066788927342 -0.020555818378583477 0.2263653830521275 -0.12810512394243875 -0.028329300356372076 -0.007741826341654611 -7.638362066817405e-115 0.01038831628540752
2 3 0.04942208887727318 1.4304809984123568 0.06365492132825615 0.11793610919328303 0.058172040759834426 -0.42254206298999014 0.6310183347405913 -0.054120602594699745 -0.10297007293998105 -0.4946953673707461 -0.3107355052361357 -0.3839157286946028 -0.3832565741431544 0.19777115875771278 0.07326878453915033 0.6801244213335838 0.12825988101503377 0.512095038823874 0.02367312020354392 0.22573072139637018 -0.2223343333028662
2 3 0.24176150087841736 -0.6063064553992097 0.22631058944602203 0.21185173792170853 0.3692538018038103 0.16250196098699687 0.17510730583290335 0.3511248452726837 -0.6673252112715518 0.2624084836813928 -0.215552343189542 0.24230758989918966 0.047369395729343344 0.15253283571637383 0.3498249752724409 0.335909149213409 0.0985122995196079 0.06678736868396591 0.12677976491084778 0.0869659772637474 -0.28230895060077876
2 3 -0.39107130591296085 0.08376548641798646 -0.1747417475415177 0.1624411175321106 0.4580407117857188 -0.06643807498166715 -0.045829321680802775 -0.07159407481467364 -0.3027865405686578 0.3772749010021164 0.19647340737822552 0.3539498582871422 -0.04830903623135546 -0.14904609500973232 -0.168037319999561 -0.13792205350271083 0.2079416557863134 0.3909822043100054 -0.16158914015339368 0.08384653774285306 0.16402498434639898
2 3 0.22083549193107785 -0.5800388196784563 0.30886949384590784 -0.25658807081522766 0.3356761954432351 0.1930428319723613 0.12841951579257038 -0.29313662899859605 -0.4617441442213466 -0.3799578570486241 0.17549412450508572 0.4556673825976379 0.20456843922478293 0.045636490834952595 0.31913676662086643 -0.012491033010020776 -0.4089742840634136 0.11950187052280731 0.28718245476094634 0.01526331437145351 0.0913054987623066
2 3 -0.30562846588926323 -0.13680921158663162 -0.19802570432248084 0.13705416663521644 0.2851809964373132 -0.007904014435419085 -0.09338239434028775 -0.2572107463101895 -0.038606133122068696 -0.2688394844296449 -0.3929974650880822 -0.36079547330486306 0.07690391942949533 -0.014474768404235144 0.13127710113949675 0.08948184227424522 0.13441796863156472 -0.17333756094116945 0.05288655120003701 0.06463036728518033 0.23369153053117386
2 3 9.154893481066441e-105 -7.946743816177608e-67 -3.752890601352334e-105 2.684060756492454e-76 7.149654985143912e-112 1.2525857499469736e-80 -3.976723187031213e-118 1.3463642120376545e-70 -3.828514006479093e-129 3.011056831305048e-95 1.1911731749485053e-88 6.61455663918828e-85 8.839993333933791e-68 3.061781985329973e-125 -1.1621135112434036e-88 3.367160010999165e-86 7.621173082957684e-133 3.952870997268648e-113 -1.5317612458464367e-111 -5.6314425362789624e-105 -0.2166741717105611
2 3 3.970811687451041e-107 -5.764073220533142e-136 1.2859067574379462e-67 5.568220286900024e-111 -8.145638710108343e-66 1.3062044032810822e-69 2.108624247078493e-114 4.384583027383377e-67 -1.7621138294911485e-123 3.504305368170514e-131 5.445301621833523e-76 8.165782731863266e-107 -7.871457719960071e-117 1.391958281897038e-118 1.0242305851586955e-122 8.985526224640934e-103 4.9664987636770685e-81 3.6873199564129494e-80 3.0457367671162258e-120 -8.752851822877796e-128 -0.38386700459532597
2 3 7.985087587428906e-105 -6.125244081085558e-90 -1.2601290048701328e-91 -2.95749780616991e-94 1.9937150644268568e-70 7.707885366068593e-83 -4.7047104534573676e-85 -3.633690176733272e-89 -1.1837958862940735e-92 -9.51893707239208e-89 -2.7875123430704155e-135 2.0205856159151025e-127 -3.7514486267610155e-130 -8.615593586116656e-118 3.1426294729074684e-105 -1.4476383962710094e-66 -8.523593750588082e-130 -3.289057649960357e-123 -1.8567141361729e-79 -1.3421087058764184e-82 -0.21563028525192712
2 3 -0.03996225064527871 0.1882452033479279 -0.010470885170717486 -0.43693504065230365 0.36808611616537856 -0.7304961533789713 0.49564766996656096 -0.2546932965482462 -0.519226527916752 -0.9509274105034412 0.07072825507594377 0.1437211612948369 -0.13675013535405628 0.19959584652153467 0.13243770793338913 0.35085099547169096 0.23640384331864464 0.26800404343579354 0.21509545184346576 0.1377792368079688 -0.3169906986542849
2 3 0.019312151159275127 -0.5560196409775935 0.31042439428309004 -0.2565381090410014 0.3360618212001445 -0.37109216632778796 0.3703713732962643 0.13643450541577157 -0.17116128910036305 -0.23868853798768597 0.23467381105580415 0.19287632596190069 0.36331271469193105 0.1562819129257355 0.19463976113787682 -0.0668662136846374 -0.32358739402031717 -0.2887009665158399 0.3079107096218048 -0.028654285449828187 0.16997605608404134
2 3 0.07208778631655739 -0.08191097615436613 0.216671693095219 -0.28427117506437166 -0.25279641307481243 0.00360305890159615 0.36017209450786175 0.321448401872132 -0.09764271130041885 0.3622022487900417 -0.08481509586965914 0.06911933539059373 -0.07408234594813308 0.14136179571429686 0.35203822714763733 -0.21793479723968268 -0.4272701188767569 -0.14890079881453774 0.18684243545762477 0.2481921321679733 0.2860321393060933
2 3 7.702367960759215e-130 7.972141135869677e-108 -1.788169312446182e-120 -7.72196104714443e-93 3.8877297380302787e-66 2.0053210111656804e-128 1.406402541176756e-87 -4.7386081376441316e-74 -9.543841760640553e-97 5.191413131540402e-110 -7.318804946685756e-86 -3.446037526609544e-83 -1.917134310902391e-102 8.056335739875192e-117 7.241429689957182e-67 -1.1115405818849958e-92 -1.4290803792035512e-96 -1.4274921182889624e-103 1.0772408301035759e-110 1.3913393523323722e-82 -0.31260196729781287
2 3 0.5538896577719493 0.6922522005629934 -0.028373745795162213 -0.2631424124586321 0.6673603619977055 -1.0704096799467993 0.5884084808237282 -0.5654028004661471 -0.20084170947313976 -0.0323704748149263 -0.1313962095659139 0.3289295084350586 0.19205940272273803 0.5412909893914805 -0.47660530563015274 0.32449099606206766 0.09061624690017833 -0.31566654250786563 -0.29218175790487205 0.9144648436878356 -0.3675643669249647
2 3 -0.4372391826589193 -0.3250881269446787 -0.2228792938609256 0.6770510316372458 -0.36925796671892547 -0.2332529225712818 -0.04667712068640017 0.4031562533011638 -0.4227616215740112 0.09880819358965356 0.11829649214811194 0.4414803492967766 0.1781501276083533 -0.10648060087624855 0.13996718695476493 -0.10365027282940703 -0.5770505873592521 -0.1563812683635335 0.2130443194330975 -0.08097223419959079 -0.061485887834758536
2 4 -0.469337435094463 0.45665133997909896 2.5147121449954544e-55 0.6950118240642019 -0.9441132067994149 0.030322119976196583 0.8397899532611904 -0.20172228618796137 -0.2812632324252948 -0.5855087826984472 0.09774031663950865 2.3234133583293642e-121 2.2621045681778523e-69 1.1358788685013793e-54 0.8040007011148581 -0.5177689166884247 -0.21278949474616196 3.272375676269651e-119 1.0707488691892397 -1.1258989317081978 0.34407659827536397
3 2 0.06575776318508698 -0.1774263776672209 -0.16409905598202393 0.39498658180887264
3 2 0.2942527331621525 -0.47216227460304694 0.08414307756123264 0.10597537103361743
3 2 0.3307673438271957 -0.5767445705157577 0.10580555499259046 -0.09000342219924254
3 2 -0.26265896694296226 -0.4780309229142618 0.41453138573851106 0.16843731924438243
3 2 -1.0132412564647705e-107 2.9616370714381335e-53 -2.1815931911044348e-82 -0.49759226423667013
3 2 0.2064998615265822 0.6325313392744988 0.178006771886246 0.16416544657224924
3 2 0.3897194122780873 -0.21115139334630578 0.1951823622604527 0.08097427110174475
3 2 -0.1073463963980544 -0.08963183901777416 -0.6107482252692977 -0.47054583260900024
3 2 -0.6223299941743312 -0.08900710690346973 -0.007244805170399228 -0.47174386542483066
3 2 -0.331354899435701 -0.04313719928449043 0.28560593335943396 -0.4231717637990767
3 2 0.06769672814502899 0.10541882405577947 0.017856342596887797 0.45434389168062805
3 2 -0.06434189316824508 -0.4424440189247341 -0.014331255788152414 0.07927668050396436
3 2 -0.4189661971896924 -0.3871648541338871 -0.1084052449077941 -0.054806894814668945
3 2 0.937375496889469 -0.21983336878755932 -0.023280644949014846 -0.40314968119705774
3 2 -0.03392729483766072 0.3542760357538763 -0.31911206958001553 0.45013413205799846
3 2 -0.13276524208144877 -0.5124746249871553 -0.08229006468412957 0.681735071524606
3 2 0.04668675813014012 -0.6330707411949295 -0.015423795544610288 0.764673558570771
3 2 0.747596867087754 0.1343735629639902 -0.029050125656452385 -0.5716947900322814
3 2 -0.049192644735976336 -0.0952637730396996 0.8677219486676262 -0.25237876576092233
3 2 0.4499658221318823 0.22873983438474665 0.19750307220881955 -0.28691045729821385
3 3 0.27208160592297914 0.01690494070978377 0.16092390977174065 -0.20086513348840593 4.3504704578429725e-59 -0.06896129770308579 -0.31481883854105475 0.6348281120531342 0.529423845649427 -0.4601304035248707 0.15178485884876655 -0.2515596979593964 0.31072873002746254 -0.6207242869849237 0.29863568636178645 0.43789770344735157 0.16939367779476258 0.5155564622655121 -0.5350630801085359 0.06453626669740815 -0.21978629183335538
3 3 0.14883229115529314 -0.12542938081849672 0.19655057525176367 -0.05027835973469517 7.286170235590573e-79 -0.036281178696170396 0.14624263069526272 -2.522155784214142e-86 5.565778529841126e-104 8.038679459821374e-43 -0.06882567674035267 1.7510183000019703e-05 1.0470782498052445e-48 -0.00019218721387674958 1.2358820707164901e-54 -0.002968175226195236 -0.25200791795507 2.7426716030369357e-56 0.19260759841773986 -0.016586410122866827 -0.11868688852702278
3 3 -0.2170592701864802 0.26483424273322576 0.1161285913963879 0.21732160898069186 -7.80374067833444e-98 0.2743987141478672 0.32063048691551016 0.5654606068435823 0.5229726888334584 -0.3505362604443743 -0.10311227688018355 -0.05189476186084566 -0.005082533110688693 0.3025349094864634 -0.1152283381721561 -0.3089209045252392 0.2880841499882567 0.18936822136734485 0.305681716253514 0.40931001994827687 0.27212224476973323
3 3 0.29938939497925354 -0.30012520596850695 0.06748716707023013 0.180108180966021 1.6085362047940164e-103 0.3553378164981151 0.042544165311583074 -0.5215066650470332 -0.5501152357699438 -0.020468375414730164 -0.03830457182942253 0.2735245082600237 -0.2543977539780202 -0.02600853131183709 0.3837329078048847 0.37965855460976305 0.09480375192387518 -0.6148440115263767 0.350388864566934 -0.6455758840756854 0.11688640123677337
3 3 0.22606157435512766 0.2474999288791531 -0.1566159671201526 -0.13993116460302524 -1.2257021511645414e-81 0.35092747683620495 0.3201765653257906 0.09125179030548158 -0.487039999980828 0.3616142382828348 0.04831547106185151 0.29231281605585624 -0.40026843538916174 -0.2136107362674762 0.11691940754894023 0.1753033636400151 0.07444208908053548 -0.7206764295729109 0.004313840989206245 -0.5094483361376186 0.2290082078561971
3 3 0.3533462974557441 0.11585903277299539 0.3048291869485768 0.10494735673328986 2.5062840858312328e-49 -0.2612851347204561 0.16722523406601159 0.4730650150287643 0.3780238951695382 -0.07882001654809949 -0.16653717729575288 -0.4423645838628332 0.5214109883034752 -0.16632745667498686 -0.18611266138897345 0.3219381957617289 0.3341974979559072 0.07932519554707491 -0.2894996896974475 0.13271979562949554 0.07251776629429806
3 3 0.27838800940719954 0.04913618314019658 1.7342607807008234e-72 -1.0829904295522675e-93 9.855722230986536e-47 -0.11295343840358872 0.004205284292963166 1.1084087288417224e-51 2.4863393416946415e-68 3.988797186927475e-90 0.043933908334361324 -5.202500915240794e-109 5.02225316541712e-62 -2.5386408473423824e-75 0.033445457074952986 -0.00016053424324198994 -0.16768500764605201 0.2599840268787296 9.373239054564087e-74 0.04289628619730259 -0.38571804338273785
3 3 -0.32077847105851026 -0.28189036023145075 0.09490879136369365 0.1687370851948053 -1.7163178493420672e-78 -0.0034760900380967704 0.2660560583831812 -0.09660748935296723 -0.4157026529262494 -0.3943011578365072 -0.043756393078390216 -0.39382575394064834 -0.13707484553269714 0.08957148937416055 0.10010968702962339 -0.5095608511006707 -0.3135712463191876 0.8942210174729787 0.14753456321683373 0.045196756662383604 0.25203494925123815
3 3 -1.5350793263044837e-60 -1.490849085508706e-76 -2.2766189894834836e-58 -5.233695464293977e-94 3.1318672863749784e-46 -5.332065614449538e-57 -5.8691128652029e-82 -9.914667712246514e-108 -1.311703628811626e-67 2.652232666232877e-100 2.467203002448519e-66 -9.130367195740661e-105 1.226253666093234e-49 -2.6445091031902845e-79 -4.072059569970626e-110 -3.61377744993267e-74 1.877208658728241e-51 1.4561490546414503e-58 5.494157803795502e-63 8.88425951505669e-65 -0.16405562442887411
3 3 0.17703989402508086 -0.029160294014670483 0.020392169531006032 -0.014874503593049152 4.2172867524054253e-47 0.22897650787799362 -0.1139374577140974 0.22756077739383224 1.005824966087278 -0.8571796610759082 -0.0836722475471979 -0.11534716875953603 -0.051299291912214474 0.14470062184596866 0.06489502737267724 0.0015027088871077917 0.17177564861512215 0.6390106203983447 0.014972548532067715 0.5509560335357829 -0.13925238048176902
3 3 5.162638765287388e-75 -1.5236563322157787e-72 8.72895163060593e-90 -6.099531286534717e-46 3.842020026781587e-86 2.277698360529817e-58 2.3398738314656325e-70 -9.813902810439942e-45 2.476776143288004e-47 4.855791603471409e-91 1.9244857722425337e-102 -6.347929996182025e-68 7.80562091138023e-43 -8.779514619312705e-105 -1.4189678974186564e-93 -1.0169440605286764e-45 -2.0445246760531805e-112 -1.2218992444865138e-101 3.2239493258912996e-69 -2.5422496498381775e-83 -0.33794547295445004
3 3 -0.26200817729776366 -0.16362822007734476 0.18059291820117446 -0.0388114256033722 -1.8372956350985556e-98 -0.3543726415424137 0.3312825327902782 0.14669649439657145 -0.17068556371484087 -6.450128323152187e-88 0.1998169670082805 -3.158382783416913e-09 0.007284636626401826 -0.07375598438212407 0.15048377870662563 -0.2937866231031244 -0.11516316724524693 -0.01756811339765789 -0.01416684303522113 -0.10574349165447026 0.03594526135701071
3 3 -1.1594408225213674e-19 -1.3071140994544747e-81 1.9273879828115344e-62 3.414025341576019e-92 9.981173570037784e-102 6.875401682116905e-50 -3.0843881812696988e-89 1.2401973006634947e-12 3.27218620848453e-13 3.0114368214052404e-93 1.1172773255360727e-16 4.564379260514609e-103 -1.5371048352891155e-95 -1.7204047324318342e-68 1.98305100645596e-05 -4.916561658400503e-07 -7.826241553287642e-14 -7.735028984116076e-107 -6.018224053311573e-78 -5.331869269465111e-107 -0.0718810262151226
3 3 -0.25156404305879293 -0.18256142121442553 0.2271445578843944 -0.05525050365684449 -3.214879399534155e-79 0.24616496914013009 -0.23402583023630924 -0.2657822275181675 -0.664163381103615 -0.08841099158485528 0.06490925392701531 0.23521782739665167 -0.469921693149013 0.05801722234649558 0.36163551119809223 0.31017009726278555 0.3904237785177245 -0.3520440132941521 -0.04469201188849222 -0.2035946830476766 0.2350530299320752
3 3 0.16443431675716635 0.3750512286156799 0.9305227145806866 0.5737361142852864 -3.7715520934515796e-66 0.3027407017997391 -0.20381352721653298 -0.0274511446539813 -0.3701860556650614 -0.6834950969801136 -0.24803669549047747 0.05669235355563756 -8.559763612976022e-68 0.9266660070206463 0.14108985053868825 -1.0300234284246734 -0.6705194461901642 0.962723290180641 1.1296201381692963 0.6055546187224242 -0.4041109007368882
3 3 0.161715623923958 -0.23343768414794064 -0.17562938802296613 -0.05201960812908351 3.3081653011945032e-52 -0.11012695963300427 -0.25361133064174657 0.06639049634915273 -0.25827716758256913 -0.06577335391915587 -0.006400239170522165 0.49283424229907047 0.015576459542037109 0.38205393564836004 0.19678737694267104 0.3236866387610283 0.3772490448199148 -0.3099017309528306 -0.03834289956529118 -0.33875249988340767 0.27064448432581495
3 3 0.188617390858701 0.301698453747123 0.011392578827705297 -0.20472555457135244 -2.075211649905906e-55 0.12367553573078496 -0.11977218169706429 -0.04411897224465644 -0.11003867385589619 0.0702774980916251 0.2548270134920901 0.09155472749636634 -0.4113383327258617 0.20603665671832835 -0.11683155432357341 -0.06891425950195923 0.3216389750174818 -0.4226922746995561 0.291930665711164 -0.39694688162589997 0.23303993991174868
3 3 0.23785041160081014 -0.2695084562444412 -0.08751858567396473 -0.18244981480914438 8.25667523902354e-102 -0.18030834923580838 0.11693132249014407 -0.30634091222183535 -0.6170846753525668 0.39598403817597144 0.3786706796171467 0.2924247450646226 0.11636094413964677 -0.15047254567065632 0.1481421936758314 0.35763314662444284 0.13586421229008072 -0.17998934817180412 -0.31703745834433084 -0.39247526777594266 0.4434014937921035
3 3 0.0030742950616542155 -0.22287436624098786 -0.24380807641623486 -0.00498187159941858 1.6650672348179196e-90 -0.0882931102513537 -0.6080194883827037 -0.10011456796760805 -0.06968382612880199 -0.40868466785650104 0.23916779550024742 -0.2959012121128165 -0.7364886281180223 -0.42730065665353384 -0.1272047860309519 0.19211142663201392 -0.06544495172788548 0.04373365866046622 0.30565176522247944 -0.05822845763266323 0.34729944968564247
3 3 0.30779081931324453 0.2167927595164104 0.3045671496802937 -0.228499132996147 6.131662720181122e-54 -0.034807686837001875 -0.22779966080972539 0.05358106054053456 0.12208154753745694 -0.4330001465052927 -0.19075812126664116 0.1252722721826693 0.2165437510726676 0.11279024161930444 0.18033775083110082 0.02063635027677107 0.34321905579046014 0.27252667552780585 0.12462632263150754 -0.6093045702732786 0.05144343211663322
3 4 0.6867436161078341 0.019915173185816384 0.410362930355634 -0.2425453326049637 -0.25940676979548916 0.26703962129455416 -0.00608392725597031 0.5961560186717609 -1.3760948084026085e-72 0.39778158628893434 3.356508018356284e-32 0.28248029682063763 1.0177325529383116e-80 -0.2511093613951371 1.103174293451043 -0.4623804790964138 -0.35623118689162275 -0.14886778565471068 0.5529724569957694 0.581897322009993 -0.5114771387029104
4 2 -0.5858299237908063 0.1785525980313519 0.3914144250071082 -0.03785660072186424
4 2 -0.26409671219240743 0.3746233835320152 -0.018023292920701827 0.46939717460586733
4 2 -0.054798633047685216 -0.146816873773105 -0.41393478543616247 0.22588431376799348
4 2 0.8959740483825445 0.29819765995152286 0.19219537901253253 -0.48460469957201535
4 2 -0.4997291268914349 0.33897685236392244 0.3318192273490582 0.33479593453044315
4 2 0.10296640338981687 0.3770932890551522 -0.3085667965394518 0.5232088670221919
4 2 0.15968169202037566 0.221409755778771 -0.3519736370754809 -0.36511280854945116
4 2 0.2166887802436251 -0.4684373693377564 0.12101108923309664 0.4880916531734081
4 2 -0.19007317968162332 0.23048599369370887 0.3284142635578037 0.10399827704364968
4 2 0.06824248227623267 0.30597442640792827 0.5900082044637894 -0.590490876772357
4 2 -0.4512006215890899 -0.040717437661269874 0.2690892206913596 0.41192976266758047
4 2 -0.6022360494026912 -0.06081209102599787 0.04170760714554035 0.4530387143630776
4 2 0.14630966972195353 -0.30183094807942573 0.07322561616656642 0.23291098103290153
4 2 -0.23930126838524096 0.41890990611627127 0.3978113099664613 -0.4408179323862467
4 2 -0.042587914463749675 -0.2671691264134375 -0.21339098804263665 0.484473505034853
4 2 0.4329169876598604 -0.7048977438143811 0.0998430341379368 -0.02132097905063294
4 2 -0.16717803888760804 0.00026505852524250355 -0.16640775353478482 -0.4746640396851009
4 2 0.07578400001937836 -0.19665689415191204 0.5011202436054624 -0.46185841156600177
4 2 -0.570192207782018 -0.10080231474518023 -0.06247301138996302 -0.40937149775997017
4 2 0.3821994843532989 -0.5157765178542365 0.6209321150864645 -0.40375944837400035
4 3 -0.22564746031095745 0.08352956832245748 0.6965793501305626 0.08899754224889322 0.26664851316388477 0.2440310804202976 -0.4003081172903642 -0.30786289543339446 -0.501196406480914 0.1702785294859281 0.2753364778674275 -0.24335393177040002 -0.01584722916011441 0.3625408638841634 0.4197224723577704 -0.32151749399050256 0.0003458496865604514 0.05517619241134401 -0.2809061557114874 -0.04055467391811456 -0.17751774846374807
4 3 -0.06454191977258517 -0.005138015553596467 -0.2086428883888818 -0.42478492365281634 0.29324301108077355 0.3119373636886958 -0.09034072109372568 0.17736521227984045 -0.12361773760013976 -0.4136620840715061 0.11125880093765264 -0.4203068402017703 0.3491282685388065 0.42898382110985134 -0.20015713417323008 0.12864623226460375 5.079231190768502e-14 -0.4782311932663836 -0.033149660517338884 -0.07182770943422787 0.3397461704497314
4 3 -0.41192260447189494 0.26541245903295996 -0.29914712812734134 -0.009811805424945166 -0.3495151358044528 0.24966461190788047 -0.3612777395736967 0.346477044379818 0.18636207428784465 -0.3572752796670559 0.0886253935142378 -0.014139000793333861 0.17698096501801563 0.06285003564608523 0.3021003608465813 -0.1550108005981187 0.0390645948283464 0.09875045264590428 -0.4635066060620431 -0.21866490041507436 0.17350794285899465
4 3 -0.07913802560872708 0.22379487765408904 -0.12112421292956299 -0.29168948927586613 0.08194322309873558 -0.1249570330389045 -0.051935861698892576 -0.10184787217430377 -0.22416048760634086 -0.03433215373002944 0.07612828510958124 -0.22035374952455047 0.021417600202902776 -0.05819566399780321 -0.16686998036545705 -5.231148484527712e-129 -5.532333089593394e-85 1.7946243500087823e-144 -0.02756432779233569 3.52236964532196e-122 -0.0034725653714053066
4 3 0.19053059109129492 0.3114342794785766 0.0463348058310678 -0.1296538565160117 0.12353593127377979 -0.12688407766697685 -0.1953790649820484 -0.11427470334956494 -0.057287632452139664 -0.24256717531304453 -0.23372675088578096 -0.34232845598017314 -0.15718086221645822 -0.31018045868976163 -0.15199839322204933 0.3503970349465832 -1.416127171100638e-94 -0.6457791288549216 -0.2724507764189995 0.08191683299464037 0.2543421175391619
4 3 0.0527986471214523 0.3984489962239608 -0.3635754812865641 -0.48831439217626466 0.07620239252453531 0.1926369432570194 -0.06680727547673668 0.055687318270660646 0.17045393352871033 -0.2305394234959394 0.2733658662395542 -0.46985721017281845 0.3762894232845841 0.11039209670384158 0.3702079990410381 -0.25781041067691374 0.04030646509316503 0.16257846131197998 -0.4079375799725257 -0.36540597324506935 0.013197654851850416
4 3 -0.0026417666412525184 -0.2255676354530413 -0.8421339691469428 -0.29188113951710865 -0.3550066715955936 -0.05598365669075537 6.869652406210576e-125 0.3037676539398969 -0.11431785943038293 -0.37627528059352616 0.3759970808134041 0.5103068134043169 -0.24854965176905142 0.4335574892201563 -0.07120168945792034 -0.1824535396045387 2.450803302636685e-148 0.3836046304161528 -0.2745879352070785 0.18317503758616213 -0.1944433584346624
4 3 -2.4849264051033623e-138 0.06589478943860569 -0.1610124698535108 -0.012234057576277569 0.1604503739136889 -0.09804764107470128 -0.04580136551217676 -0.0857159719925126 -0.1008367197523409 1.9831309326686193e-102 -0.00030197971566338285 -0.22844896831608558 -2.0449851654292752e-81 -0.012490198969052018 0.13233944885220997 -0.022317112095721143 -1.2331552913134834e-122 1.644724046190301e-122 7.115489477928992e-79 2.464438498729356e-98 -0.05308802319455971
4 3 -5.716861774597609e-141 -1.7138342446579894e-130 1.413075806462027e-98 2.0527032564627437e-98 -2.7123233353467333e-131 -4.338751235060529e-135 -8.176675984135395e-90 -2.653106890555885e-88 -1.9148202616095881e-128 -4.299836251608977e-91 -1.0589954749193399e-130 -1.8668371124910678e-118 -4.2731927197708824e-85 4.092245653509891e-86 -5.5956159593279984e-86 2.180581475993068e-86 -3.313970552619755e-123 -1.5507419124595546e-146 -2.944097945516641e-115 1.9561141126498374e-137 -0.18038618232658937
4 3 -0.3810836226063676 0.0859871414647082 -0.290649737526213 -1.4175284376006854 0.03548571344680992 0.39301364840889913 -0.2285169981771653 0.21104438941975112 -0.07975357400259592 0.3908778427666671 0.0374203834375752 -0.33766791721644024 0.2013402822633504 0.5224371464423512 0.11786871552161106 -0.7296048439610064 0.0018226533651602588 0.4872200047496877 -0.295458232690431 0.16381804862663094 0.06448136629794252
4 3 0.7293592584050672 -0.27985550899543443 0.18786613111366704 0.5817965856307257 -0.1275704039240527 0.015154885831660792 0.10551775459395676 -0.41300878511372546 -0.04847286789238751 1.0760389762293088 -0.039507097297496734 -0.3217222451519999 -0.6023488365183559 0.035360549013750055 -0.31079182966053087 -0.01939187609624498 0.000153366288003569 0.05709169715740048 0.10911720391620856 0.0328593607808362 0.06184757320995466
4 3 -0.46938744506734315 0.00585960653278278 -0.3280331429666714 -0.5921769530720981 0.21127894716174414 0.33947605685852145 -0.40740243559836953 0.2500812982210483 -0.1568912793933415 -0.1203353694579177 -0.08785346065618976 -0.22266205675973288 0.37588912486883896 -0.15415716804142532 0.18415460699156613 -0.0387937961557874 -0.0014204308743586479 -0.14328614016847768 -0.05479483643681198 0.27922940566828613 0.27015400629302766
4 3 0.2521169678327686 0.2842635178531165 -0.0696150159139723 0.4994550956005497 -0.2938032712868231 0.3018042437301335 -0.6279456834162118 -0.3426106370887259 0.2589771047084649 0.28580884313853727 -0.10273485727270872 -0.14601728081716814 -0.7930553735829207 0.03659398045731879 -0.5049717792512453 0.25195350412215306 3.082805928610905e-145 0.7020080470525962 -0.5342615852368864 1.0555032443486918 -0.08649190099522515
4 3 -7.273913493870048e-140 -3.3201713156228183e-79 2.0432650578459762e-112 -1.1071173355408782e-85 8.203167034977742e-79 -1.3718563941902617e-112 -5.491784501774263e-78 -1.248380019694626e-142 -2.751559056664793e-105 4.758301611339924e-129 1.5764749618756682e-103 -4.60117974471153e-98 1.780229061873997e-98 9.90232233707547e-126 -1.0031464471065402e-79 4.937376118261119e-140 -6.970281017081819e-112 2.4072306599694055e-125 -1.006273842515641e-86 -5.765357082718018e-101 -0.2975114063465374
4 3 0.15554514238395586 -0.0009614561899129587 0.14667067504523543 -0.3580313479467109 0.32630599031820146 0.23020269830039264 -0.05625481471306094 -0.4033151636848776 0.08945224049375922 -0.19145784866233614 0.18255287104935214 -0.34592406878766124 0.40403986143418347 0.2189417565121325 -0.14917400811534745 -0.08263818688431901 1.46207380748423e-35 -0.3926443251554712 -0.12406282639495657 0.13967663584806508 0.314195286419255
4 3 -0.2008683135234865 0.14335398533932417 0.18381551572233182 -0.13734208886974275 -0.025628012539048922 0.25052256817053675 0.3095279499846962 0.19052677040341812 -0.4915820490654162 0.2706456995741421 -0.036898128656634936 -0.0006705393288710871 -0.10427628439444839 0.07188670290636283 0.3162849862635748 0.10692078280265115 -0.005454479168360227 -0.1200512892316171 -0.42545974911582995 0.3148852312568772 -0.10937870282365225
4 3 -0.12897659926845992 0.45534935752161826 -0.07163949650476945 0.032797356782321554 0.12716085390837914 0.008348151606903142 -0.08028506725147963 0.20555952095740412 0.24657848837581098 -0.26943494758452047 -0.15543357968669058 -0.2781434330723942 0.4245969752568412 0.3025324218291021 -0.2289629705531289 -0.0007745146893273575 -0.008703299646388893 -0.20189851575462658 -0.3728244668522064 -0.4422260646660098 0.31178147637891046
4 3 0.03894766295503978 -0.025252688304115527 0.5485096517195015 0.8282001858339285 -0.43534006450428614 0.08494864441836415 -0.7471832363400717 -0.36239584003074027 0.3508317850187753 0.7734269951029262 -0.5942120121177628 0.5506911556776929 -0.3602382538126407 0.4646218045033011 0.0985282192127848 0.43322643906018776 0.00027727257000223 0.3763564298849971 0.5505246412765072 0.3629388133951041 -0.3010023790847488
4 3 -0.2943618075879849 0.14405425384440523 0.06725852376256772 0.5127598245826709 0.2193090124180465 0.29348834662250733 -0.24628191195858565 -0.059075956002165204 0.058771697592485066 0.423496125435334 0.08627014668860328 0.01390564784227494 0.19258724024622562 -0.12753090645615972 0.09493544522083204 0.4810760740312997 0.0427284739606529 0.37888673534774986 0.5160217816930533 -0.11224263531894126 -0.3762391219660217
4 3 0.0824572399466595 0.3870395676976758 -0.32839582218982166 -0.4404870215278111 0.4136578282411926 0.06406606636122725 0.1171926305756196 -0.2243077041669494 -0.10720981787600117 0.16391643580812856 0.37241946987576346 -0.13049910256271804 0.29969493446757967 -0.2561319724485526 0.07852454365658787 0.04836802064629431 -0.0161123206903401 0.21377191417593422 -0.25432381802436477 0.08917908388849886 0.12126316706544239
4 4 -0.31582107851613156 -0.14856055851863362 -0.36434680130361324 0.24080914683195945 -0.6684870847067208 -0.5583696845324648 -0.7717651341708566 0.026431661954755294 -2.669193013215022e-72 0.7824681368853995 0.6705030693369962 -0.4686532374662414 0.8486565170075666 -3.2778864115040526e-97 -0.08315285870252428 -0.28324483995916244 -0.36819936590685104 1.4887627737416127 0.7143495983584153 -0.3218815677536593 0.1973912175661352
5 2 -0.3464724366231261 0.4605219573616358 0.03859115948030387 0.054062912497988926
5 2 -0.17813775265645185 -0.28962821244345666 0.1671652242719641 0.43363899496616426
5 2 0.6894016620025282 0.4441416301923877 -0.1311024161624973 -0.5380702334427896
5 2 -0.03858430428671752 -0.12246147151165299 -0.5996731043332645 0.06270290502676616
5 2 0.15142252658537264 0.6888832953311224 0.20109748876485115 -0.5067197577965099
5 2 -0.5712733985055101 -0.556663346507243 -0.3573568835262215 -0.24722669487309185
5 2 -9.143710870188188e-114 -2.9001345612354904e-61 2.2034587609524447e-110 -0.42938046923975176
5 2 0.31939624001469924 -0.5946046279903839 -0.4342607019200051 -0.127403797426702
5 2 0.12988377128078937 0.17417612381165604 -0.33704379214363756 0.15593573965939347
5 2 -0.09510398858876105 -0.5122288772181105 0.514752953659656 0.0878787686592624
5 2 0.9382268273771394 0.12883625042265695 0.16650883095902028 0.06485637743603989
5 2 0.46999799266458364 0.05299795545229837 -0.8310002414357813 -0.15941133102775798
5 2 -0.3313977729055792 0.42346869448202207 -0.4679778564007872 -0.04400573574583978
5 2 -0.03649943446633122 0.18722521317756355 0.3545001840120621 0.5186015783033608
5 2 0.3402443151187606 0.26865402475216554 -0.3650675594313063 0.5676608744543579
5 2 -0.43633351848778745 0.13217856118295368 -0.03108319797792423 -0.25529436695952606
5 2 -0.4453661225801719 -0.33579413056029705 -0.34937413859686883 0.13014203812108763
5 2 -0.2449112127932877 -0.13481078681586642 0.24824074158138137 0.4907678864830733
5 2 -0.24536016283222029 -0.20536787864502157 -0.45902311669650653 0.8375173730542836
5 2 0.6876046927675252 0.051446974865803984 0.04092185270393708 -0.5112409988991972
5 3 -0.36885966652232616 -0.13188669405462952 0.17982509780192055 -0.5958201637566556 0.3468404246897975 -0.5050461975094755 -6.090887994603865e-104 -0.2827031830877662 -0.24071121917028945 0.2631172707062529 0.1336159264384511 0.2632998557650992 0.3227974059297617 0.4303997031226866 -0.1722956215837863 -0.15630377041988455 -0.09824905365093455 -0.06276096909667328 0.3684807332076206 0.6099287398864486 0.2545351308704786
5 3 0.452016482902355 -0.2774517753154411 0.4598336087921954 0.0025187571285575786 0.7733147820854936 -0.274353684260071 6.471972749722286e-89 -0.08860914363362171 -0.8856921782055455 0.40788041083630033 0.23784385758703305 0.9811828737820558 -0.574803026214453 0.32623253121093554 -0.4420141673188655 -0.3587796241624262 -0.36699409906068187 0.11731269276325271 -0.140668983652431 0.49349574204100116 -0.4279483606161105
5 3 -0.27355395210676375 -0.030742891581857636 -0.05186613357589914 2.1965710927016215e-104 0.20631102308755234 1.5045017688578762e-103 -1.0033673334931344e-51 0.1088782664823349 -0.14861921050676935 -0.0784850818790509 -0.22946422033051855 -0.15427768790579796 0.017899363957685186 0.0006339970054275396 -0.041288518936607455 -0.02383307967792859 0.09136517680414927 -0.08405496243719643 -0.0793757028793207 0.32946539581053513 -0.11519892218136588
5 3 0.42797179734614443 -0.053846839489618784 -0.11864134688074202 0.06845012454773097 0.09345474503697916 -0.08490701002547031 -1.2844961389172598e-105 -0.10591882060767016 0.10519976503443759 0.2612192672985115 -0.18646778098493072 0.05736114677878099 0.08443162076753802 -0.12119124101327215 -0.14399414936044197 0.1796290699184684 -0.23162267027703196 0.23082052769742145 0.30981906332306225 -0.18812589801671087 0.45664359863370735
5 3 -0.03101260824963003 0.4531628897140969 0.12839584922537414 0.19568990828618563 -0.21329772195436364 0.06984309229150196 -3.042901125000121e-95 0.2399885367243808 0.23023726007806372 0.3177480473879651 -0.13967687837742293 0.09961493022736201 -0.09063253203853416 -0.22509159849414126 0.43091883790530966 -0.22171342501236166 -0.3948571856491917 0.357253266012117 0.3009324018336044 -0.28455261252789427 -0.0375388602676104
5 3 0.13471899082074432 0.004506741288991935 -0.06016076335942802 -0.1725457512773378 -0.5834501694878912 0.09630264143823396 -1.5206432343706002e-60 -0.23658904432544856 0.17398143254895868 0.08005531294780452 -0.08669911474994889 -0.15452957043615564 -0.2899061096311083 0.35839182907392414 0.15243571905148529 0.25188929501049384 0.24368078652033007 -0.020901018832522888 0.059881440439872376 -0.6412868402265471 0.3003177604954359
5 3 0.6473078884131515 -0.03943654038938262 0.11334459723901874 -0.27938375657257275 -0.5498850596147993 -0.3422949105854628 -8.28053992125869e-78 0.3753124004097744 -0.36060270782518294 -0.29645877386196734 0.5122671816804614 0.10742811433050944 0.3387700007570862 0.12680144242591787 0.20532955836977335 -0.3198200467723876 -0.16006365696595798 -0.30762463663097256 0.2822227955284059 -0.6184058643508836 -0.19870260133877413
5 3 5.478342432193607e-84 8.593947036589755e-103 -1.1788815552160056e-104 2.6023639401669136e-107 -6.975545836735297e-111 -6.913453080127139e-65 -6.984165272074298e-116 2.713100919615441e-49 2.1997814711390294e-49 1.8890468456771033e-109 8.124067219307277e-76 -1.749202081863664e-80 -1.926015682377869e-69 -6.224955415446613e-98 1.971705658752861e-114 -2.0615931990661592e-73 -8.182437644103406e-96 7.667918458833162e-85 -5.88594484986105e-82 -1.8420589554232934e-69 -0.3057469244297243
5 3 0.6429777049745833 -0.11796016955300546 -0.028182686679797175 0.016025880180153985 0.026669048472182186 0.6729600995166509 2.9525902843393034e-65 -0.22982317788016737 0.11380764383521987 0.48019576348705784 0.17728772654543276 0.6552454076902332 0.2391955497968984 -0.33260323491061305 -0.952848436585921 0.8194809163837898 0.4804465929784039 -0.29571530610453417 -0.10530242062447719 -1.335575689419347e-98 -0.23226613275776087
5 3 0.41649498550520225 0.2734458873352557 -0.19591721469175263 0.21820956830416047 -0.38785760056905727 -0.400629325232805 1.621510587258352e-110 -0.050659194609247025 0.24535742344352202 0.09875992725685723 0.17269816850217207 -0.06680616532015596 -0.05050529759427736 0.3676969174873341 0.3365933503785241 -0.10118631530347336 -0.26434183197594696 0.3038611858913304 0.07457880018948686 0.02361034860530318 0.21419579823801854
5 3 0.008757843069980332 0.18456627452344349 -0.21703588290475895 -0.26870640152559994 -0.47828647653102263 0.4320892532511791 -9.098855117633417e-50 0.21576221765514111 -0.2540404399913489 0.33184608442331986 0.034847716075797765 0.09176091237672404 0.3199458304085264 -0.08326102415476104 0.08684693105499233 0.3068874821353802 0.12302519080186984 -0.1607679539110769 0.3721361402149626 0.5248350706473971 -0.02879599894723283
5 3 0.32553952807021 0.2571097170063248 0.6433534216531476 0.0013603205235094276 0.36933724975700377 0.4321009638840771 3.325137967234639e-107 0.184831989278329 -0.3250228989871341 0.3364795498955192 -0.23851809329542492 0.1817333183338521 -0.10767173738611428 -0.3067232372872646 -0.03363655710504959 0.1037726362860922 0.2036451720794857 -0.06151896330421275 -0.47784013801812797 0.6092911798954815 0.24202796802204488
5 3 0.2362411314933557 -0.088255289997293 0.27324355982039955 -0.061476310174119336 0.0800223834205895 0.01685978147090259 -9.265310085429567e-81 -0.33219706816822037 -0.11470013262023279 0.7104254952877158 0.24862365727339703 0.3429751918908963 0.3416984551613902 0.38651685461856417 0.17045454198734444 -0.3621142106153553 -0.08802098766004954 -0.3924583820068642 -0.6981166027291876 0.5339353021232405 -0.31711819912876305
5 3 0.01823830919084901 0.29146841172492083 0.1262167901800449 0.1689135466258947 0.10734409218564427 -0.29095448806768887 8.849058835399277e-58 0.07704785225646944 0.21069709197866865 0.016360749271063426 -0.24195148065931643 -0.34270834652646603 0.06322795560413196 0.0936454294992245 -0.16778771351445448 -0.07098442729047451 -0.30432510607617463 -0.04199713247073827 0.30149330143566105 -0.16032680952841685 0.33182440941130653
5 3 -0.2849901245171945 -0.10142664704170655 -0.1689404600467727 -0.11060326433475573 -0.07244134314358802 0.4774004452287068 8.210793713808736e-81 0.09632043170860638 0.01589271404855217 -0.24860412159446946 -0.09709536687745683 0.38227951867936744 0.17412327649258144 0.17075297695947947 0.30405266261315017 0.1944814585503097 0.24411622669838884 0.013904539937850171 0.27229871564731334 0.15631375571219616 0.24300203508416418
5 3 0.27818350587680774 -0.1111942242496842 0.2081079577122666 -0.14277034551048343 0.4460725276740709 4.3863732654147265e-83 4.809523561146486e-63 -0.883031140312269 -0.5144120482620361 0.9376054055655354 0.3059894746865589 0.9405641180378393 0.4607614591136447 -0.09537969715902643 -0.021212282278663324 -0.21649560185312733 0.2994261532090647 -0.5424414727665512 -1.2823561407583022 1.052221931951465 -0.05627255042395359
5 3 -0.5573346405711692 0.23071943635166187 0.3446774572789182 0.1941914344305817 0.08193989324258788 0.4530840002343113 2.186909243845496e-55 -0.22333126328424555 -0.46398939441342146 0.008958240794315989 0.30068369459035493 0.05937622846526541 0.2075743550867521 0.003125554537315595 -0.1030762924787881 -1.03834160289804 -0.08655503015615482 0.2746932185086742 0.13079903560251724 -0.8223891996137435 -0.06923259434097409
5 3 3.1552643660599045e-63 4.0354244885341424e-101 3.4514359925988236e-93 2.589742664998911e-63 5.367625334971589e-116 2.44862269141848e-50 6.2470191256163455e-108 -5.5754966768000794e-114 -5.023114627818993e-91 2.2256056188110686e-49 -6.147144146009283e-115 2.8639358769443534e-86 2.473662750208072e-109 -5.775636128065938e-74 -3.3524839922452326e-94 1.395596881296291e-113 6.318700251522291e-105 -2.2818080658167848e-66 2.2378074052993145e-57 -6.504364236393497e-110 -0.36143984417664315
5 3 8.777524063946907e-82 -1.871123914851796e-46 5.507605258046315e-92 -4.987189734191512e-91 5.32539131655927e-99 1.3352911100675702e-57 -2.355185713400948e-63 1.782340555009164e-97 -1.84808599782411e-75 1.1998288230724695e-76 -1.0940524069013e-83 1.9190730098417425e-50 -3.8395425193099637e-94 -2.9826676706768973e-52 -2.2546794264220235e-104 -4.317363798176151e-55 9.01895586935271e-110 3.0122025300565124e-110 -6.73042288368822e-109 2.1090334904337092e-110 -0.12944199313150417
5 3 0.19904932960651495 0.02782412096973046 0.1242866258323215 -0.03708162203810105 0.46408174226541293 0.36884641460254575 -7.06214260112765e-64 0.1397594159585505 -0.34647684079889635 0.13029921954986615 0.06664863899856674 0.11697028310969287 0.21150125076382947 -0.3571798099199459 0.2230295073471768 0.20806938909979558 -0.33718767273891476 0.2347473477742508 0.007085912977520402 0.39010300846556756 0.16117451232081237
5 4 0.29144138068587977 0.9526136236082823 -0.2955964209574717 -0.15003896894871438 -0.44047924818074025 -0.2675754247624096 -0.45377739798370803 -1.7605848778918006e-49 0.7903727003963061 -0.4293035923435514 0.41433866199748187 0.41686329175648706 1.0502782539746924 -0.029515455498271215 0.18848401748541485 0.6157986802319392 -0.6386301262075802 -3.501987811602583e-33 -5.494255918754341e-39 0.3698039593743371 -0.18064220634184347
